rot:
  max: 89.04472425437142
  mean: 32.482344897158846
  median: 27.42537859636807
  min: 11.236564824714899
  num_samples: 680
  rmse: 36.127220060007694
  std: 15.813706056653542
scale:
  max: .inf
  mean: .inf
  median: 7.1745913958116025
  min: 0.010542862227080896
  num_samples: 680
  rmse: .inf
  std: .nan
trans:
  max: 63.29680073998666
  mean: 8.359891898133489
  median: 5.7206361948649835
  min: 2.4463540234581322
  num_samples: 680
  rmse: 12.495735274682144
  std: 9.287389703595823
