rot:
  max: 73.86193684455078
  mean: 33.02980544899227
  median: 32.39031817367312
  min: 12.002342770902693
  num_samples: 680
  rmse: 35.13908604801404
  std: 11.991135071020416
scale:
  max: .inf
  mean: .inf
  median: 7.469099280068897
  min: 0.009229141404276664
  num_samples: 680
  rmse: .inf
  std: .nan
trans:
  max: 63.569660335699425
  mean: 7.9400322262424705
  median: 5.180640807292599
  min: 1.7537235705592862
  num_samples: 680
  rmse: 12.389920166458152
  std: 9.511362151523695
