rot:
  max: 73.282947335807
  mean: 33.814024721926714
  median: 34.51313895519865
  min: 9.610606055854676
  num_samples: 676
  rmse: 36.76079246115374
  std: 14.421081598720198
scale:
  max: .inf
  mean: .inf
  median: 8.310258755862193
  min: 0.09478715917785596
  num_samples: 676
  rmse: .inf
  std: .nan
trans:
  max: 62.584252943039765
  mean: 8.283830457829229
  median: 5.497531094902863
  min: 2.6747666223719615
  num_samples: 676
  rmse: 12.68148308761456
  std: 9.601987619623081
