rot:
  max: 111.9548155926805
  mean: 62.34375065007948
  median: 63.582088977653264
  min: 28.084065492884747
  num_samples: 637
  rmse: 64.42483637943711
  std: 16.2424227687238
scale:
  max: .inf
  mean: .inf
  median: 16.181549349792334
  min: 0.07398492287252756
  num_samples: 637
  rmse: .inf
  std: .nan
trans:
  max: 13.226356224128288
  mean: 6.488296626016561
  median: 5.893029749942646
  min: 0.30026045706834437
  num_samples: 637
  rmse: 7.147684729092204
  std: 2.998566970957961
