rot:
  max: 41.650131951181095
  mean: 17.63367308779195
  median: 16.06944303507073
  min: 5.34297711061359
  num_samples: 549
  rmse: 19.189563547328575
  std: 7.569208847022483
scale:
  max: .inf
  mean: .inf
  median: 9.107450847640441
  min: 0.003600551252025408
  num_samples: 549
  rmse: .inf
  std: .nan
trans:
  max: 7.855668326779968
  mean: 2.867409604632822
  median: 2.5417434436088273
  min: 0.6942081563008061
  num_samples: 549
  rmse: 3.254990414710267
  std: 1.5404300565475715
