rot:
  max: 37.68106723804428
  mean: 16.458622888166143
  median: 15.39961135674033
  min: 5.71760277818609
  num_samples: 549
  rmse: 17.61901817141271
  std: 6.288364966325102
scale:
  max: .inf
  mean: .inf
  median: 8.858595900336264
  min: 0.017717858343901938
  num_samples: 549
  rmse: .inf
  std: .nan
trans:
  max: 8.415609082933493
  mean: 2.8910355354352175
  median: 2.5596017175508976
  min: 0.6176891899389569
  num_samples: 549
  rmse: 3.334704504342279
  std: 1.6619770347786063
