rot:
  max: 33.9326077633546
  mean: 15.330479644228882
  median: 14.7645208974694
  min: 4.720744923601581
  num_samples: 549
  rmse: 16.444577523629082
  std: 5.94983393117241
scale:
  max: .inf
  mean: .inf
  median: 8.217443496099941
  min: 0.002072806567898766
  num_samples: 549
  rmse: .inf
  std: .nan
trans:
  max: 8.370262451578983
  mean: 2.803955720833996
  median: 2.4481887135074114
  min: 0.667501487048978
  num_samples: 549
  rmse: 3.2556717504265245
  std: 1.65445787559781
