rot:
  max: 37.82799131901424
  mean: 15.139517973121615
  median: 14.686452749146726
  min: 3.9796069152670346
  num_samples: 549
  rmse: 16.525162962125055
  std: 6.623896622556653
scale:
  max: .inf
  mean: .inf
  median: 8.622751207317503
  min: 0.008044510473070865
  num_samples: 549
  rmse: .inf
  std: .nan
trans:
  max: 8.055958252325908
  mean: 2.793566010417844
  median: 2.5028657241432484
  min: 0.5890083070553044
  num_samples: 549
  rmse: 3.2217667525730738
  std: 1.6049205442710792
