rot:
  max: 71.21373490777992
  mean: 18.659096674551048
  median: 15.812635076293134
  min: 3.338864895882107
  num_samples: 549
  rmse: 21.378311681577358
  std: 10.43409419376809
scale:
  max: .inf
  mean: .inf
  median: 8.788435113078009
  min: 0.03945256398050212
  num_samples: 549
  rmse: .inf
  std: .nan
trans:
  max: 8.23763802104806
  mean: 2.9601305377521854
  median: 2.663325315532908
  min: 0.6249627319467884
  num_samples: 549
  rmse: 3.369608193358261
  std: 1.6099337179567617
