rot:
  max: 21.378311681577358
  mean: 18.231326777214555
  median: 17.61901817141271
  min: 16.444577523629082
  num_samples: 5
  rmse: 18.32597338026898
  std: 1.860114049392344
scale:
  max: .inf
  mean: .inf
  median: .inf
  min: .inf
  num_samples: 5
  rmse: .inf
  std: .nan
trans:
  max: 3.369608193358261
  mean: 3.287348323082081
  median: 3.2556717504265245
  min: 3.2217667525730738
  num_samples: 5
  rmse: 3.2878155563350595
  std: 0.05542684555561867
