rot:
  max: 114.27176409397399
  mean: 74.10860496200127
  median: 72.47657790586054
  min: 46.246097284755905
  num_samples: 403
  rmse: 76.15242807966241
  std: 17.52446783825966
scale:
  max: 100.10806858236046
  mean: 17.286189348471193
  median: 11.075390768350758
  min: 0.07875649759816472
  num_samples: 403
  rmse: 27.517669976257096
  std: 21.410507203964183
trans:
  max: 41.624264828238154
  mean: 13.096167155514397
  median: 10.794755455751691
  min: 0.7141831792871758
  num_samples: 403
  rmse: 16.449221039508675
  std: 9.953254675805336
