rot:
  max: 76.15242807966241
  mean: 76.15242807966241
  median: 76.15242807966241
  min: 76.15242807966241
  num_samples: 1
  rmse: 76.15242807966241
  std: 0.0
scale:
  max: 27.517669976257096
  mean: 27.517669976257096
  median: 27.517669976257096
  min: 27.517669976257096
  num_samples: 1
  rmse: 27.517669976257096
  std: 0.0
trans:
  max: 16.449221039508675
  mean: 16.449221039508675
  median: 16.449221039508675
  min: 16.449221039508675
  num_samples: 1
  rmse: 16.449221039508675
  std: 0.0
