rot:
  max: 102.48950348742942
  mean: 80.33031471265373
  median: 80.76291488087705
  min: 75.48554137284005
  num_samples: 710
  rmse: 80.36860303334802
  std: 2.480502307574892
scale:
  max: .inf
  mean: .inf
  median: 2.7843694356104454
  min: 0.020497669315422407
  num_samples: 710
  rmse: .inf
  std: .nan
trans:
  max: 5.099724462918224
  mean: 1.7303566574925837
  median: 1.5307031595181055
  min: 0.2964023649146738
  num_samples: 710
  rmse: 2.012238540302435
  std: 1.0271172186997788
