rot:
  max: 106.65559564283892
  mean: 79.60359312367778
  median: 80.78883922796666
  min: 70.69233727243048
  num_samples: 710
  rmse: 79.69740365878314
  std: 3.8657614710406163
scale:
  max: .inf
  mean: .inf
  median: 2.7329546399986637
  min: 0.0024737246771211474
  num_samples: 710
  rmse: .inf
  std: .nan
trans:
  max: 4.943728716327301
  mean: 1.7320640461378374
  median: 1.5127897164484474
  min: 0.4487999562056185
  num_samples: 710
  rmse: 1.9844863085841187
  std: 0.9685763000582062
