rot:
  max: 109.20640641603858
  mean: 79.82753575860575
  median: 79.67314135733623
  min: 73.7248546022175
  num_samples: 710
  rmse: 79.87130485290443
  std: 2.6438369114065634
scale:
  max: .inf
  mean: .inf
  median: 2.8077252926385854
  min: 0.005022718951386285
  num_samples: 710
  rmse: .inf
  std: .nan
trans:
  max: 5.396498880186291
  mean: 1.689139748253391
  median: 1.461643224460306
  min: 0.2835770500085893
  num_samples: 710
  rmse: 1.9328186218626282
  std: 0.9394651328758403
