rot:
  max: 102.1963582310693
  mean: 79.33592589340294
  median: 79.49546913469968
  min: 74.9723436421805
  num_samples: 710
  rmse: 79.37353087162215
  std: 2.443003410728309
scale:
  max: .inf
  mean: .inf
  median: 2.6714673714951065
  min: 0.0049692529411560216
  num_samples: 710
  rmse: .inf
  std: .nan
trans:
  max: 4.757734818488141
  mean: 1.6580613886136157
  median: 1.4727435957968482
  min: 0.3505995804427518
  num_samples: 710
  rmse: 1.8875020562645783
  std: 0.9019403771822719
