rot:
  max: 95.88109195655997
  mean: 80.3352428569969
  median: 80.2067272348155
  min: 74.6237321766667
  num_samples: 710
  rmse: 80.38065217891472
  std: 2.7014810410209322
scale:
  max: .inf
  mean: .inf
  median: 2.905141242603848
  min: 0.008382013089980322
  num_samples: 710
  rmse: .inf
  std: .nan
trans:
  max: 5.135019885519575
  mean: 1.752304418600211
  median: 1.6062568897635816
  min: 0.47456548809418964
  num_samples: 710
  rmse: 1.9720978708319625
  std: 0.9047647410758983
