rot:
  max: 80.38065217891472
  mean: 79.93829891911449
  median: 79.87130485290443
  min: 79.37353087162215
  num_samples: 5
  rmse: 79.93925254857531
  std: 0.39046631506647655
scale:
  max: .inf
  mean: .inf
  median: .inf
  min: .inf
  num_samples: 5
  rmse: .inf
  std: .nan
trans:
  max: 2.012238540302435
  mean: 1.9578286795691446
  median: 1.9720978708319625
  min: 1.8875020562645783
  num_samples: 5
  rmse: 1.958311093856041
  std: 0.04346494882296904
