rot:
  max: 179.13693494901398
  mean: 165.57431420507402
  median: 167.95341214503122
  min: 143.65276419390568
  num_samples: 200
  rmse: 165.77135988566283
  std: 8.080237240414231
scale:
  max: 6.413495939534252
  mean: 0.7260371367882599
  median: 0.43320581431741667
  min: 0.0009385366819270047
  num_samples: 200
  rmse: 1.1249008680761823
  std: 0.8592275827758638
trans:
  max: 8.387174928988877
  mean: 1.8637676747330938
  median: 1.7084098353478403
  min: 0.29217671838332576
  num_samples: 200
  rmse: 2.209642540297922
  std: 1.1869668110415945
