rot:
  max: 179.90505625154847
  mean: 165.47814640270872
  median: 169.2712939371404
  min: 130.77797567677
  num_samples: 199
  rmse: 165.91221321456516
  std: 11.993563143579424
scale:
  max: 11.023841850633055
  mean: 3.4902037681767903
  median: 2.9982161575037525
  min: 0.0019770450473632906
  num_samples: 199
  rmse: 4.114017907204351
  std: 2.1779855365457768
trans:
  max: 15.216028439056538
  mean: 5.614034136474345
  median: 5.081824131997728
  min: 0.8524658733618581
  num_samples: 199
  rmse: 6.358639396700318
  std: 2.9857856071342663
