rot:
  max: 176.876394652305
  mean: 154.56702676838896
  median: 162.39403463291552
  min: 106.78652848519444
  num_samples: 200
  rmse: 155.6271027802393
  std: 18.13365257611662
scale:
  max: 6.1628273449076065
  mean: 1.5134240042896168
  median: 0.9528670963603048
  min: 0.028490109816003972
  num_samples: 200
  rmse: 2.061869473126521
  std: 1.400304790911971
trans:
  max: 7.742510948228758
  mean: 2.876149627046611
  median: 2.3483603166741283
  min: 0.25546912248333153
  num_samples: 200
  rmse: 3.358344417587569
  std: 1.7338513632896078
