rot:
  max: 165.91221321456516
  mean: 162.43689196015578
  median: 165.77135988566283
  min: 155.6271027802393
  num_samples: 3
  rmse: 162.5082576074915
  std: 4.815591443166397
scale:
  max: 4.114017907204351
  mean: 2.4335960828023513
  median: 2.061869473126521
  min: 1.1249008680761823
  num_samples: 3
  rmse: 2.7350716643875868
  std: 1.2482896759586437
trans:
  max: 6.358639396700318
  mean: 3.97554211819527
  median: 3.358344417587569
  min: 2.209642540297922
  num_samples: 3
  rmse: 4.34332024916059
  std: 1.7491414045822244
