rot:
  max: 141.2081678861046
  mean: 65.91553585057741
  median: 60.73467505864381
  min: 47.33494046374694
  num_samples: 947
  rmse: 68.04090060643381
  std: 16.873241800728376
scale:
  max: .inf
  mean: .inf
  median: 16.824665110739968
  min: 0.011898031503787543
  num_samples: 947
  rmse: .inf
  std: .nan
trans:
  max: 65.71392364551133
  mean: 13.13325593461287
  median: 7.9994168120358955
  min: 2.734347910115862
  num_samples: 947
  rmse: 19.72683014571837
  std: 14.719558966014537
