rot:
  max: 146.97613165791086
  mean: 70.50979920242426
  median: 63.73145131749227
  min: 50.79980529486647
  num_samples: 948
  rmse: 73.37328471167984
  std: 20.29795866128023
scale:
  max: .inf
  mean: .inf
  median: 7.1105153212223
  min: 0.0039503196104684335
  num_samples: 948
  rmse: .inf
  std: .nan
trans:
  max: 73.26140219387138
  mean: 9.158936466283432
  median: 6.409894677286768
  min: 1.156220607500219
  num_samples: 948
  rmse: 15.680865218978157
  std: 12.728056286108357
