rot:
  max: 155.6250466780378
  mean: 68.99061347989907
  median: 63.963945020181995
  min: 47.879646170654
  num_samples: 945
  rmse: 72.4808480789062
  std: 22.220904344887717
scale:
  max: .inf
  mean: .inf
  median: 8.985689446909252
  min: 0.0016746579096338365
  num_samples: 945
  rmse: .inf
  std: .nan
trans:
  max: 72.40929366521037
  mean: 9.888921436248655
  median: 7.113763740358695
  min: 0.852981779240112
  num_samples: 945
  rmse: 16.356668635528866
  std: 13.028808145037507
