rot:
  max: 147.13005168327285
  mean: 67.59226927755296
  median: 60.80014818552921
  min: 47.09179294501508
  num_samples: 956
  rmse: 71.11503309675211
  std: 22.10504617192459
scale:
  max: .inf
  mean: .inf
  median: 9.638243462159824
  min: 0.003417877531997071
  num_samples: 956
  rmse: .inf
  std: .nan
trans:
  max: 64.47679910913742
  mean: 10.872321425770393
  median: 7.317355371035391
  min: 1.5275502228266458
  num_samples: 956
  rmse: 17.461218446057273
  std: 13.663336943648313
