rot:
  max: 179.96682367080882
  mean: 127.26282948001399
  median: 124.08684921403288
  min: 72.86533173941443
  num_samples: 309
  rmse: 131.18798552099474
  std: 31.850585203377552
scale:
  max: .inf
  mean: .inf
  median: 19.122744740970322
  min: 0.12545737137754642
  num_samples: 309
  rmse: .inf
  std: .nan
trans:
  max: 37.46324818823014
  mean: 16.089085677975934
  median: 12.006487716048367
  min: 2.681996660945495
  num_samples: 309
  rmse: 19.039042280226088
  std: 10.179707903225227
