rot:
  max: 179.93021507393897
  mean: 131.61519524255962
  median: 143.80093750355036
  min: 65.1117494637168
  num_samples: 309
  rmse: 136.3451331046817
  std: 35.6010632228348
scale:
  max: .inf
  mean: .inf
  median: 21.80117768149875
  min: 0.22891369064184097
  num_samples: 309
  rmse: .inf
  std: .nan
trans:
  max: 39.30954409318936
  mean: 16.71343688747926
  median: 12.579802075176673
  min: 2.1634656326878483
  num_samples: 309
  rmse: 19.596046621057717
  std: 10.230643703253236
