rot:
  max: 179.8026181340185
  mean: 124.80937036054031
  median: 122.08916833239978
  min: 62.78835189682198
  num_samples: 309
  rmse: 129.66135332845877
  std: 35.138121992686344
scale:
  max: .inf
  mean: .inf
  median: 17.40772984671821
  min: 0.026544381453041943
  num_samples: 309
  rmse: .inf
  std: .nan
trans:
  max: 37.140805618135424
  mean: 15.583394697263726
  median: 11.743912551833619
  min: 2.3098785465620875
  num_samples: 309
  rmse: 18.684067196954622
  std: 10.307869650398594
