rot:
  max: 45.98104539725437
  mean: 36.38594150019833
  median: 38.157748369632316
  min: 26.751045241630177
  num_samples: 882
  rmse: 36.708824312031766
  std: 4.858090521569005
scale:
  max: .inf
  mean: .inf
  median: 3.839242274709581
  min: 0.006364773095690612
  num_samples: 882
  rmse: .inf
  std: .nan
trans:
  max: 4.515527288603914
  mean: 1.9754426265576461
  median: 1.820998423240268
  min: 0.336093647815239
  num_samples: 882
  rmse: 2.207812597018745
  std: 0.9859324990757161
