rot:
  max: 47.43534070977211
  mean: 37.73092516644954
  median: 39.08831749263738
  min: 28.435751201646987
  num_samples: 882
  rmse: 38.09054555004445
  std: 5.2217761713612205
scale:
  max: .inf
  mean: .inf
  median: 3.800162803489698
  min: 0.004017078634377391
  num_samples: 882
  rmse: .inf
  std: .nan
trans:
  max: 4.424051075196424
  mean: 1.9403095233960652
  median: 1.7635708660675913
  min: 0.32470851991887123
  num_samples: 882
  rmse: 2.1382666581172383
  std: 0.8985450765734555
