rot:
  max: 46.100867955147855
  mean: 34.763671872817646
  median: 36.06455160542207
  min: 24.849753987138204
  num_samples: 882
  rmse: 35.027663252648026
  std: 4.292354931733401
scale:
  max: .inf
  mean: .inf
  median: 4.1575221703694325
  min: 0.0008205941755434765
  num_samples: 882
  rmse: .inf
  std: .nan
trans:
  max: 4.692281477829911
  mean: 1.9935230988496135
  median: 1.9220618517015269
  min: 0.3907471980598505
  num_samples: 882
  rmse: 2.2147792289742485
  std: 0.9649418052135578
