rot:
  max: 48.95801085180965
  mean: 37.26957717832076
  median: 37.976879296612424
  min: 28.4904164611003
  num_samples: 882
  rmse: 37.51624008819487
  std: 4.294983970199688
scale:
  max: .inf
  mean: .inf
  median: 3.6136858730222765
  min: 0.017452782864779692
  num_samples: 882
  rmse: .inf
  std: .nan
trans:
  max: 3.989801456188888
  mean: 1.8335012094675145
  median: 1.780602888425843
  min: 0.10352621489814591
  num_samples: 882
  rmse: 2.0113319691857483
  std: 0.8268794380983125
