rot:
  max: 43.02098407157871
  mean: 35.3709696749174
  median: 37.91279795490097
  min: 23.834015323166042
  num_samples: 882
  rmse: 35.718388181193006
  std: 4.969683945530378
scale:
  max: .inf
  mean: .inf
  median: 4.108626751921596
  min: 0.009853445192919974
  num_samples: 882
  rmse: .inf
  std: .nan
trans:
  max: 4.606738748054448
  mean: 2.0389852823386305
  median: 1.8822475780006283
  min: 0.48224071333745044
  num_samples: 882
  rmse: 2.2477756088281704
  std: 0.9460624747073034
