rot:
  max: 38.09054555004445
  mean: 36.61233227682243
  median: 36.708824312031766
  min: 35.027663252648026
  num_samples: 5
  rmse: 36.629595029784326
  std: 1.1244364355300205
scale:
  max: .inf
  mean: .inf
  median: .inf
  min: .inf
  num_samples: 5
  rmse: .inf
  std: .nan
trans:
  max: 2.2477756088281704
  mean: 2.1639932124248302
  median: 2.207812597018745
  min: 2.0113319691857483
  num_samples: 5
  rmse: 2.1656324376854794
  std: 0.0842450694985496
