rot:
  max: 59.32875049144155
  mean: 15.41457775143294
  median: 13.225871685535974
  min: 4.491330184302097
  num_samples: 700
  rmse: 16.974365762411537
  std: 7.107734222743396
scale:
  max: .inf
  mean: .inf
  median: 4.009734641955021
  min: 0.008962192091510612
  num_samples: 700
  rmse: .inf
  std: .nan
trans:
  max: 6.899825955669189
  mean: 2.6486108877947805
  median: 2.398947479411247
  min: 0.3193434887630484
  num_samples: 700
  rmse: 3.038899428978918
  std: 1.4898892927004133
