rot:
  max: 71.53802696203738
  mean: 15.273415655781932
  median: 11.67579958758606
  min: 3.364224112186179
  num_samples: 700
  rmse: 17.842980460031068
  std: 9.224680260191457
scale:
  max: .inf
  mean: .inf
  median: 3.8370968366129854
  min: 0.007219140883019115
  num_samples: 700
  rmse: .inf
  std: .nan
trans:
  max: 6.316298887491558
  mean: 2.5286617589531266
  median: 2.320731590415021
  min: 0.5899795245676485
  num_samples: 700
  rmse: 2.877141684600907
  std: 1.3725210315606182
