rot:
  max: 69.6849975004379
  mean: 15.482357244776546
  median: 12.067628162469116
  min: 2.1071018759430946
  num_samples: 700
  rmse: 18.06051738402449
  std: 9.299403331599619
scale:
  max: .inf
  mean: .inf
  median: 3.4838805304098996
  min: 0.0008531597564531701
  num_samples: 700
  rmse: .inf
  std: .nan
trans:
  max: 6.882149193105875
  mean: 2.4936032789733518
  median: 2.371429518704959
  min: 0.5279709716652873
  num_samples: 700
  rmse: 2.8130755343318827
  std: 1.3020509394604936
