rot:
  max: 52.66575990857097
  mean: 15.533151771860442
  median: 12.160067881952983
  min: 2.3090975087652788
  num_samples: 700
  rmse: 17.498035645520442
  std: 8.056205526440642
scale:
  max: .inf
  mean: .inf
  median: 3.9688394430394016
  min: 0.002827198580979129
  num_samples: 700
  rmse: .inf
  std: .nan
trans:
  max: 7.278901763196097
  mean: 2.8521672092554065
  median: 2.5984894259508318
  min: 0.6018415532367233
  num_samples: 700
  rmse: 3.2452718469057484
  std: 1.5482026904663593
