rot:
  max: 43.330705052293474
  mean: 14.124489837090442
  median: 11.786776785067499
  min: 3.8242279733694833
  num_samples: 700
  rmse: 15.735761078652368
  std: 6.936350882586578
scale:
  max: .inf
  mean: .inf
  median: 3.9883054704233647
  min: 0.0010130078850867363
  num_samples: 700
  rmse: .inf
  std: .nan
trans:
  max: 6.957851279895529
  mean: 2.5886082387002696
  median: 2.334024264852082
  min: 0.4815523758501603
  num_samples: 700
  rmse: 2.968447635205725
  std: 1.452855378037177
