rot:
  max: 18.06051738402449
  mean: 17.222332066127983
  median: 17.498035645520442
  min: 15.735761078652368
  num_samples: 5
  rmse: 17.24226644666046
  std: 0.8288729828224083
scale:
  max: .inf
  mean: .inf
  median: .inf
  min: .inf
  num_samples: 5
  rmse: .inf
  std: .nan
trans:
  max: 3.2452718469057484
  mean: 2.9885672260046365
  median: 2.968447635205725
  min: 2.8130755343318827
  num_samples: 5
  rmse: 2.9923141111136933
  std: 0.1496986146264705
