rot:
  max: 97.70628619387858
  mean: 59.23955716830246
  median: 54.71712002428228
  min: 40.283072977350386
  num_samples: 494
  rmse: 61.57492654080816
  std: 16.797215394503503
scale:
  max: .inf
  mean: .inf
  median: 7.543056365255147
  min: 0.0826883979554216
  num_samples: 494
  rmse: .inf
  std: .nan
trans:
  max: 7.540537660938913
  mean: 3.912546573982188
  median: 3.8288973921329417
  min: 0.859953891410529
  num_samples: 494
  rmse: 4.4149463332608425
  std: 2.045416933535459
