rot:
  max: 91.88237776270013
  mean: 70.23632776809487
  median: 70.66496019766163
  min: 51.34817786411553
  num_samples: 89
  rmse: 70.78399869307606
  std: 8.788215554601324
scale:
  max: 137.68773110384967
  mean: 49.865261036758795
  median: 35.91486493579935
  min: 7.848016849434369
  num_samples: 89
  rmse: 58.038195565389614
  std: 29.69659721621851
trans:
  max: 33.67888852579745
  mean: 19.605248695303008
  median: 20.49638584913395
  min: 5.459959797731658
  num_samples: 89
  rmse: 21.097112067631056
  std: 7.792455401829628
