rot:
  max: 134.86888296865448
  mean: 124.94241873886376
  median: 127.4089154331634
  min: 107.18945631396585
  num_samples: 71
  rmse: 125.14035869423464
  std: 7.035721271065896
scale:
  max: 195.33251428367288
  mean: 40.76591008852638
  median: 27.147223760946527
  min: 0.08754254491100122
  num_samples: 71
  rmse: 55.88605248032382
  std: 38.22814979158277
trans:
  max: 42.05566825169931
  mean: 18.870645076447527
  median: 18.859991050249945
  min: 6.931798237793997
  num_samples: 71
  rmse: 20.799620018315274
  std: 8.747739554024703
