rot:
  max: 119.63295013585837
  mean: 74.24618104304867
  median: 83.09316899486743
  min: 31.724385359470467
  num_samples: 103
  rmse: 78.11133614983608
  std: 24.266961813039746
scale:
  max: 123.58814001440095
  mean: 46.13712622019436
  median: 33.66715076241026
  min: 0.6827641479200786
  num_samples: 103
  rmse: 55.204323119789215
  std: 30.31308092649027
trans:
  max: 36.568926194823
  mean: 20.247845093890003
  median: 18.254624931518382
  min: 4.439125593159133
  num_samples: 103
  rmse: 21.408682622414705
  std: 6.953880979792233
