rot:
  max: 125.14035869423464
  mean: 91.34523117904892
  median: 78.11133614983608
  min: 70.78399869307606
  num_samples: 3
  rmse: 94.46668668586436
  std: 24.08326460950365
scale:
  max: 58.038195565389614
  mean: 56.37619038850088
  median: 55.88605248032382
  min: 55.204323119789215
  num_samples: 3
  rmse: 56.38912512602057
  std: 1.20772089387613
trans:
  max: 21.408682622414705
  mean: 21.101804902787013
  median: 21.097112067631056
  min: 20.799620018315274
  num_samples: 3
  rmse: 21.103270063568875
  std: 0.24867090830311717
