rot:
  max: 179.46839594663186
  mean: 138.82574546528267
  median: 140.94450804487482
  min: 118.04079418664949
  num_samples: 210
  rmse: 139.3742809693045
  std: 12.353242154154435
scale:
  max: .inf
  mean: .inf
  median: 24.058889241097397
  min: 0.08574841533268707
  num_samples: 210
  rmse: .inf
  std: .nan
trans:
  max: 14.873636717987848
  mean: 4.735021411396729
  median: 5.0591080350694275
  min: 0.6492300033800112
  num_samples: 210
  rmse: 5.263715559963963
  std: 2.299189798564108
