rot:
  max: 118.60515188815187
  mean: 89.05338947474294
  median: 82.0170061417582
  min: 67.75349505495646
  num_samples: 200
  rmse: 90.63516729254559
  std: 16.859044255457302
scale:
  max: .inf
  mean: .inf
  median: 39.180658889871104
  min: 1.7112740514956037
  num_samples: 200
  rmse: .inf
  std: .nan
trans:
  max: 13.98865209283717
  mean: 4.54788179285388
  median: 4.830691462013979
  min: 0.37726155615779455
  num_samples: 200
  rmse: 4.990789895043635
  std: 2.0554208753191756
