rot:
  max: 179.31637195910537
  mean: 158.4636301499172
  median: 160.06561099204248
  min: 143.35119273944133
  num_samples: 210
  rmse: 158.66488652242828
  std: 7.9890008690261025
scale:
  max: .inf
  mean: .inf
  median: 12.769779342502884
  min: 0.21388182544722634
  num_samples: 210
  rmse: .inf
  std: .nan
trans:
  max: 10.22088201249692
  mean: 4.081197434782358
  median: 3.9494941145937243
  min: 0.5166091925279573
  num_samples: 210
  rmse: 4.591044276233837
  std: 2.1027398899210943
