rot:
  max: 45.583873123356824
  mean: 27.52008998221312
  median: 27.428897289510253
  min: 15.738771323414142
  num_samples: 676
  rmse: 27.878589515135822
  std: 4.45650095078349
scale:
  max: .inf
  mean: .inf
  median: 3.139612832463856
  min: 0.001331899958012528
  num_samples: 676
  rmse: .inf
  std: .nan
trans:
  max: 5.9379043919659384
  mean: 2.1842272637727103
  median: 2.1134815828170708
  min: 0.263322962226315
  num_samples: 676
  rmse: 2.4766533940125317
  std: 1.1674601895849699
