rot:
  max: 42.25738715263043
  mean: 23.151434053298523
  median: 22.121457685831974
  min: 14.439341437284808
  num_samples: 676
  rmse: 23.653400254772553
  std: 4.847106857522707
scale:
  max: .inf
  mean: .inf
  median: 3.2560964561557326
  min: 0.00217557909372168
  num_samples: 676
  rmse: .inf
  std: .nan
trans:
  max: 5.635336509850841
  mean: 2.0716635833126054
  median: 1.9987379866907442
  min: 0.482446961093229
  num_samples: 676
  rmse: 2.328485665536708
  std: 1.0630406822818703
