rot:
  max: 41.80442401280172
  mean: 23.95805379215416
  median: 22.66364560471057
  min: 14.248614976292869
  num_samples: 676
  rmse: 24.55661212884292
  std: 5.3887714498467
scale:
  max: .inf
  mean: .inf
  median: 3.1616086176233904
  min: 0.0001380919975479955
  num_samples: 676
  rmse: .inf
  std: .nan
trans:
  max: 5.998315800877944
  mean: 2.1138331200737155
  median: 2.0364836150870054
  min: 0.4746822488717071
  num_samples: 676
  rmse: 2.4133485382007156
  std: 1.164457258689623
