rot:
  max: 43.70863619074698
  mean: 26.513014734282145
  median: 25.142600920949512
  min: 17.41431335799365
  num_samples: 676
  rmse: 27.139177973215094
  std: 5.7961220450902475
scale:
  max: .inf
  mean: .inf
  median: 3.0445703993677853
  min: 0.002606770567115113
  num_samples: 676
  rmse: .inf
  std: .nan
trans:
  max: 5.683583760143353
  mean: 2.024400277699997
  median: 2.0073103677447226
  min: 0.49845249901820565
  num_samples: 676
  rmse: 2.3048217797508355
  std: 1.1018198364805303
