rot:
  max: 42.148759071674256
  mean: 21.873740212675262
  median: 20.210618981775287
  min: 10.657539209098575
  num_samples: 676
  rmse: 22.65605162277442
  std: 5.902216892169628
scale:
  max: .inf
  mean: .inf
  median: 3.7032371676816167
  min: 0.005115402825461857
  num_samples: 676
  rmse: .inf
  std: .nan
trans:
  max: 6.135038100138575
  mean: 2.359963311331716
  median: 2.1353774245470625
  min: 0.5441530733202216
  num_samples: 676
  rmse: 2.635185036323571
  std: 1.1725072898843332
