rot:
  max: 44.430308067265905
  mean: 19.544094362681744
  median: 17.264625784361012
  min: 1.564578623642738
  num_samples: 745
  rmse: 21.718030797425893
  std: 9.471073712126373
scale:
  max: .inf
  mean: .inf
  median: 3.367425485259168
  min: 0.01582528842255515
  num_samples: 745
  rmse: .inf
  std: .nan
trans:
  max: 8.713963440198013
  mean: 2.653793350848171
  median: 2.653076967658661
  min: 0.6339542059471078
  num_samples: 745
  rmse: 2.9331512274470097
  std: 1.249302595077725
