rot:
  max: 55.81376764477366
  mean: 19.215762100549835
  median: 15.511261437995048
  min: 4.412054899552614
  num_samples: 745
  rmse: 22.013582960131107
  std: 10.740219813283488
scale:
  max: .inf
  mean: .inf
  median: 2.7877921600915623
  min: 0.0026762634428134646
  num_samples: 745
  rmse: .inf
  std: .nan
trans:
  max: 7.490824707644774
  mean: 2.631232552080231
  median: 2.6700556763921908
  min: 0.5062942472959058
  num_samples: 745
  rmse: 2.9032068953163206
  std: 1.226876331944497
