rot:
  max: 42.74715947513565
  mean: 20.402823776679053
  median: 17.82170531319999
  min: 3.158086601617707
  num_samples: 745
  rmse: 22.263746954121913
  std: 8.91062345601882
scale:
  max: .inf
  mean: .inf
  median: 3.029363798449869
  min: 0.01855708108812193
  num_samples: 745
  rmse: .inf
  std: .nan
trans:
  max: 8.838892068632545
  mean: 2.408725880190466
  median: 2.336425362094575
  min: 0.27925685479037593
  num_samples: 745
  rmse: 2.728523107453082
  std: 1.2817480181401046
