rot:
  max: 46.84719554423576
  mean: 19.67013852381932
  median: 17.252955757069206
  min: 4.638667312959905
  num_samples: 745
  rmse: 21.900715885141306
  std: 9.629486317319326
scale:
  max: .inf
  mean: .inf
  median: 2.900009840033446
  min: 0.02336846960171446
  num_samples: 745
  rmse: .inf
  std: .nan
trans:
  max: 7.722845717850273
  mean: 2.5824510749673295
  median: 2.6422048631684585
  min: 0.39015101683584463
  num_samples: 745
  rmse: 2.8640928900713374
  std: 1.2385372535201642
