rot:
  max: 46.488194441514814
  mean: 20.010076758021892
  median: 16.90747399439422
  min: 3.7494982829502495
  num_samples: 745
  rmse: 22.269560542247216
  std: 9.773952879100968
scale:
  max: .inf
  mean: .inf
  median: 3.1570867287816995
  min: 0.00501819716072216
  num_samples: 745
  rmse: .inf
  std: .nan
trans:
  max: 8.019381746666163
  mean: 2.6212693399247704
  median: 2.69641125932208
  min: 0.31608311115402904
  num_samples: 745
  rmse: 2.9335521205292596
  std: 1.3170706478515408
