rot:
  max: 22.269560542247216
  mean: 22.03312742781349
  median: 22.013582960131107
  min: 21.718030797425893
  num_samples: 5
  rmse: 22.03415443317116
  std: 0.2127377130867897
scale:
  max: .inf
  mean: .inf
  median: .inf
  min: .inf
  num_samples: 5
  rmse: .inf
  std: .nan
trans:
  max: 2.9335521205292596
  mean: 2.872505248163402
  median: 2.9032068953163206
  min: 2.728523107453082
  num_samples: 5
  rmse: 2.873519823311141
  std: 0.07635295826491455
