rot:
  max: 171.72887565209797
  mean: 144.13957893592863
  median: 145.50199891298982
  min: 77.78797373016366
  num_samples: 628
  rmse: 145.33573108265514
  std: 18.60796908593357
scale:
  max: 1176.6345071362132
  mean: 78.23433313809713
  median: 45.821110551193506
  min: 0.36006184058017254
  num_samples: 628
  rmse: 165.79690203708276
  std: 146.17798002274918
trans:
  max: 56.6416818813883
  mean: 21.040252165651086
  median: 18.35109885903735
  min: 3.688168679247881
  num_samples: 628
  rmse: 24.145145085263685
  std: 11.844653646023083
