rot:
  max: 179.93799595421603
  mean: 153.57716048931263
  median: 151.00439951867565
  min: 131.1939846642896
  num_samples: 628
  rmse: 154.19752409071071
  std: 13.817822250456981
scale:
  max: 2123.4971880393896
  mean: 94.5083479249732
  median: 32.54257159799469
  min: 0.2888292816830784
  num_samples: 628
  rmse: 295.96807416119395
  std: 280.47330192939614
trans:
  max: 45.404798251672716
  mean: 15.736058712206829
  median: 14.266796167827184
  min: 5.823001822419098
  num_samples: 628
  rmse: 17.595908118779466
  std: 7.8735277182790675
