rot:
  max: 171.50280497204386
  mean: 137.2420699052009
  median: 137.79343442903252
  min: 78.27876798885731
  num_samples: 628
  rmse: 138.35629205699126
  std: 17.5236354645778
scale:
  max: 327.8857256579981
  mean: 46.89621587958528
  median: 47.46461995585639
  min: 0.04181523812714083
  num_samples: 628
  rmse: 58.34931188033578
  std: 34.718685647415114
trans:
  max: 66.80534075012228
  mean: 20.539982158703346
  median: 18.34537189187493
  min: 2.8019268025319337
  num_samples: 628
  rmse: 25.284069219712627
  std: 14.744262925876216
