rot:
  max: 154.19752409071071
  mean: 145.96318241011906
  median: 145.33573108265514
  min: 138.35629205699126
  num_samples: 3
  rmse: 146.10705517621275
  std: 6.48235705397283
scale:
  max: 295.96807416119395
  mean: 173.3714293595375
  median: 165.79690203708276
  min: 58.34931188033578
  num_samples: 3
  rmse: 198.73798147702644
  std: 97.1551993636666
trans:
  max: 25.284069219712627
  mean: 22.341707474585263
  median: 24.145145085263685
  min: 17.595908118779466
  num_samples: 3
  rmse: 22.597110213625264
  std: 3.3878454992499862
