rot:
  max: 60.89497058769418
  mean: 30.11494999208658
  median: 29.695123146175234
  min: 14.359914120400626
  num_samples: 946
  rmse: 30.805332203718915
  std: 6.485235474183349
scale:
  max: .inf
  mean: .inf
  median: 4.746677483203888
  min: 0.010052679712702073
  num_samples: 946
  rmse: .inf
  std: .nan
trans:
  max: 73.89361704692477
  mean: 4.794148815164486
  median: 3.7174615446297734
  min: 1.7501791452394522
  num_samples: 946
  rmse: 9.304999018630838
  std: 7.9749071389438635
