rot:
  max: 61.5372784537942
  mean: 36.69835167917945
  median: 37.403911477063154
  min: 23.131264375160796
  num_samples: 935
  rmse: 37.38783677940601
  std: 7.14711991467692
scale:
  max: .inf
  mean: .inf
  median: 7.41710486335867
  min: 0.0019138239780280841
  num_samples: 935
  rmse: .inf
  std: .nan
trans:
  max: 65.63952771122646
  mean: 8.654370816923285
  median: 5.240913944084218
  min: 1.2239139374205588
  num_samples: 935
  rmse: 15.106353379520227
  std: 12.381590293259135
