rot:
  max: 71.53396957440964
  mean: 41.06800474439518
  median: 41.06562081576942
  min: 23.030198460746803
  num_samples: 931
  rmse: 41.82991560855394
  std: 7.947378569885736
scale:
  max: .inf
  mean: .inf
  median: 7.220643676028904
  min: 0.000481259902640474
  num_samples: 931
  rmse: .inf
  std: .nan
trans:
  max: 66.19441485738541
  mean: 8.410983443916166
  median: 5.2745042894118725
  min: 1.4886097461749632
  num_samples: 931
  rmse: 14.620812805411287
  std: 11.959244315467714
