rot:
  max: 56.504885248558956
  mean: 31.54130198161125
  median: 31.661110801398436
  min: 15.369813480919603
  num_samples: 943
  rmse: 32.20495561732157
  std: 6.504262880485253
scale:
  max: .inf
  mean: .inf
  median: 6.1310330137515745
  min: 0.006728249344623016
  num_samples: 943
  rmse: .inf
  std: .nan
trans:
  max: 73.027840420443
  mean: 5.342972696930144
  median: 4.0392470285606406
  min: 1.8723915440623227
  num_samples: 943
  rmse: 9.532853632362897
  std: 7.894804692702251
