rot:
  max: 63.192909481756814
  mean: 30.95103950778469
  median: 29.84201723426616
  min: 15.560145756745504
  num_samples: 934
  rmse: 32.01123319252857
  std: 8.170202194192909
scale:
  max: .inf
  mean: .inf
  median: 7.600986483795685
  min: 0.022204908228240505
  num_samples: 934
  rmse: .inf
  std: .nan
trans:
  max: 67.83514042371324
  mean: 8.153327128960914
  median: 5.492386630300549
  min: 2.1164897293770397
  num_samples: 934
  rmse: 14.158178540061062
  std: 11.5748553468454
