rot:
  max: 137.61817690242324
  mean: 115.79298632018919
  median: 118.49517400502104
  min: 53.550895058999515
  num_samples: 563
  rmse: 116.71225356305597
  std: 14.619659736791053
scale:
  max: 632.070255741145
  mean: 106.30567833597479
  median: 50.09364605922188
  min: 0.21566214064974165
  num_samples: 563
  rmse: 160.29425300021737
  std: 119.97228971069093
trans:
  max: 12.42356994736542
  mean: 7.0766994110265085
  median: 6.452606439686618
  min: 2.054009174721955
  num_samples: 563
  rmse: 7.444883958507426
  std: 2.3122764976572947
