rot:
  max: 146.70066351008188
  mean: 122.05108684564827
  median: 123.06796884695324
  min: 58.505350678796674
  num_samples: 552
  rmse: 123.0947087270387
  std: 15.994984100977591
scale:
  max: 616.6588697682005
  mean: 107.9188216995846
  median: 52.50778593964416
  min: 0.8819960667318272
  num_samples: 552
  rmse: 158.9941336984887
  std: 116.75899311618853
trans:
  max: 12.39736760986394
  mean: 7.192829699066228
  median: 6.4588990296297455
  min: 3.524208623526825
  num_samples: 552
  rmse: 7.542926238198092
  std: 2.2713293805892776
