rot:
  max: 150.00379531455783
  mean: 124.59219576654148
  median: 124.70949666155633
  min: 55.25169895031928
  num_samples: 563
  rmse: 125.7200104547257
  std: 16.801957707604775
scale:
  max: 619.158343387687
  mean: 108.8989320083816
  median: 50.61263660911538
  min: 1.0059534517679602
  num_samples: 563
  rmse: 161.07554533235438
  std: 118.68594656297448
trans:
  max: 12.62779706280959
  mean: 7.104332614212626
  median: 6.452281803912001
  min: 2.8572165384939177
  num_samples: 563
  rmse: 7.450805744337715
  std: 2.245654547451744
