rot:
  max: 125.7200104547257
  mean: 121.84232424827344
  median: 123.0947087270387
  min: 116.71225356305597
  num_samples: 3
  rmse: 121.90102334421138
  std: 3.7825274810056952
scale:
  max: 161.07554533235438
  mean: 160.12131067702015
  median: 160.29425300021737
  min: 158.9941336984887
  num_samples: 3
  rmse: 160.12361204139125
  std: 0.8584871898723915
trans:
  max: 7.542926238198092
  mean: 7.479538647014411
  median: 7.450805744337715
  min: 7.444883958507426
  num_samples: 3
  rmse: 7.4796733357902365
  std: 0.04488694631261259
