rot:
  max: 102.64610758432092
  mean: 59.3423631850082
  median: 59.41753532242254
  min: 44.79094343361961
  num_samples: 684
  rmse: 59.79217359614744
  std: 7.320379428036132
scale:
  max: .inf
  mean: .inf
  median: 5.978664568873715
  min: 0.05607263352723768
  num_samples: 684
  rmse: .inf
  std: .nan
trans:
  max: 12.286846656207134
  mean: 6.020162319178115
  median: 6.31074818128638
  min: 1.583821221840361
  num_samples: 684
  rmse: 6.411182776727259
  std: 2.2047472071310583
