rot:
  max: 118.96529500705951
  mean: 52.71094292738061
  median: 51.779740301137736
  min: 38.548555819906454
  num_samples: 666
  rmse: 53.249631544489404
  std: 7.555114514704939
scale:
  max: .inf
  mean: .inf
  median: 6.482833512454972
  min: 0.01698459084409354
  num_samples: 666
  rmse: .inf
  std: .nan
trans:
  max: 59.26483640180007
  mean: 5.370369444745314
  median: 5.251122227127958
  min: 1.335964767874346
  num_samples: 666
  rmse: 6.39382367334039
  std: 3.46988662534007
