rot:
  max: 129.12952717696314
  mean: 82.26735701188959
  median: 88.37495009954071
  min: 23.07111953350067
  num_samples: 177
  rmse: 85.35964143328253
  std: 22.767308929622416
scale:
  max: 100.04518271103451
  mean: 39.71290687977929
  median: 27.580367811011953
  min: 6.340201289705338
  num_samples: 177
  rmse: 44.83048745935247
  std: 20.800423865900864
trans:
  max: 25.807554986315825
  mean: 19.315328347250695
  median: 20.329862286121394
  min: 4.185274523408179
  num_samples: 177
  rmse: 19.908797304484292
  std: 4.824759159681942
