rot:
  max: 127.87317707208807
  mean: 97.5458539103741
  median: 100.40279600544659
  min: 63.214608784986545
  num_samples: 174
  rmse: 98.80453867759573
  std: 15.7207903169167
scale:
  max: 59.6024838075905
  mean: 24.865917577987677
  median: 17.46494500056955
  min: 1.4232687787419485
  num_samples: 174
  rmse: 29.249746208652393
  std: 15.402395796605752
trans:
  max: 24.458481654661405
  mean: 14.58924494541049
  median: 14.95098706886833
  min: 5.746366400434927
  num_samples: 174
  rmse: 15.337981810081876
  std: 4.73366854872804
