rot:
  max: 159.8450112909233
  mean: 116.53670853301911
  median: 116.98102938035721
  min: 72.75136339458214
  num_samples: 173
  rmse: 117.92253116797168
  std: 18.02550751993969
scale:
  max: 124.52281298039098
  mean: 39.98411634539095
  median: 31.52099147282218
  min: 1.8525935154868556
  num_samples: 173
  rmse: 47.72261595646549
  std: 26.052226657361448
trans:
  max: 29.455189870075642
  mean: 19.374660414206843
  median: 19.509863969842815
  min: 3.56889678750558
  num_samples: 173
  rmse: 20.26405465770597
  std: 5.937545368640256
