rot:
  max: 117.92253116797168
  mean: 100.69557042628331
  median: 98.80453867759573
  min: 85.35964143328253
  num_samples: 3
  rmse: 101.57809574570744
  std: 13.36082451982385
scale:
  max: 47.72261595646549
  mean: 40.60094987482345
  median: 44.83048745935247
  min: 29.249746208652393
  num_samples: 3
  rmse: 41.40357606472348
  std: 8.112889757011153
trans:
  max: 20.26405465770597
  mean: 18.503611257424044
  median: 19.908797304484292
  min: 15.337981810081876
  num_samples: 3
  rmse: 18.63907908390271
  std: 2.2431316345925003
