rot:
  max: 106.6469199204993
  mean: 73.1710764672581
  median: 71.9835901754857
  min: 56.63087060881304
  num_samples: 773
  rmse: 73.66422021435618
  std: 8.509459936554665
scale:
  max: .inf
  mean: .inf
  median: 6.738941898993877
  min: 0.04394993035670147
  num_samples: 773
  rmse: .inf
  std: .nan
trans:
  max: 12.920374077565466
  mean: 5.504914014392789
  median: 4.899079888696542
  min: 0.32621254847253217
  num_samples: 773
  rmse: 6.044815145616505
  std: 2.4971407326813937
