rot:
  max: 123.66522313324431
  mean: 77.00774942577574
  median: 77.37243209490536
  min: 55.05677849284192
  num_samples: 762
  rmse: 77.98598747350387
  std: 12.313438617804477
scale:
  max: .inf
  mean: .inf
  median: 7.092994580551193
  min: 0.006013572544039114
  num_samples: 762
  rmse: .inf
  std: .nan
trans:
  max: 70.02835167024206
  mean: 6.717840394993235
  median: 5.8261129713087145
  min: 1.9281806546621572
  num_samples: 762
  rmse: 10.011261271415982
  std: 7.422666143101864
