rot:
  max: 113.64493134628421
  mean: 79.52105895789322
  median: 78.15797882801216
  min: 59.79803821893969
  num_samples: 764
  rmse: 80.28231547643851
  std: 11.029567556058822
scale:
  max: .inf
  mean: .inf
  median: 7.359670319671208
  min: 0.03394761125554702
  num_samples: 764
  rmse: .inf
  std: .nan
trans:
  max: 70.74546412018036
  mean: 6.184187731663061
  median: 5.445724086447088
  min: 1.22749845002848
  num_samples: 764
  rmse: 8.284881597212562
  std: 5.513173784616216
