rot:
  max: 113.23300768886146
  mean: 86.8026867004187
  median: 87.11015153556403
  min: 80.62936313664846
  num_samples: 748
  rmse: 86.87961669080673
  std: 3.6553218641394443
scale:
  max: .inf
  mean: .inf
  median: 5.258312426298656
  min: 0.012410498477488652
  num_samples: 748
  rmse: .inf
  std: .nan
trans:
  max: 11.102247232402785
  mean: 2.8754243657593124
  median: 2.3499872575824146
  min: 0.18293949759509862
  num_samples: 748
  rmse: 3.6732367333082583
  std: 2.285739008662796
