rot:
  max: 111.99448047579322
  mean: 88.72631894796508
  median: 89.00426782539486
  min: 81.22551952858602
  num_samples: 748
  rmse: 88.83509165218922
  std: 4.394750823065082
scale:
  max: .inf
  mean: .inf
  median: 5.818868832905122
  min: 0.022113979228965963
  num_samples: 748
  rmse: .inf
  std: .nan
trans:
  max: 11.851603366457365
  mean: 3.0818997554930965
  median: 2.403619977048019
  min: 0.24790473515212483
  num_samples: 748
  rmse: 3.9577980136760726
  std: 2.483155052377893
