rot:
  max: 83.04707607609262
  mean: 46.78821156116812
  median: 43.047494636572985
  min: 20.62152102092057
  num_samples: 701
  rmse: 48.997306128802244
  std: 14.546452034325608
scale:
  max: .inf
  mean: .inf
  median: 34.44358063835011
  min: 1.4176961475855787
  num_samples: 701
  rmse: .inf
  std: .nan
trans:
  max: 35.0720103879838
  mean: 20.57071381557531
  median: 22.68109052422078
  min: 6.693604602263031
  num_samples: 701
  rmse: 21.785667173293053
  std: 7.173634176844909
