rot:
  max: 94.43868256757656
  mean: 85.90941883299881
  median: 87.68281251929929
  min: 54.72400777812261
  num_samples: 726
  rmse: 86.15401474382432
  std: 6.487373293983379
scale:
  max: .inf
  mean: .inf
  median: 17.3440163276923
  min: 0.033206869932533856
  num_samples: 726
  rmse: .inf
  std: .nan
trans:
  max: 65.95902633275159
  mean: 13.220327948212121
  median: 8.462337815419637
  min: 1.5686664197320306
  num_samples: 726
  rmse: 20.786199800145216
  std: 16.04023164026251
