rot:
  max: 92.48944671094223
  mean: 84.04548707803153
  median: 84.56008710214286
  min: 77.14168001198102
  num_samples: 748
  rmse: 84.10803978601331
  std: 3.243217301081213
scale:
  max: .inf
  mean: .inf
  median: 5.397956664368508
  min: 0.006904706314903031
  num_samples: 748
  rmse: .inf
  std: .nan
trans:
  max: 11.829498663594991
  mean: 3.0855860672723363
  median: 2.3975287010563413
  min: 0.6772385500609018
  num_samples: 748
  rmse: 3.883713373945773
  std: 2.3584715797355065
