rot:
  max: 97.68901958560286
  mean: 33.40098628740904
  median: 33.434661357584226
  min: 5.7002845598799965
  num_samples: 782
  rmse: 39.085798068360624
  std: 20.299599150450636
scale:
  max: .inf
  mean: .inf
  median: 10.829297865057303
  min: 0.016856494086137097
  num_samples: 782
  rmse: .inf
  std: .nan
trans:
  max: 50.00596893698197
  mean: 8.728951347339011
  median: 5.7179660062595445
  min: 2.027166019232585
  num_samples: 782
  rmse: 13.042792321532975
  std: 9.691224892573075
