rot:
  max: 109.90373266366663
  mean: 44.07844182264122
  median: 37.68215187021272
  min: 11.525354421338374
  num_samples: 805
  rmse: 51.03588529358911
  std: 25.724551583816172
scale:
  max: .inf
  mean: .inf
  median: 10.80387147218942
  min: 0.10475932957685341
  num_samples: 805
  rmse: .inf
  std: .nan
trans:
  max: 54.08406211123821
  mean: 6.102216825097407
  median: 6.033269868285053
  min: 1.0221365176036614
  num_samples: 805
  rmse: 7.728784003954896
  std: 4.743105733513349
