rot:
  max: 96.78126241675538
  mean: 32.228894961851026
  median: 29.095978837497626
  min: 7.76883456497567
  num_samples: 765
  rmse: 36.20708205900405
  std: 16.50003396255374
scale:
  max: .inf
  mean: .inf
  median: 6.562088585947956
  min: 0.03825243568902348
  num_samples: 765
  rmse: .inf
  std: .nan
trans:
  max: 54.335845388038344
  mean: 7.731479769311052
  median: 4.343349719370041
  min: 2.163483224552319
  num_samples: 765
  rmse: 13.144078268820271
  std: 10.629723143789178
