rot:
  max: 39.225500903884026
  mean: 29.75529971603186
  median: 29.06474616547798
  min: 24.29924774460665
  num_samples: 645
  rmse: 29.93345842391306
  std: 3.2609924908294654
scale:
  max: .inf
  mean: .inf
  median: 5.191473623690957
  min: 0.008005297204338735
  num_samples: 645
  rmse: .inf
  std: .nan
trans:
  max: 4.41996574211623
  mean: 1.9016851514540984
  median: 1.778702620045594
  min: 0.23974775208942628
  num_samples: 645
  rmse: 2.1886513627016
  std: 1.0834151430520864
