rot:
  max: 39.53484817726262
  mean: 29.543069777357545
  median: 28.44325548622462
  min: 23.262729201389607
  num_samples: 645
  rmse: 29.85583683138829
  std: 4.310222851856363
scale:
  max: .inf
  mean: .inf
  median: 4.78885734172334
  min: 0.00552939730169566
  num_samples: 645
  rmse: .inf
  std: .nan
trans:
  max: 4.671599413433849
  mean: 1.9404997630312308
  median: 1.7964549902183853
  min: 0.12802026159096785
  num_samples: 645
  rmse: 2.228893067564212
  std: 1.0965514015820403
