rot:
  max: 40.194196413726246
  mean: 31.245312278822585
  median: 30.765650809234884
  min: 26.1817993831557
  num_samples: 645
  rmse: 31.43494633853952
  std: 3.4476531011280334
scale:
  max: .inf
  mean: .inf
  median: 4.6040535033686325
  min: 0.012662206789870734
  num_samples: 645
  rmse: .inf
  std: .nan
trans:
  max: 4.229379214567091
  mean: 1.8555937874493518
  median: 1.765573477286842
  min: 0.09642708867599357
  num_samples: 645
  rmse: 2.1165826990894425
  std: 1.0181817215331064
