rot:
  max: 39.36814633715403
  mean: 30.347855199786114
  median: 30.11012929693715
  min: 25.811949831612786
  num_samples: 645
  rmse: 30.491650914466618
  std: 2.9577796169606048
scale:
  max: .inf
  mean: .inf
  median: 4.756095452887832
  min: 0.002049547066962365
  num_samples: 645
  rmse: .inf
  std: .nan
trans:
  max: 4.425720979753988
  mean: 1.848131631698953
  median: 1.7200820454124268
  min: 0.31272536514945565
  num_samples: 645
  rmse: 2.101388339403646
  std: 1.0001212051023514
