rot:
  max: 39.99750510840015
  mean: 30.1447581106013
  median: 29.543718578426795
  min: 25.175294943328154
  num_samples: 645
  rmse: 30.319946677678303
  std: 3.254646676767349
scale:
  max: .inf
  mean: .inf
  median: 5.10056428140766
  min: 0.006497865997689978
  num_samples: 645
  rmse: .inf
  std: .nan
trans:
  max: 4.434728812437295
  mean: 1.9219560803221125
  median: 1.7989997492533536
  min: 0.14952812505343044
  num_samples: 645
  rmse: 2.204807719395348
  std: 1.0803989563203846
