rot:
  max: 31.43494633853952
  mean: 30.407167837197157
  median: 30.319946677678303
  min: 29.85583683138829
  num_samples: 5
  rmse: 30.412427458038994
  std: 0.5655864310668106
scale:
  max: .inf
  mean: .inf
  median: .inf
  min: .inf
  num_samples: 5
  rmse: .inf
  std: .nan
trans:
  max: 2.228893067564212
  mean: 2.1680646376308497
  median: 2.1886513627016
  min: 2.101388339403646
  num_samples: 5
  rmse: 2.1686443437623906
  std: 0.050139971950756854
