rot:
  max: 127.54487080228894
  mean: 114.71830820647875
  median: 115.3787659918938
  min: 91.17554685306051
  num_samples: 214
  rmse: 114.97648427895012
  std: 7.700759663241617
scale:
  max: 3371.886631142324
  mean: 106.44964723277057
  median: 11.03158312965935
  min: 0.022890487220605937
  num_samples: 214
  rmse: 451.6100846797877
  std: 438.88511160496626
trans:
  max: 16.451510630828352
  mean: 8.020520176100566
  median: 7.698339523365606
  min: 2.309111523534812
  num_samples: 214
  rmse: 8.707516244918008
  std: 3.3899993009254024
