rot:
  max: 131.73706305190638
  mean: 121.27315029619284
  median: 124.08910890275139
  min: 97.41431541520795
  num_samples: 214
  rmse: 121.51943929608832
  std: 7.7328613121349905
scale:
  max: 3115.779661874361
  mean: 105.05496183164263
  median: 15.479372579881684
  min: 0.09622422815254161
  num_samples: 214
  rmse: 427.7207094108403
  std: 414.61845141462834
trans:
  max: 19.50938573541565
  mean: 8.984727247506852
  median: 7.365644114898163
  min: 1.6796273115309988
  num_samples: 214
  rmse: 9.991688353396153
  std: 4.371328452461591
