rot:
  max: 121.0120336674692
  mean: 92.24478121104309
  median: 91.93990002824452
  min: 66.1904086429976
  num_samples: 238
  rmse: 92.76923353044072
  std: 9.850432942375544
scale:
  max: 5410.686943530721
  mean: 152.60730847803885
  median: 11.946831100018729
  min: 0.04445219437152481
  num_samples: 238
  rmse: 675.3878484827877
  std: 657.920781916256
trans:
  max: 23.487657429566152
  mean: 10.758179310999711
  median: 10.455170942704274
  min: 3.2598748959935797
  num_samples: 238
  rmse: 11.487494119936974
  std: 4.027914977747713
