rot:
  max: 121.51943929608832
  mean: 109.75505236849305
  median: 114.97648427895012
  min: 92.76923353044072
  num_samples: 3
  rmse: 110.44258954136731
  std: 12.30422952452865
scale:
  max: 675.3878484827877
  mean: 518.239547524472
  median: 451.6100846797877
  min: 427.7207094108403
  num_samples: 3
  rmse: 530.1086114252457
  std: 111.54779822494392
trans:
  max: 11.487494119936974
  mean: 10.062232906083711
  median: 9.991688353396153
  min: 8.707516244918008
  num_samples: 3
  rmse: 10.126157488776117
  std: 1.1360169150249355
