rot:
  max: 179.94209729267928
  mean: 155.74929349129872
  median: 158.56314903353913
  min: 85.10765757870747
  num_samples: 459
  rmse: 156.80700972035703
  std: 18.18229563067989
scale:
  max: .inf
  mean: .inf
  median: 26.193340266791655
  min: 0.16476973418693142
  num_samples: 459
  rmse: .inf
  std: .nan
trans:
  max: 102.57630516857925
  mean: 29.33477955923644
  median: 27.569569813637113
  min: 2.9677595637543814
  num_samples: 459
  rmse: 33.962906932181326
  std: 17.115775048037243
