rot:
  max: 179.82418939886355
  mean: 130.83272820602434
  median: 129.99431995501567
  min: 75.89307622019113
  num_samples: 519
  rmse: 132.83399868208647
  std: 22.971034718556268
scale:
  max: .inf
  mean: .inf
  median: 18.97214792715821
  min: 0.0799393538764237
  num_samples: 519
  rmse: .inf
  std: .nan
trans:
  max: 132.2968758824744
  mean: 31.653884203131962
  median: 28.786306709911155
  min: 10.473271255374707
  num_samples: 519
  rmse: 36.01479371983005
  std: 17.178387047002495
