rot:
  max: 179.92258599956497
  mean: 151.07929624559637
  median: 153.61197350164633
  min: 82.88162718182014
  num_samples: 520
  rmse: 152.5382264199283
  std: 21.04653808284482
scale:
  max: .inf
  mean: .inf
  median: 22.944477455450624
  min: 0.03752073958696034
  num_samples: 520
  rmse: .inf
  std: .nan
trans:
  max: 71.89551914888384
  mean: 27.980675809937377
  median: 26.636365033967458
  min: 1.7065357887384422
  num_samples: 520
  rmse: 31.358792142151938
  std: 14.158235265522164
