rot:
  max: 179.94482242558053
  mean: 156.15611266693858
  median: 156.5026272826302
  min: 83.37682225655041
  num_samples: 489
  rmse: 156.90516373829752
  std: 15.313356408453714
scale:
  max: .inf
  mean: .inf
  median: 14.12326132436067
  min: 0.10273797468722812
  num_samples: 489
  rmse: .inf
  std: .nan
trans:
  max: 63.9271453696904
  mean: 19.15156962574693
  median: 15.407404385001444
  min: 5.9486452685598055
  num_samples: 489
  rmse: 22.1307729332161
  std: 11.090017650650424
