rot:
  max: 179.9977953985497
  mean: 156.47867316018554
  median: 160.08085713998918
  min: 79.21054515031352
  num_samples: 490
  rmse: 157.40043133506936
  std: 17.009427694479175
scale:
  max: .inf
  mean: .inf
  median: 24.263975796916753
  min: 0.3194300077141943
  num_samples: 490
  rmse: .inf
  std: .nan
trans:
  max: 95.45628763970188
  mean: 29.903918977258485
  median: 25.605041642583956
  min: 2.035428081769907
  num_samples: 490
  rmse: 34.62304082137611
  std: 17.45023167525969
