rot:
  max: 157.40043133506936
  mean: 151.29696597914773
  median: 156.80700972035703
  min: 132.83399868208647
  num_samples: 5
  rmse: 151.58848651191016
  std: 9.396665816989643
scale:
  max: .inf
  mean: .inf
  median: .inf
  min: .inf
  num_samples: 5
  rmse: .inf
  std: .nan
trans:
  max: 36.01479371983005
  mean: 31.618061309751106
  median: 33.962906932181326
  min: 22.1307729332161
  num_samples: 5
  rmse: 32.00763760392465
  std: 4.978660863825907
