rot:
  max: 179.95503925623703
  mean: 149.70258982835148
  median: 147.75116646265417
  min: 90.5829059875592
  num_samples: 380
  rmse: 151.29613411343104
  std: 21.901022723920054
scale:
  max: .inf
  mean: .inf
  median: 28.549593407439584
  min: 0.4169289814956345
  num_samples: 380
  rmse: .inf
  std: .nan
trans:
  max: 84.88157804684805
  mean: 30.63171321298471
  median: 25.23150246009567
  min: 8.99187313235712
  num_samples: 380
  rmse: 34.749744637991235
  std: 16.408622673553637
