rot:
  max: 179.86574841684745
  mean: 160.48350246192015
  median: 163.04349642351397
  min: 86.79766720745856
  num_samples: 380
  rmse: 161.1581072838756
  std: 14.730274297379538
scale:
  max: .inf
  mean: .inf
  median: 12.729533865699317
  min: 0.09333396290602813
  num_samples: 380
  rmse: .inf
  std: .nan
trans:
  max: 58.32607834328387
  mean: 16.559620436248743
  median: 13.414856815475952
  min: 3.4604123578820793
  num_samples: 380
  rmse: 20.13751465638647
  std: 11.458554339163076
