rot:
  max: 179.87006520068294
  mean: 150.74031650781356
  median: 153.64075119221968
  min: 99.17964406093508
  num_samples: 410
  rmse: 152.10207228371505
  std: 20.307569330785928
scale:
  max: .inf
  mean: .inf
  median: 22.644116254537693
  min: 0.4060864139180165
  num_samples: 410
  rmse: .inf
  std: .nan
trans:
  max: 79.2894132431196
  mean: 25.93438182865981
  median: 21.57215303122243
  min: 1.5597825609794325
  num_samples: 410
  rmse: 31.489717379307137
  std: 17.86085495696994
