rot:
  max: 179.9244294374419
  mean: 148.98462362700772
  median: 150.79443347232132
  min: 85.50344108057597
  num_samples: 380
  rmse: 150.6651447842861
  std: 22.44031585314118
scale:
  max: .inf
  mean: .inf
  median: 27.133108411070225
  min: 0.3254746264013342
  num_samples: 380
  rmse: .inf
  std: .nan
trans:
  max: 85.61120883019451
  mean: 30.50394836599523
  median: 24.748602528734807
  min: 7.608812351865441
  num_samples: 380
  rmse: 34.988093924029606
  std: 17.136973201864258
