rot:
  max: 179.93455225036223
  mean: 154.00739096405036
  median: 160.35745203762878
  min: 77.77036594276952
  num_samples: 380
  rmse: 155.25233447864758
  std: 19.62169435894874
scale:
  max: .inf
  mean: .inf
  median: 30.953155696765428
  min: 1.0755342659041323
  num_samples: 380
  rmse: .inf
  std: .nan
trans:
  max: 83.75018663836948
  mean: 27.51041259088307
  median: 23.02584636781748
  min: 5.950681293380061
  num_samples: 380
  rmse: 32.468340559117266
  std: 17.24442917994681
