rot:
  max: 161.1581072838756
  mean: 154.09475858879105
  median: 152.10207228371505
  min: 150.6651447842861
  num_samples: 5
  rmse: 154.1432900569666
  std: 3.867718325879028
scale:
  max: .inf
  mean: .inf
  median: .inf
  min: .inf
  num_samples: 5
  rmse: .inf
  std: .nan
trans:
  max: 34.988093924029606
  mean: 30.76668223136635
  median: 32.468340559117266
  min: 20.13751465638647
  num_samples: 5
  rmse: 31.250684487447487
  std: 5.478735749068171
