rot:
  max: 96.3437249244394
  mean: 36.625844883104186
  median: 34.205734682279015
  min: 12.285760862818352
  num_samples: 809
  rmse: 40.83273867838183
  std: 18.05159368520714
scale:
  max: .inf
  mean: .inf
  median: 10.49843767480052
  min: 0.0598206280011393
  num_samples: 809
  rmse: .inf
  std: .nan
trans:
  max: 45.34904839461201
  mean: 9.03348023819682
  median: 5.576574206966113
  min: 2.1574896541339887
  num_samples: 809
  rmse: 13.473279386986869
  std: 9.996273917110955
