rot:
  max: 94.34104677138312
  mean: 33.901479143169944
  median: 32.3806510757644
  min: 9.359115681474117
  num_samples: 782
  rmse: 38.373052379153215
  std: 17.97723173345801
scale:
  max: .inf
  mean: .inf
  median: 10.32152739134099
  min: 0.01871144569753902
  num_samples: 782
  rmse: .inf
  std: .nan
trans:
  max: 50.46435883893757
  mean: 8.280057859506119
  median: 5.665985220299816
  min: 1.9636590628506274
  num_samples: 782
  rmse: 12.534771560100914
  std: 9.410692849474245
