rot:
  max: 102.09743138704827
  mean: 41.467519706098486
  median: 39.95992932251602
  min: 10.05205211008222
  num_samples: 807
  rmse: 47.0184724007246
  std: 22.162616188573832
scale:
  max: .inf
  mean: .inf
  median: 10.977529204888569
  min: 0.04178868269471003
  num_samples: 807
  rmse: .inf
  std: .nan
trans:
  max: 50.4327059984805
  mean: 7.4315729218194315
  median: 5.853279943289366
  min: 2.306685962105265
  num_samples: 807
  rmse: 10.832253243746669
  std: 7.88095389177861
