rot:
  max: 52.23678613434412
  mean: 13.04476292643378
  median: 9.397311469443839
  min: 0.8947579505408723
  num_samples: 780
  rmse: 17.033932844127868
  std: 10.953950352790397
scale:
  max: .inf
  mean: .inf
  median: 1.7805692786951766
  min: 0.0022771289766021496
  num_samples: 780
  rmse: .inf
  std: .nan
trans:
  max: 11.088492638717899
  mean: 2.4222225419262
  median: 2.153221144544416
  min: 0.4466912911382427
  num_samples: 780
  rmse: 3.006869359825112
  std: 1.7816007702175198
