rot:
  max: 43.734651409947105
  mean: 12.221387374569224
  median: 8.867171999242036
  min: 1.3310098115714193
  num_samples: 780
  rmse: 15.416956965886115
  std: 9.39788554562698
scale:
  max: .inf
  mean: .inf
  median: 1.8252695505689809
  min: 0.0077861903237774754
  num_samples: 780
  rmse: .inf
  std: .nan
trans:
  max: 9.727155865817037
  mean: 2.1364683125760155
  median: 1.8529452167011
  min: 0.4684404897886841
  num_samples: 780
  rmse: 2.630847898766981
  std: 1.5352080692222894
