rot:
  max: 52.80496144268233
  mean: 12.488597691715833
  median: 8.817307505314869
  min: 2.1672299614454955
  num_samples: 780
  rmse: 16.166543274490614
  std: 10.266062981515727
scale:
  max: .inf
  mean: .inf
  median: 1.7420460968773976
  min: 0.011077191322494961
  num_samples: 780
  rmse: .inf
  std: .nan
trans:
  max: 10.088608125839173
  mean: 2.1881956917788363
  median: 1.851025244529561
  min: 0.48555394979646216
  num_samples: 780
  rmse: 2.7080819521818835
  std: 1.5954646577764675
