rot:
  max: 49.737201816077636
  mean: 12.897287184483192
  median: 9.46657298387657
  min: 2.777086226906193
  num_samples: 780
  rmse: 16.201310158336756
  std: 9.805224838196795
scale:
  max: .inf
  mean: .inf
  median: 1.990642662571196
  min: 0.001838610140292296
  num_samples: 780
  rmse: .inf
  std: .nan
trans:
  max: 9.832007151766707
  mean: 2.1117172774399564
  median: 1.7342460826369615
  min: 0.6166463601048314
  num_samples: 780
  rmse: 2.641193503871543
  std: 1.5863647957058356
