rot:
  max: 42.396146198471925
  mean: 11.732681604372374
  median: 8.790091779485387
  min: 1.4329207638687969
  num_samples: 780
  rmse: 14.794178992866506
  std: 9.011765334461096
scale:
  max: .inf
  mean: .inf
  median: 1.4767503912290258
  min: 0.0035001297952086396
  num_samples: 780
  rmse: .inf
  std: .nan
trans:
  max: 9.614989606573921
  mean: 2.0938389123231453
  median: 1.7684767882094063
  min: 0.5196262320739791
  num_samples: 780
  rmse: 2.599018575829349
  std: 1.5397195091143863
