rot:
  max: 74.87801613373264
  mean: 33.79738403787446
  median: 32.83324507939982
  min: 22.63311039586898
  num_samples: 790
  rmse: 34.82883599313664
  std: 8.413361327866498
scale:
  max: .inf
  mean: .inf
  median: 3.1649514743368745
  min: 0.011970146218676092
  num_samples: 790
  rmse: .inf
  std: .nan
trans:
  max: 4.32332716830409
  mean: 2.314142078799193
  median: 2.2623371063576996
  min: 0.6451910823401782
  num_samples: 790
  rmse: 2.50182979607115
  std: 0.9507359084626831
