rot:
  max: 73.52199602493526
  mean: 59.52880031495756
  median: 60.74014322099477
  min: 42.5103899001116
  num_samples: 766
  rmse: 59.8156033123023
  std: 5.85049849812968
scale:
  max: .inf
  mean: .inf
  median: 4.1839537122898225
  min: 0.011511064225788736
  num_samples: 766
  rmse: .inf
  std: .nan
trans:
  max: 9.451400244395684
  mean: 3.537843653992226
  median: 2.8065415147310864
  min: 0.5599386908110561
  num_samples: 766
  rmse: 4.16900248006922
  std: 2.205503107848693
