rot:
  max: 59.09047581370361
  mean: 33.489762707283745
  median: 31.859744243741186
  min: 22.710960067985035
  num_samples: 790
  rmse: 34.53053317961054
  std: 8.413888249674546
scale:
  max: .inf
  mean: .inf
  median: 3.5781403104712894
  min: 0.004788212843631623
  num_samples: 790
  rmse: .inf
  std: .nan
trans:
  max: 4.943606805510622
  mean: 2.4889688199136586
  median: 2.4861780406115113
  min: 0.7342502468511083
  num_samples: 790
  rmse: 2.7070468589268937
  std: 1.0644890370142714
