rot:
  max: 54.00196232833207
  mean: 36.63578910120423
  median: 37.67303252509635
  min: 26.21543663049238
  num_samples: 790
  rmse: 37.310369298132436
  std: 7.062762497430362
scale:
  max: .inf
  mean: .inf
  median: 3.0297152226315016
  min: 0.0039847472968812525
  num_samples: 790
  rmse: .inf
  std: .nan
trans:
  max: 3.7202665375486226
  mean: 2.076531771594905
  median: 2.1070963558558278
  min: 0.5007037788757167
  num_samples: 790
  rmse: 2.224741542359496
  std: 0.798430167176212
