rot:
  max: 51.80069540395007
  mean: 35.57745513857217
  median: 35.65234286990795
  min: 24.423138517191745
  num_samples: 790
  rmse: 36.341511930816175
  std: 7.41283854407601
scale:
  max: .inf
  mean: .inf
  median: 3.0262760898691843
  min: 0.014847665669459609
  num_samples: 790
  rmse: .inf
  std: .nan
trans:
  max: 3.815478818329736
  mean: 2.1908531235657906
  median: 2.1332692480750834
  min: 0.72564916368517
  num_samples: 790
  rmse: 2.3016148760413553
  std: 0.7054031673992424
