rot:
  max: 59.8156033123023
  mean: 40.565370742799615
  median: 36.341511930816175
  min: 34.53053317961054
  num_samples: 5
  rmse: 41.703911290190476
  std: 9.67816684084818
scale:
  max: .inf
  mean: .inf
  median: .inf
  min: .inf
  num_samples: 5
  rmse: .inf
  std: .nan
trans:
  max: 4.16900248006922
  mean: 2.7808471106936232
  median: 2.50182979607115
  min: 2.224741542359496
  num_samples: 5
  rmse: 2.8710535582490846
  std: 0.7140293280262789
