rot:
  max: 53.69947188079702
  mean: 46.259785259981
  median: 44.836843411625864
  min: 39.74213003147765
  num_samples: 130
  rmse: 46.39320497912379
  std: 3.5159260423735534
scale:
  max: 4.467027671350998
  mean: 1.3599057230559701
  median: 1.1042896715580564
  min: 0.0022968300048997747
  num_samples: 130
  rmse: 1.7628191560564144
  std: 1.1216897081452912
trans:
  max: 5.172323712991457
  mean: 2.086621104269156
  median: 2.016755644192327
  min: 0.43621189248302095
  num_samples: 130
  rmse: 2.3278474102345914
  std: 1.03193310468967
