rot:
  max: 35.11009648520281
  mean: 26.74402969055824
  median: 24.98098559365902
  min: 20.566844525058347
  num_samples: 130
  rmse: 27.0413363337749
  std: 3.9988431610747144
scale:
  max: 4.231992652799499
  mean: 1.2393704172696614
  median: 1.0384313485376329
  min: 0.0036158420331888763
  num_samples: 130
  rmse: 1.606095745851181
  std: 1.021520686838053
trans:
  max: 4.919933964216247
  mean: 1.848214269902665
  median: 1.9847560447612178
  min: 0.33408363458479423
  num_samples: 130
  rmse: 2.09508688071376
  std: 0.9866575141694671
