rot:
  max: 53.15994127200774
  mean: 45.84864420164024
  median: 44.39365019896481
  min: 39.02011177721103
  num_samples: 130
  rmse: 45.99385436884095
  std: 3.651912454256063
scale:
  max: 4.470141407553141
  mean: 1.3605193707478185
  median: 1.1484686512700903
  min: 0.0003345909265983771
  num_samples: 130
  rmse: 1.7573542049438795
  std: 1.1123312651606514
trans:
  max: 5.137804663622917
  mean: 2.0255461113497084
  median: 1.887901655613677
  min: 0.31576637636760413
  num_samples: 130
  rmse: 2.2430743202994132
  std: 0.9636105837851453
