rot:
  max: 46.39320497912379
  mean: 39.80946522724654
  median: 45.99385436884095
  min: 27.0413363337749
  num_samples: 3
  rmse: 40.82073810639832
  std: 9.029902428698124
scale:
  max: 1.7628191560564144
  mean: 1.7087563689504917
  median: 1.7573542049438795
  min: 1.606095745851181
  num_samples: 3
  rmse: 1.7102990696984983
  std: 0.0726262995248949
trans:
  max: 2.3278474102345914
  mean: 2.222002870415922
  median: 2.2430743202994132
  min: 2.09508688071376
  num_samples: 3
  rmse: 2.224083707167327
  std: 0.09618513580884469
