rot:
  max: 134.7413333163722
  mean: 40.34710759568763
  median: 32.0794591564714
  min: 6.923209389803304
  num_samples: 342
  rmse: 51.67159101321769
  std: 32.28101960129582
scale:
  max: .inf
  mean: .inf
  median: 10.134969301684123
  min: 0.013646775138898004
  num_samples: 342
  rmse: .inf
  std: .nan
trans:
  max: 29.426126664787354
  mean: 6.0815101603077055
  median: 4.532356937423538
  min: 0.5874371086311543
  num_samples: 342
  rmse: 9.104109793488199
  std: 6.7749575129266955
