rot:
  max: 129.763996781087
  mean: 39.02260855131316
  median: 32.287782350800526
  min: 5.4494439600284625
  num_samples: 343
  rmse: 48.464216074042355
  std: 28.74049863037255
scale:
  max: .inf
  mean: .inf
  median: 9.62691375389072
  min: 0.011464182424458791
  num_samples: 343
  rmse: .inf
  std: .nan
trans:
  max: 29.386032650033506
  mean: 5.252895881891995
  median: 3.693931627953183
  min: 0.23007737346278617
  num_samples: 343
  rmse: 8.260575105197635
  std: 6.375279281930561
