rot:
  max: 34.774888793679715
  mean: 6.420895660408066
  median: 4.909648288300875
  min: 0.39632989018873155
  num_samples: 218
  rmse: 8.183029146568312
  std: 5.0728754106265415
scale:
  max: .inf
  mean: .inf
  median: 2.2783652457378456
  min: 0.001120099769580385
  num_samples: 218
  rmse: .inf
  std: .nan
trans:
  max: 3.371401521054783
  mean: 1.6792187226077682
  median: 1.6996697836156778
  min: 0.1829656620206384
  num_samples: 218
  rmse: 1.8456341544922426
  std: 0.7658915810164197
