rot:
  max: 29.935892243441835
  mean: 8.782781165871157
  median: 5.7144407395905485
  min: 0.8446805395750927
  num_samples: 218
  rmse: 11.2878991206063
  std: 7.09079837179167
scale:
  max: .inf
  mean: .inf
  median: 2.1206922251251537
  min: 0.0194496381777709
  num_samples: 218
  rmse: .inf
  std: .nan
trans:
  max: 6.210277601421074
  mean: 2.1173323514417763
  median: 1.9582448070307725
  min: 0.33452281506583115
  num_samples: 218
  rmse: 2.4169254260780444
  std: 1.165518008767163
