rot:
  max: 29.91244749678505
  mean: 8.092505162479567
  median: 6.29049943564902
  min: 0.9682495854414687
  num_samples: 218
  rmse: 9.86812061352362
  std: 5.647226278297285
scale:
  max: .inf
  mean: .inf
  median: 2.164532693251031
  min: 0.03856202648255813
  num_samples: 218
  rmse: .inf
  std: .nan
trans:
  max: 5.187691942714425
  mean: 2.0186925222164214
  median: 1.8702772569030528
  min: 0.29764031519313183
  num_samples: 218
  rmse: 2.2659190940142437
  std: 1.0292083566342793
