rot:
  max: 26.80829440917363
  mean: 6.1926496267742515
  median: 4.646769791233714
  min: 0.5704655006601876
  num_samples: 218
  rmse: 7.757154746458923
  std: 4.671674256679603
scale:
  max: .inf
  mean: .inf
  median: 1.8344685167982933
  min: 0.01150996143346461
  num_samples: 218
  rmse: .inf
  std: .nan
trans:
  max: 4.125082482417021
  mean: 1.58802508421974
  median: 1.4400781370153934
  min: 0.20342019954364615
  num_samples: 218
  rmse: 1.7735305915578277
  std: 0.7896753073766115
