rot:
  max: 31.496156185123077
  mean: 6.230879925492996
  median: 4.823717822600678
  min: 0.8825815370361519
  num_samples: 218
  rmse: 7.874585679784756
  std: 4.815104877607502
scale:
  max: .inf
  mean: .inf
  median: 2.03101254551854
  min: 0.013233832673176238
  num_samples: 218
  rmse: .inf
  std: .nan
trans:
  max: 3.942215787626809
  mean: 1.6882070644429183
  median: 1.5415274707589206
  min: 0.1859939555031504
  num_samples: 218
  rmse: 1.872402620235369
  std: 0.809844725752597
