rot:
  max: 11.2878991206063
  mean: 8.994157861388382
  median: 8.183029146568312
  min: 7.757154746458923
  num_samples: 5
  rmse: 9.09880196951667
  std: 1.3759802487339665
scale:
  max: .inf
  mean: .inf
  median: .inf
  min: .inf
  num_samples: 5
  rmse: .inf
  std: .nan
trans:
  max: 2.4169254260780444
  mean: 2.0348823772755456
  median: 1.872402620235369
  min: 1.7735305915578277
  num_samples: 5
  rmse: 2.0510283088989727
  std: 0.2568478821372757
