rot:
  max: 106.64541242135105
  mean: 37.53977016085754
  median: 36.47825156347534
  min: 9.677902002240673
  num_samples: 755
  rmse: 43.17344778935924
  std: 21.323982983732606
scale:
  max: .inf
  mean: .inf
  median: 5.706711389563035
  min: 0.016505701734192968
  num_samples: 755
  rmse: .inf
  std: .nan
trans:
  max: 76.63197918600866
  mean: 7.328221939737093
  median: 5.799769999947559
  min: 1.950578654045284
  num_samples: 755
  rmse: 11.415852485603423
  std: 8.753219474856882
