rot:
  max: 64.54285008442395
  mean: 30.833116808773568
  median: 28.504917308687986
  min: 5.948750579560801
  num_samples: 757
  rmse: 34.268931505185044
  std: 14.955887615370397
scale:
  max: .inf
  mean: .inf
  median: 4.6444789842051915
  min: 0.027853244642872532
  num_samples: 757
  rmse: .inf
  std: .nan
trans:
  max: 15.667009580376991
  mean: 5.581398411533695
  median: 5.090371045950209
  min: 0.9313517230842199
  num_samples: 757
  rmse: 6.225190837966366
  std: 2.7569897970122272
