rot:
  max: 101.54797525094475
  mean: 34.77009499471691
  median: 28.28956835149044
  min: 6.363222399826704
  num_samples: 755
  rmse: 40.73360287612013
  std: 21.219493333438127
scale:
  max: .inf
  mean: .inf
  median: 3.746788272657986
  min: 0.0020662676055160922
  num_samples: 755
  rmse: .inf
  std: .nan
trans:
  max: 77.59912433199221
  mean: 6.884556484028616
  median: 5.777676173336852
  min: 1.6136231226509816
  num_samples: 755
  rmse: 10.460630353944934
  std: 7.875764687958474
