rot:
  max: 96.14352002938462
  mean: 34.59771006380948
  median: 27.20917851503987
  min: 9.402674432296891
  num_samples: 697
  rmse: 40.86199406425019
  std: 21.74168846358061
scale:
  max: .inf
  mean: .inf
  median: 7.502665658388441
  min: 0.0728803743916151
  num_samples: 697
  rmse: .inf
  std: .nan
trans:
  max: 46.14909050077255
  mean: 8.285660250157267
  median: 4.843966228504155
  min: 0.9719933591184029
  num_samples: 697
  rmse: 13.03112247222067
  std: 10.057732702004879
