rot:
  max: 137.76188834506013
  mean: 33.15020380056805
  median: 23.373207025392826
  min: 9.186522041947676
  num_samples: 703
  rmse: 43.836709465407814
  std: 28.6831149761559
scale:
  max: .inf
  mean: .inf
  median: 3.4000111581933945
  min: 0.004641434693142266
  num_samples: 703
  rmse: .inf
  std: .nan
trans:
  max: 57.66834731260562
  mean: 4.808822312555842
  median: 4.227068346586641
  min: 0.20571041039154983
  num_samples: 703
  rmse: 6.330068235951
  std: 4.116429501164924
