rot:
  max: 102.83818574733213
  mean: 71.60757429560853
  median: 71.67391050625427
  min: 52.49646943359705
  num_samples: 691
  rmse: 72.50636281948373
  std: 11.381034786411833
scale:
  max: .inf
  mean: .inf
  median: 5.876703192326282
  min: 0.007273032592614026
  num_samples: 691
  rmse: .inf
  std: .nan
trans:
  max: 73.58078260616651
  mean: 5.2653195188922295
  median: 4.818358721284331
  min: 1.1845883676304938
  num_samples: 691
  rmse: 6.925912862858318
  std: 4.499408777592763
