rot:
  max: 178.8467917597139
  mean: 162.61087958032482
  median: 176.36336689689693
  min: 116.1396722135631
  num_samples: 5
  rmse: 164.34722655442394
  std: 23.82672277599799
scale:
  max: .inf
  mean: .inf
  median: 9.421223330015515
  min: 0.08581773899392076
  num_samples: 5
  rmse: .inf
  std: .nan
trans:
  max: 0.1452159482991742
  mean: 0.06336834588144728
  median: 0.05178839013502955
  min: 0.020559810941776464
  num_samples: 5
  rmse: 0.07778478321510687
  std: 0.04511014564452698
