rot:
  max: 178.29932901284297
  mean: 162.16250016103322
  median: 172.04311367959826
  min: 115.09707365340205
  num_samples: 5
  rmse: 163.89594736479538
  std: 23.774042654262182
scale:
  max: .inf
  mean: .inf
  median: 8.843027283181526
  min: 4.451400406584771
  num_samples: 5
  rmse: .inf
  std: .nan
trans:
  max: 0.15074015309715014
  mean: 0.0650737957470838
  median: 0.052587668719997184
  min: 0.020773496375559048
  num_samples: 5
  rmse: 0.07963246450720148
  std: 0.045899134093766086
