rot:
  max: 179.36867221653353
  mean: 158.18323406537962
  median: 167.09842160088482
  min: 109.40176146045818
  num_samples: 5
  rmse: 160.27677818381414
  std: 25.820729765072223
scale:
  max: .inf
  mean: .inf
  median: 5.2636345435935095
  min: 2.8619473325720235
  num_samples: 5
  rmse: .inf
  std: .nan
trans:
  max: 0.14958741563342898
  mean: 0.06354305715833278
  median: 0.05575365311780393
  min: 0.016593630462923246
  num_samples: 5
  rmse: 0.0786322762979339
  std: 0.04631754271080743
