rot:
  max: 178.53130184905734
  mean: 164.48023323833718
  median: 174.35457949502992
  min: 117.0278891712407
  num_samples: 5
  rmse: 166.19305820679526
  std: 23.798854383970788
scale:
  max: .inf
  mean: .inf
  median: 5.996009598320507
  min: 0.9039515599887693
  num_samples: 5
  rmse: .inf
  std: .nan
trans:
  max: 0.14671123161041083
  mean: 0.0629404666425419
  median: 0.055189164758231386
  min: 0.019574520613086326
  num_samples: 5
  rmse: 0.0774063357411
  std: 0.04505816764675375
