rot:
  max: 179.53268623395002
  mean: 143.3924818769432
  median: 164.00694796605183
  min: 30.388216605334584
  num_samples: 6
  rmse: 152.25288537930305
  std: 51.1814150595087
scale:
  max: .inf
  mean: .inf
  median: 22.823416251856067
  min: 0.291633688595927
  num_samples: 6
  rmse: .inf
  std: .nan
trans:
  max: 0.10054878450443126
  mean: 0.07129893541601438
  median: 0.08746882569197101
  min: 0.0230494756139435
  num_samples: 6
  rmse: 0.0773030393113599
  std: 0.029870080269672295
