rot:
  max: 179.70356777596118
  mean: 58.36669843626979
  median: 35.94132903108301
  min: 16.310389473266905
  num_samples: 510
  rmse: 76.2530068575673
  std: 49.06984377873797
scale:
  max: .inf
  mean: .inf
  median: 17.302680071475248
  min: 0.15148049998222612
  num_samples: 510
  rmse: .inf
  std: .nan
trans:
  max: 22.441368304195365
  mean: 7.754497592245553
  median: 6.915353643613235
  min: 1.2085605076204553
  num_samples: 510
  rmse: 9.369129821307848
  std: 5.258170851197018
