rot:
  max: 179.0013887016233
  mean: 70.22328877423807
  median: 45.186023586567586
  min: 22.354915954864342
  num_samples: 507
  rmse: 87.02441396854022
  std: 51.399789302076236
scale:
  max: .inf
  mean: .inf
  median: 18.690315302135417
  min: 0.0009089275673224151
  num_samples: 507
  rmse: .inf
  std: .nan
trans:
  max: 21.622531234859075
  mean: 8.39046123464023
  median: 7.7523870414912786
  min: 1.0879729407985372
  num_samples: 507
  rmse: 9.648273085383135
  std: 4.763332216015193
