rot:
  max: 159.5827709084086
  mean: 56.650653622464255
  median: 41.66511563873801
  min: 18.20047936881011
  num_samples: 495
  rmse: 70.46591756023035
  std: 41.90643126958866
scale:
  max: .inf
  mean: .inf
  median: 16.72346168665848
  min: 0.061352962213812035
  num_samples: 495
  rmse: .inf
  std: .nan
trans:
  max: 23.944137651594154
  mean: 7.575856355767772
  median: 6.562330922184008
  min: 1.3596793130757872
  num_samples: 495
  rmse: 9.350756131451735
  std: 5.481153227803007
