rot:
  max: 136.4644595130713
  mean: 90.24007108814618
  median: 89.64687861718085
  min: 46.191324767657086
  num_samples: 829
  rmse: 91.33602343850762
  std: 14.106691588247639
scale:
  max: .inf
  mean: .inf
  median: 22.663981012438438
  min: 3.675795556327166
  num_samples: 829
  rmse: .inf
  std: .nan
trans:
  max: 45.4862624453641
  mean: 13.724921488721092
  median: 9.628493374848835
  min: 4.871344646438017
  num_samples: 829
  rmse: 16.043542588398857
  std: 8.307935297907049
