rot:
  max: 85.58839317952558
  mean: 41.98253886642466
  median: 43.23012630113698
  min: 20.265812180241756
  num_samples: 856
  rmse: 43.76978915798885
  std: 12.379857562344643
scale:
  max: .inf
  mean: .inf
  median: 6.065662762536078
  min: 0.007182685096518426
  num_samples: 856
  rmse: .inf
  std: .nan
trans:
  max: 55.984166694836915
  mean: 7.029997199767749
  median: 4.7361110710781915
  min: 1.074872957373841
  num_samples: 856
  rmse: 11.86724588255597
  std: 9.560892437858469
