rot:
  max: 85.35002248680475
  mean: 37.47885662354154
  median: 38.43948864964203
  min: 13.071642704295858
  num_samples: 857
  rmse: 40.08417569432683
  std: 14.215359555272538
scale:
  max: .inf
  mean: .inf
  median: 6.48931296609171
  min: 0.004668054383405451
  num_samples: 857
  rmse: .inf
  std: .nan
trans:
  max: 55.10096262429644
  mean: 7.438573369332876
  median: 4.669953612508635
  min: 0.7820208307368038
  num_samples: 857
  rmse: 12.580667224466424
  std: 10.145975263217204
