rot:
  max: 87.47052465555669
  mean: 37.605885428842704
  median: 37.83222464873097
  min: 16.399955600655836
  num_samples: 857
  rmse: 39.88261070381481
  std: 13.282319739593694
scale:
  max: .inf
  mean: .inf
  median: 5.940090450642954
  min: 0.0034863538462603927
  num_samples: 857
  rmse: .inf
  std: .nan
trans:
  max: 55.983634961372374
  mean: 6.907437802393952
  median: 4.529612649180398
  min: 1.1212843619988
  num_samples: 857
  rmse: 11.845655744263155
  std: 9.6232459709629
