rot:
  max: 98.20026818370123
  mean: 38.96171972523965
  median: 38.462705407349105
  min: 18.883095561896027
  num_samples: 859
  rmse: 41.294389165463755
  std: 13.682506078955045
scale:
  max: .inf
  mean: .inf
  median: 5.9576050536959695
  min: 0.010632367759466632
  num_samples: 859
  rmse: .inf
  std: .nan
trans:
  max: 56.83940235932571
  mean: 5.970216405920854
  median: 4.026629444031319
  min: 1.39294717303116
  num_samples: 859
  rmse: 10.464020976614707
  std: 8.59373324379493
