rot:
  max: 27.249614239675342
  mean: 16.844713636674523
  median: 17.75746171517504
  min: 6.414871633312459
  num_samples: 355
  rmse: 17.324159800339018
  std: 4.047485056935203
scale:
  max: .inf
  mean: .inf
  median: 4.990734464220115
  min: 0.0154762584231527
  num_samples: 355
  rmse: .inf
  std: .nan
trans:
  max: 3.5927643407232672
  mean: 1.6982694521845514
  median: 1.6018427756447151
  min: 0.2534832458170919
  num_samples: 355
  rmse: 1.8843962617644145
  std: 0.8165966808213732
