rot:
  max: 50.44072535639809
  mean: 20.877505754056358
  median: 20.232236339899647
  min: 9.963324217479093
  num_samples: 355
  rmse: 21.961258240997466
  std: 6.813708022591137
scale:
  max: .inf
  mean: .inf
  median: 4.654828223559071
  min: 0.041973217525326234
  num_samples: 355
  rmse: .inf
  std: .nan
trans:
  max: 4.263327114269349
  mean: 1.876650831935512
  median: 1.7564043286181745
  min: 0.4606513297776719
  num_samples: 355
  rmse: 2.0743938487853963
  std: 0.8839069492171908
