rot:
  max: 32.731356883796046
  mean: 17.47150093111546
  median: 17.756442023479327
  min: 7.810979217218891
  num_samples: 355
  rmse: 18.083372797470233
  std: 4.664228440623163
scale:
  max: .inf
  mean: .inf
  median: 4.948002388728767
  min: 0.12296830150266835
  num_samples: 355
  rmse: .inf
  std: .nan
trans:
  max: 3.708928149798675
  mean: 1.7850123355692502
  median: 1.7255163277317611
  min: 0.5424788195868805
  num_samples: 355
  rmse: 1.9340229761780516
  std: 0.7444298719491438
