rot:
  max: 45.14970917841321
  mean: 20.71170638673373
  median: 19.90122918606556
  min: 8.418887560166509
  num_samples: 355
  rmse: 22.069055815635664
  std: 7.620265293503592
scale:
  max: .inf
  mean: .inf
  median: 4.6971011937475105
  min: 0.1074827963259084
  num_samples: 355
  rmse: .inf
  std: .nan
trans:
  max: 3.833513788999817
  mean: 1.753635024031347
  median: 1.6806863288603406
  min: 0.5077470362572618
  num_samples: 355
  rmse: 1.9151738419864437
  std: 0.7698409235158202
