rot:
  max: 28.54921944257674
  mean: 17.963649618811832
  median: 18.75066712735089
  min: 6.649109996480746
  num_samples: 355
  rmse: 18.4687167069534
  std: 4.2896141055182575
scale:
  max: .inf
  mean: .inf
  median: 6.1673307078993655
  min: 0.026178344531668785
  num_samples: 355
  rmse: .inf
  std: .nan
trans:
  max: 3.155732718004576
  mean: 1.6675317331953463
  median: 1.6360082813964807
  min: 0.3007923137813768
  num_samples: 355
  rmse: 1.8202806486929015
  std: 0.7299038010535187
