rot:
  max: 22.069055815635664
  mean: 19.581312672279157
  median: 18.4687167069534
  min: 17.324159800339018
  num_samples: 5
  rmse: 19.685367507075348
  std: 2.0213579393708865
scale:
  max: .inf
  mean: .inf
  median: .inf
  min: .inf
  num_samples: 5
  rmse: .inf
  std: .nan
trans:
  max: 2.0743938487853963
  mean: 1.9256535154814416
  median: 1.9151738419864437
  min: 1.8202806486929015
  num_samples: 5
  rmse: 1.9274758866792583
  std: 0.08379637249880446
