rot:
  max: 73.87451380441651
  mean: 49.2865605703493
  median: 47.70419850660108
  min: 24.933743211256193
  num_samples: 679
  rmse: 50.73783852039302
  std: 12.04836938621845
scale:
  max: .inf
  mean: .inf
  median: 5.020183611646434
  min: 0.027441435846509155
  num_samples: 679
  rmse: .inf
  std: .nan
trans:
  max: 60.80823767792213
  mean: 7.183592514559997
  median: 5.519047694099439
  min: 1.3174582559199683
  num_samples: 679
  rmse: 10.977308361870442
  std: 8.300439594162967
