rot:
  max: 63.788336316272776
  mean: 36.735209993050816
  median: 35.24337813219094
  min: 12.108802762385183
  num_samples: 660
  rmse: 38.83924973266916
  std: 12.609982813751206
scale:
  max: .inf
  mean: .inf
  median: 6.465589258955257
  min: 0.005464650823105988
  num_samples: 660
  rmse: .inf
  std: .nan
trans:
  max: 55.41961983481613
  mean: 8.26322260153539
  median: 5.129234375689321
  min: 0.8543143206106938
  num_samples: 660
  rmse: 13.520979664399837
  std: 10.702151340856132
