rot:
  max: 76.82965921585154
  mean: 45.1837123918904
  median: 45.66901522442584
  min: 18.986985901459025
  num_samples: 679
  rmse: 47.41115372734924
  std: 14.361393812763142
scale:
  max: .inf
  mean: .inf
  median: 5.1745524812427
  min: 0.010702980740473489
  num_samples: 679
  rmse: .inf
  std: .nan
trans:
  max: 58.09707346258747
  mean: 8.387647726544218
  median: 5.96229405459144
  min: 1.068648751881443
  num_samples: 679
  rmse: 12.881165754468958
  std: 9.776082897024834
