rot:
  max: 84.01981898539641
  mean: 64.61405531119577
  median: 63.80114549740053
  min: 52.90829552343718
  num_samples: 1007
  rmse: 65.0148907190527
  std: 7.2083195997470595
scale:
  max: .inf
  mean: .inf
  median: 4.669914280732657
  min: 0.012840484179266198
  num_samples: 1007
  rmse: .inf
  std: .nan
trans:
  max: 7.876422928965112
  mean: 3.825587695996733
  median: 3.6577718330091336
  min: 1.5936495273322286
  num_samples: 1007
  rmse: 4.026966744813012
  std: 1.257513397172495
