rot:
  max: 102.2228626757446
  mean: 70.2621664472906
  median: 70.82665534340595
  min: 59.66158409358551
  num_samples: 975
  rmse: 70.63932066323734
  std: 7.289827837260835
scale:
  max: .inf
  mean: .inf
  median: 3.286829461443519
  min: 0.010549596623232738
  num_samples: 975
  rmse: .inf
  std: .nan
trans:
  max: 83.82389445015754
  mean: 4.286419016210247
  median: 3.4722161670563065
  min: 0.8355838746813701
  num_samples: 975
  rmse: 9.914209282714449
  std: 8.93969561668251
