rot:
  max: 179.99248278161053
  mean: 130.43536178555576
  median: 128.30580919600513
  min: 93.96196300832585
  num_samples: 949
  rmse: 132.2004180144903
  std: 21.53060424319669
scale:
  max: .inf
  mean: .inf
  median: 33.09790897848164
  min: 10.570413294056191
  num_samples: 949
  rmse: .inf
  std: .nan
trans:
  max: 66.57470200464277
  mean: 18.408834075741506
  median: 17.89634927504802
  min: 8.32368924606427
  num_samples: 949
  rmse: 19.430207036214213
  std: 6.216733341713061
