rot:
  max: 101.72641703356902
  mean: 65.99827247370756
  median: 66.09236948393607
  min: 52.07252186716223
  num_samples: 978
  rmse: 66.40011726833256
  std: 7.294080047173325
scale:
  max: .inf
  mean: .inf
  median: 4.338531342832042
  min: 0.008153159240298358
  num_samples: 978
  rmse: .inf
  std: .nan
trans:
  max: 87.99930617188473
  mean: 3.2670267695275976
  median: 2.90237170158752
  min: 1.0320602285436975
  num_samples: 978
  rmse: 5.159759873165908
  std: 3.9937022968572826
