rot:
  max: 102.20593481717313
  mean: 68.70161973201796
  median: 68.07344741832878
  min: 57.876167755068956
  num_samples: 978
  rmse: 69.10181457613125
  std: 7.426185017303885
scale:
  max: .inf
  mean: .inf
  median: 4.426855988640566
  min: 0.003048652153703202
  num_samples: 978
  rmse: .inf
  std: .nan
trans:
  max: 88.05150703495696
  mean: 3.084084026010342
  median: 2.946549753177737
  min: 0.9648620844993798
  num_samples: 978
  rmse: 4.27289298381433
  std: 2.957370482647984
