rot:
  max: 132.2004180144903
  mean: 80.67131224824882
  median: 69.10181457613125
  min: 65.0148907190527
  num_samples: 5
  rmse: 84.70872034583257
  std: 25.840020951500946
scale:
  max: .inf
  mean: .inf
  median: .inf
  min: .inf
  num_samples: 5
  rmse: .inf
  std: .nan
trans:
  max: 19.430207036214213
  mean: 8.560807184144384
  median: 5.159759873165908
  min: 4.026966744813012
  num_samples: 5
  rmse: 10.362641446419946
  std: 5.8392566395871315
