rot:
  max: 94.40257484514018
  mean: 33.73283609161705
  median: 30.466143552660387
  min: 6.4470392943948855
  num_samples: 765
  rmse: 38.19031204387308
  std: 17.905186489520172
scale:
  max: .inf
  mean: .inf
  median: 6.246782385926686
  min: 0.016899914439383323
  num_samples: 765
  rmse: .inf
  std: .nan
trans:
  max: 54.37730607137842
  mean: 7.721643010179742
  median: 4.369827492388462
  min: 1.7055569973017817
  num_samples: 765
  rmse: 13.101605037678793
  std: 10.584341443220387
