rot:
  max: 99.24280109602452
  mean: 31.925375911841122
  median: 28.76337501253627
  min: 4.777209824659761
  num_samples: 765
  rmse: 36.55864539018999
  std: 17.813054921974903
scale:
  max: .inf
  mean: .inf
  median: 6.93485559568191
  min: 0.008220503135847324
  num_samples: 765
  rmse: .inf
  std: .nan
trans:
  max: 54.40282389985075
  mean: 7.887737039773287
  median: 4.525656626785376
  min: 1.8535454628098487
  num_samples: 765
  rmse: 13.277810708114938
  std: 10.681004708917614
