rot:
  max: 94.09172444544456
  mean: 35.543906205958145
  median: 33.91357399090703
  min: 4.9769542018543556
  num_samples: 765
  rmse: 39.316558675477715
  std: 16.805431196620095
scale:
  max: .inf
  mean: .inf
  median: 6.638153312283002
  min: 0.030143676554694743
  num_samples: 765
  rmse: .inf
  std: .nan
trans:
  max: 54.29929255045124
  mean: 7.863522339318637
  median: 4.362711355426373
  min: 2.038733953130027
  num_samples: 765
  rmse: 13.180112217277744
  std: 10.577351959685881
