rot:
  max: 95.32885461928666
  mean: 34.205470522255276
  median: 32.26229006872515
  min: 7.299600027858728
  num_samples: 765
  rmse: 37.89811663914912
  std: 16.31726175391193
scale:
  max: .inf
  mean: .inf
  median: 7.04659737450859
  min: 0.023587330000529594
  num_samples: 765
  rmse: .inf
  std: .nan
trans:
  max: 54.57669408198539
  mean: 7.736034941154862
  median: 4.430271408345878
  min: 2.034708411385989
  num_samples: 765
  rmse: 13.175535045826296
  std: 10.665293579317353
