rot:
  max: 153.7467664372641
  mean: 49.19303150326757
  median: 35.43687622900624
  min: 13.435273054998117
  num_samples: 481
  rmse: 62.45926738262854
  std: 38.486435707833614
scale:
  max: .inf
  mean: .inf
  median: 14.603762208689641
  min: 0.04702135715215494
  num_samples: 481
  rmse: .inf
  std: .nan
trans:
  max: 24.164530598981333
  mean: 6.812444104534267
  median: 5.800083105325732
  min: 1.40191305605331
  num_samples: 481
  rmse: 8.695184407707629
  std: 5.403409775932063
