rot:
  max: 38.558750880168105
  mean: 17.37465417536905
  median: 15.736524764017584
  min: 3.3779145551470817
  num_samples: 527
  rmse: 19.02952691221633
  std: 7.761719319139048
scale:
  max: .inf
  mean: .inf
  median: 7.357606709436348
  min: 0.00748197351396751
  num_samples: 527
  rmse: .inf
  std: .nan
trans:
  max: 5.668009535896186
  mean: 2.4031372867845313
  median: 2.3973790200011815
  min: 0.40913685663907307
  num_samples: 527
  rmse: 2.623841161441534
  std: 1.053315537405928
