rot:
  max: 116.52575994267313
  mean: 33.48953724380488
  median: 27.36981408731859
  min: 7.569686127474952
  num_samples: 699
  rmse: 39.27114577579297
  std: 20.5103336330589
scale:
  max: .inf
  mean: .inf
  median: 6.525625660739265
  min: 0.0021199643071678764
  num_samples: 699
  rmse: .inf
  std: .nan
trans:
  max: 50.25847691448541
  mean: 6.850883057600127
  median: 4.445930295207319
  min: 1.0179304039204804
  num_samples: 699
  rmse: 11.399712571836869
  std: 9.11146794164272
