rot:
  max: 109.20001147474827
  mean: 34.341956594212405
  median: 28.60927274054468
  min: 7.995566635667704
  num_samples: 699
  rmse: 40.510049964888545
  std: 21.487069726675074
scale:
  max: .inf
  mean: .inf
  median: 5.2402021130405485
  min: 0.0038568346170331225
  num_samples: 699
  rmse: .inf
  std: .nan
trans:
  max: 54.55397347931811
  mean: 5.585387943307371
  median: 4.7706470579283
  min: 1.0622862422168151
  num_samples: 699
  rmse: 8.765024365222366
  std: 6.754931061505985
