rot:
  max: 149.8847413688737
  mean: 37.577607690929376
  median: 26.93480987343196
  min: 7.574018964071373
  num_samples: 710
  rmse: 48.47842479289104
  std: 30.62810915852623
scale:
  max: .inf
  mean: .inf
  median: 5.554516668283998
  min: 0.01257416264638378
  num_samples: 710
  rmse: .inf
  std: .nan
trans:
  max: 8.634611556187817
  mean: 4.744467444743303
  median: 4.735191499524982
  min: 1.1582684352046386
  num_samples: 710
  rmse: 5.169471464363566
  std: 2.052672376839557
