rot:
  max: 179.96107082251132
  mean: 159.67230065621968
  median: 163.56961557212182
  min: 79.28696269814253
  num_samples: 403
  rmse: 160.61721955866858
  std: 17.396770444750082
scale:
  max: .inf
  mean: .inf
  median: 27.442661949101655
  min: 0.12188310868952446
  num_samples: 403
  rmse: .inf
  std: .nan
trans:
  max: 105.31484839830848
  mean: 32.745268663542255
  median: 27.85963525418485
  min: 2.670574852189573
  num_samples: 403
  rmse: 40.233856908838774
  std: 23.377566637983325
