rot:
  max: 179.80137919083313
  mean: 161.42874683404645
  median: 165.2575616740218
  min: 77.89784237180862
  num_samples: 403
  rmse: 162.26765201633302
  std: 16.478792021355055
scale:
  max: .inf
  mean: .inf
  median: 27.641493362294277
  min: 0.27465045261005905
  num_samples: 403
  rmse: .inf
  std: .nan
trans:
  max: 105.18202293983725
  mean: 35.467650922981264
  median: 28.34055047392094
  min: 0.8908237911354108
  num_samples: 403
  rmse: 42.19132009429094
  std: 22.850672403771053
