rot:
  max: 179.66691836762806
  mean: 153.59273794727577
  median: 155.7884748419413
  min: 105.94846222328941
  num_samples: 403
  rmse: 154.31290994679657
  std: 14.891105603937477
scale:
  max: .inf
  mean: .inf
  median: 27.83216913502793
  min: 0.38281837338938196
  num_samples: 403
  rmse: .inf
  std: .nan
trans:
  max: 105.10589773912871
  mean: 35.51859129571111
  median: 28.34115611037311
  min: 1.8038833119200068
  num_samples: 403
  rmse: 42.518447133488536
  std: 23.371949405462402
