rot:
  max: 179.9876805588845
  mean: 162.59484578626828
  median: 165.45665549425348
  min: 114.85824808227355
  num_samples: 433
  rmse: 163.04930789663297
  std: 12.165234453583222
scale:
  max: .inf
  mean: .inf
  median: 22.112833092966934
  min: 0.2997423255847176
  num_samples: 433
  rmse: .inf
  std: .nan
trans:
  max: 91.42174959915936
  mean: 29.092072937256976
  median: 24.030098764225148
  min: 8.946798165409072
  num_samples: 433
  rmse: 34.503442427242156
  std: 18.550979261034566
