rot:
  max: 179.96168854780856
  mean: 166.71262042374772
  median: 167.633408961146
  min: 140.73597450436833
  num_samples: 403
  rmse: 166.9454983016778
  std: 8.81485080094468
scale:
  max: .inf
  mean: .inf
  median: 26.08171901216506
  min: 0.12881735702658936
  num_samples: 403
  rmse: .inf
  std: .nan
trans:
  max: 96.94675500785551
  mean: 36.016109547973244
  median: 27.053245465441385
  min: 0.9507626811593648
  num_samples: 403
  rmse: 43.33393681320781
  std: 24.09709386543277
