rot:
  max: 166.9454983016778
  mean: 161.43851754402178
  median: 162.26765201633302
  min: 154.31290994679657
  num_samples: 5
  rmse: 161.49119635117324
  std: 4.124506288243784
scale:
  max: .inf
  mean: .inf
  median: .inf
  min: .inf
  num_samples: 5
  rmse: .inf
  std: .nan
trans:
  max: 43.33393681320781
  mean: 40.55620067541364
  median: 42.19132009429094
  min: 34.503442427242156
  num_samples: 5
  rmse: 40.68170767990005
  std: 3.1931060941372555
