rot:
  max: 66.59740954180559
  mean: 34.85686572635259
  median: 35.61532895389127
  min: 9.164257367138026
  num_samples: 680
  rmse: 37.8960628765284
  std: 14.869784573988293
scale:
  max: .inf
  mean: .inf
  median: 7.569953166661902
  min: 0.014787639199753677
  num_samples: 680
  rmse: .inf
  std: .nan
trans:
  max: 68.04596582064686
  mean: 7.462205601622093
  median: 6.6987252518176374
  min: 1.967318912966779
  num_samples: 680
  rmse: 8.62131321001228
  std: 4.317699506016152
