rot:
  max: 94.66404146754444
  mean: 33.797463522703886
  median: 32.64676883522492
  min: 8.741982198314718
  num_samples: 679
  rmse: 37.8601469361968
  std: 17.06230305269227
scale:
  max: .inf
  mean: .inf
  median: 7.640020326870223
  min: 0.0035791370965654323
  num_samples: 679
  rmse: .inf
  std: .nan
trans:
  max: 64.36791736657939
  mean: 8.101422951841544
  median: 5.72009740690581
  min: 2.777216619229625
  num_samples: 679
  rmse: 12.02897982042256
  std: 8.891754701717101
