rot:
  max: 148.37171202868302
  mean: 112.51124932460905
  median: 127.22994128797295
  min: 54.21611638637646
  num_samples: 90
  rmse: 116.26485235182227
  std: 29.304174921104515
scale:
  max: 26.778110834227185
  mean: 4.135501200949748
  median: 3.2374467318215028
  min: 0.006775690779525778
  num_samples: 90
  rmse: 6.3428098110156865
  std: 4.809247978183288
trans:
  max: 11.85099156454951
  mean: 2.726036130948967
  median: 2.1092537807856875
  min: 0.16108025327013095
  num_samples: 90
  rmse: 3.5752847547001774
  std: 2.31330674359288
