rot:
  max: 179.08321788866152
  mean: 162.79093095909724
  median: 168.8719596213556
  min: 123.28913376745993
  num_samples: 58
  rmse: 163.69461433629226
  std: 17.176715640014024
scale:
  max: 30.42624784904957
  mean: 5.748617899429572
  median: 3.249705034391548
  min: 0.21431536134772777
  num_samples: 58
  rmse: 8.93647779504733
  std: 6.842077727396257
trans:
  max: 13.500598076108721
  mean: 3.6877500553259326
  median: 2.245992858076878
  min: 0.5060751088676165
  num_samples: 58
  rmse: 4.848762742456785
  std: 3.1481740202982142
