rot:
  max: 161.933005830854
  mean: 140.69557208689662
  median: 150.00359427145196
  min: 93.71853318604805
  num_samples: 58
  rmse: 142.36555573193678
  std: 21.74183649106207
scale:
  max: 32.50049971763536
  mean: 5.67558225941515
  median: 3.4288790863130467
  min: 0.024130273411770986
  num_samples: 58
  rmse: 9.08870257586959
  std: 7.0987520402695115
trans:
  max: 14.304185674764529
  mean: 3.7500993539256866
  median: 2.4755377500897637
  min: 0.9086469909793755
  num_samples: 58
  rmse: 4.963761574828677
  std: 3.2520276455515877
