rot:
  max: 163.69461433629226
  mean: 140.77500747335043
  median: 142.36555573193678
  min: 116.26485235182227
  num_samples: 3
  rmse: 142.10488393432237
  std: 19.395754918676367
scale:
  max: 9.08870257586959
  mean: 8.122663393977534
  median: 8.93647779504733
  min: 6.3428098110156865
  num_samples: 3
  rmse: 8.219821291502416
  std: 1.2600799388823696
trans:
  max: 4.963761574828677
  mean: 4.4626030239952135
  median: 4.848762742456785
  min: 3.5752847547001774
  num_samples: 3
  rmse: 4.5067390347335845
  std: 0.6291827853813112
