rot:
  max: 50.816920426428695
  mean: 28.411616503238523
  median: 30.350868504605643
  min: 4.566696749723437
  num_samples: 708
  rmse: 30.294650917894923
  std: 10.514082076435209
scale:
  max: .inf
  mean: .inf
  median: 6.904576776581139
  min: 0.001490487162025822
  num_samples: 708
  rmse: .inf
  std: .nan
trans:
  max: 12.044496334195353
  mean: 4.297255263467789
  median: 3.9564462026273266
  min: 1.8711230702396635
  num_samples: 708
  rmse: 4.640291452090769
  std: 1.750971719059174
