rot:
  max: 128.0135817345897
  mean: 104.53019602732732
  median: 109.66187669140822
  min: 70.42815184157394
  num_samples: 685
  rmse: 105.51230308572326
  std: 14.362597987204554
scale:
  max: .inf
  mean: .inf
  median: 39.48029782532282
  min: 0.10552250101641958
  num_samples: 685
  rmse: .inf
  std: .nan
trans:
  max: 30.016602708872306
  mean: 17.088552931305937
  median: 18.185861019370837
  min: 0.659997362113486
  num_samples: 685
  rmse: 19.14688848580627
  std: 8.636243245871194
