rot:
  max: 99.21277631637486
  mean: 28.17749953330264
  median: 28.731033114109877
  min: 2.945957702818427
  num_samples: 704
  rmse: 30.798449829158884
  std: 12.43274032262986
scale:
  max: .inf
  mean: .inf
  median: 5.88889189299146
  min: 0.00136628718849785
  num_samples: 704
  rmse: .inf
  std: .nan
trans:
  max: 63.82296599940006
  mean: 4.4766610918685705
  median: 4.005908529211327
  min: 1.1576908614362225
  num_samples: 704
  rmse: 6.141881175780987
  std: 4.205021979248495
