rot:
  max: 66.85040751016211
  mean: 29.804993499662377
  median: 26.341462688124516
  min: 2.659678980640718
  num_samples: 706
  rmse: 33.76165517577946
  std: 15.859121119826266
scale:
  max: .inf
  mean: .inf
  median: 6.09591997899675
  min: 0.008141479165302279
  num_samples: 706
  rmse: .inf
  std: .nan
trans:
  max: 14.848520015241423
  mean: 4.089097267893761
  median: 3.4727456092372746
  min: 0.5492949527804751
  num_samples: 706
  rmse: 4.778635561885864
  std: 2.4727800886904623
