rot:
  max: 88.26962224206042
  mean: 35.58405274945321
  median: 28.729317775979954
  min: 3.027960978459031
  num_samples: 706
  rmse: 42.74872447164233
  std: 23.69026453791777
scale:
  max: .inf
  mean: .inf
  median: 6.179328647250209
  min: 0.11192421272276931
  num_samples: 706
  rmse: .inf
  std: .nan
trans:
  max: 17.95483761866896
  mean: 4.451851247462926
  median: 3.796989790866253
  min: 1.5270052437583765
  num_samples: 706
  rmse: 5.269258383245935
  std: 2.81888353428629
