rot:
  max: 83.29825842362771
  mean: 30.840811720223726
  median: 28.26247628246408
  min: 7.338861329462058
  num_samples: 911
  rmse: 33.96065478421247
  std: 14.218663995262142
scale:
  max: .inf
  mean: .inf
  median: 10.591817532482239
  min: 0.01571310785133395
  num_samples: 911
  rmse: .inf
  std: .nan
trans:
  max: 66.02027573212833
  mean: 9.138513218193927
  median: 6.271305872933706
  min: 2.4906201438404203
  num_samples: 911
  rmse: 14.749771747937636
  std: 11.577708874261528
