rot:
  max: 108.91455363928496
  mean: 56.53542591797085
  median: 57.01884066968769
  min: 23.224229516288396
  num_samples: 637
  rmse: 59.13134696302714
  std: 17.328064229322514
scale:
  max: .inf
  mean: .inf
  median: 16.32507429460668
  min: 0.008867642164533951
  num_samples: 637
  rmse: .inf
  std: .nan
trans:
  max: 12.827822542967656
  mean: 6.568558224615007
  median: 6.219509783994964
  min: 0.31459787232958014
  num_samples: 637
  rmse: 7.256872760113235
  std: 3.08484118007978
