rot:
  max: 106.82692214828377
  mean: 53.4479717763043
  median: 50.78972042746244
  min: 27.0425994482353
  num_samples: 633
  rmse: 55.5566167081482
  std: 15.160869798777023
scale:
  max: .inf
  mean: .inf
  median: 15.113777149798269
  min: 0.05376743737324219
  num_samples: 633
  rmse: .inf
  std: .nan
trans:
  max: 13.165164692219454
  mean: 6.272738124480088
  median: 5.910676030627462
  min: 0.29013569277254797
  num_samples: 633
  rmse: 6.999476399273325
  std: 3.1057086607855386
