rot:
  max: 110.25338943918659
  mean: 47.67001228436582
  median: 45.79077982430177
  min: 15.497195509812753
  num_samples: 637
  rmse: 51.3571872532907
  std: 19.108391124790597
scale:
  max: .inf
  mean: .inf
  median: 16.30251275574888
  min: 0.1629085807809072
  num_samples: 637
  rmse: .inf
  std: .nan
trans:
  max: 13.574023761402646
  mean: 6.617775694941338
  median: 6.588816091105578
  min: 0.36398304975074675
  num_samples: 637
  rmse: 7.406417936641766
  std: 3.3256685799478833
