rot:
  max: 107.46651918953863
  mean: 49.92458542700632
  median: 48.7933471233102
  min: 21.247973437778935
  num_samples: 634
  rmse: 52.54308504763163
  std: 16.38021844372651
scale:
  max: .inf
  mean: .inf
  median: 15.491503281625441
  min: 0.12443428224421238
  num_samples: 634
  rmse: .inf
  std: .nan
trans:
  max: 12.728897659875338
  mean: 6.302621390135553
  median: 6.017015951344361
  min: 0.20836572500098344
  num_samples: 634
  rmse: 7.043393429247634
  std: 3.1442574022771295
