rot:
  max: 146.07993216002762
  mean: 123.03243406334438
  median: 118.85898072240248
  min: 92.28333078714998
  num_samples: 508
  rmse: 124.08510735789972
  std: 16.128671255572254
scale:
  max: .inf
  mean: .inf
  median: 3.880062414254798
  min: 0.0003703167187563139
  num_samples: 508
  rmse: .inf
  std: .nan
trans:
  max: 27.442897123029333
  mean: 8.050980752760173
  median: 3.1800128284755873
  min: 0.6690498042910874
  num_samples: 508
  rmse: 11.611358090550908
  std: 8.366919721479777
