rot:
  max: 143.34602761073705
  mean: 97.15160202364584
  median: 99.85287686956141
  min: 35.291428774227235
  num_samples: 508
  rmse: 103.81886223360651
  std: 36.60495020785719
scale:
  max: .inf
  mean: .inf
  median: 5.200917162361135
  min: 0.0023494058514872407
  num_samples: 508
  rmse: .inf
  std: .nan
trans:
  max: 25.34156975287418
  mean: 7.487201506996508
  median: 3.192215633904314
  min: 0.42569497197922673
  num_samples: 508
  rmse: 10.81364735189987
  std: 7.802357505579984
