rot:
  max: 156.86202364160374
  mean: 103.54773195109547
  median: 111.1358837856082
  min: 24.671304753014727
  num_samples: 508
  rmse: 112.6102214480666
  std: 44.25979193767952
scale:
  max: .inf
  mean: .inf
  median: 4.684474298439101
  min: 0.013912819059813675
  num_samples: 508
  rmse: .inf
  std: .nan
trans:
  max: 25.785290214657135
  mean: 7.590219167620573
  median: 2.618688241818349
  min: 0.6443312087916925
  num_samples: 508
  rmse: 10.986451887832619
  std: 7.942965319774863
