rot:
  max: 81.06330210045509
  mean: 35.00831573716511
  median: 34.68732209151305
  min: 22.851274279083132
  num_samples: 833
  rmse: 35.864516220429046
  std: 7.78982368044202
scale:
  max: .inf
  mean: .inf
  median: 3.8005911516536317
  min: 0.004201108697410305
  num_samples: 833
  rmse: .inf
  std: .nan
trans:
  max: 4.555831707788263
  mean: 2.0941307600953913
  median: 1.9729745295557426
  min: 0.3587554556233132
  num_samples: 833
  rmse: 2.292727194640804
  std: 0.9333886375287574
