rot:
  max: 75.00859141133635
  mean: 35.48176326892319
  median: 34.714466675930076
  min: 19.678029703786653
  num_samples: 833
  rmse: 36.40054670308134
  std: 8.12676292328617
scale:
  max: .inf
  mean: .inf
  median: 4.320823161430543
  min: 0.005302897641645821
  num_samples: 833
  rmse: .inf
  std: .nan
trans:
  max: 4.714613097191953
  mean: 2.1101408200076373
  median: 2.0192839081508325
  min: 0.35583460394952066
  num_samples: 833
  rmse: 2.328843432061761
  std: 0.9853006905481682
