rot:
  max: 69.2309191394253
  mean: 34.7642228459631
  median: 34.524405755549516
  min: 23.205574126175073
  num_samples: 833
  rmse: 35.55298511001075
  std: 7.447386128626858
scale:
  max: .inf
  mean: .inf
  median: 3.8863829926547244
  min: 0.021067314658163028
  num_samples: 833
  rmse: .inf
  std: .nan
trans:
  max: 4.406867497368916
  mean: 2.1211752114799793
  median: 2.0378324286327305
  min: 0.27375771553741207
  num_samples: 833
  rmse: 2.3126094204487853
  std: 0.9212915139907306
