rot:
  max: 76.12152017356252
  mean: 33.858209315770324
  median: 33.55943272910817
  min: 22.565198237642864
  num_samples: 833
  rmse: 34.737167082509174
  std: 7.7648205933970145
scale:
  max: .inf
  mean: .inf
  median: 3.842020037259797
  min: 0.007621993969841867
  num_samples: 833
  rmse: .inf
  std: .nan
trans:
  max: 4.32639520123035
  mean: 2.000857446660931
  median: 1.8441587782239313
  min: 0.17485588993928558
  num_samples: 833
  rmse: 2.1999570922825695
  std: 0.9145385098648817
