rot:
  max: 72.78676845598903
  mean: 34.486281977769835
  median: 35.11325687348479
  min: 20.079854087134738
  num_samples: 833
  rmse: 35.22395708707682
  std: 7.171018632103584
scale:
  max: .inf
  mean: .inf
  median: 3.8806036336901384
  min: 0.004523545734991252
  num_samples: 833
  rmse: .inf
  std: .nan
trans:
  max: 4.475174778102176
  mean: 2.0661086650633047
  median: 1.9425413407388488
  min: 0.2878581985282643
  num_samples: 833
  rmse: 2.2664604856492314
  std: 0.9316856321526471
