rot:
  max: 96.60838183144233
  mean: 85.7267452350323
  median: 85.01020309680288
  min: 76.72195016997273
  num_samples: 162
  rmse: 85.79526593416277
  std: 3.42823688236122
scale:
  max: 14.772650661790454
  mean: 4.9685375422637135
  median: 4.600652450276883
  min: 0.10301987239920152
  num_samples: 162
  rmse: 6.245250734927108
  std: 3.783753616876188
trans:
  max: 10.608177735274595
  mean: 4.20373839790177
  median: 3.976138961798222
  min: 0.6896567368184225
  num_samples: 162
  rmse: 4.982889415171227
  std: 2.675400980382514
