rot:
  max: 95.26234091145764
  mean: 84.7285010816735
  median: 83.91543304900512
  min: 75.17666414580592
  num_samples: 162
  rmse: 84.79357690246385
  std: 3.321413609730561
scale:
  max: 15.027660266498843
  mean: 5.086194844757668
  median: 4.795358636288349
  min: 0.038349318312591585
  num_samples: 162
  rmse: 6.398180444034599
  std: 3.8816665229753196
trans:
  max: 10.538466785528707
  mean: 4.246163515453655
  median: 4.127075371748277
  min: 0.49398203866672247
  num_samples: 162
  rmse: 5.010111912897639
  std: 2.659194761537615
