rot:
  max: 102.9896855629519
  mean: 94.55691986653072
  median: 93.98805101127343
  min: 85.80590148173277
  num_samples: 162
  rmse: 94.59928089951617
  std: 2.8306981577080266
scale:
  max: 15.92206383880097
  mean: 5.3430967516982095
  median: 4.513309731999826
  min: 0.04278263138430827
  num_samples: 162
  rmse: 6.840659964258947
  std: 4.2715273437737995
trans:
  max: 11.485372065410976
  mean: 4.3973197198973635
  median: 3.5786299403604076
  min: 0.2556964699144131
  num_samples: 162
  rmse: 5.377865044005897
  std: 3.0959670076637313
