rot:
  max: 94.59928089951617
  mean: 88.39604124538091
  median: 85.79526593416277
  min: 84.79357690246385
  num_samples: 3
  rmse: 88.50574800040452
  std: 4.405374133489943
scale:
  max: 6.840659964258947
  mean: 6.4946970477402175
  median: 6.398180444034599
  min: 6.245250734927108
  num_samples: 3
  rmse: 6.499602513055435
  std: 0.25247393091371395
trans:
  max: 5.377865044005897
  mean: 5.12362212402492
  median: 5.010111912897639
  min: 4.982889415171227
  num_samples: 3
  rmse: 5.126787191966161
  std: 0.1801200763675087
