rot:
  max: 137.25093429048258
  mean: 37.57986228749143
  median: 28.058415611960015
  min: 8.763940734621597
  num_samples: 337
  rmse: 48.77974795144656
  std: 31.10012476920043
scale:
  max: .inf
  mean: .inf
  median: 9.576388215060938
  min: 0.0365827457021517
  num_samples: 337
  rmse: .inf
  std: .nan
trans:
  max: 28.647775566580094
  mean: 5.375712401383529
  median: 3.8313358107285276
  min: 0.9260321376219972
  num_samples: 337
  rmse: 8.329927734022068
  std: 6.363129122659807
