rot:
  max: 130.0566895722633
  mean: 42.53351232610955
  median: 36.069087085667924
  min: 13.19293201127949
  num_samples: 343
  rmse: 49.65211789798146
  std: 25.617047858013176
scale:
  max: .inf
  mean: .inf
  median: 10.318825020449617
  min: 0.08605403801562606
  num_samples: 343
  rmse: .inf
  std: .nan
trans:
  max: 28.4726045672078
  mean: 6.233149401653501
  median: 4.386400441333994
  min: 0.5336114213906945
  num_samples: 343
  rmse: 8.938259560545164
  std: 6.406272903049296
