rot:
  max: 120.36524696483113
  mean: 35.101082808659825
  median: 31.761698860601843
  min: 2.872955534000842
  num_samples: 345
  rmse: 42.83298882689296
  std: 24.547482915858055
scale:
  max: .inf
  mean: .inf
  median: 9.23117883256488
  min: 0.016329704452022753
  num_samples: 345
  rmse: .inf
  std: .nan
trans:
  max: 30.291027219259135
  mean: 4.50360305095501
  median: 3.1126722752123777
  min: 0.47952489111353974
  num_samples: 345
  rmse: 7.32318152088092
  std: 5.77464692835852
