rot:
  max: 179.62736705051896
  mean: 152.45199928924623
  median: 150.47370777911112
  min: 132.90056342106425
  num_samples: 273
  rmse: 152.94018507685212
  std: 12.210164784041348
scale:
  max: 43.47736142332541
  mean: 11.041611939064868
  median: 7.386260142999501
  min: 0.02117151371445747
  num_samples: 273
  rmse: 14.199052039456122
  std: 8.927255155213341
trans:
  max: 28.430091908620906
  mean: 12.030743243224583
  median: 10.038731926036693
  min: 1.8844252131220813
  num_samples: 273
  rmse: 12.932053187645453
  std: 4.743333918637496
