rot:
  max: 156.18787748472138
  mean: 128.31047336874133
  median: 128.78692190825268
  min: 95.11806942349031
  num_samples: 273
  rmse: 128.94996955124293
  std: 12.826420824065183
scale:
  max: 43.93862574154508
  mean: 12.364048564057532
  median: 9.05345276900108
  min: 0.5396391547984103
  num_samples: 273
  rmse: 15.401228510511976
  std: 9.183035594978048
trans:
  max: 29.26579581335444
  mean: 12.72783525966113
  median: 11.716346853515958
  min: 3.8282194736163344
  num_samples: 273
  rmse: 13.925423065457307
  std: 5.649744875204305
