rot:
  max: 146.08829920032838
  mean: 112.30975340814946
  median: 117.12475484957749
  min: 75.39795170489377
  num_samples: 273
  rmse: 114.04095357933794
  std: 19.795413172888562
scale:
  max: 33.091434262986354
  mean: 10.795317565480177
  median: 6.665705473131056
  min: 0.0474403389022493
  num_samples: 273
  rmse: 14.032126923687457
  std: 8.964469011765809
trans:
  max: 25.17052153111033
  mean: 11.199115165026832
  median: 7.800182876485612
  min: 0.7046275489475153
  num_samples: 273
  rmse: 13.426381431388057
  std: 7.4059123584868365
