rot:
  max: 152.94018507685212
  mean: 131.97703606914433
  median: 128.94996955124293
  min: 114.04095357933794
  num_samples: 3
  rmse: 132.94627229560692
  std: 16.024146395406934
scale:
  max: 15.401228510511976
  mean: 14.544135824551851
  median: 14.199052039456122
  min: 14.032126923687457
  num_samples: 3
  rmse: 14.55691707808427
  std: 0.6098753439916228
trans:
  max: 13.925423065457307
  mean: 13.427952561496939
  median: 13.426381431388057
  min: 12.932053187645453
  num_samples: 3
  rmse: 13.434075151657982
  std: 0.40554307611181417
