rot:
  max: 128.65529576992358
  mean: 67.15894191536076
  median: 67.71305279349188
  min: 47.853443900233415
  num_samples: 665
  rmse: 67.65170432836044
  std: 8.15043675768976
scale:
  max: .inf
  mean: .inf
  median: 6.628871760895583
  min: 0.018120099969842762
  num_samples: 665
  rmse: .inf
  std: .nan
trans:
  max: 57.02934326084805
  mean: 6.407799647772961
  median: 6.131240475147077
  min: 1.3379885917563012
  num_samples: 665
  rmse: 8.487022792219477
  std: 5.565039042958604
