rot:
  max: 77.39916589082394
  mean: 56.00310730632183
  median: 54.47465140323878
  min: 36.25112819343545
  num_samples: 666
  rmse: 56.602763140439556
  std: 8.217345506263388
scale:
  max: .inf
  mean: .inf
  median: 6.438313675955143
  min: 0.11968353128363196
  num_samples: 666
  rmse: .inf
  std: .nan
trans:
  max: 9.288661190257839
  mean: 5.659329960384806
  median: 5.861558647817192
  min: 1.7357093283871339
  num_samples: 666
  rmse: 5.9785683293432035
  std: 1.9275019242834732
