rot:
  max: 86.91563243505895
  mean: 55.14344145720796
  median: 55.40275237397475
  min: 39.5609636344182
  num_samples: 684
  rmse: 55.7045362666488
  std: 7.88645832664259
scale:
  max: .inf
  mean: .inf
  median: 6.217503930254048
  min: 0.02211555600177828
  num_samples: 684
  rmse: .inf
  std: .nan
trans:
  max: 11.890447777796116
  mean: 5.690510447683068
  median: 6.065954621181813
  min: 1.3471749712848786
  num_samples: 684
  rmse: 6.070416621861396
  std: 2.1137759596941605
