rot:
  max: 31.955646060498598
  mean: 5.556199679998314
  median: 4.7708880467418435
  min: 0.5997371760090298
  num_samples: 218
  rmse: 6.805063728598597
  std: 3.9290631792164987
scale:
  max: .inf
  mean: .inf
  median: 2.016288158025603
  min: 0.022634686129729964
  num_samples: 218
  rmse: .inf
  std: .nan
trans:
  max: 3.2799147432238023
  mean: 1.3838444461471873
  median: 1.3737644910436697
  min: 0.053638987045739224
  num_samples: 218
  rmse: 1.5348240266253572
  std: 0.6638217694336782
