rot:
  max: 25.460864591752223
  mean: 7.908486032336627
  median: 6.080856497459916
  min: 0.9704395011877626
  num_samples: 218
  rmse: 9.513515650785266
  std: 5.28798909927703
scale:
  max: .inf
  mean: .inf
  median: 2.088418765225847
  min: 0.01705503659490404
  num_samples: 218
  rmse: .inf
  std: .nan
trans:
  max: 4.97605327216818
  mean: 1.8989707062300683
  median: 1.7580396678474879
  min: 0.2912632769941619
  num_samples: 218
  rmse: 2.128265053751458
  std: 0.9609486957688067
