rot:
  max: 27.963329943504675
  mean: 7.82500280474969
  median: 5.774508200123549
  min: 0.7002923125820103
  num_samples: 218
  rmse: 9.548599448883671
  std: 5.472210023462278
scale:
  max: .inf
  mean: .inf
  median: 2.0470664547366733
  min: 0.018086214126888933
  num_samples: 218
  rmse: .inf
  std: .nan
trans:
  max: 5.405133885148547
  mean: 2.012917108826242
  median: 1.9123556454629538
  min: 0.18895895795578393
  num_samples: 218
  rmse: 2.271495710310299
  std: 1.0525480867650132
