rot:
  max: 27.344451751583545
  mean: 5.69544382587332
  median: 4.691505365104025
  min: 1.242746443553782
  num_samples: 218
  rmse: 6.98756389713837
  std: 4.048205632488675
scale:
  max: .inf
  mean: .inf
  median: 1.8371546290596452
  min: 0.01899272099177285
  num_samples: 218
  rmse: .inf
  std: .nan
trans:
  max: 3.3177132826746054
  mean: 1.4555795609577464
  median: 1.4002756500944726
  min: 0.22278671447575604
  num_samples: 218
  rmse: 1.6148788321703802
  std: 0.6993724217568382
