rot:
  max: 35.07738301295726
  mean: 6.321628936697112
  median: 5.0531929891999425
  min: 0.6436551190408166
  num_samples: 218
  rmse: 7.878653226086165
  std: 4.702146769682085
scale:
  max: .inf
  mean: .inf
  median: 1.89810620523721
  min: 0.0047914757978384515
  num_samples: 218
  rmse: .inf
  std: .nan
trans:
  max: 3.5922742747245615
  mean: 1.5626992908814734
  median: 1.4968549082153222
  min: 0.28744527170279227
  num_samples: 218
  rmse: 1.7301323886595674
  std: 0.7425153254764519
