rot:
  max: 71.62906930582554
  mean: 46.35554624613318
  median: 45.36685108513464
  min: 21.604796039552177
  num_samples: 690
  rmse: 47.64935393506549
  std: 11.028339070401719
scale:
  max: .inf
  mean: .inf
  median: 7.581824144419702
  min: 0.012006303484657366
  num_samples: 690
  rmse: .inf
  std: .nan
trans:
  max: 15.732599741207773
  mean: 5.99620398603553
  median: 5.530839239909351
  min: 1.312295148663556
  num_samples: 690
  rmse: 6.707411872377302
  std: 3.005812998767492
