rot:
  max: 179.61129017836285
  mean: 149.73462304338534
  median: 144.51243502642137
  min: 119.89624159289872
  num_samples: 86
  rmse: 150.75845758866586
  std: 17.54010252446842
scale:
  max: 65.93405258927005
  mean: 18.55858260473792
  median: 15.655849260077126
  min: 0.13081158438432716
  num_samples: 86
  rmse: 23.346574333713875
  std: 14.16479949814844
trans:
  max: 30.690025191390017
  mean: 11.683472219186752
  median: 11.69991417030711
  min: 1.2854037580106186
  num_samples: 86
  rmse: 12.742661185368656
  std: 5.08644187901447
