rot:
  max: 179.57935320499476
  mean: 150.07656941972004
  median: 144.6094268933292
  min: 115.61807582536375
  num_samples: 96
  rmse: 151.26798850545396
  std: 18.948025166072018
scale:
  max: 50.39366790131303
  mean: 16.068691862246222
  median: 12.303775958405637
  min: 0.11799621758281642
  num_samples: 96
  rmse: 21.00187810433829
  std: 13.523166261851033
trans:
  max: 23.46530327610879
  mean: 10.853986985483886
  median: 11.197595195847644
  min: 1.5177518942254458
  num_samples: 96
  rmse: 11.79187915417562
  std: 4.60862023881638
