rot:
  max: 177.16873156191417
  mean: 141.3151284767529
  median: 133.97314151196133
  min: 103.30857706056696
  num_samples: 96
  rmse: 142.7746743384518
  std: 20.36276248571864
scale:
  max: 58.22118255031717
  mean: 16.305814097303664
  median: 11.894888828568916
  min: 0.050697107016106635
  num_samples: 96
  rmse: 21.18259685564297
  std: 13.521199509395187
trans:
  max: 26.23717237356299
  mean: 10.567287817781216
  median: 9.835388069753773
  min: 1.2126193972330501
  num_samples: 96
  rmse: 11.47581111756119
  std: 4.475116644526007
