rot:
  max: 151.26798850545396
  mean: 148.26704014419053
  median: 150.75845758866586
  min: 142.7746743384518
  num_samples: 3
  rmse: 148.3180417362755
  std: 3.88925588828393
scale:
  max: 23.346574333713875
  mean: 21.843683097898378
  median: 21.18259685564297
  min: 21.00187810433829
  num_samples: 3
  rmse: 21.869642784598373
  std: 1.0652625237585192
trans:
  max: 12.742661185368656
  mean: 12.003450485701821
  median: 11.79187915417562
  min: 11.47581111756119
  num_samples: 3
  rmse: 12.015518699827645
  std: 0.5383921091662797
