rot:
  max: 174.80782447300857
  mean: 104.87409451722208
  median: 97.2060048626604
  min: 57.62603632254242
  num_samples: 148
  rmse: 109.21380228384271
  std: 30.48079573251094
scale:
  max: 214.67209012033112
  mean: 24.151454874226175
  median: 8.293279840568779
  min: 0.2696134912741788
  num_samples: 148
  rmse: 48.08401769799966
  std: 41.57860008994726
trans:
  max: 40.66193731669846
  mean: 13.772452977398775
  median: 8.996679254529719
  min: 2.3690604460609057
  num_samples: 148
  rmse: 16.380730099008055
  std: 8.868362732877365
