rot:
  max: 158.8383896371163
  mean: 63.923764514722045
  median: 48.396527950069974
  min: 12.296134338205732
  num_samples: 147
  rmse: 77.93049324631953
  std: 44.57481472626685
scale:
  max: 201.31007274739363
  mean: 20.88920383165659
  median: 13.149239134873802
  min: 0.006134917280242735
  num_samples: 147
  rmse: 40.87672186474117
  std: 35.13612889444299
trans:
  max: 38.48349247689226
  mean: 12.178016573157318
  median: 9.449115754777234
  min: 3.000063395509154
  num_samples: 147
  rmse: 14.5122045237402
  std: 7.893034428074618
