rot:
  max: 163.29768774272836
  mean: 62.04648584406781
  median: 45.109243475201396
  min: 13.655139779791613
  num_samples: 148
  rmse: 75.92448751371744
  std: 43.75798668383325
scale:
  max: 196.90344718217082
  mean: 22.061547913723516
  median: 11.916989062637295
  min: 0.34266389679649123
  num_samples: 148
  rmse: 43.44632606249877
  std: 37.42821598713252
trans:
  max: 37.67417072151497
  mean: 12.392562881227805
  median: 9.503123665271112
  min: 1.5278771499792976
  num_samples: 148
  rmse: 14.65281550403883
  std: 7.818528469617254
