rot:
  max: 109.21380228384271
  mean: 87.6895943479599
  median: 77.93049324631953
  min: 75.92448751371744
  num_samples: 3
  rmse: 89.00438976277064
  std: 15.241930328322345
scale:
  max: 48.08401769799966
  mean: 44.13568854174653
  median: 43.44632606249877
  min: 40.87672186474117
  num_samples: 3
  rmse: 44.23634401981367
  std: 2.982470315903946
trans:
  max: 16.380730099008055
  mean: 15.181916708929029
  median: 14.65281550403883
  min: 14.5122045237402
  num_samples: 3
  rmse: 15.20567219725164
  std: 0.8496305158203422
