rot:
  max: 158.9148859346507
  mean: 123.54862332579806
  median: 121.12356960599881
  min: 105.26030556089083
  num_samples: 250
  rmse: 123.94586520214185
  std: 9.91540089999302
scale:
  max: 160.574824290889
  mean: 23.194080961767103
  median: 11.851692600377618
  min: 0.5421372653667822
  num_samples: 250
  rmse: 45.663702319543376
  std: 39.33456899302272
trans:
  max: 51.65854063334248
  mean: 12.219564292164547
  median: 8.574586404888963
  min: 1.1424381759944702
  num_samples: 250
  rmse: 17.332690022524723
  std: 12.29245264081116
