rot:
  max: 161.57441799367268
  mean: 124.07004579239654
  median: 121.9793453515849
  min: 104.47284995377903
  num_samples: 245
  rmse: 124.5082949630385
  std: 10.437396786345744
scale:
  max: 151.87003379876174
  mean: 24.725770124709403
  median: 12.575765861501441
  min: 0.07222312452114243
  num_samples: 245
  rmse: 45.54993674547181
  std: 38.25484321306926
trans:
  max: 49.095662065241434
  mean: 13.26238176128059
  median: 9.669057585868904
  min: 0.33768801234761453
  num_samples: 245
  rmse: 17.913333415513424
  std: 12.041459383039992
