rot:
  max: 101.90761588883012
  mean: 63.264227268148346
  median: 60.937319388627735
  min: 39.236459777926186
  num_samples: 251
  rmse: 64.80157706437045
  std: 14.031462439589745
scale:
  max: 194.91301573417914
  mean: 14.722875449945649
  median: 7.32818364589466
  min: 0.20456922730704985
  num_samples: 251
  rmse: 37.9666509185305
  std: 34.99576432162812
trans:
  max: 61.52501994556802
  mean: 8.480438390938104
  median: 6.3128597085277285
  min: 0.5019374393850213
  num_samples: 251
  rmse: 13.787151384789759
  std: 10.870497136958058
