rot:
  max: 124.5082949630385
  mean: 104.41857907651693
  median: 123.94586520214185
  min: 64.80157706437045
  num_samples: 3
  rmse: 108.11126584116948
  std: 28.01439175533175
scale:
  max: 45.663702319543376
  mean: 43.060096661181895
  median: 45.54993674547181
  min: 37.9666509185305
  num_samples: 3
  rmse: 43.2104810935723
  std: 3.6019094752146112
trans:
  max: 17.913333415513424
  mean: 16.344391607609303
  median: 17.332690022524723
  min: 13.787151384789759
  num_samples: 3
  rmse: 16.44582217240788
  std: 1.8237132185662612
