rot:
  max: 143.13469087490495
  mean: 108.33171037826754
  median: 110.84673975782167
  min: 69.49315974895438
  num_samples: 450
  rmse: 109.25596395586558
  std: 14.181191291445206
scale:
  max: 896.3293542974573
  mean: 124.21456758258286
  median: 51.77229489483973
  min: 0.2429767266709515
  num_samples: 450
  rmse: 205.9034563544197
  std: 164.21624322510965
trans:
  max: 28.315989873957445
  mean: 17.747704118882215
  median: 17.536884133706828
  min: 9.48494285166584
  num_samples: 450
  rmse: 18.32929994226448
  std: 4.580636951572114
