rot:
  max: 149.44113058463955
  mean: 111.059021791568
  median: 114.12344080140099
  min: 69.90107079281762
  num_samples: 450
  rmse: 112.2299756198122
  std: 16.169759006357015
scale:
  max: 833.8558744021516
  mean: 120.73381405064498
  median: 49.969793842504934
  min: 0.15580090380218348
  num_samples: 450
  rmse: 196.80921628948218
  std: 155.42591084264058
trans:
  max: 28.636640393996004
  mean: 17.59338199752446
  median: 17.323249098717945
  min: 9.73612426812758
  num_samples: 450
  rmse: 18.212517074769448
  std: 4.708363631661304
