rot:
  max: 158.40716996107437
  mean: 115.25539284098957
  median: 113.79475229484797
  min: 78.53406718159846
  num_samples: 478
  rmse: 116.45547665819223
  std: 16.6755049325627
scale:
  max: 1012.1250518402131
  mean: 132.3427804875674
  median: 46.02529764438368
  min: 0.6968264497505317
  num_samples: 478
  rmse: 230.63113922256113
  std: 188.88120825512502
trans:
  max: 29.031236373095226
  mean: 18.35430820852516
  median: 17.430015124628714
  min: 9.777394550820384
  num_samples: 478
  rmse: 18.87386980630891
  std: 4.397991774886004
