rot:
  max: 116.45547665819223
  mean: 112.64713874462332
  median: 112.2299756198122
  min: 109.25596395586558
  num_samples: 3
  rmse: 112.68586295721363
  std: 2.9539538015195066
scale:
  max: 230.63113922256113
  mean: 211.1146039554877
  median: 205.9034563544197
  min: 196.80921628948218
  num_samples: 3
  rmse: 211.59774993626704
  std: 14.290968294995977
trans:
  max: 18.87386980630891
  mean: 18.471895607780947
  median: 18.32929994226448
  min: 18.212517074769448
  num_samples: 3
  rmse: 18.47414387766286
  std: 0.2882094166247175
