rot:
  max: 106.80699021751433
  mean: 77.79709931561993
  median: 77.41507552309113
  min: 57.62459419767209
  num_samples: 764
  rmse: 78.48778461117793
  std: 10.389594373517467
scale:
  max: .inf
  mean: .inf
  median: 7.957059966873109
  min: 0.0316011131669236
  num_samples: 764
  rmse: .inf
  std: .nan
trans:
  max: 72.26028654974287
  mean: 6.133452116320388
  median: 5.50442422669717
  min: 0.9388759985386609
  num_samples: 764
  rmse: 7.918430124800241
  std: 5.008223315523073
