rot:
  max: 59.07247380262283
  mean: 28.326234436863565
  median: 22.323704140497775
  min: 3.0136144430457374
  num_samples: 755
  rmse: 32.69312818074971
  std: 16.32375792735164
scale:
  max: .inf
  mean: .inf
  median: 4.210119780092681
  min: 0.008876134725732676
  num_samples: 755
  rmse: .inf
  std: .nan
trans:
  max: 13.730218883033602
  mean: 5.561632653976811
  median: 5.605537698614655
  min: 1.8765600251463024
  num_samples: 755
  rmse: 6.00683953385188
  std: 2.2694412104447057
