rot:
  max: 67.82134792545703
  mean: 51.997960875925244
  median: 53.766981717753936
  min: 34.26146053941258
  num_samples: 59
  rmse: 52.77055821525503
  std: 8.996881631730345
scale:
  max: 18.783604541272936
  mean: 9.66331849994213
  median: 9.533245204495921
  min: 1.650696082653269
  num_samples: 59
  rmse: 10.408534097827399
  std: 3.867538963515663
trans:
  max: 15.079961296982447
  mean: 7.359345358766623
  median: 6.372850938220223
  min: 2.6090005074727416
  num_samples: 59
  rmse: 8.026177764468692
  std: 3.2030556344296945
