rot:
  max: 66.60131647586765
  mean: 52.91288763575393
  median: 54.13810174816223
  min: 35.975245862884385
  num_samples: 59
  rmse: 53.88004914140595
  std: 10.162972868526165
scale:
  max: 18.96715967628262
  mean: 9.500635472051773
  median: 9.856357956288498
  min: 0.6842424477280007
  num_samples: 59
  rmse: 10.421121015742353
  std: 4.282252777678883
trans:
  max: 15.001477508950982
  mean: 7.236619670931724
  median: 6.3220995917980325
  min: 1.2236834265646759
  num_samples: 59
  rmse: 7.962551670774397
  std: 3.3216810274371897
