rot:
  max: 69.74423947598146
  mean: 55.63730677612039
  median: 57.26293117591882
  min: 37.155301138157945
  num_samples: 59
  rmse: 56.4642177757643
  std: 9.62797921314768
scale:
  max: 19.15045567791208
  mean: 9.469820312628121
  median: 9.47232004549743
  min: 0.5995304648172661
  num_samples: 59
  rmse: 10.403267261260087
  std: 4.307025998962829
trans:
  max: 15.312619457817624
  mean: 7.1341781333128065
  median: 6.020091026834832
  min: 1.0327668892760475
  num_samples: 59
  rmse: 7.951644071002643
  std: 3.511715505856487
