rot:
  max: 56.4642177757643
  mean: 54.37160837747509
  median: 53.88004914140595
  min: 52.77055821525503
  num_samples: 3
  rmse: 54.39362523574148
  std: 1.547471722769981
scale:
  max: 10.421121015742353
  mean: 10.41097412494328
  median: 10.408534097827399
  min: 10.403267261260087
  num_samples: 3
  rmse: 10.410976819357355
  std: 0.007490190764056212
trans:
  max: 8.026177764468692
  mean: 7.980124502081911
  median: 7.962551670774397
  min: 7.951644071002643
  num_samples: 3
  rmse: 7.9801921875043265
  std: 0.03286762505916188
