rot:
  max: 114.23603653782666
  mean: 74.41986322242509
  median: 70.83539012124812
  min: 58.162755163077065
  num_samples: 706
  rmse: 75.0231884495523
  std: 9.495407473751623
scale:
  max: .inf
  mean: .inf
  median: 23.084480925655207
  min: 0.029433809297785274
  num_samples: 706
  rmse: .inf
  std: .nan
trans:
  max: 66.02188416149927
  mean: 13.469456114268473
  median: 9.812110595463352
  min: 1.9365745340347433
  num_samples: 706
  rmse: 20.32808826259447
  std: 15.22514119466965
