rot:
  max: 107.1014709628788
  mean: 74.94788209646285
  median: 75.5620778015421
  min: 58.93968531628732
  num_samples: 704
  rmse: 75.35135847564283
  std: 7.787309765222784
scale:
  max: .inf
  mean: .inf
  median: 10.283895248187825
  min: 0.026523061039274154
  num_samples: 704
  rmse: .inf
  std: .nan
trans:
  max: 72.81519039629684
  mean: 8.006642575970979
  median: 5.31800747846577
  min: 1.2859754969367336
  num_samples: 704
  rmse: 14.37983297236269
  std: 11.944591703934377
