rot:
  max: 119.12266626603389
  mean: 70.54462074614163
  median: 71.14277385143346
  min: 47.95464620791821
  num_samples: 684
  rmse: 71.90184557980135
  std: 13.904383537742426
scale:
  max: .inf
  mean: .inf
  median: 19.594896548369523
  min: 0.04740825392126613
  num_samples: 684
  rmse: .inf
  std: .nan
trans:
  max: 66.91000506247593
  mean: 12.005736690365373
  median: 7.7649838800953
  min: 1.3169939228592324
  num_samples: 684
  rmse: 19.01320111750696
  std: 14.74327315274266
