rot:
  max: 114.61622698373814
  mean: 73.3788921823737
  median: 71.50534841188873
  min: 51.593942371922196
  num_samples: 683
  rmse: 74.13945465659081
  std: 10.592304700312464
scale:
  max: .inf
  mean: .inf
  median: 20.462113816559203
  min: 0.08097421285533368
  num_samples: 683
  rmse: .inf
  std: .nan
trans:
  max: 64.01512502361767
  mean: 12.03788125983078
  median: 7.930036117160859
  min: 1.6128147182761385
  num_samples: 683
  rmse: 19.102925044853546
  std: 14.832773174410367
