rot:
  max: 152.03555376432843
  mean: 93.47132739605927
  median: 92.91017074870709
  min: 39.32376352201184
  num_samples: 658
  rmse: 96.99131608383833
  std: 25.89259257961124
scale:
  max: 238.93410942841348
  mean: 44.50672025527357
  median: 25.760316941291926
  min: 0.025030203942810747
  num_samples: 658
  rmse: 68.86548124532332
  std: 52.55098818546421
trans:
  max: 18.015603445226052
  mean: 7.834246784820073
  median: 6.775849858209535
  min: 1.8777020091409933
  num_samples: 658
  rmse: 9.084953285229153
  std: 4.600103641151177
