rot:
  max: 129.9620144866064
  mean: 70.27709776191564
  median: 68.36689461312962
  min: 21.177521254950545
  num_samples: 658
  rmse: 74.94070017098527
  std: 26.023798190880253
scale:
  max: 201.73499606945464
  mean: 35.80603622812562
  median: 25.254042195887383
  min: 0.3056010444905888
  num_samples: 658
  rmse: 54.7530312382255
  std: 41.42248422540896
trans:
  max: 19.885109882857783
  mean: 6.796393170454258
  median: 6.02388463501971
  min: 1.1332131091843416
  num_samples: 658
  rmse: 7.84564282991585
  std: 3.919585601465122
