rot:
  max: 145.7804711201157
  mean: 93.5667134447987
  median: 93.58639089301678
  min: 38.53346584663751
  num_samples: 658
  rmse: 97.18385691553001
  std: 26.26732152536951
scale:
  max: 197.67989197033108
  mean: 35.43574561276019
  median: 25.947925310522624
  min: 0.04226863173564244
  num_samples: 658
  rmse: 54.5812792365812
  std: 41.514141879236725
trans:
  max: 20.174669566988864
  mean: 6.692405875921596
  median: 5.88253908308319
  min: 0.9937114681766475
  num_samples: 658
  rmse: 7.803160280675645
  std: 4.012606878058715
