rot:
  max: 97.18385691553001
  mean: 89.70529105678453
  median: 96.99131608383833
  min: 74.94070017098527
  num_samples: 3
  rmse: 90.31080773781684
  std: 10.440438241495974
scale:
  max: 68.86548124532332
  mean: 59.39993057337668
  median: 54.7530312382255
  min: 54.5812792365812
  num_samples: 3
  rmse: 59.775873003594924
  std: 6.69352233281847
trans:
  max: 9.084953285229153
  mean: 8.244585465273548
  median: 7.84564282991585
  min: 7.803160280675645
  num_samples: 3
  rmse: 8.265990522926254
  std: 0.5944828264187213
