rot:
  max: 166.2883553266156
  mean: 125.37037886898031
  median: 126.21624256563041
  min: 94.91534554601805
  num_samples: 462
  rmse: 126.52669765094717
  std: 17.066731400667734
scale:
  max: 106.31671092746191
  mean: 15.394317826444537
  median: 10.52384630778041
  min: 0.062427239770945775
  num_samples: 462
  rmse: 24.99896190212257
  std: 19.69677828585649
trans:
  max: 20.108498912437724
  mean: 5.725797560073128
  median: 4.453281137565549
  min: 1.0375843297354737
  num_samples: 462
  rmse: 7.171997095296729
  std: 4.318886967264287
