rot:
  max: 157.3711893886011
  mean: 123.38815478302708
  median: 122.42037816285105
  min: 95.57964514402222
  num_samples: 508
  rmse: 124.24401665706462
  std: 14.558122623494535
scale:
  max: 65.83282790866652
  mean: 15.308796619993581
  median: 12.50950238294326
  min: 0.003823902263400125
  num_samples: 508
  rmse: 21.2885882086091
  std: 14.793401703577288
trans:
  max: 14.185176542615444
  mean: 5.9133860579262105
  median: 5.227618867201938
  min: 1.0743870831698434
  num_samples: 508
  rmse: 6.805982816709575
  std: 3.3694610001111305
