rot:
  max: 158.26605474034275
  mean: 131.99650858153285
  median: 131.10741849320272
  min: 112.87458050462895
  num_samples: 554
  rmse: 132.5309564590171
  std: 11.890169983108057
scale:
  max: 62.48406082616851
  mean: 18.245307263383005
  median: 16.86456710619756
  min: 0.011385965233134954
  num_samples: 554
  rmse: 22.944119475012016
  std: 13.911915085579295
trans:
  max: 13.56491764737675
  mean: 6.668067975573906
  median: 6.3028531836511394
  min: 1.1614651485968917
  num_samples: 554
  rmse: 7.623934593680792
  std: 3.6961125742932146
