rot:
  max: 132.5309564590171
  mean: 127.76722358900962
  median: 126.52669765094717
  min: 124.24401665706462
  num_samples: 3
  rmse: 127.81501648016824
  std: 3.4949984523172843
scale:
  max: 24.99896190212257
  mean: 23.077223195247896
  median: 22.944119475012016
  min: 21.2885882086091
  num_samples: 3
  rmse: 23.127074339996195
  std: 1.517674907357671
trans:
  max: 7.623934593680792
  mean: 7.200638168562366
  median: 7.171997095296729
  min: 6.805982816709575
  num_samples: 3
  rmse: 7.208405351278312
  std: 0.33454098968681306
