rot:
  max: 37.91914723044852
  mean: 13.961005190707008
  median: 11.82608862692687
  min: 4.780111621864391
  num_samples: 716
  rmse: 16.088458937846692
  std: 7.9955515794616145
scale:
  max: .inf
  mean: .inf
  median: 2.0274163931643607
  min: 0.005361473408194151
  num_samples: 716
  rmse: .inf
  std: .nan
trans:
  max: 7.295705545083371
  mean: 2.051314121212753
  median: 1.870918910858714
  min: 0.5905781121739967
  num_samples: 716
  rmse: 2.3615350435795555
  std: 1.1700248451069073
