rot:
  max: 43.70862682982188
  mean: 13.91743822548433
  median: 11.987603992519135
  min: 3.6468553997983317
  num_samples: 716
  rmse: 15.591434971518524
  std: 7.028353840759467
scale:
  max: .inf
  mean: .inf
  median: 1.436470070502971
  min: 0.0018048581770679917
  num_samples: 716
  rmse: .inf
  std: .nan
trans:
  max: 7.077091226065095
  mean: 2.0965935384764793
  median: 1.936628377536196
  min: 0.7223161501663683
  num_samples: 716
  rmse: 2.3750319531189827
  std: 1.1158280838708292
