rot:
  max: 37.75204815052085
  mean: 14.089781545091936
  median: 11.881266435796721
  min: 5.222032126244781
  num_samples: 716
  rmse: 15.991779928494426
  std: 7.564065130138945
scale:
  max: .inf
  mean: .inf
  median: 1.7803977318632092
  min: 0.002964143953465559
  num_samples: 716
  rmse: .inf
  std: .nan
trans:
  max: 7.017562145255322
  mean: 1.9291364871273673
  median: 1.7131403519971837
  min: 0.5597338505645483
  num_samples: 716
  rmse: 2.2390875139741113
  std: 1.1366377212061236
