rot:
  max: 37.70817102926878
  mean: 14.157557962506669
  median: 11.824562015021861
  min: 5.640185055978315
  num_samples: 716
  rmse: 15.885827367010275
  std: 7.205766001801384
scale:
  max: .inf
  mean: .inf
  median: 2.006579801419867
  min: 0.00038174616558972474
  num_samples: 716
  rmse: .inf
  std: .nan
trans:
  max: 7.244805716364774
  mean: 2.1546675436585203
  median: 2.0063703559242736
  min: 0.688861150773626
  num_samples: 716
  rmse: 2.450774642015857
  std: 1.167777428388009
