rot:
  max: 37.37779966135278
  mean: 14.930713946439965
  median: 12.794617052686792
  min: 7.465196694077567
  num_samples: 716
  rmse: 16.4598485788562
  std: 6.928231829872431
scale:
  max: .inf
  mean: .inf
  median: 1.9946858802999234
  min: 0.006606480068094278
  num_samples: 716
  rmse: .inf
  std: .nan
trans:
  max: 6.768514788396305
  mean: 1.9683473456574674
  median: 1.8243569910643216
  min: 0.6385112991954638
  num_samples: 716
  rmse: 2.249145289353506
  std: 1.0882386041049408
