rot:
  max: 16.4598485788562
  mean: 16.003469956745224
  median: 15.991779928494426
  min: 15.591434971518524
  num_samples: 5
  rmse: 16.0059645577553
  std: 0.28257878135464987
scale:
  max: .inf
  mean: .inf
  median: .inf
  min: .inf
  num_samples: 5
  rmse: .inf
  std: .nan
trans:
  max: 2.450774642015857
  mean: 2.3351148884084028
  median: 2.3615350435795555
  min: 2.2390875139741113
  num_samples: 5
  rmse: 2.3364968784141036
  std: 0.08034998924868222
