rot:
  max: 175.85604663090066
  mean: 169.72658119478044
  median: 169.8092154730973
  min: 160.62621608044157
  num_samples: 179
  rmse: 169.77317713387203
  std: 3.9773496276671105
scale:
  max: 30.1547977461357
  mean: 11.654608381581788
  median: 6.0640448806344
  min: 0.024337181800371255
  num_samples: 179
  rmse: 15.503521034720784
  std: 10.223955591941571
trans:
  max: 7.6267459800257
  mean: 3.1562958628831517
  median: 1.900607949383912
  min: 0.4479042122281984
  num_samples: 179
  rmse: 3.8841491528315544
  std: 2.263716207343311
