rot:
  max: 124.73920215888624
  mean: 118.45901153296592
  median: 118.18233068612605
  min: 112.66119857905974
  num_samples: 179
  rmse: 118.49815941825575
  std: 3.045713733594738
scale:
  max: 29.989424537586416
  mean: 9.279862693033646
  median: 5.268094163977399
  min: 0.002194299765567731
  num_samples: 179
  rmse: 12.238737387417629
  std: 7.979401057511547
trans:
  max: 9.81022657272949
  mean: 2.545814278668132
  median: 1.7457392171308175
  min: 0.5431599853521002
  num_samples: 179
  rmse: 3.22199176762737
  std: 1.974857111081205
