rot:
  max: 114.54175764864925
  mean: 102.73957832218616
  median: 103.21143003454112
  min: 94.1067626262284
  num_samples: 179
  rmse: 102.81706559232468
  std: 3.990992758171322
scale:
  max: 31.172772277489514
  mean: 9.173697375841046
  median: 5.951813680945495
  min: 0.0020745272424349537
  num_samples: 179
  rmse: 11.946189369289783
  std: 7.652105390245181
trans:
  max: 10.094298844589304
  mean: 2.502727231427147
  median: 2.0339898875709186
  min: 0.2563612392146456
  num_samples: 179
  rmse: 3.179083570860132
  std: 1.9603389389556627
