rot:
  max: 169.77317713387203
  mean: 130.3628007148175
  median: 118.49815941825575
  min: 102.81706559232468
  num_samples: 3
  rmse: 133.46172289794035
  std: 28.593210184856716
scale:
  max: 15.503521034720784
  mean: 13.229482597142733
  median: 12.238737387417629
  min: 11.946189369289783
  num_samples: 3
  rmse: 13.327381560270771
  std: 1.6124172738292555
trans:
  max: 3.8841491528315544
  mean: 3.428408163773019
  median: 3.22199176762737
  min: 3.179083570860132
  num_samples: 3
  rmse: 3.4435649136039936
  std: 0.32273329047217214
