rot:
  max: 144.08344164537775
  mean: 69.48129549904648
  median: 62.78886316063743
  min: 51.78898115342062
  num_samples: 947
  rmse: 71.61889165842713
  std: 17.36707281483284
scale:
  max: .inf
  mean: .inf
  median: 14.114122509393878
  min: 0.03373582776563522
  num_samples: 947
  rmse: .inf
  std: .nan
trans:
  max: 66.86901355882722
  mean: 12.308200506058448
  median: 7.679563939783835
  min: 2.6496812048829335
  num_samples: 947
  rmse: 19.02688896153052
  std: 14.509676214756638
