rot:
  max: 93.69300783923656
  mean: 57.092349734898164
  median: 52.94850860700635
  min: 38.28149651696489
  num_samples: 493
  rmse: 58.98720250943597
  std: 14.830834826040032
scale:
  max: .inf
  mean: .inf
  median: 5.653693397952974
  min: 0.017143404846153842
  num_samples: 493
  rmse: .inf
  std: .nan
trans:
  max: 41.69819506964066
  mean: 7.856108759184254
  median: 5.1280317073898445
  min: 1.4176093225474757
  num_samples: 493
  rmse: 11.99389409770259
  std: 9.062839002805546
