rot:
  max: 95.75679100657823
  mean: 55.82292631329562
  median: 51.71383883880339
  min: 38.40014995910449
  num_samples: 493
  rmse: 57.97608710259613
  std: 15.65335662240475
scale:
  max: .inf
  mean: .inf
  median: 6.279464700209436
  min: 0.0029054876865219903
  num_samples: 493
  rmse: .inf
  std: .nan
trans:
  max: 46.44607512988528
  mean: 5.3265508322279596
  median: 4.0522902874870566
  min: 0.6030675417568732
  num_samples: 493
  rmse: 8.72328769905257
  std: 6.908227306055692
