rot:
  max: 99.7203582612725
  mean: 59.50434653427325
  median: 53.717837029605256
  min: 41.304772208994386
  num_samples: 493
  rmse: 61.85436801193618
  std: 16.887734770689562
scale:
  max: .inf
  mean: .inf
  median: 5.91228733287561
  min: 0.02248467885805905
  num_samples: 493
  rmse: .inf
  std: .nan
trans:
  max: 46.12055817654163
  mean: 5.648748153174963
  median: 4.2432519025738165
  min: 1.0167755332758275
  num_samples: 493
  rmse: 9.061694710796175
  std: 7.08561608709319
