rot:
  max: 94.84569132813081
  mean: 55.42854149147887
  median: 49.62765248200683
  min: 39.718488787764066
  num_samples: 496
  rmse: 57.680890329962416
  std: 15.961262399464431
scale:
  max: .inf
  mean: .inf
  median: 7.492190838407864
  min: 0.04371687420279269
  num_samples: 496
  rmse: .inf
  std: .nan
trans:
  max: 7.592690322345483
  mean: 3.810432473256822
  median: 3.6557313946610304
  min: 0.5385678412108879
  num_samples: 496
  rmse: 4.334483645569907
  std: 2.065999235349058
