rot:
  max: 79.62104221995422
  mean: 33.45264910412773
  median: 33.57989414219418
  min: 6.297327355299271
  num_samples: 933
  rmse: 38.38412799246731
  std: 18.821837042600656
scale:
  max: .inf
  mean: .inf
  median: 11.528540741399961
  min: 0.0172189026544034
  num_samples: 933
  rmse: .inf
  std: .nan
trans:
  max: 64.95104509865963
  mean: 9.962615856255821
  median: 6.936416491311054
  min: 2.6003796602159976
  num_samples: 933
  rmse: 15.503263842804019
  std: 11.878445819225444
