rot:
  max: 67.5834662164399
  mean: 29.80736019252545
  median: 31.854531411869928
  min: 5.531099887254847
  num_samples: 932
  rmse: 33.617095446402814
  std: 15.54446475777167
scale:
  max: .inf
  mean: .inf
  median: 10.415291416252836
  min: 0.004334849176557132
  num_samples: 932
  rmse: .inf
  std: .nan
trans:
  max: 64.9890377864648
  mean: 9.610416942071081
  median: 6.629890778877462
  min: 2.370528815397479
  num_samples: 932
  rmse: 15.308276208567023
  std: 11.91567063481247
