rot:
  max: 68.33468245305194
  mean: 29.51926538308402
  median: 26.695978382385686
  min: 5.199627532087311
  num_samples: 913
  rmse: 33.07377868826661
  std: 14.916025206585566
scale:
  max: .inf
  mean: .inf
  median: 6.854114408837953
  min: 0.00799946996368206
  num_samples: 913
  rmse: .inf
  std: .nan
trans:
  max: 71.36435920400346
  mean: 6.25356226863557
  median: 4.991565918791331
  min: 1.7621235419056078
  num_samples: 913
  rmse: 9.853800049222956
  std: 7.6151384992240185
