rot:
  max: 59.92407658214255
  mean: 28.57308634478479
  median: 26.787283745628628
  min: 5.886578413955254
  num_samples: 935
  rmse: 30.99221284233077
  std: 12.00399906688623
scale:
  max: .inf
  mean: .inf
  median: 10.652916025420067
  min: 0.0003746842650587112
  num_samples: 935
  rmse: .inf
  std: .nan
trans:
  max: 66.54495342893799
  mean: 8.658005532518214
  median: 6.0446509147831815
  min: 1.9581134941267646
  num_samples: 935
  rmse: 14.190572446883094
  std: 11.243277394475403
