rot:
  max: 108.9229505812212
  mean: 68.64018881429853
  median: 67.42517018706334
  min: 56.43654656648628
  num_samples: 1006
  rmse: 69.27059967715375
  std: 9.324186783304045
scale:
  max: .inf
  mean: .inf
  median: 4.787142684604456
  min: 0.0039412142890604684
  num_samples: 1006
  rmse: .inf
  std: .nan
trans:
  max: 5.422394015214703
  mean: 2.7599503557971774
  median: 2.642297461349954
  min: 0.2636340489230375
  num_samples: 1006
  rmse: 2.9882743084367376
  std: 1.1456253209483906
