rot:
  max: 107.35133600614273
  mean: 63.99618358458195
  median: 62.31095177271078
  min: 52.45247441573782
  num_samples: 1006
  rmse: 64.55552184669094
  std: 8.479615999977613
scale:
  max: .inf
  mean: .inf
  median: 5.359869023936026
  min: 0.005961791404374139
  num_samples: 1006
  rmse: .inf
  std: .nan
trans:
  max: 5.985610667518511
  mean: 3.2512668180328843
  median: 3.114048206339441
  min: 0.16598358374599737
  num_samples: 1006
  rmse: 3.4974123056288002
  std: 1.2888587639931999
