rot:
  max: 114.35569340234764
  mean: 68.34532673072655
  median: 67.05343407439301
  min: 56.39738622670581
  num_samples: 1006
  rmse: 68.85990489760817
  std: 8.402548219312944
scale:
  max: .inf
  mean: .inf
  median: 4.771011378062095
  min: 0.03347053722072557
  num_samples: 1006
  rmse: .inf
  std: .nan
trans:
  max: 5.539693126183326
  mean: 2.885280232191205
  median: 2.794968516039982
  min: 0.18175651551489358
  num_samples: 1006
  rmse: 3.1222965172699593
  std: 1.1932700966180223
