rot:
  max: 107.64260601026099
  mean: 67.2998196275823
  median: 66.45532837768457
  min: 55.33487501754525
  num_samples: 1006
  rmse: 67.86327566977441
  std: 8.726881615255323
scale:
  max: .inf
  mean: .inf
  median: 5.301133807314734
  min: 0.02619359340931826
  num_samples: 1006
  rmse: .inf
  std: .nan
trans:
  max: 5.779426813524577
  mean: 3.200824827032846
  median: 3.102175603980829
  min: 0.14053721117252702
  num_samples: 1006
  rmse: 3.4525849484564524
  std: 1.2942423470734519
