rot:
  max: 112.92582613785567
  mean: 63.38932760926869
  median: 61.93640651628015
  min: 52.143164743495674
  num_samples: 1006
  rmse: 63.940213992385374
  std: 8.375208095136582
scale:
  max: .inf
  mean: .inf
  median: 5.303957419096039
  min: 0.00032660649056381885
  num_samples: 1006
  rmse: .inf
  std: .nan
trans:
  max: 6.085348222886947
  mean: 3.193565573722242
  median: 3.0755389968770155
  min: 0.3105260654546203
  num_samples: 1006
  rmse: 3.4364473997675553
  std: 1.2689797704082304
