9.740553855895996, 20.989059448242188, 37.682777404785156, 0.18749317604150947, 0.5734146830569179, -0.7975223571741433, 0.9501574110284534, -0.31176959386966374, -0.0007839681443789649, -0.2490927602431954, -0.7576247894525886, -0.6032888820468572
9.75484880953075, 21.034047604694297, 37.65517226533417, 0.1510167461305131, 0.46303844724579507, -0.8733781190070857, 0.9500135786483324, -0.3122060652673924, -0.00125427032234635, -0.27325472140832435, -0.8295316565282218, -0.487041156418637
9.759810587606344, 21.049609865002797, 37.623325549560825, 0.1059864275114057, 0.3371411762425773, -0.9354692429284572, 0.9502783412620724, -0.3113685126334284, -0.004552303664172979, -0.2928104357969057, -0.8884736780694283, -0.35337879402449746
9.759598827481277, 21.04807162446191, 37.58886242907264, 0.05537825573227385, 0.20241178861072248, -0.9777334588851193, 0.9505367578495332, -0.3104369543369744, -0.010429254953309692, -0.3056356012786285, -0.9287940381017697, -0.20959130234258241
9.758205208085695, 21.04136678489071, 37.55337811562388, 0.0032846231420158006, 0.06797327213439067, -0.9976817355881378, 0.9504942123236305, -0.31022011818088446, -0.018006404836038794, -0.31072490017714416, -0.9482315711634908, -0.06562715793573327
9.756573682087499, 21.034324744854434, 37.51792397518546, -0.04625561863608963, -0.057405079418146494, -0.9972788349311285, 0.9500925248533691, -0.3108684173223408, -0.02617291212786747, -0.3085200349448035, -0.9487178105045248, 0.06891954780146195
9.753467073213155, 21.026020333906672, 37.48292508401416, -0.09031609452321662, -0.1677338529376618, -0.9816864864348293, 0.9494826295529526, -0.31196690956258233, -0.034049721220328476, -0.30054240840068475, -0.9351695043769651, 0.18743601264446938
9.748945987045193, 21.016588104157833, 37.448342775895085, -0.12126635985757031, -0.23413868108546826, -0.9646105680462203, 0.9486298714696293, -0.3134276668022977, -0.04317944694391465, -0.29222566095811775, -0.9202946135354837, 0.26011917917594235
9.743323703274074, 21.006393412230533, 37.41405675539617, -0.13819621749177421, -0.252752826564442, -0.957610470982148, 0.9474548329874026, -0.3153862028848909, -0.053487217899825815, -0.2884980847766224, -0.9146844000492933, 0.28305706736749253
9.736913501590251, 20.995801614747364, 37.379946727085304, -0.15099790322690584, -0.255295768355215, -0.954999321403423, 0.9459478956100363, -0.3178186317326249, -0.06460569722978103, -0.28702301651961987, -0.9131349232087899, 0.2894864418318334
9.730028661684191, 20.985178068330942, 37.34589239553044, -0.16268167432051944, -0.25577252482848367, -0.952950727153894, 0.9443021413950354, -0.3203680327291885, -0.07521827811097496, -0.28605618084044754, -0.9121100477179781, 0.2936445508687074
9.722982463246343, 20.974888129603855, 37.31177346529949, -0.17030529503693814, -0.25243608122547845, -0.9525083366448323, 0.9429672037160091, -0.3223269940785996, -0.0831754867990862, -0.2860226550439528, -0.9123493485413239, 0.29293293945514204
9.71608818596717, 20.96529715518871, 37.27746964096036, -0.17412078877908935, -0.2457629169742443, -0.9535630758136866, 0.9420232754025867, -0.3236384574644977, -0.08860190432368167, -0.2868346204953825, -0.913706045449143, 0.2878665715135377
9.709630591030155, 20.956728225185806, 37.242873805282784, -0.17505550983304718, -0.23680782203157164, -0.9556555990008929, 0.9414154816143754, -0.32444331738370313, -0.0920512073893194, -0.2882576268789184, -0.9157830470311848, 0.2797301401644326
9.70357315860219, 20.949028144970367, 37.20802730273752, -0.17403847094593433, -0.2266216824129942, -0.9583074786784799, 0.9410555603896399, -0.32490787392973614, -0.09407074847262265, -0.29004317418367553, -0.9181925105982747, 0.269810063916629
9.697678955076329, 20.9417477503702, 37.17306382516891, -0.1719969290194363, -0.21625236348001753, -0.9610681410270498, 0.9408463223000925, -0.3251825201360405, -0.09520780646755847, -0.2919336469512781, -0.9205928762961835, 0.25939063570307735
9.691795651104531, 20.93461046324439, 37.13806700274137, -0.1698587590095808, -0.20675044976117826, -0.9635363270324974, 0.9406935394436857, -0.3253880585034365, -0.09601185464449269, -0.29367272062048283, -0.9227008523388903, 0.24975882418134732
9.685888609805401, 20.92757742096929, 37.10305137566926, -0.16855756887596413, -0.19917698545134813, -0.9653584176051598, 0.9405037898625116, -0.3256339926933283, -0.09703156216847128, -0.2950270618585304, -0.9242786545566845, 0.24221478382214415
9.679931440627888, 20.92062641687846, 37.06802664325774, -0.16895755453553882, -0.1944919016749044, -0.966243367350198, 0.9401898000935345, -0.32601499921800936, -0.09877935049878096, -0.29579804692636175, -0.9251416758895693, 0.23794199916532022
9.673897753020933, 20.91373524430543, 37.03300250481192, -0.17103922839799313, -0.19234737762854456, -0.9663064051678646, 0.9397341626290213, -0.3265436019941345, -0.10133597379326108, -0.29604946535494936, -0.9254035672700417, 0.2366071675730266
9.66776115643348, 20.906881696583735, 36.99798865963693, -0.17422209547850145, -0.19156683691870677, -0.965892752038259, 0.9391636437437678, -0.32718390172769807, -0.10451002210395455, -0.29600390490162287, -0.9253393115194024, 0.23691527354687245
9.661495260314474, 20.900043567046907, 36.96299480703788, -0.17815659894620692, -0.19144592956177686, -0.9651987786493245, 0.9384947544929411, -0.3279070502106006, -0.10818762503824915, -0.2957834039312459, -0.9251083301302664, 0.23808980549875638
9.655073674112858, 20.893198649028495, 36.92803064631992, -0.1828180263488429, -0.19193674105750916, -0.9642291515371937, 0.9377210395557097, -0.32871688627102585, -0.11235862519112862, -0.29539265599617215, -0.9247191444500888, 0.2400784927289886
9.64847000727758, 20.88632473586203, 36.893105876788155, -0.18820366824361093, -0.19303674682219135, -0.9629725819751848, 0.9368303729207224, -0.3296298786744158, -0.11701707336243856, -0.29483594019873016, -0.9241650055381858, 0.24288023984205803
9.641657869257582, 20.879399620881046, 36.85823019774773, -0.1893865835350699, -0.19572080838597944, -0.9621985694967815, 0.9367760635320252, -0.32967530027704117, -0.1173234979903246, -0.2942504524556538, -0.9235840847221122, 0.24578264722649076
9.634610869501808, 20.872401097419075, 36.823413308503746, -0.17822236288106685, -0.20175107520862107, -0.9630852989332017, 0.9390988791869875, -0.3271310366187933, -0.10525483357289307, -0.2938198163481031, -0.9231910899336491, 0.24776627492111986
9.627302617459204, 20.865306958809665, 36.788664908361355, -0.16370146712744377, -0.20968460202519426, -0.9639679441422615, 0.9419145177870871, -0.3236953333048666, -0.08954536491952318, -0.2932556407679854, -0.9226341088807564, 0.25049437176825173
9.619706722578709, 20.858094998386346, 36.753994696625654, -0.1494482128044721, -0.2188198627707928, -0.9642526117913919, 0.9445174050277038, -0.3200736572645471, -0.07375449494796893, -0.2924929115197187, -0.9217758521366617, 0.2545136049967652
9.611796794309276, 20.85074300948266, 36.7194123726018, -0.13533017696618124, -0.22895999094964764, -0.9639829177670315, 0.9469155847559206, -0.3162394892313659, -0.057822666810149706, -0.2916103882728715, -0.9206356000041613, 0.25960252975717146
9.605347355395468, 20.842895353715075, 36.68473506774481, -0.12116420818372081, -0.23990969984253988, -0.9632043244175528, 0.94911347327483, -0.31216963033148365, -0.041638164547605196, -0.2906937383285037, -0.9192352570589138, 0.26552531456799405
9.603308224485993, 20.833913603545867, 36.649671511742774, -0.10676620817572105, -0.25146970018018266, -0.961958401742543, 0.9511043535962836, -0.307849372662251, -0.025085300908178187, -0.2898300974053143, -0.9176010863347687, 0.27204183684734695
9.602361051567843, 20.824253518399207, 36.61461844446648, -0.09195317613585478, -0.26343713796928897, -0.9602840661684845, 0.9528774049646276, -0.30324874452331463, -0.008052953055278258, -0.289083490546253, -0.915773483610212, 0.2789079816176138
9.60113178518497, 20.8141415147201, 36.57973207060605, -0.07654509728227513, -0.27560591472781565, -0.9582182568961474, 0.9544249623995199, -0.298297981760406, 0.009555376828963173, -0.28846809048961036, -0.9138160065596972, 0.28587841283413734
9.599647138681224, 20.803623433270936, 36.544999100881064, -0.060366803398696774, -0.2877669477161145, -0.9557960205240311, 0.9557325648341589, -0.29291788259392015, 0.027827658403370547, -0.28797762684441885, -0.9118055153698323, 0.29271075924572915
9.597951507771086, 20.792742835340647, 36.51040410642623, -0.04820323490838934, -0.2989785014027031, -0.9530416065646664, 0.9565536725137829, -0.28849727490262506, 0.04212355604829735, -0.2875439440237987, -0.9096049571504946, 0.29989548543198424
9.596089288169033, 20.781543282218195, 36.47593165837628, -0.048171767248319605, -0.30766970816615996, -0.9502730299851321, 0.9566896321015353, -0.28766673494075856, 0.044640759827229155, -0.28709654938644374, -0.9069659311603019, 0.3082018349149206
9.594104875589544, 20.770068335192537, 36.44156632786593, -0.05088859299918198, -0.3147485528862595, -0.9478099490713152, 0.9566534706378343, -0.2878509852708007, 0.04422609405334582, -0.28674812679274775, -0.9044750735839185, 0.31575362713073546
9.592042665747094, 20.758361555552618, 36.40729268602989, -0.052431982992552834, -0.3206228673851412, -0.9457546532104396, 0.9566424968815904, -0.28783824531732466, 0.0445452319872704, -0.2865065798888828, -0.9024134980386618, 0.3218133903957408
9.58994705435616, 20.74646650458738, 36.373095304002845, -0.05275266579935547, -0.3253045782180884, -0.944136689066479, 0.956675816272467, -0.28755814912584243, 0.04562557868924862, -0.2863364084612199, -0.900825866780962, 0.3263804818426771
9.58786243713122, 20.73442674358579, 36.338958752919545, -0.05185001049026602, -0.3287985128667672, -0.9429756700725431, 0.9567619456745148, -0.28697493265483515, 0.04745489792286689, -0.286213479279499, -0.8997426998672206, 0.3294615581738918
9.58583320978675, 20.722285833836793, 36.30486760391469, -0.04972302240824031, -0.3311068589591317, -0.9422822660927072, 0.9568960747965546, -0.2860882966433876, 0.0500338741517349, -0.28614248737567133, -0.8991783663288963, 0.331060028460944
9.583903768037231, 20.710087336629336, 36.27080642812298, -0.04637025376033897, -0.3322288625089437, -0.9420582691544165, 0.9570606700378597, -0.28493135934617814, 0.05337597144616763, -0.28615498149234586, -0.899131860950969, 0.3311755171958863
9.582118507597132, 20.69787481325237, 36.23675979667914, -0.04178988650790045, -0.3321606932265378, -0.9422965983494382, 0.9572431064570773, -0.2835152748883251, 0.05748672929817698, -0.28625031096238346, -0.899604559114872, 0.32980660498794667
9.58052182418094, 20.685691824994848, 36.202712280717876, -0.03597998879959752, -0.3308954780242542, -0.9429812421406277, 0.9574304184788917, -0.2818457966534814, 0.06236938896685404, -0.28641304819668245, -0.9005948753639812, 0.32695020460434043
9.579158113503125, 20.673581933145726, 36.16864845137391, -0.028938945833549726, -0.32842350623732086, -0.9440871453233686, 0.9576096871374754, -0.279922119467242, 0.06802421725704466, -0.2866116266213033, -0.9020984467250521, 0.3226021821093885
9.578071771278164, 20.661588698993953, 36.13455287978194, -0.0206660650366546, -0.32473261223683747, -0.945580057057963, 0.957767775192549, -0.2777377843620666, 0.07444872020636203, -0.28679923737453655, -0.9041075454211683, 0.31675817866930334
9.577307193220538, 20.649755683828467, 36.100410137076686, -0.011162353304032856, -0.3198087424787251, -0.947416365756309, 0.9578854325264604, -0.27529938234952595, 0.08164403365565343, -0.28693361605484974, -0.9066049957462987, 0.3094131245851445
9.576908775044725, 20.638126448938245, 36.066204794392874, -0.0006437935676906222, -0.3136524842454138, -0.9495376267723794, 0.9579345480489925, -0.27269758969393604, 0.08942833012692479, -0.28698604005075706, -0.9095373239740072, 0.300634111694244
9.576920912465194, 20.626744555612206, 36.03192142286519, 0.007787496153059425, -0.3064921212695325, -0.9518413389338415, 0.9579154178408703, -0.2708561377353935, 0.09505264285550649, -0.28694495494156547, -0.9125237159935997, 0.29148423728019207
9.577388001196432, 20.615653565139326, 35.997544593628355, 0.011188674221433272, -0.2987466279508032, -0.9542668734988085, 0.9579137995794736, -0.27055184869060894, 0.09593148464039154, -0.2868378743199414, -0.9151787527352885, 0.2831464009969036
9.57835443695291, 20.604897038808552, 35.963058877817105, 0.00995606437332335, -0.2908238337377963, -0.9567248165027626, 0.9579645008873147, -0.27155952488705903, 0.09251723884138013, -0.2867139547038345, -0.9174295189131236, 0.27589524462179876
9.57986461544911, 20.594518537908833, 35.92844884656613, 0.004763130535678429, -0.28310888606950096, -0.9590759465318616, 0.9580328684810653, -0.2736035100092345, 0.0855227584948517, -0.2866187982276147, -0.9192336362095945, 0.2699244089804494
9.581885775173753, 20.584556078336643, 35.89370223224616, -0.0037228284052035704, -0.2759764818032458, -0.9611571786342586, 0.9580477097957663, -0.27644097649277355, 0.0756635465122347, -0.2865845883918964, -0.9205527513441175, 0.2654277786687421
9.583337728160306, 20.574971194705437, 35.858850054026775, -0.014842402376345905, -0.2698008143966578, -0.9628017571871162, 0.9579292809978669, -0.27985619919038257, 0.06365532484892786, -0.28662029882513257, -0.9213511970609324, 0.2626038384635279
9.583203931640812, 20.565668587921696, 35.82393975480314, -0.027938318310426764, -0.264962186127054, -0.9638539776816598, 0.9576155097478926, -0.28363892850680195, 0.05021447725305181, -0.28669144713484085, -0.9215986101108691, 0.26165629360182624
9.581672535547103, 20.55655003633388, 35.788997158804335, -0.042347750152579376, -0.2618498502075396, -0.9641790933241104, 0.9570781877449598, -0.28757736923130317, 0.03606382188324363, -0.2867193934840096, -0.9212675575815594, 0.2627890346796645
9.579028262807231, 20.54751718702162, 35.75404632529437, -0.057413877113572306, -0.26085299850452015, -0.9636697358981388, 0.9563257928391107, -0.2914795722463042, 0.02192343298294906, -0.28660883563741363, -0.9203235149306533, 0.2661954229513605
9.575555836349263, 20.538471687064526, 35.719111313537304, -0.07266148407190978, -0.26216154711437945, -0.9622845898937916, 0.9553885838439053, -0.2952353202439918, 0.008292137309812368, -0.2862742786091771, -0.9187531925903836, 0.2719183857553082
9.571539979101248, 20.52931518354221, 35.68421618279717, -0.08517222179661366, -0.2656080845580875, -0.9603114276377285, 0.9545187045453408, -0.2981429492133031, -0.0021964761501341162, -0.2857266793761353, -0.9168222986226817, 0.278921382186647
9.567265413991247, 20.51994932353429, 35.64938499233803, -0.09223214837013557, -0.2708941895622341, -0.9581803425600265, 0.9540648211581355, -0.2995147412256875, -0.007157989732062862, -0.285050079522045, -0.9148263539327722, 0.2860755045692413
9.563016863947315, 20.51027575412039, 35.61464180142389, -0.09442435769780193, -0.2776509161725055, -0.9560303391744039, 0.9540737559765439, -0.2994839495497098, -0.0072547997158403585, -0.28430144007754804, -0.9128084863270473, 0.2931780320200631
9.559072687166811, 20.500198964970853, 35.58000994072373, -0.09260098891627767, -0.2854803415424899, -0.9539004305715093, 0.9544791449525252, -0.2982583334587768, -0.0033953457982203207, -0.28353944822973715, -0.9107924797203677, 0.30010404892703424
9.55556367866854, 20.489689349836652, 35.545495848784526, -0.08761262475758344, -0.2939725850236497, -0.9517899701287044, 0.955162957986385, -0.2960596935972678, 0.0035187380964321713, -0.28282105945948627, -0.9088062373694433, 0.30673029071907587
9.552472414899768, 20.478783499258384, 35.51108899700605, -0.08030691805129939, -0.3027158881526455, -0.9496914709383553, 0.9559900111313727, -0.2931287171983541, 0.012595783845608466, -0.2821947865041802, -0.9068840312926468, 0.3129336291552217
9.54977497649766, 20.467520904909556, 35.4767781131878, -0.07152955661112351, -0.3113040348563832, -0.9476145421072599, 0.9568361084170594, -0.28972037534895345, 0.022951377670170983, -0.281688097299679, -0.9050701088809625, 0.3185905112364293
9.547447444099378, 20.45594105846365, 35.44255192512923, -0.06212627616813445, -0.31934103688340026, -0.9456011992228625, 0.9576049391298731, -0.2861060093149769, 0.033706557046521354, -0.28130607239011524, -0.903418315951195, 0.32357725513446417
9.545465898342083, 20.444083451594185, 35.40839916062987, -0.05292783978199958, -0.32645078759102397, -0.9437311730875543, 0.9582347866468192, -0.2825766168218068, 0.04400624143762546, -0.28104223425658964, -0.9019868839992864, 0.327772670699255
9.543806419862944, 20.43198757597466, 35.3743085474892, -0.044363787968902564, -0.3324492482639777, -0.9420771473959902, 0.9587173115028822, -0.27929916023350143, 0.05341437744228187, -0.2808789257700476, -0.900816005864448, 0.33111561823128655
9.54244508929912, 20.419692923278557, 35.3402688135067, -0.03645662183446321, -0.3373384490352386, -0.9406772483306475, 0.9590758322347592, -0.27629732290215425, 0.061913951418939635, -0.28079256177403106, -0.8999236412938613, 0.33360602076817275
9.54135798728778, 20.407238985179397, 35.30626868648187, -0.029209290426622018, -0.34112817953150437, -0.9395628677647361, 0.9593331795080019, -0.27358481252015815, 0.06950684177386839, -0.2807608734276215, -0.8993235877523905, 0.3352467993349489
9.540521194466075, 20.394665253350663, 35.272296894214186, -0.022623408760086356, -0.3438273961919754, -0.9387603011439717, 0.9595099606042822, -0.27117313999483994, 0.07619556185571251, -0.28076470019794664, -0.8990260562259502, 0.33604067216569466
9.539910791471183, 20.382011219465866, 35.23834216450316, -0.016699625608121407, -0.34544381376009, -0.9382908365956862, 0.9596243484816734, -0.2690722632813528, 0.08198308931587174, -0.2807885900560641, -0.8990376458566874, 0.3359897007748794
9.539502858940256, 20.369316375198505, 35.20439322514828, -0.011437942719188148, -0.3459835877324144, -0.9381708429098398, 0.9596921472490537, -0.26729040703189477, 0.0868724399175294, -0.2808205049045623, -0.899361548726946, 0.33509498458887144
9.539273477510468, 20.356620212222076, 35.17043880394903, -0.006837983675002448, -0.34545108479096764, -0.9384118445522756, 0.9597270908006235, -0.2658331725270837, 0.09086603087819742, -0.2808507667118468, -0.8999979291092449, 0.33335652751436917
9.53919872781897, 20.343962222210077, 35.13646762870489, -0.0028992115608694143, -0.3438487384239533, -0.9390205746715995, 0.9597410031512336, -0.26470310194513924, 0.0939652844985053, -0.2808715034363386, -0.9009441230758304, 0.33077316344064844
9.539254690502936, 20.331381896836014, 35.102468427215385, 0.00037890479468215515, -0.34117698754198966, -0.9399989997882602, 0.959743814771835, -0.2638996947818661, 0.09617047936473795, -0.2808766035795117, -0.9021946653942324, 0.32734251067624404
9.539417446199522, 20.31891872777338, 35.068429927279965, 0.0029967759577450323, -0.33743429677773074, -0.9413443125084346, 0.9597435879262315, -0.26341937260742254, 0.09748066254183879, -0.28086164702277, -0.9037412956666472, 0.32306099383618986
9.539663075545894, 20.306612206695682, 35.034340856698144, 0.00495462826559695, -0.33261725817365606, -0.943048891216033, 0.9597465216592171, -0.26325547771903585, 0.09789365461538363, -0.2808239053602516, -0.9055729197673491, 0.31792392354501225
9.539967659179217, 20.294501825276416, 35.00018994326941, 0.006252848119300029, -0.3267190813732732, -0.9451008114254273, 0.9597566347008661, -0.26339933399746734, 0.097406329349579, -0.2807634307349606, -0.9076758412100078, 0.31192381000116026
9.540307277736652, 20.282627075189083, 34.96596591479326, 0.006903006286646754, -0.31967753082030637, -0.9475012531880043, 0.9597754930936573, -0.2638427789764922, 0.09601036839211179, -0.2806837212255703, -0.9100512426619691, 0.3049973514120613
9.540658011855367, 20.271027448107187, 34.931657499069175, 0.006930011300076078, -0.31136459674000133, -0.9502652591988813, 0.9598023352037987, -0.2645778045995759, 0.09369131576941099, -0.2805912548186698, -0.9127160967191305, 0.29701493987521804
9.540995942172517, 20.25974243570422, 34.89725342389664, 0.00637305439258123, -0.30169338257711353, -0.9533837040178988, 0.959834326212901, -0.26558467667390134, 0.09045908323350214, -0.28049500958330004, -0.91566690582613, 0.2878830789985159
9.54129714932527, 20.248811529653683, 34.86274241707517, 0.005418090501495581, -0.2910871958044435, -0.9566811844778924, 0.9598658996980518, -0.2667541144367969, 0.08660079115048476, -0.280407023614187, -0.9187548567870245, 0.2779593751577502
9.54153784278935, 20.238274848121048, 34.82811303684021, 0.004341185333957215, -0.2802898323858125, -0.9599056015937345, 0.9598913440670289, -0.2679357088268151, 0.0825776211855534, -0.2803386553707656, -0.9217635628492837, 0.26788462536753743
9.541698329136121, 20.228192431859824, 34.793348449251845, 0.003419986917679899, -0.2700601600192198, -0.962837376538674, 0.9599078244960837, -0.26899505018424835, 0.07885829980141157, -0.2802949734845035, -0.9245048258104266, 0.25831290113456284
9.541763762815277, 20.218647894976705, 34.758425440092076, 0.002932733734744309, -0.26116733587500696, -0.965289087136487, 0.9599163796211619, -0.269809814542464, 0.0759157961926406, -0.2802711958226219, -0.9268194466283671, 0.24990752318336698
9.541724459640122, 20.209709117568938, 34.72332546477848, 0.003158291702174313, -0.2543881237881044, -0.9670970518355911, 0.9599206413471215, -0.2702644253312863, 0.07422602452024848, -0.28025414806788307, -0.9285708496802588, 0.24333883704585138
9.541623930030017, 20.201257651271085, 34.68808489025453, 0.0043758124252824835, -0.250501723701617, -0.9681062641508613, 0.9599204256466161, -0.2702536270622246, 0.07426811890799206, -0.28023852107095903, -0.9296299605123702, 0.23927914206159073
9.541538390854512, 20.193060484549797, 34.65277384555378, 0.006863506221745951, -0.2502836307895578, -0.9681482306140627, 0.9599065440972018, -0.2696739197320098, 0.07652060909154015, -0.28023618410496326, -0.9298570218991573, 0.23839798644938115
9.541544536012115, 20.18488293494912, 34.61746295213548, 0.01071634798222428, -0.2543858716869409, -0.9670434262079439, 0.9598611662490556, -0.2684481634014709, 0.08125346203934988, -0.2802707644634502, -0.9290981712674138, 0.24129833554051053
9.541719059401316, 20.176490320013098, 34.582222831458836, 0.014261435258888277, -0.26183907049329674, -0.9650061723261478, 0.9597906161895987, -0.26701397427768564, 0.0866343500860128, -0.2803543909746144, -0.9274393989386271, 0.2475026803038934
9.542138654920622, 20.16764795728578, 34.547124104983055, 0.01531729224838617, -0.2710213068178257, -0.962451469846109, 0.9597358264341772, -0.266032635307451, 0.09018747368720127, -0.28048622785599364, -0.9250805847071545, 0.2560339582574641
9.542880016468535, 20.158121164311215, 34.51223739416737, 0.013655452648040458, -0.28120363099087836, -0.9595509608824969, 0.9597109837053789, -0.2656689872194158, 0.09151402616574031, -0.2806570084074706, -0.9221412620349205, 0.2662463830447526
9.544019837943548, 20.147675258633438, 34.47763332047099, 0.009477772055644073, -0.291688736896565, -0.9564663363676464, 0.9597076475189498, -0.2659852367657939, 0.09062607304902873, -0.2808405297148269, -0.9187869908691193, 0.27741496405054356
9.545573302068933, 20.136134229346858, 34.443365465499845, 0.0029891524037636147, -0.30178388910018533, -0.9533716742422517, 0.9597048012961608, -0.2670286002598762, 0.08753525582499795, -0.28099423363657067, -0.9152170294104117, 0.2888252581409356
9.546919450005914, 20.12392884012293, 34.40931118661056, -0.005606220541665813, -0.31080425352784613, -0.9504574089775072, 0.9596725822575591, -0.2688202043133289, 0.08224495495803055, -0.2810642367046128, -0.9116668326433394, 0.2997773859111374
9.54726025284954, 20.111713004191714, 34.37528161998145, -0.01610751924928936, -0.3180691172844276, -0.9479306854689001, 0.9595699787133523, -0.27136353738106167, 0.07474815403803406, -0.2810089033744132, -0.9084018203471095, 0.30958056950391366
9.546559498425536, 20.099623294514732, 34.341232703154986, -0.02831669292714846, -0.3228972481946887, -0.9460103234161703, 0.9593379853768165, -0.2746654773906191, 0.06503464725001878, -0.28083588573189977, -0.9057020716759353, 0.3175452135477694
9.544965838713376, 20.087670422015023, 34.30715561374197, -0.042033681573370445, -0.32460368453113925, -0.9449156669259946, 0.9588999446775691, -0.27873228985060694, 0.05309620223699649, -0.2806137304387355, -0.9038477518827194, 0.32297859945484136
9.542627925692553, 20.075865097615665, 34.273041529353236, -0.05687781785378544, -0.32266425487327766, -0.9448029913496592, 0.95817952537718, -0.2834799430297698, 0.03912951632464514, -0.2804583943906009, -0.9030652803241365, 0.3252940031555073
9.539694411342554, 20.064218032239715, 34.2388816275996, -0.07071903240742818, -0.3182504378211777, -0.9453652613048492, 0.9572624257906291, -0.2881050667714957, 0.02537949310038212, -0.28044155652256225, -0.9031678300998219, 0.32502369767138795
9.536313947642864, 20.052739936810223, 34.204667086091916, -0.08071190537853591, -0.3133882183458718, -0.946188888611659, 0.9564376051467767, -0.29155227864736477, 0.014979194792376936, -0.28055782967378556, -0.9037616352874964, 0.3232680169630235
9.532635186572973, 20.041441522250256, 34.17038908244098, -0.08530416949342434, -0.309322809941737, -0.9471233277228395, 0.95597447297846, -0.2932899797661847, 0.00968477063778341, -0.2807775020912335, -0.9045995727494563, 0.32072356835896604
9.528806780112362, 20.03033349948286, 34.13603879425761, -0.08328239679481178, -0.30706922200945236, -0.9480361466097277, 0.9560718291457702, -0.2929300691374619, 0.010891836804833093, -0.28105284182511453, -0.9054835545108655, 0.3179761510119835
9.524977380240522, 20.01942657943111, 34.101607399152655, -0.07355272681471064, -0.30750526799541084, -0.9486993762690007, 0.9567866773608706, -0.29011208265905886, 0.019855314652974715, -0.2813347657202461, -0.9062425115002574, 0.31555547839776177
9.521295673147941, 20.008731446856647, 34.067086085280785, -0.05704756986832197, -0.3097973551309435, -0.9490896551569777, 0.9578238812214328, -0.28515388011556664, 0.03550601663024976, -0.281636267788844, -0.9070352051651078, 0.3129986409827708
9.518002313570351, 19.998188457521536, 34.0324943855844, -0.03630091510585045, -0.31177938943804184, -0.9494608237753254, 0.9587322993638956, -0.2789505673422111, 0.05494505560900227, -0.2819833713517441, -0.9082842029349076, 0.30903913179402376
9.515629954532706, 19.987514674022567, 33.997941827139186, -0.013570168587183462, -0.31193360245107443, -0.9500069884934585, 0.9592271081160819, -0.2723074718806983, 0.07570994527273886, -0.28231047727594855, -0.9102450595415708, 0.3029104257043465
9.514769066928569, 19.976382945221843, 33.96355575653952, 0.009784407783386677, -0.3106042243818309, -0.950488969510162, 0.9592242239603034, -0.26560137067846556, 0.09666850604759578, -0.28247681945972514, -0.9126778882441942, 0.29534034397290915
9.515964587371236, 19.964501772475487, 33.92945146176942, 0.03255571476999329, -0.30849396171711313, -0.9506690281164603, 0.958744769057789, -0.25911269141692633, 0.11691484487011601, -0.28239793419949344, -0.9152552041538781, 0.28733137320714136
9.519025611837193, 19.952155806663495, 33.89554936190368, 0.053539994353867054, -0.30634292843254884, -0.9504143723681572, 0.9578937000730257, -0.25311419967149185, 0.13554652811882975, -0.28208709358103645, -0.917653100100485, 0.27989222838616507
9.523165690156423, 19.940095831832735, 33.86161220435894, 0.0717869544205841, -0.3046285049440087, -0.9497621318786063, 0.9568351642192618, -0.24783028948383698, 0.15181111990844387, -0.281625818575846, -0.9196638633707077, 0.27368828385875243
9.527704235112965, 19.92885016624964, 33.82746706176175, 0.08697422798332544, -0.30293740927365614, -0.9490334081207416, 0.9557419894610225, -0.24339145958179567, 0.16528111502446355, -0.2810564591817654, -0.921406274921768, 0.26836121792651074
9.532306451804304, 19.91828390431272, 33.79313462471294, 0.098855358980623, -0.30067010318135023, -0.9485911168958564, 0.9547830172779157, -0.2399387509687306, 0.17555280032299306, -0.2803872463549142, -0.923053023848837, 0.26335547696037565
9.536697877732077, 19.908146423879437, 33.758669365471874, 0.10546644554898695, -0.2964333571352335, -0.9492123543447998, 0.9543051286657043, -0.23821839713566625, 0.1804264854960256, -0.27960427440508867, -0.924867158052252, 0.25776382541146997
9.540604230926666, 19.898187136990096, 33.72412574737786, 0.10127462066657436, -0.28763579606094464, -0.952370253647828, 0.9550238381339884, -0.24006648609525014, 0.17406191671271612, -0.2786986182324321, -0.9271643495509659, 0.2503863996247946
9.543927195847843, 19.888188774677364, 33.68954953906461, 0.08316821351315536, -0.27355089900561264, -0.95825516117277, 0.9570330162403696, -0.24612911288309702, 0.153324054268207, -0.2777964256193564, -0.9298335149071585, 0.24132712335854123
9.54707331681165, 19.87802966246743, 33.654961563454364, 0.056175644542160154, -0.25848983259373787, -0.9643792321519239, 0.9591662531327892, -0.25420816040074823, 0.12400931431498795, -0.27720821743137214, -0.9319663178631129, 0.23365441694346864
9.550538771701634, 19.867605345005074, 33.62037816664172, 0.026422696828532335, -0.24651217537347753, -0.9687794323193197, 0.960491298164873, -0.2623301196296182, 0.09294823551131655, -0.2770528961080618, -0.9329601576314747, 0.22984133011795224
9.554152879093191, 19.8571644245447, 33.58575568341268, -0.0021484481797459836, -0.23921480087530306, -0.9709642955395467, 0.9608177419963438, -0.2696197472000892, 0.0642997557134338, -0.27717260116300496, -0.9327815773062572, 0.23042108888420929
9.555687110792858, 19.848044996210245, 33.55086526094925, -0.028826738646855213, -0.2345212785638168, -0.9716834819218543, 0.9603541289711487, -0.27615869050142533, 0.038161821610142636, -0.2772885971457396, -0.9320601630588717, 0.23318423259649676
9.55323300511058, 19.84128263567183, 33.51554135605736, -0.05367765635301564, -0.23030089860606964, -0.971637898246916, 0.9592896072691849, -0.28208369775269443, 0.01386495032445756, -0.2772763217329974, -0.9313378997782724, 0.23606685036831396
9.547944021552365, 19.83572260062427, 33.48004158455974, -0.07788259618870663, -0.22584909271927162, -0.971044019871802, 0.957669126664939, -0.28770110854185, -0.009895250204207865, -0.2771356076792011, -0.9307095462396807, 0.2386956126421418
9.541778681837197, 19.82963968291304, 33.444733240668086, -0.10275312492200983, -0.22085280790533496, -0.9698792876224809, 0.9553892929400664, -0.29333673204498945, -0.03442180368089826, -0.27689906871320835, -0.9301492347325215, 0.2411416738605392
9.535897732612877, 19.822199131458916, 33.40978019339224, -0.1277872520589609, -0.2159727980223992, -0.9680011202088536, 0.9524632814571196, -0.29887521553273766, -0.05905339123365835, -0.276557617300908, -0.9295317939988044, 0.24389860241134825
9.53023377002899, 19.813937021514178, 33.375033146364345, -0.14708598102752937, -0.21498669268348664, -0.9654773100151993, 0.949863576080485, -0.3029730924577543, -0.07724307141859253, -0.27590741385610135, -0.9284331032527876, 0.24877112325114603
9.524637090183493, 19.805420158783036, 33.340339521643855, -0.1554434595774678, -0.22098762288454646, -0.9628093276482241, 0.9488776172256888, -0.30444992702543133, -0.0833157215794757, -0.2747154862811474, -0.9265391046610213, 0.25701495896399823
9.519068587774512, 19.79678966867048, 33.305662472871475, -0.15604386513416746, -0.23063489046799868, -0.9604466978717787, 0.9492097769870017, -0.30397973589224336, -0.08122265348514804, -0.27322355576757335, -0.9243396926810491, 0.26635506585763974
9.513523276614196, 19.788055356341953, 33.27100085630087, -0.15425329584075753, -0.2390074248812575, -0.9586873168942488, 0.9498753991332655, -0.3029174096179058, -0.07731603373038132, -0.2719239725432153, -0.9225597508031704, 0.2737532819060052
9.507996180244074, 19.779226989515763, 33.236353538366686, -0.1532261012181563, -0.24372663299912165, -0.957663349132875, 0.950269096159721, -0.302233347581579, -0.07512422041804769, -0.27112802656544066, -0.9215488766074993, 0.27791592475816457
9.502482322205669, 19.770314335910214, 33.201719385503495, -0.15281319426442236, -0.24625074294301996, -0.9570834338022545, 0.9504584434121846, -0.3018955528271355, -0.07407983888808983, -0.27069701698613347, -0.9209884075183623, 0.2801847215884551
9.496976726040511, 19.761327163243607, 33.16709726414594, -0.15263081331592826, -0.24813896497890806, -0.9566247377554662, 0.9505702136494044, -0.30170852219789024, -0.07340460854531428, -0.27040729233702987, -0.9205427864539277, 0.28192352608215354
9.491474415290117, 19.752275239234237, 33.13248604072859, -0.15258796413990638, -0.24975981284022636, -0.9562096784124566, 0.9506447842872311, -0.30158976056576076, -0.07292537575748888, -0.2701692197625823, -0.9201432780887454, 0.28345183097128746
9.485970413496018, 19.743168331600423, 33.09788458168608, -0.15268477639527336, -0.25111389312607085, -0.9558395114956243, 0.9506875967696485, -0.30152190555511643, -0.07264732492502193, -0.26996379832391537, -0.9197969086431417, 0.28476866829945435
9.480459744199734, 19.73401620806045, 33.063291753453, -0.15292137383831195, -0.252201625239705, -0.9555152503491792, 0.9506991887879629, -0.30150378996328525, -0.0725707728750667, -0.26978900248400156, -0.9195051956700553, 0.2858742543050369
9.474937430942795, 19.724828636332628, 33.028706422463976, -0.15329784975249644, -0.25302334162454215, -0.9552376447012603, 0.950678983527008, -0.3015375720587104, -0.07269499925712213, -0.26964650849086846, -0.9192683401652035, 0.2867690346404154
9.46939849726672, 19.715615384135255, 32.994127455153595, -0.15381426782782834, -0.25357928423522114, -0.9550071819726499, 0.9506266254208503, -0.3016241854973581, -0.07301965327240102, -0.26953699199470826, -0.9190867191564723, 0.2874533225006041
9.46383796671304, 19.70638621918664, 32.95955371795649, -0.154470662443265, -0.25386960209180454, -0.9548240882896114, 0.9505418360097357, -0.30176382907494353, -0.07354460862135961, -0.269460632448563, -0.9189607263620013, 0.28792733625802763
9.458250862823277, 19.69715090920508, 32.92498407730724, -0.1552670383509172, -0.25389434990881143, -0.9546883291871315, 0.9504242766859579, -0.3019564342291218, -0.07426981966861093, -0.26941759609889765, -0.918890619667007, 0.2881912351204929
9.452632209138958, 19.687919221908885, 32.890417399640484, -0.1562033697615921, -0.253653487794583, -0.9545996099961317, 0.9502735179514217, -0.30220176988017766, -0.07519528816034471, -0.2694081445601682, -0.918876487026919, 0.2882451269904074
9.446977029201602, 19.67870092501635, 32.855852551390804, -0.1572795988314228, -0.25314688201922053, -0.9545573759158607, 0.9500890395588716, -0.30249944205590346, -0.07632106174555073, -0.2694326348116126, -0.9189182464614652, 0.2880890688982459
9.441280346552741, 19.66950578624578, 32.82128839899281, -0.15849563355026478, -0.25237430685317364, -0.9545608117798888, 0.9498702307652437, -0.3028488932081894, -0.07764723168637361, -0.2694915190715339, -0.9190156457443774, 0.28772306828887095
9.435537184733896, 19.66034357331547, 32.78672380888113, -0.1598513450329878, -0.25133544748135195, -0.9546088415316994, 0.9496163906995334, -0.3032494012578442, -0.07917392974679417, -0.2695853445681645, -0.9191682617867676, 0.2871470851636082
9.429742567286597, 19.65122405394374, 32.75215764749036, -0.16134656421568588, -0.25002990400113095, -0.9547001274332054, 0.9493267288517115, -0.3037000784038276, -0.08090132424885267, -0.26971475321810373, -0.9193754997185287, 0.2863610350829932
9.423891517752361, 19.64215699584887, 32.71758878125509, -0.16298107795994737, -0.24845719651487824, -0.9548330690371909, 0.949000359680376, -0.304199890222326, -0.08282960892846088, -0.26988050235897093, -0.9196365849011727, 0.2853647948815296
9.417979059672719, 19.633152166749184, 32.68301607660996, -0.16475462456954762, -0.24661677133089344, -0.9550058019620996, 0.9486362823491745, -0.3047477257040452, -0.08495897532897426, -0.27008353799090495, -0.919950537679357, 0.2841582142570887
9.412000216589192, 19.624219334362966, 32.648438399989544, -0.16666688872570737, -0.24450800828761793, -0.9552161965155924, 0.9482333730410104, -0.30534242466556694, -0.08728959818111437, -0.2703250237284009, -0.9203161617523484, 0.282741125349081
9.40595001204331, 19.615368266408534, 32.61385461782848, -0.16871747673106877, -0.24213026216829447, -0.9554618512467227, 0.9477903933685455, -0.30598275992237944, -0.08982160580050519, -0.2706063252841647, -0.9207320385283639, 0.28111337560422917
9.399823469576592, 19.606608730604172, 32.579263596561354, -0.17088902091351177, -0.23951204267175433, -0.9557358023776367, 0.9473101953257975, -0.30666152842037653, -0.09253162064223182, -0.2709249644514522, -0.9211909076853084, 0.27929728826985956
9.393615612730565, 19.5979504946682, 32.54466420262278, -0.17311627162222776, -0.23676483927309416, -0.9560194388105322, 0.9468078149433078, -0.30735522329716236, -0.09532957712184857, -0.27126687608681255, -0.9216697768701855, 0.2773789904483838
9.387321465046757, 19.589403326318912, 32.51005530244738, -0.17532581587202092, -0.23401520222422606, -0.9562937537267326, 0.9463012470499852, -0.3080384463842963, -0.09811353311746425, -0.2716151838915729, -0.9221438069396245, 0.2754559696257161
9.380936050066692, 19.58097699327461, 32.47543576246974, -0.17744457419623588, -0.23139018575483877, -0.9565416901654928, 0.945809454303007, -0.3086868610298801, -0.1007814366764408, -0.271952016428201, -0.9225892931114369, 0.27362583393527523
9.374454398147698, 19.5726812511888, 32.440804450358335, -0.1793998037379043, -0.22901728628411497, -0.9567480300485918, 0.9453523259046716, -0.30927706597964727, -0.10323117923209231, -0.2722584990875931, -0.9229836288050187, 0.2719862691984478
9.367877573948755, 19.56451517427138, 32.40616132615577, -0.18111906030271038, -0.22702433297636412, -0.9568990742140469, 0.9449505465844469, -0.3097863741033655, -0.10536065171421882, -0.2725148629062613, -0.9233051254360753, 0.27063498450617024
9.361223751877182, 19.556447550408766, 32.37150944723858, -0.18253603981010033, -0.22552931441103416, -0.9569833449500229, 0.9446238145175865, -0.3101944192518942, -0.10707600716885388, -0.27270211443384496, -0.9235344880437705, 0.2696620221259219
9.354514117988874, 19.548441836505173, 32.3368524161743, -0.1836189307175871, -0.22459193264432958, -0.9569966311712987, 0.9443829230688287, -0.3104919399431725, -0.10833120439790389, -0.27280942597004415, -0.9236629358274644, 0.26911298385712407
9.347769858339737, 19.540461489464857, 32.30219383553051, -0.1843481828174436, -0.22425068898741535, -0.956936453470436, 0.9442350865219541, -0.31067321204036347, -0.10909746422993212, -0.272829340197832, -0.9236848942194481, 0.2690174108083393
9.341012158985674, 19.53246996619204, 32.267537307874754, -0.18470403742268143, -0.2245437570283253, -0.9567991010339448, 0.9441870133156562, -0.31073190309546633, -0.1093460940533801, -0.27275502276919045, -0.9235939505964047, 0.2694047363650169
9.33426220598258, 19.524430723590953, 32.23288643577457, -0.18468322675370596, -0.2254796201529054, -0.9565830056255132, 0.9442402730342132, -0.3106663978112461, -0.10907197647085702, -0.27258468874115777, -0.9233879629747651, 0.2702818108885615
9.327539081022838, 19.516310895530932, 32.19824458426292, -0.18432982925894048, -0.22698317090293094, -0.9562955370450187, 0.9443829325825024, -0.3104899781127754, -0.10833674417482261, -0.27232956264835173, -0.9230788772463484, 0.2715915972363253
9.32084962906592, 19.508098997187048, 32.163613737125054, -0.18369616512533557, -0.2289644407229128, -0.9559450840935839, 0.9446003008609498, -0.3102184435464731, -0.10721375330155526, -0.272003659040919, -0.9226807693715349, 0.27326581802396005
9.31419628353544, 19.499791252033404, 32.1289953801845, -0.18283452188320104, -0.23133341581708317, -0.95553984131178, 0.9448774637371301, -0.3098676332660095, -0.10577631292406744, -0.27162127333739844, -0.9222076233584942, 0.2752362317901624
