9.740553855895996, 20.989059448242188, 37.682777404785156, 0.14408121384710765, 0.4642663853767245, -0.8738977784761641, 0.9542386932592741, -0.2990420362096816, -0.001541708922111822, -0.2620479347432013, -0.8336849428823806, -0.4861072884744938
9.758293823043738, 21.044917195822737, 37.63929147916113, 0.09739225564877456, 0.34776573652514836, -0.9325093785259023, 0.9552333013585399, -0.2956672229851727, -0.010499201298250608, -0.27936372082879474, -0.8897414713001509, -0.36099311036823684
9.759564360702617, 21.04792549915885, 37.58800934541575, 0.045649836406978186, 0.2221776214309582, -0.9739369573906198, 0.9557913919659211, -0.2932146961298761, -0.022089749145504597, -0.2904804769341014, -0.9298721667566711, -0.22574066096162368
9.757463157898197, 21.037705716523615, 37.534322060413544, -0.005961097889418805, 0.09704241720341765, -0.9952623948362918, 0.9556426203140412, -0.2925309155916143, -0.034246834341950964, -0.29446841520147116, -0.9513193116332969, -0.0909940644343595
9.7532782308987, 21.025586683709967, 37.48124206187084, -0.05264650204536125, -0.018269365779703103, -0.9984460807156265, 0.954990627063417, -0.29320434316599886, -0.04499016969980155, -0.2919267854161546, -0.9558752237727489, 0.03288325613420716
9.745910123052415, 21.010944249483334, 37.42909591642005, -0.09346056324185277, -0.12079439333760579, -0.9882681000906157, 0.9541995115318193, -0.2942059644392514, -0.05427838133923533, -0.28419784536648607, -0.9480778264607658, 0.14275860626413084
9.736425672750904, 20.99502671460043, 37.377473009074535, -0.12898104125292065, -0.21071752689069545, -0.969000523662594, 0.9534573197571096, -0.2949201804793696, -0.0627791888097087, -0.27254913391699004, -0.9319979672762625, 0.2389492803797775
9.725908005887993, 20.979097257935738, 37.32595746523764, -0.14725293227984482, -0.234738803721705, -0.960840396716484, 0.9522697064472027, -0.2962620398924501, -0.07356092646047183, -0.26739293206430503, -0.9258112646463463, 0.2671601058092071
9.715440248357497, 20.964419058363724, 37.27413341031264, -0.1601023089248892, -0.23488050726210688, -0.9587483496649237, 0.9505998617977116, -0.29837034559446785, -0.08564484584614203, -0.2659457715909222, -0.9250979862577442, 0.27104715898672666
9.705909404153944, 20.951964558797265, 37.22167558373779, -0.16967830597496222, -0.23150642717481396, -0.9579217330545433, 0.9490450660850057, -0.3003130742219725, -0.09552758759151761, -0.2655611700177083, -0.9253198536874159, 0.2706666461733423
9.69696717962548, 20.940877515328264, 37.168828876229206, -0.1741379161985368, -0.22363227356532595, -0.9589914454060758, 0.9479951677905755, -0.30155938980866936, -0.1018189386309924, -0.26642287437033285, -0.9268497940002071, 0.264515238453333
9.688060010046568, 20.9301467659174, 37.115898311996524, -0.17558925561786098, -0.2136740752564564, -0.960995214803312, 0.947285339183416, -0.30240218920249745, -0.10584612479301056, -0.2679904839350198, -0.928922120271035, 0.25550889415329314
9.679060353411963, 20.91962221140266, 37.062938753617374, -0.17616820283607282, -0.20404691324755975, -0.9629795540423748, 0.9467138253631958, -0.3030807687035912, -0.10897238415408228, -0.2696251048691366, -0.9308635264291877, 0.24656722813083654
9.669876972253748, 20.909227080023093, 37.009983757196245, -0.17800181878254187, -0.19715743874850924, -0.9640769143881804, 0.9460569405894971, -0.3038269297491048, -0.11254093442687155, -0.2707242465545855, -0.9321041471345144, 0.24060390940733206
9.660418629104012, 20.898884600017738, 36.957066878837594, -0.1815080778973309, -0.19518210705834957, -0.9638250685379995, 0.945349351799529, -0.3045952339249698, -0.11634580577916623, -0.27086790269470284, -0.932269107368927, 0.23980177383688617
9.650594086494838, 20.888517999625627, 36.90422167464594, -0.1716289344104848, -0.19974772014819409, -0.9646991018803326, 0.9472735952889145, -0.3024161245040526, -0.10591139366641857, -0.2705850042806054, -0.9320114462470663, 0.24111909821272284
9.640312106958312, 20.878050507085806, 36.85148170072573, -0.15850185475952988, -0.2075892451202377, -0.9652895251416533, 0.9497521115667535, -0.2993047034414681, -0.09158395641327019, -0.26990385068072265, -0.9313019917342734, 0.24459867452521789
9.629481453026527, 20.867405350637313, 36.79888051318146, -0.14625413313493169, -0.2175413493636016, -0.9650313413863889, 0.9520135735803906, -0.2960704876071726, -0.07753980968989502, -0.26884918497113536, -0.9300634535799772, 0.25040384992096615
9.618010887231566, 20.856505758519198, 36.74645166811763, -0.13445144175965723, -0.2291799843947817, -0.964053600460865, 0.954113165352315, -0.2926364141077312, -0.06349800657937513, -0.26756471648955404, -0.9283536308384732, 0.2580090281344599
9.606564131989026, 20.845136070590055, 36.69414772286578, -0.12265190903389826, -0.24207402903255434, -0.9624742457220797, 0.9560831820481589, -0.28894248747513374, -0.04916490553585233, -0.2661981559196221, -0.9262356090108111, 0.26688225565849133
9.603095517587112, 20.831620235431878, 36.64117057179081, -0.11041161198188386, -0.25578710144648636, -0.9604073274778607, 0.9579335928495272, -0.28494026361793046, -0.03423854348158728, -0.26490093927722896, -0.9237867745875934, 0.2764877709177978
9.601459295052205, 20.816666315451307, 36.58829214234667, -0.09728846292729658, -0.26987830863307893, -0.9579669375874058, 0.9596609551089316, -0.28055563816926965, -0.0184224083888934, -0.26379121710295317, -0.9211157540834825, 0.2862865022290786
9.599214324619226, 20.80075942202579, 36.53577314406607, -0.08284549871765033, -0.28390228018496716, -0.9552675639044802, 0.9612593295971843, -0.27564181887262873, -0.0014453203661168028, -0.26290135907711765, -0.9183795963512938, 0.2957393994736567
9.596513985505604, 20.78405017723934, 36.48356024698518, -0.06665429991217073, -0.29740865571938496, -0.9524207556570818, 0.9626985361545127, -0.27004472024682674, 0.016952213801489972, -0.2622379316368567, -0.9157641293313478, 0.30431451927376363
9.593511769120616, 20.766689188712032, 36.43160010756055, -0.049668338684822504, -0.30974454461802753, -0.9495216549461422, 0.9638473277219857, -0.26405022753513135, 0.03571842916244269, -0.2617849976134554, -0.9134198346970664, 0.3116613877375685
9.590361166873528, 20.748827064063928, 36.379839382248704, -0.046233284528297856, -0.31812840759907246, -0.9469196373928487, 0.9641135508096635, -0.2622976055405649, 0.04104908370315352, -0.26143363315936946, -0.9110402199717446, 0.31883878849181385
9.587215670173615, 20.730614410915095, 36.32822472750617, -0.04474866128209803, -0.3233038741345412, -0.9452365641907092, 0.9642142625563936, -0.2614830018557714, 0.04378921811730224, -0.26132051813106844, -0.9094510677931449, 0.32343522086133186
9.58422877043014, 20.712201836885615, 36.27670279978946, -0.04046313082751803, -0.3257570224831037, -0.944587262960166, 0.9643820885483051, -0.2600524813123123, 0.04837245342670213, -0.2613999279472819, -0.9089857365581994, 0.3246767752748935
9.581553959052384, 20.693739949595557, 36.225220255555136, -0.03337298856527893, -0.3254790027136513, -0.9449601380094024, 0.9646077961694951, -0.2579367873736654, 0.05477602841008437, -0.2615684292938496, -0.9096878764234904, 0.3225677049626464
9.579344727449607, 20.67537935666498, 36.17372375125971, -0.023477591515895627, -0.3224486189552213, -0.9462957734400398, 0.9648489605063767, -0.2551417840427271, 0.06300121780774393, -0.2617542475421882, -0.911553376478506, 0.3171043294000541
9.57775456703109, 20.657270665713973, 36.12215994335971, -0.012926764214252916, -0.3167848885019847, -0.9484093173222911, 0.9650029081475624, -0.2524015967910697, 0.07115350451007632, -0.2619203810964246, -0.9142979647544358, 0.3089610745906357
9.576936969206095, 20.639564484362587, 36.07047548831167, -0.008266402843869676, -0.3092223292388988, -0.9509538462428622, 0.965025072553338, -0.2516597660156864, 0.07344366216600766, -0.2620272427200034, -0.9170871895676006, 0.30048762171436016
9.577045425383897, 20.62241142023091, 36.01861704257213, -0.009220608808148853, -0.30068272681619923, -0.9536796517529259, 0.964999940885954, -0.25264486725802693, 0.07032556532498996, -0.26208795177060806, -0.919652363038637, 0.2924883530914327
9.578233426973771, 20.60596208093901, 35.96653126259761, -0.01424948072218138, -0.2920520630473738, -0.9562962641195045, 0.9649264531292822, -0.2547444955849803, 0.06342067502397823, -0.2621333484135342, -0.9218518505914748, 0.2854387381043119
9.58065445429374, 20.590367073309743, 35.914164805298874, -0.021837735327986777, -0.28420568158057363, -0.9585146028481081, 0.964768997384231, -0.2574240026229723, 0.054347626993213556, -0.26219057000962176, -0.9235583432739318, 0.2798143877057435
9.583282432543987, 20.575691638956627, 35.86151281687794, -0.0304874006717862, -0.2780363746983051, -0.9600866068979931, 0.9645122446029011, -0.2602215813370076, 0.04473095815585323, -0.26227208850991285, -0.9246515575886362, 0.2761029674551827
9.582691647865781, 20.561678147206045, 35.80871533183888, -0.03900440525298576, -0.2743226550514558, -0.9608463650846482, 0.96418332536503, -0.2627974297189734, 0.035889079413294285, -0.26235314265107135, -0.9250322112546251, 0.2747475872186787
9.579189001199808, 20.54798747840372, 35.75586792031292, -0.04747637690547457, -0.2732616325019655, -0.9607674400385819, 0.9638048623710039, -0.2651564412673402, 0.02778936711135624, -0.2623474431092087, -0.924672991849984, 0.2759595572493553
9.57375888405517, 20.53427959533683, 35.70305378224987, -0.05632591534727337, -0.2748834215317232, -0.9598262841927725, 0.9633792579151089, -0.2673923228897842, 0.020043729157504353, -0.2621598685520456, -0.9235477520012804, 0.27987810399199836
9.567385687940961, 20.520214460792563, 35.650356117599515, -0.0659687657543991, -0.27920115689939856, -0.9579639011627101, 0.9628863540838426, -0.26962783348196995, 0.01227601445681466, -0.26172120866289394, -0.9216005346123973, 0.286625999410691
9.561053804366276, 20.505452037558094, 35.597858126311706, -0.07467904243846718, -0.2860876940433321, -0.9552888944907936, 0.9624329774738687, -0.27145181145920677, 0.006056230370376423, -0.2610475138576452, -0.9189492615876484, 0.2956119925447182
9.55557588181359, 20.48972899071425, 35.545623344868254, -0.07638884389589508, -0.29492636925625476, -0.9524616429261452, 0.9624981076136794, -0.27120357255989497, 0.006783440928886079, -0.26031161589205826, -0.9162243496808372, 0.3045829996628054
9.551053317934155, 20.47309963765756, 35.49363387612175, -0.07179124512999376, -0.30483410549270623, -0.9496958382825245, 0.9630395240059726, -0.26901909306357286, 0.013550009948427137, -0.2596168182630603, -0.9136218559643341, 0.31288050750925783
9.547403415007297, 20.455700514769212, 35.44185074519299, -0.06283968639587838, -0.3148812091820317, -0.9470485721005704, 0.9638220109236562, -0.26543656072730826, 0.02430151205866892, -0.259033405322069, -0.9112591598076365, 0.3201693904700028
9.544543475036459, 20.43766815855365, 35.39023497717119, -0.05148451354656587, -0.3241537420211929, -0.9446024012242037, 0.9646087090561231, -0.26107435988829064, 0.0370164425897351, -0.25861048563032657, -0.9092659292762362, 0.32612280904510416
9.542390800025075, 20.419139105515285, 35.338747597145556, -0.03966561029080369, -0.3317726399733673, -0.9425250950109288, 0.965230777626856, -0.2566284385427408, 0.049713081306327, -0.2583721836462139, -0.9077823306807735, 0.33041648690958214
9.540862691976583, 20.40024989215856, 35.28734963020533, -0.029011822802913066, -0.3370289364009161, -0.9410471880655717, 0.965627889398816, -0.25273096172783033, 0.06074405484747998, -0.2583042650690075, -0.9069391142808834, 0.3327767264016021
9.539876452894415, 20.381137054987875, 35.23600210143965, -0.01986533907336408, -0.3397974288928454, -0.940288825638863, 0.9658493032754945, -0.24953406018484617, 0.06977016676135606, -0.25834181168704023, -0.9067912991011092, 0.3331501886668844
9.539349384782012, 20.361937130507677, 35.1846660359378, -0.012230177996535202, -0.34009688807871746, -0.9403108685245245, 0.9659557158585967, -0.24704825622254126, 0.07679006509638729, -0.2584182225507305, -0.9073595019707316, 0.3315399771326939
9.53919878964281, 20.342786655222383, 35.13330245878897, -0.006107373756757171, -0.3379384882575908, -0.9411483826368557, 0.9659962775956757, -0.24527452543165845, 0.08180219340319021, -0.25848383248685686, -0.9086462377231576, 0.3279453049129651
9.539341969480244, 20.323822165636418, 35.08187239508235, -0.001495934987503514, -0.33332190301825915, -0.9428118959510424, 0.9660066524100818, -0.24421124389389026, 0.08480575366840538, -0.25851288106781173, -0.9106356995660148, 0.3223564998537091
9.539696226297746, 20.3051801982542, 35.03033686990717, 0.001629995870715791, -0.32612214802084005, -0.9453262334684966, 0.966009167442188, -0.24385649636096718, 0.08579217680071066, -0.2585026721933687, -0.9133336486480869, 0.31463949961195414
9.540178862098756, 20.286997289580167, 34.97865690835263, 0.003346891665241874, -0.3161173907752665, -0.9487141790685003, 0.9660156999235774, -0.24418698828928068, 0.0847725324109845, -0.25846172988924665, -0.9167565162024474, 0.3045570951119183
9.540707178886713, 20.269409976118737, 34.92679353550795, 0.004036234768041597, -0.30411674600078237, -0.9526262192543268, 0.9660299952946824, -0.24497533694835966, 0.08229904299561273, -0.25839844620247493, -0.920597680362564, 0.2927971207358663
9.541198478665049, 20.25255479437434, 34.874707776462344, 0.004325232530266954, -0.29179472446800625, -0.9564711867778346, 0.9660504252500539, -0.24585849643179264, 0.07937364554112498, -0.2583173788922245, -0.9243427061998913, 0.2808250224914305
9.541570402443112, 20.236569929494056, 34.822360210690796, 0.00484938102914471, -0.2808815907212231, -0.9597301784864064, 0.9660716217882346, -0.24651986665028736, 0.07702971454039625, -0.2582287843736336, -0.9275416364458471, 0.27015626511387
9.541753952130037, 20.22165854292405, 34.769693855122775, 0.006246437243378964, -0.2731379013112354, -0.9619546085388115, 0.9660802993622244, -0.24670561863719317, 0.07632295144342212, -0.25816629757960213, -0.9298021427164671, 0.26233211430152176
9.541707768033447, 20.20807307342228, 34.71663927488299, 0.009122125403193357, -0.27030040971170777, -0.9627328161737354, 0.966057731174682, -0.24618252931368814, 0.07827274301020144, -0.25816515424385683, -0.930769493897602, 0.2588800926372046
9.54155775482234, 20.19548991499486, 34.66329689283855, 0.01172589117178708, -0.2718360793063805, -0.9622721285912643, 0.9660145715302139, -0.24543392264023164, 0.0811050997701508, -0.25822151550079003, -0.9305199275699387, 0.2597196822108622
9.541565131118, 20.183111480424603, 34.609906779538434, 0.010248059848051586, -0.27471621705919713, -0.9614707366082624, 0.9660100142158285, -0.24565545142277745, 0.08048634431384187, -0.25830143186611576, -0.92961518881253, 0.26286112497849295
9.54199505595142, 20.170126379924916, 34.55671307214169, 0.005109058129221551, -0.2786478343074075, -0.9603797592415324, 0.9660277509868057, -0.24678164017215756, 0.07674116494629173, -0.25838785158827887, -0.9281455739859622, 0.2679207189484648
9.543112688353606, 20.155723223709213, 34.50395990780741, -0.002618686835786727, -0.28390311264039336, -0.958849396470766, 0.9660191456374623, -0.24854147765901144, 0.07095170290375376, -0.25845725515280765, -0.926081074483315, 0.2749066946123817
9.545166811651633, 20.13910624178429, 34.451886887642104, -0.011913247905741622, -0.29084408378158183, -0.9566962911256573, 0.9659487007247338, -0.25064948946980986, 0.06417118509675683, -0.2584592464829512, -0.9233550521645376, 0.2839265143477961
9.547118122928389, 20.120709376087078, 34.40037647111626, -0.022060955477769022, -0.29878130353604027, -0.9540665841023426, 0.9658044694675821, -0.2529543386918793, 0.05688435016237857, -0.25833126214194435, -0.9201868479793974, 0.29414473275224806
9.54680059701157, 20.1023354962639, 34.34890592158681, -0.032599157935608906, -0.3061786151894792, -0.9514157611173687, 0.9655777029767224, -0.2554351375209242, 0.0491181232730127, -0.25806393474502703, -0.9170646357374814, 0.3039662143455998
9.544364900337614, 20.08426897086473, 34.29737549890506, -0.042972776928372265, -0.3115801075641162, -0.9492476900226822, 0.9652562352700653, -0.25806698212463125, 0.04101015739235387, -0.257747435904462, -0.9145049312646811, 0.3118444964678008
9.540324978634283, 20.0665468345229, 34.24575470970068, -0.05111908970774395, -0.31474549486209574, -0.9477985609460831, 0.9649241541236042, -0.26026701657098356, 0.03438687066434158, -0.2575038163917157, -0.9127958991742097, 0.31701014336208205
9.53519477762933, 20.04920612187176, 34.19401306060332, -0.053814086854490684, -0.31636264839370065, -0.9471107214879055, 0.9648002264397508, -0.26098564384987044, 0.032357638450205714, -0.25741904964050927, -0.9120313417890814, 0.3192714589132337
9.529488243050523, 20.032283867544663, 34.14212005824265, -0.04856465935611385, -0.3169392562965295, -0.9472016584021733, 0.9650504519937732, -0.25939394739444765, 0.03731494555457056, -0.257524948244318, -0.9122852009505192, 0.3184597512377852
9.52371932062562, 20.015817106174964, 34.09004520924833, -0.03579094934040578, -0.3155900549479075, -0.9482203990440667, 0.9655318459009398, -0.2556965158052916, 0.04865743885736344, -0.25781245605369096, -0.9137954962807657, 0.31386386934553767
9.51846019537605, 19.999798335388697, 34.03777596698329, -0.018673356203631402, -0.31188452783222925, -0.9499364963338126, 0.9659217696283084, -0.25094830520237393, 0.06340412505644384, -0.25815971941069604, -0.916380373761313, 0.30594210213513795
9.515115709497858, 19.98358329957685, 33.9855563723353, 8.385036008508364e-05, -0.30731903437126673, -0.9516065384822812, 0.9660501017849057, -0.24582720835323138, 0.07947442654483436, -0.25835478282874974, -0.919306257319273, 0.2968649717348621
9.515690904032924, 19.9660691494333, 33.933816353265456, 0.018611636777551684, -0.3033406433798706, -0.9527004046657831, 0.9658881033470368, -0.24070338485092896, 0.09550943583735289, -0.25829010586765483, -0.9219795738492214, 0.28851323473228035
9.520530155434587, 19.947453596232144, 33.8825467482289, 0.03829010008016067, -0.3008060424840184, -0.9529163620386388, 0.9653870433541922, -0.23507364341077863, 0.11299663135436017, -0.257995590581898, -0.924259761635594, 0.2813932626443153
9.527223420912302, 19.929986450732383, 33.831036228579585, 0.05781528322487086, -0.2986491118149959, -0.9526101516558292, 0.9645391545260708, -0.22943825169658233, 0.1304695675034921, -0.2575298281981342, -0.9263729252685065, 0.27479372430554105
9.534138546981428, 19.914111655707444, 33.779090576853996, 0.06388788799056952, -0.29006850513040916, -0.9548709861020568, 0.9643267109099991, -0.2283578559908762, 0.13389056812469388, -0.2568897280811506, -0.9293615829905281, 0.26513150636567595
9.540315759149745, 19.898983532710343, 33.72689201590424, 0.054828638210912474, -0.27655862788834623, -0.959431678532897, 0.9650584276124957, -0.23190301033746966, 0.12199682410012463, -0.25623436874477673, -0.9325965468180412, 0.2541803083187822
9.54527916224375, 19.88382515277786, 33.67460550224321, 0.03729201132243721, -0.2645848111644266, -0.963641107255503, 0.9660065605688415, -0.23731109992713498, 0.10254153689764249, -0.2558136642743785, -0.9347076117976455, 0.24674085518628142
9.550328723567876, 19.868195880612635, 33.62230834753564, 0.012678595445753428, -0.2538451940627351, -0.9671617603424855, 0.9666879561622705, -0.24417677279211394, 0.07676000937754301, -0.2556435968850679, -0.9359168344890911, 0.24229327331063946
9.55526893694441, 19.852746316158072, 33.56988511830636, -0.015188631192414995, -0.24572839836719504, -0.9692197169467787, 0.9666442747273859, -0.2514681031182089, 0.04860698767559977, -0.2556719609563529, -0.9361524167303222, 0.2413514056944981
9.553364352130586, 19.841468865539643, 33.5166627567675, -0.043350276682083, -0.24077448331916917, -0.969612500792958, 0.9657744504305947, -0.2585302420580448, 0.021019629799105162, -0.2557351450369494, -0.9355157733164075, 0.24374120182918316
9.544974325949259, 19.832966859046092, 33.46303056306976, -0.07003040724577318, -0.23742184536778152, -0.9688790478708621, 0.9642303069268138, -0.2650232884362712, -0.004750977820131206, -0.25564752544238245, -0.9345552546150401, 0.24748902764891265
9.535940248281, 19.822258024230162, 33.410037890658444, -0.09436303792412569, -0.23424499685749653, -0.9675871529329859, 0.9622198167785843, -0.2708010663702231, -0.028280853087162078, -0.25539898447785114, -0.9337002002248802, 0.25094878925330744
9.527405298616245, 19.8096533952629, 33.357521186822005, -0.11867903664415637, -0.23038062979549145, -0.9658364518262126, 0.9596143285534793, -0.2764775486384513, -0.0519663884999517, -0.2550600452757548, -0.9329978191367361, 0.2538886424990775
9.518975255197992, 19.796643751189574, 33.305080098179516, -0.1426394084721792, -0.22695261797291016, -0.9634036061516218, 0.9564710474369731, -0.28197526189910677, -0.075187014116466, -0.2545920944678493, -0.9321922874987609, 0.257294392792189
9.51059803960374, 19.783397078369198, 33.25267420272813, -0.15434272683187303, -0.23152379568419348, -0.9605077067395584, 0.9549386220321592, -0.2844031798259601, -0.08489440179542915, -0.2535163719080544, -0.9303287393910105, 0.2649865767123131
9.502256447160299, 19.769947150565535, 33.20029958677039, -0.15440119249895334, -0.241467810952014, -0.9580467462649949, 0.9553196880371145, -0.28385090334386515, -0.08241940499385925, -0.2520408010691349, -0.9279665731829537, 0.2745058717978809
9.493933273194473, 19.756327741542353, 33.147952336608896, -0.1534019523894469, -0.24739294430986106, -0.9566946075466318, 0.9557366845875963, -0.2831289519563115, -0.08003365728011075, -0.25106817945851967, -0.9266254516630863, 0.2798750463931466
9.485611313033067, 19.742572625063417, 33.095628538546194, -0.1534463697686526, -0.24976780927793424, -0.9560702134536582, 0.9558583608575927, -0.2828639835191961, -0.07951578966650648, -0.2505773445135416, -0.9260691163601956, 0.2821471001807187
9.477273362002887, 19.728715574892487, 33.04332427888487, -0.15387214938969968, -0.25128475545143025, -0.9556041718828507, 0.9558757532749245, -0.2827949072702785, -0.07955240237158422, -0.2502496871991847, -0.9256797567732102, 0.28371126512177963
9.468902215430747, 19.71479036479334, 32.991035643927496, -0.1546178255568609, -0.2521932013341992, -0.9552444279978167, 0.9558055253422999, -0.2829002118130802, -0.0800204216512535, -0.250058244705505, -0.9254004859286181, 0.28478907088910455
9.460480668643447, 19.700830768529737, 32.93875871997665, -0.15568353283801803, -0.2524936959416756, -0.954991922014415, 0.9556569305802632, -0.2831431609196539, -0.08093072011502657, -0.24996493481483273, -0.9252442293438742, 0.2853780780453831
9.451991516967798, 19.686870559865454, 32.8864895933349, -0.15706923808262108, -0.25218631771714056, -0.954846226156031, 0.9554346885520055, -0.28350117143110826, -0.08228998547041762, -0.2499476152310261, -0.9252184320221138, 0.28547686891736807
9.443417555730601, 19.672943512564242, 32.834224350304815, -0.1587747315589951, -0.2512706750575828, -0.9548055469437092, 0.9551369231209642, -0.28397351496913137, -0.08409816220996603, -0.2500080852880288, -0.925322695416136, 0.28508571805411537
9.43474158025867, 19.65908340038988, 32.781959077188986, -0.1607996109517438, -0.24974591975988766, -0.9548667240411384, 0.9547611149199241, -0.2845593007690056, -0.0863551838786652, -0.2501493524969259, -0.9255554980168086, 0.28420471765300864
9.425946385878808, 19.645323997106132, 32.72968986028997, -0.163143258249698, -0.2476107734590385, -0.9550252259258334, 0.9543043845457099, -0.2852564311719195, -0.08906127167233721, -0.2503745572627264, -0.9259145064972666, 0.2828337103907826
9.41701476791782, 19.631699076476764, 32.67741278591035, -0.16580003268444224, -0.24487178369152135, -0.9552738658173219, 0.9537644467712888, -0.28606058044367977, -0.09221021847540802, -0.25068651586572294, -0.9263947073833906, 0.2809788548897352
9.407929521702519, 19.61824241226554, 32.625123940352694, -0.16867804931186212, -0.2416834956054521, -0.9555819188495952, 0.9531592764829399, -0.2869371581001493, -0.09567894729734873, -0.25106793768791724, -0.9269607085811887, 0.27876286591258304
9.398673442559705, 19.604987778236232, 32.572819409919575, -0.17161121915147748, -0.23832980668073717, -0.9559019263025187, 0.9525262524730158, -0.2878274024426138, -0.09924275667699892, -0.2514822614242523, -0.9275528500579685, 0.2764098090486009
9.389229325816187, 19.591968948152598, 32.52049528091356, -0.17443183892656136, -0.23510027858973212, -0.9561910858064556, 0.951906044980924, -0.2886747163534667, -0.10267321786630054, -0.2518896883508204, -0.9281135529369647, 0.274147437991404
9.379579966798776, 19.57921969577842, 32.468147639637245, -0.1769747404388925, -0.2322831019778203, -0.9564123074187973, 0.9513416229258679, -0.2894259178516782, -0.10574381572692304, -0.25224800838730616, -0.9285888210673631, 0.27220165990192347
9.369710732519826, 19.56676924032905, 32.41577303649667, -0.17912800033531828, -0.23007896811624656, -0.9565442111718796, 0.9508649843374668, -0.29004668797706584, -0.1082991244398755, -0.25252512955501927, -0.9289438019730246, 0.27072951763544917
9.359653341623712, 19.554564710598136, 32.363376386821685, -0.18084319045123187, -0.2285821037198905, -0.9565803480766312, 0.9504930140761241, -0.29052301763385807, -0.11026969854589332, -0.2527029296622907, -0.9291644623444798, 0.26980480213700625
9.349479704373374, 19.542482054564886, 32.310969859189, -0.18207547598291648, -0.22788015419283916, -0.9565140649099951, 0.9502414331510727, -0.29084116062778, -0.11159138859106188, -0.25276419795649446, -0.9292373510625441, 0.2694962070636178
9.339263062856089, 19.530394861499268, 32.25856586252516, -0.18277963342471648, -0.22806039818919285, -0.9563367923398707, 0.9501252737818776, -0.29098643547274744, -0.11220008240539156, -0.25269263884418625, -0.9291476465818829, 0.2698723422755846
9.329075811057344, 19.518178204360574, 32.206176711021754, -0.18290984172624497, -0.22920956414067384, -0.9560371151300154, 0.9501584641744372, -0.2909429488125126, -0.1120316629081017, -0.2524735288250134, -0.928878450736544, 0.27100173615665846
9.31896225570356, 19.50575629262196, 32.15381158145716, -0.18242422845462344, -0.2314053060458789, -0.9556008503588455, 0.9503522207856177, -0.29069452834206866, -0.11102858929044836, -0.25209533379374593, -0.9284116950608687, 0.27294627155105905
9.308932814544935, 19.49311262193144, 32.10147586513109, -0.1813656393977963, -0.2345753094123297, -0.9550292817814218, 0.9506938644186667, -0.2902507126485813, -0.10925062912263983, -0.2515704295073855, -0.9277547887352027, 0.27565081348758813
9.2989958840462, 19.480234224021522, 32.04917472756087, -0.17985082974619132, -0.23851758389312536, -0.954339059880393, 0.9511503747414345, -0.289644778575881, -0.10685909822264895, -0.25093155176030646, -0.9269386519168973, 0.2789589430608918
9.289159860672079, 19.467108130624705, 31.996913334263777, -0.1779992312210609, -0.24302609517141174, -0.953548420768682, 0.9516879753210171, -0.2889120536494319, -0.10401837763323767, -0.25021245235618145, -0.9259957571834786, 0.2827111359039505
9.279433140887303, 19.453721373473503, 31.944696850757182, -0.17592917802300864, -0.24789825588645673, -0.9526780038652102, 0.9522739254794521, -0.28808945466980607, -0.10089022232113737, -0.24944597646004096, -0.9249599563421687, 0.28675038620966165
9.269824121156603, 19.440060984300416, 31.892530442558403, -0.17370685685501, -0.25302044339336, -0.9517387157758059, 0.9528895835798478, -0.28719761779292763, -0.09756520813841199, -0.24865109970916527, -0.9238496541965554, 0.29098874042534334
9.260341197944706, 19.426113994837944, 31.840419275184754, -0.17133503807608935, -0.25838544539430697, -0.9507267043350842, 0.9535325249949066, -0.28623518781442014, -0.09404860995082104, -0.24783064480467917, -0.9226626571316461, 0.2954210429716673
9.250992767716347, 19.411867436818614, 31.788368514153568, -0.16881268611570754, -0.2639922475566363, -0.9496369676020385, 0.9542004349853871, -0.28520213095527763, -0.09033977181876689, -0.24698948738781942, -0.9213945071078753, 0.3000472552637966
9.24178722693625, 19.397308341974902, 31.736383324982157, -0.1661387576134019, -0.26983967317002594, -0.9484642660649735, 0.9548910464309359, -0.2840977327839169, -0.08643823039066743, -0.24613208377760767, -0.9200407757325388, 0.30486713224741213
9.232732972069144, 19.382423742039332, 31.68446887318785, -0.16331221274846022, -0.27592636215368577, -0.9472031270196667, 0.9556029229194642, -0.282917653372187, -0.08234473339656691, -0.24525940323457185, -0.9185979773976254, 0.3098799461824105
9.223838399579762, 19.367200668744406, 31.63263032428798, -0.16036058399506625, -0.28217528824492283, -0.9458655241653837, 0.9563278983943279, -0.28166718306875116, -0.07810600959466941, -0.24437969198247492, -0.9170827142008563, 0.315020414355231
9.21511190593283, 19.35162615382262, 31.580872843799863, -0.15811062153996652, -0.28637688464248395, -0.9449811169006029, 0.9568472795168627, -0.2807413311128027, -0.07501725592282418, -0.24381204858953193, -0.9160636358613288, 0.31840712934087795
9.20656188759308, 19.3356872290065, 31.529201597240828, -0.15684606177066737, -0.2876724498707677, -0.9447983247722144, 0.95709114750812, -0.2803003304001099, -0.07354087393538068, -0.24367159922449377, -0.9157927092759256, 0.31929275808955926
9.19819674102524, 19.319370926028533, 31.4776217501282, -0.1563905118164681, -0.28638052321964597, -0.9452662078664533, 0.957107045678443, -0.280273235958622, -0.07343715897258987, -0.24390184691073177, -0.9162058224687969, 0.3179288913386287
9.190024862694042, 19.30266427662123, 31.4261384679793, -0.15656367848877567, -0.2828130066968147, -0.9463110576449852, 0.9569380978214244, -0.2805777327752632, -0.07446887140683081, -0.24445304562630715, -0.9172202238905335, 0.3145628226129436
9.18203892304479, 19.285595493857997, 31.374746746355964, -0.15718359052305667, -0.27727588869191194, -0.9478456627639283, 0.9566239128582141, -0.28112945239128606, -0.07639974048395384, -0.24528352618575902, -0.918740612223214, 0.3094376823103385
9.173793112420437, 19.269358165479403, 31.323152352072462, -0.15806777515177814, -0.27007167967985096, -0.9497767455004734, 0.956201547464703, -0.281848865639105, -0.07899251587370212, -0.24635985688556133, -0.9206641650313396, 0.30279418115689083
9.16514313927169, 19.254412182961797, 31.271237569026994, -0.15903386115205903, -0.2615024745435354, -0.9520108648616754, 0.9557061519125738, -0.28266695459123703, -0.08200697518245532, -0.24765698496817715, -0.9228845261405801, 0.29487314087035627
9.15619492155576, 19.240573535958948, 31.21904274987769, -0.15989994575851935, -0.2518728547294513, -0.954459046998277, 0.9551746444184868, -0.283517137532035, -0.08520229683323409, -0.24914535116361283, -0.9252989234707225, 0.28591693936785595
9.147054377229864, 19.22765821412462, 31.166608247282724, -0.16048493877642092, -0.24149208417126186, -0.9570403114334048, 0.9546479720602856, -0.28433013471535296, -0.0883381227666354, -0.25078244329919186, -0.9278135307136717, 0.2761706326847919
9.13782742425122, 19.215482207112583, 31.11397441390024, -0.16058109058871234, -0.23075154337066672, -0.9596704843733578, 0.9541792690947211, -0.2850217606909565, -0.09112913015326615, -0.252498783710345, -0.9303312964555597, 0.2659474441691704
9.128619980577048, 19.203861504576604, 31.06118160238838, -0.15920853939465915, -0.22221149543634025, -0.9619119981992972, 0.9540318588267407, -0.28523118227667144, -0.09201296104705059, -0.25392095881871013, -0.9323439408034986, 0.25740808596388215
9.119537964164559, 19.192612096170443, 31.0082701654053, -0.1559316807138574, -0.21708389828464986, -0.9636181256365467, 0.9543176115831896, -0.28483542121308436, -0.0902589554810006, -0.25487880879333236, -0.9336719787633688, 0.2515818532807709
9.110687292970974, 19.18154997154787, 30.955280455609145, -0.15075404816620808, -0.21537745111629453, -0.9648242174158713, 0.9550157536838919, -0.2838547994766097, -0.08585664231544114, -0.25537839998145595, -0.9343655635589005, 0.2484811189168498
9.102173884953508, 19.17049112036266, 30.902252825658074, -0.14409433086094744, -0.21671257726821885, -0.9655425845955745, 0.9560179517202398, -0.2823870233201305, -0.07929214998367287, -0.25547309017266967, -0.9345015933181507, 0.24787148340110576
9.09410365806938, 19.159251532268563, 30.84922762821023, -0.13769457630149012, -0.21968458942971691, -0.9658047860847708, 0.957004044796165, -0.2808538297199138, -0.07255607883173885, -0.25531052054494924, -0.9342696652994543, 0.2489110897495583
9.086582530275805, 19.147647196919355, 30.796245215923765, -0.13204571653611585, -0.22378455709959955, -0.9656523187712023, 0.9578922325179404, -0.2793829780785129, -0.06623913074442622, -0.2549635260704161, -0.9337374489457502, 0.25125281453154513
9.079716419529996, 19.135494103968796, 30.743345941456816, -0.12736110160112205, -0.22866234906989188, -0.9651386842919455, 0.9586514542109255, -0.2780494652841396, -0.060629070539485276, -0.2544927094009306, -0.9329533884246538, 0.2546201796573291
9.073611243789179, 19.12260824307066, 30.69057015746756, -0.1238535523319769, -0.23396992382473222, -0.9643227531901335, 0.9592550518253969, -0.2769340864301993, -0.05601122495112884, -0.25394889864341863, -0.9319686617684738, 0.2587361017702686
9.06813202846964, 19.10898892910605, 30.637855694838034, -0.12173573890482395, -0.2393612384520045, -0.9632687098624242, 0.9596791357253719, -0.27611930073367336, -0.05266961378015021, -0.2533700186026348, -0.9308406573034237, 0.2633235735444714
9.062423017492788, 19.095208091813355, 30.5851734119089, -0.12122062501852764, -0.24449137872838161, -0.9620444510507883, 0.9598992139032019, -0.2756881261782944, -0.05088768252058631, -0.2527826323506674, -0.9296343489844789, 0.26810616921300306
9.056324784688538, 19.081369232236348, 30.532575525379862, -0.12252174515479633, -0.24901500479017977, -0.9607184547793228, 0.9598851266829379, -0.27572599231035283, -0.05094821623326662, -0.2522081789655196, -0.9284216200379103, 0.2728082291813764
9.049824251579903, 19.067474714667643, 30.480053491374857, -0.1258262337570466, -0.2526469236796493, -0.9593421135620632, 0.9596006186388607, -0.27631114764568565, -0.05309239488514217, -0.25166329014465505, -0.9272657017500073, 0.27720733531354036
9.04290833968988, 19.053526903399835, 30.427598766017784, -0.13111147218260347, -0.2555884241460911, -0.9578540281820754, 0.9590376570749708, -0.2774344000606762, -0.05724444056083982, -0.2511106413003265, -0.926123485883762, 0.2814937560946038
9.035563970541482, 19.039528162725517, 30.375202805432576, -0.1378287028678567, -0.25864288867061963, -0.9560894857731056, 0.958267582584579, -0.27891425101371603, -0.0626903561081348, -0.2504525680308969, -0.9248300907310355, 0.2862914851076674
9.027778065657712, 19.025480856937293, 30.32285706574314, -0.14409461162836326, -0.263632582336593, -0.9538000861974226, 0.957591040131307, -0.28017881101485853, -0.06722524613968837, -0.24951180885864432, -0.9230372123532398, 0.29282445569188315
9.01953754656158, 19.011387350327766, 30.27055300307341, -0.1492869830572751, -0.2715002570403227, -0.9507896755417022, 0.9571457995219532, -0.28100890749978835, -0.07004221843471432, -0.24816388767735262, -0.9205007356503383, 0.30181630260813985
9.010844773931538, 18.997216985982448, 30.218293972113813, -0.15305542727826177, -0.2830207764125841, -0.9468227269660814, 0.9570379604035891, -0.28122551569172255, -0.07064383674789311, -0.24627703613452676, -0.9169577140974075, 0.3139047180754859
9.001823277609036, 18.982679950840783, 30.166176709563416, -0.15555033938063495, -0.29675898031734005, -0.9421985987675751, 0.9572137118219424, -0.280898260602811, -0.06955628720953178, -0.24402049466925693, -0.9127049220812431, 0.3277555848342531
8.992653788704155, 18.96736408998592, 30.114342035691923, -0.15836304270957957, -0.30681006152513773, -0.9385034538299286, 0.9571995152557181, -0.28091532624007404, -0.06968261962391235, -0.24226067509602536, -0.909370202739442, 0.33816504797457125
8.98351737627506, 18.95085652569891, 30.06293103121708, -0.16220293388829934, -0.3168413121693014, -0.9345061750148382, 0.9570196366213394, -0.28126120607164085, -0.0707499051609655, -0.24042384107901538, -0.9058166022225258, 0.34884475025267486
8.97459510937992, 18.932744380260818, 30.012084776856668, -0.1668656029793119, -0.32679637109269316, -0.9302472802341308, 0.9566930786437448, -0.2819062615360156, -0.07257556738972994, -0.23852510102189312, -0.902071500241214, 0.35968428466512314
8.96606804322654, 18.91261434149838, 29.961944366135803, -0.17209155859666775, -0.33632493713673794, -0.9258887795625017, 0.9562401775583623, -0.2828055326372266, -0.0750050233846127, -0.23662040969223558, -0.8982797823449796, 0.3702758624962405
8.957822544995313, 18.891217895124775, 29.912225851475526, -0.1778421134375571, -0.3446059714766977, -0.9217477459211194, 0.955628783769579, -0.2840039290240554, -0.07820099698836584, -0.23483145087304255, -0.8947561079542853, 0.3798232443642189
8.948938923641908, 18.871720866530598, 29.861838999751875, -0.18418672837109445, -0.3506030966241439, -0.9182334766983362, 0.9547951599945763, -0.28559458377492525, -0.08247385142794547, -0.2333269198847066, -0.891915468167241, 0.38735687176185135
8.939040848946618, 18.852163829874204, 29.81161267184372, -0.19120005299495488, -0.3532786775584925, -0.9157711044345356, 0.9536586128494301, -0.2876963384820628, -0.08812529127393064, -0.23233120727277945, -0.8901825615044012, 0.391914808753938
8.928232681721784, 18.832592017813298, 29.761554718647208, -0.19895433801835374, -0.3515798726321644, -0.9147725206539764, 0.9521242501224584, -0.2904262728119951, -0.09545675664550268, -0.23211329930106286, -0.8899686360880836, 0.3925292894384973
8.916660520695743, 18.81316943000587, 29.711592011097363, -0.20750518590863937, -0.3444271440450259, -0.9155935453387644, 0.9500855145628407, -0.29387047128622334, -0.10477433428027724, -0.23297878194995203, -0.8916333823668784, 0.38821488715673536
8.90447046459683, 18.794060066109918, 29.661651420129257, -0.216360730258138, -0.33288434907563785, -0.9178104622102835, 0.9476554005714483, -0.29770323873820365, -0.11542107005461393, -0.2348132793730653, -0.8947406282187443, 0.3798709413008499
8.891808612153392, 18.77542792578344, 29.61165981667794, -0.22362474905348456, -0.32251152018110807, -0.9197707817501253, 0.9455281693424702, -0.30083321666442026, -0.12440199649207886, -0.23657652586561345, -0.8974885487301824, 0.3722174798522338
8.878821062093767, 18.75743700868443, 29.561544071678465, -0.22836702871944176, -0.3097235450011143, -0.9229950302497822, 0.9437495004521114, -0.3032890852603776, -0.13172931017170603, -0.2391346494973989, -0.9011587298771877, 0.3615626681170086
8.865653913146291, 18.74025131447088, 29.511231056065874, -0.23061205154367997, -0.29545497485763433, -0.9271054090634406, 0.9423996245513772, -0.305056156665403, -0.1371994494375123, -0.242282953028558, -0.9053436359263857, 0.34878628350231006
8.852453264039308, 18.724034842800787, 29.46064764077524, -0.23049333641094058, -0.2810500754143162, -0.9316027463354538, 0.9415488813028179, -0.30613361540238004, -0.14059841264423956, -0.24567972237766217, -0.9095565208552324, 0.3351841424980604
8.839365213501157, 18.70895159333215, 29.409720696741605, -0.22816472543327984, -0.26786021088258993, -0.9360511553830221, 0.9412544167359295, -0.306522338142478, -0.14171866212596607, -0.24895979804591215, -0.9133974839277821, 0.32206219168250066
8.826535843237716, 18.69516541925895, 29.358377136369715, -0.22402485203476735, -0.2566097199751202, -0.9401937658190949, 0.9414706023222569, -0.3063159500167414, -0.1407254196238479, -0.2518848360536368, -0.9166907823140973, 0.3102128930051118
8.8140915823755, 18.682671079820917, 29.30659174918281, -0.21878649027950192, -0.24714824006234729, -0.9439545641106153, 0.942021458854957, -0.30573034520908, -0.1382914569852931, -0.2544170645376521, -0.919481758085728, 0.29970861485720274
