9.740553855895996, 20.989059448242188, 37.682777404785156, 0.14957885591242778, 0.476777957676419, -0.8662037548624644, 0.9533530956494666, -0.3018535539510195, -0.0015188754781214127, -0.26219084819937605, -0.8255708395050311, -0.4996886511413381
9.75797159777644, 21.043903861241944, 37.64136764811078, 0.10361860171108796, 0.36019012385365873, -0.9271063909054477, 0.9542605851613402, -0.2988269582502364, -0.00944376145653715, -0.2804459323773041, -0.8837225377352314, -0.37467926992539513
9.759742299800806, 21.048677597384152, 37.59259977412766, 0.05194953078637539, 0.23345618226699705, -0.9709786080096686, 0.954843241741514, -0.29642366290378425, -0.02018404744495497, -0.2925331262466389, -0.9260838099394797, -0.23831312808224758
9.757756450690438, 21.03906125162246, 37.54126865136631, -0.000478969597693362, 0.10583507342244568, -0.9943835818343896, 0.954770970432941, -0.295623503957284, -0.03192393970921808, -0.2973418312425357, -0.9494238680071633, -0.1009066610866309
9.754256226894581, 21.02789186748572, 37.49032391065767, -0.04859374335733848, -0.012773706253341234, -0.9987369426105527, 0.9541685402510885, -0.29621699799683904, -0.042636684824778975, -0.29529823044107123, -0.9550352467455294, 0.026582561428086453
9.747715601329517, 21.01425382275417, 37.44028542630664, -0.0902368564279508, -0.11742696534350812, -0.9889733148837819, 0.953409986645014, -0.29721425925907247, -0.05170185159774282, -0.2878657796744093, -0.9475624474953065, 0.13877572190101928
9.739023388630532, 20.999198868194235, 37.39080822889336, -0.12614636013836833, -0.2086046437982064, -0.9698304998347209, 0.9527141863652361, -0.29791757348468895, -0.05983977362441412, -0.2764466945403169, -0.9315198451964501, 0.23632182100456647
9.729128490525879, 20.983833639591275, 37.34152792820892, -0.1453066241020961, -0.23642682036884943, -0.9607228235044319, 0.9515908817544217, -0.29922276164109735, -0.07028892286638765, -0.2708519498801774, -0.9244285248336677, 0.26846065581376183
9.718979808743823, 20.96926477273068, 37.29208013404441, -0.15799795956164708, -0.23696276649962533, -0.9585850468618838, 0.9499932991281641, -0.3012832419481475, -0.0821044440502506, -0.2693499143975042, -0.9236217057941299, 0.27271517779544124
9.709494869395321, 20.956552391539372, 37.24211495554087, -0.16821608633324944, -0.2344325901320419, -0.9574678631592325, 0.9483962489406773, -0.30334136727095135, -0.09235025661817496, -0.2687897008703602, -0.9235937286416426, 0.27336188673597206
9.700804194619451, 20.945589949118716, 37.19164619336098, -0.17320795463208832, -0.2272158874982762, -0.9583172464901898, 0.9472960762302987, -0.30468685290097247, -0.0989750757917437, -0.2694979562275913, -0.9249534378214246, 0.2680149052785675
9.692292849758196, 20.93520863125025, 37.14102218484381, -0.17481032133813085, -0.2174446077814114, -0.9602912027611455, 0.9465778947970482, -0.30554013045998707, -0.10312864665107525, -0.2709827312491475, -0.9270183769620116, 0.2592398274561031
9.683736581642222, 20.925049681935548, 37.09035703469326, -0.17498088913308055, -0.20733498596570987, -0.9624935802553674, 0.9460503258859773, -0.3061781827281099, -0.1060363207224213, -0.2727094962212219, -0.9291216949441613, 0.2497246616873399
9.675055349440253, 20.915045624893033, 37.039680184352164, -0.17566718101399761, -0.1990884728906035, -0.9641083038106677, 0.9455160517488418, -0.30681482989387804, -0.10892224769289424, -0.27411756127595494, -0.9307139410792545, 0.24213864309697652
9.666169218225733, 20.905129197747232, 36.989021013089484, -0.17876514296577176, -0.19483984656537645, -0.9644067906494684, 0.9447697843529299, -0.30764862972733836, -0.11297068292530282, -0.2746872371154973, -0.9313376159144823, 0.23907565109936013
9.656998253072123, 20.895233138122695, 36.938408900174245, -0.1818035627247697, -0.19509185521401426, -0.9637876491269926, 0.9442560422219856, -0.3081986224749614, -0.11573303690739296, -0.27445945293950524, -0.931102989541807, 0.24024827066694399
9.647462519052873, 20.885290183643953, 36.88787322487538, -0.17070728997812387, -0.20053973846549047, -0.9646983126576503, 0.9464328753931618, -0.30572031970999797, -0.10392256006973943, -0.27408727355234264, -0.9307625365326053, 0.24198608857542617
9.637482081241433, 20.87523307193554, 36.837443366461905, -0.1576007941821317, -0.2087260091353494, -0.965191920181469, 0.9489152940243291, -0.3025680377805683, -0.08951171588310644, -0.2733528021438279, -0.9299924922406883, 0.24574826537754163
9.626977004711257, 20.864994540621996, 36.78714870420277, -0.14524246250074874, -0.21885044529958397, -0.9648881332459698, 0.9511911451074588, -0.2992744061888507, -0.07530096459855, -0.2722866734819754, -0.9287299458898074, 0.2516359573901065
9.615867354535801, 20.854507327327855, 36.73701861736699, -0.13323466407695558, -0.2305230412565628, -0.963902304042337, 0.9533075126757266, -0.2957693215139306, -0.06103519253028264, -0.2710227122665559, -0.9270273113026467, 0.2591660732709154
9.605594930365122, 20.84342292643971, 36.686919640232404, -0.12117363920880336, -0.24334725929856227, -0.9623404078353839, 0.9552896310027381, -0.2920005885021461, -0.0464475748888206, -0.2697010753770683, -0.9249420347817904, 0.26784988750076855
9.602971637905464, 20.830258657706867, 36.63618116276815, -0.10865417977406333, -0.25692153570103754, -0.9603049482902013, 0.9571422923764932, -0.2879256484122976, -0.03126424684251146, -0.26846396659867977, -0.9225454706838999, 0.2771947928059336
9.601358461713785, 20.815878451081144, 36.58561090657561, -0.09527320307968927, -0.270839919459936, -0.957898092075494, 0.9588604888172518, -0.2834694434919452, -0.015219644920553672, -0.2674127516781448, -0.9199406571259379, 0.28670473942127406
9.599194972377061, 20.800632743165185, 36.53536722025299, -0.08063288030943248, -0.28469213376199837, -0.9552218211426313, 0.9604365952012193, -0.27849206301103174, 0.0019280659088479516, -0.26657060080078987, -0.9172745280524801, 0.29588436081483926
9.596615641406851, 20.78465347966081, 36.48540337612384, -0.06434392451784512, -0.2980632003286498, -0.9523750248654597, 0.9618397794334931, -0.27285097959335897, 0.02041033155717227, -0.26594002721848997, -0.9147189030214625, 0.3042453456969249
9.59375494031472, 20.76807260626984, 36.435672646511684, -0.04891746667654551, -0.31011563608806186, -0.9494395050279116, 0.9628725916119516, -0.26731053469503085, 0.03770212677741954, -0.2654872007770487, -0.9123449842547245, 0.3116780003927347
9.590747340612234, 20.7510220686941, 36.386128303740044, -0.047206068960716746, -0.3182667051630925, -0.9468251641342795, 0.9630590124619979, -0.26608490440168336, 0.04142658766141185, -0.26512058684492545, -0.9098929211913763, 0.31907044112049326
9.587727313810948, 20.733633812635393, 36.33672362013249, -0.04617098646131352, -0.32359255785351676, -0.945069360687885, 0.9631463468554121, -0.26538545770099464, 0.043814077417055695, -0.26498557422671787, -0.9082171630962785, 0.3239200983407554
9.58482933142243, 20.716039783795562, 36.28741186801252, -0.04257168946377003, -0.3264274085787963, -0.9442630979683215, 0.9632969511425226, -0.2641334857494023, 0.0478799083686554, -0.26504081794267254, -0.9075674347586531, 0.32569113618561574
9.58218786495824, 20.698371927876394, 36.238146319703674, -0.03640462715352978, -0.32676564375045775, -0.9444040010430713, 0.9635074233121979, -0.26226003840575046, 0.053601468988299414, -0.26519454810403215, -0.9079889241173393, 0.32438860235238687
9.57993738592994, 20.680762190579735, 36.18888024752951, -0.027667764918793594, -0.3245907508025267, -0.9454498079104201, 0.9637484338990517, -0.2597519371339146, 0.06097448082849015, -0.26537417157953297, -0.9094887441022187, 0.32001058327787496
9.578212365849094, 20.663342517607393, 36.13956692381355, -0.016580710147026848, -0.31989140830888435, -0.9473091190003287, 0.963954697279406, -0.2567406818328524, 0.06982523816623007, -0.26554928289112173, -0.9120053230010013, 0.3126177684870941
9.577147276227265, 20.646244854661184, 36.09015962087932, -0.00814822723779867, -0.31303046812691515, -0.9497081301205785, 0.9640276165974369, -0.25479157941382236, 0.07571000922781038, -0.26567717408604463, -0.9149279627839857, 0.3038461157981114
9.576876588576015, 20.629601147442933, 36.040611611050366, -0.005956638613417833, -0.30482691006329776, -0.9523891396680726, 0.9640268074519613, -0.2548457189565658, 0.07553789806110599, -0.26573827908377845, -0.9176787098057649, 0.295379336783768
9.577534774406907, 20.613543341654456, 35.990876166650224, -0.00872012439044354, -0.29611274707030566, -0.9551131872469841, 0.9639979223921326, -0.2563459973049287, 0.0706734411882807, -0.2657667493390907, -0.9201108469571581, 0.287687441953093
9.579256305231501, 20.598203382997568, 35.94090656000242, -0.01503521126436406, -0.2876909198804226, -0.9576052824836506, 0.9639116398286773, -0.2587569454307588, 0.06260346471349283, -0.26579746617495464, -0.922105621829571, 0.2811990916864318
9.582061132326366, 20.583704985573085, 35.89066075244955, -0.02352256652931134, -0.2803649006554464, -0.9596052372430737, 0.9637260141867858, -0.261616243419687, 0.052812032328078774, -0.2658549575304645, -0.9235542559370472, 0.2763488337175357
9.583457433493548, 20.56997257433095, 35.840205358959686, -0.03281320669213888, -0.27495815511995286, -0.9608960955273004, 0.9634306413453421, -0.26451893802235255, 0.04279171350191249, -0.265941145337614, -0.9243526082402531, 0.27358282631766084
9.58171267565613, 20.55672126535745, 35.78965768560113, -0.042010054662699324, -0.27209703450843303, -0.9613523595014232, 0.9630570009219089, -0.2672004833297837, 0.03354272922152405, -0.26600069225950423, -0.924427988282509, 0.27327006092402056
9.577626922405365, 20.54365324440833, 35.739091764412656, -0.0513368939993335, -0.2718928222030719, -0.9609572397089008, 0.9626228082202785, -0.2697001427796839, 0.024882967643011827, -0.2659358050519077, -0.9237619423959114, 0.2755757996855438
9.572062579106131, 20.53047061294951, 35.68858048969197, -0.06117621049533663, -0.27436756064347984, -0.9596769836439637, 0.9621248414754768, -0.2721116479014832, 0.016463307448011902, -0.2656562829771184, -0.9223219029942235, 0.28062260524037547
9.565882051123307, 20.51687547244692, 35.638196755736764, -0.07168401097688269, -0.279512140356432, -0.9574624619083677, 0.9615502344225235, -0.27450823367459104, 0.008147166798719649, -0.2651085612579424, -0.9200642331045276, 0.28844281531964255
9.559946765903904, 20.50257036111348, 35.58801334487265, -0.07827507680840298, -0.2870109892774597, -0.9547238890823947, 0.9612352285110525, -0.275699566200098, 0.004072427578562087, -0.2643857935289706, -0.9173954661055678, 0.2974654785836583
9.554863149010659, 20.487371703322957, 35.538073841591235, -0.07778641852964543, -0.29615984271191015, -0.9519656614905747, 0.9614802236542171, -0.27478691273643946, 0.006923302002145271, -0.26363810918409986, -0.9147576182539466, 0.306126521608631
9.550643264358152, 20.47136137076702, 35.48835377569958, -0.07187468847453628, -0.30611936728563716, -0.9492760199906715, 0.9621291117421749, -0.272185233065301, 0.01492552308635347, -0.2629479064280639, -0.9122533265896207, 0.31408958376754426
9.547214661909008, 20.454658979836953, 35.43881900011806, -0.06232844526218369, -0.31603762649939215, -0.9466970917605217, 0.9629496472167074, -0.26840518279016534, 0.026203716846981657, -0.262379766438683, -0.9099883936007144, 0.32105759868841843
9.544504891625856, 20.437384146924046, 35.38943536776704, -0.05092931350367842, -0.325082921909123, -0.944313136046021, 0.9637291402529388, -0.2640296239923954, 0.03891660162148969, -0.2619777648071978, -0.9080800909267097, 0.32673873233695944
9.54244150347132, 20.419656488419598, 35.340168731566905, -0.039450195682732704, -0.3324565331093436, -0.9422931261839439, 0.9643261742101493, -0.2597071772693189, 0.05125633432093171, -0.26176079116974466, -0.9066558529385439, 0.330842035627988
9.540952047408027, 20.401595620714893, 35.29098494443801, -0.02918408855856634, -0.33760090060992415, -0.9408368194763499, 0.9647077879499374, -0.2559403467263021, 0.06191464113082633, -0.26170054039635554, -0.9058256845690502, 0.3331556037818772
9.539964073398606, 20.38332116020122, 35.24184985930074, -0.020298603322185978, -0.3404664686153571, -0.9400375260869943, 0.9649263710364145, -0.2528132290513467, 0.07072884627312184, -0.26173472291934086, -0.9056313018912384, 0.33365682947171416
9.539405131405678, 20.364952723269873, 35.19272932907545, -0.012797097657714787, -0.3410707191960346, -0.939950529974125, 0.9650358599730323, -0.2503371485398103, 0.07769878394844508, -0.2618053155641594, -0.9060916490996134, 0.3323490637481837
9.539202771391873, 20.34660992631214, 35.14358920668251, -0.006680380249656789, -0.33942468347839994, -0.9406095134354681, 0.965080591835965, -0.248514883288309, 0.0828239340151247, -0.2618679510388081, -0.9072106905398472, 0.32923234833313436
9.539284543319813, 20.32841238571931, 35.0943953450423, -0.0019480446844940135, -0.33553205925793433, -0.9420267736811079, 0.9650937858096539, -0.247346011996495, 0.08610420977524673, -0.2618972884806125, -0.9089764504977892, 0.32430174641364956
9.53957799715213, 20.310479717882682, 35.04511359707519, 0.0014080604271692338, -0.3293539875830105, -0.9442054692856865, 0.9650975101449403, -0.24682808537857845, 0.08753680471882667, -0.26188702388218904, -0.9113736045834965, 0.31751116451333555
9.540010682851442, 20.292931539193525, 34.99570981570153, 0.0034319349477711075, -0.3206735969697347, -0.9471835440024317, 0.9651041239725007, -0.2469550578742996, 0.08710470298194718, -0.2618439453449061, -0.9144296821499145, 0.30863587719093893
9.540510150380381, 20.275887466043148, 34.94614985384172, 0.004275717041813755, -0.3095510000374921, -0.950873228469267, 0.9651184878544656, -0.24764538174716316, 0.08495922139951254, -0.261778575604055, -0.9180685939923501, 0.29769453149095926
9.541003949701576, 20.25946711482284, 34.896399564416114, 0.004441568799354219, -0.29726022935426816, -0.9547861689985084, 0.9651384150221036, -0.2486004004888472, 0.08188822091977764, -0.2617023353262675, -0.9218645219993189, 0.2857930908257672
9.541419630777648, 20.24379010192388, 34.846424800345076, 0.004510332291700738, -0.2853693023266565, -0.9584070211513559, 0.9651605073201169, -0.2495009366296689, 0.07883195881425464, -0.26161967053758184, -0.9253721650830629, 0.27430184847589334
9.541688614225915, 20.22899487002614, 34.796186332900014, 0.0050646978398977615, -0.27547602484454564, -0.9612946003029653, 0.9651785911665063, -0.25007947587280294, 0.076749872319257, -0.2615427995369565, -0.9282096829289336, 0.2646169845783523
9.541761097541043, 20.21531117379844, 34.74562028630739, 0.006688779093838889, -0.2691996212630935, -0.963061173626079, 0.9651798161617767, -0.25011548551957724, 0.07661701101729994, -0.26150178337470803, -0.9300396807744888, 0.25815307373094387
9.541643972823088, 20.202817735188074, 34.694707951774376, 0.009820378570137131, -0.2680157459163211, -0.9633644793667956, 0.9651474316843853, -0.24942521615261662, 0.07923065480137757, -0.26152245654584577, -0.9305668280613373, 0.25622525877455515
9.541528088283545, 20.19094890823467, 34.643620416951265, 0.011896597267443111, -0.27050615400477857, -0.9626447380103417, 0.9651057463239378, -0.24874770852477546, 0.0818258878117957, -0.2615900789135006, -0.9300274179556303, 0.2581077923364813
9.541645745187408, 20.1789938414242, 34.592571539271994, 0.009957285030895092, -0.2741870277731703, -0.961624836553075, 0.9651040179364597, -0.24902533703116747, 0.08099763008517541, -0.2616774484698959, -0.9288745099944493, 0.2621393859092084
9.542229244799664, 20.16624168324262, 34.54177517617051, 0.004684826190134885, -0.2790251130692586, -0.9602723773389796, 0.9651187251461069, -0.25011507281861345, 0.07738408571077944, -0.26177069884905335, -0.9271393836018548, 0.26812061576546303
9.54351088838531, 20.15198158217588, 34.491445185080735, -0.002958812152618285, -0.28536595846875346, -0.958414062489619, 0.965105800145826, -0.2517716175524299, 0.07198504789133453, -0.26184354098493684, -0.9247579804155479, 0.2761532866040654
9.54564832864309, 20.135573890519787, 34.44177474925736, -0.012119804580343466, -0.2932641071406066, -0.955954640032652, 0.9650347891817943, -0.2537758912853215, 0.0656174723011362, -0.2618414902298412, -0.9217342135699226, 0.286085780018603
9.54722713937521, 20.11788525662959, 34.392519519566484, -0.02229803854242702, -0.30155093014015283, -0.9531892959998917, 0.9648901127930956, -0.25607029593943603, 0.05843863252692282, -0.26170568910760716, -0.918419860450055, 0.29667337632422325
9.54662779913068, 20.100340446292954, 34.343263657890674, -0.03307704230676134, -0.3088017602686596, -0.9505510939066947, 0.9646551306211415, -0.2586401272149497, 0.05045556025398084, -0.2614314216741078, -0.9152850689534994, 0.30644225281811727
9.544140658623038, 20.083080773372775, 34.29394996328619, -0.0439984224234193, -0.31364583781716526, -0.9485201248493459, 0.9643038059735598, -0.26148865379240693, 0.041735521115014974, -0.2611174230287161, -0.9128252693466605, 0.31395496338334794
9.540215975423456, 20.066138679203945, 34.24455170949192, -0.053417881430202055, -0.3156655394541301, -0.9473657145710108, 0.9638878350567782, -0.2641710722486959, 0.03367322402935902, -0.26089609305826333, -0.9113555353362963, 0.3183776324411417
9.535304007103113, 20.04954660512135, 34.19504217024673, -0.0582665684888105, -0.31560203374523665, -0.9471010311959381, 0.9636189699249628, -0.2656746920587962, 0.029247885397365697, -0.26085146692570543, -0.9109403461782415, 0.31960005930439583
9.529855011233183, 20.033336992459862, 34.14539461928948, -0.0540882090949725, -0.3158446565826353, -0.9472679761002668, 0.9638322154120615, -0.26444155962666327, 0.03313792504208877, -0.2609634575391271, -0.9112150209749701, 0.3187244254505909
9.52431924538484, 20.017542282554366, 34.09558233035906, -0.041321148985199285, -0.31553617935417416, -0.9480134398652339, 0.9643906174778963, -0.2606726318440892, 0.044727127429307685, -0.2612341852957698, -0.9124070903527912, 0.31507142350078193
9.51917212143446, 20.002175680659384, 34.045586328511796, -0.023851399892515758, -0.3127363784091845, -0.9495404511355346, 0.9648801218416996, -0.2557477736392821, 0.05999522275396338, -0.2616055450442793, -0.9147617361357318, 0.30785305732447693
9.515516100755363, 19.986770872741086, 33.995580864562776, -0.004258382293855766, -0.3085800341480437, -0.9511888501793067, 0.9650904240896834, -0.25037224361922605, 0.07690392028674478, -0.26188230087318703, -0.9176557645164484, 0.29887381675064556
9.515108677802116, 19.970360629559448, 33.94594204721588, 0.015118575515058354, -0.304491424799313, -0.9523950865570864, 0.9649757093769392, -0.24504913042657794, 0.09366324780644149, -0.2619032435592739, -0.9204541791424832, 0.2901220348616584
9.518885266710706, 19.952621972795473, 33.89682966285108, 0.034320146579487905, -0.30149580733129555, -0.9528496238653886, 0.9645521387309994, -0.23961580323661913, 0.1105596604043477, -0.2616511020580983, -0.9228675663392447, 0.28258477628998807
9.524997039656508, 19.935397245221786, 33.847670157141245, 0.05488327242945402, -0.30003964551476603, -0.9523465952723347, 0.9637216037667952, -0.23359236853770893, 0.1291327835760517, -0.26120585146698105, -0.9248842178782796, 0.2763343747692145
9.531650055111967, 19.919773619726268, 33.79808959982228, 0.06974535585987968, -0.29622206845184595, -0.9525691951234244, 0.9629217763864872, -0.2294706141119993, 0.14186222125623701, -0.2606093588048411, -0.9271438526038837, 0.2692341707179047
9.537944558511423, 19.90512320450396, 33.74821457717691, 0.06718924021146953, -0.28452162475725545, -0.9563122142089878, 0.9633039848949595, -0.23114250583406976, 0.13644989806606173, -0.25986734824771096, -0.9303873317292313, 0.2585505255698863
9.543131443802022, 19.890702420321418, 33.698205927954184, 0.05144906602161863, -0.2700507993596507, -0.9614705192416024, 0.9644423946216854, -0.2364749267994966, 0.11802743940102266, -0.2592370750141509, -0.9333553314576322, 0.24828202548255715
9.547713692551238, 19.87600481173288, 33.64816276417212, 0.02803866683289338, -0.25764370597692904, -0.9658330880295558, 0.965494053122378, -0.2432816546666288, 0.09292615287415108, -0.258911310196285, -0.9351116282418592, 0.24193217268338285
9.552966685960556, 19.860815970408684, 33.59811786199518, 0.000645656838130942, -0.2482626610108082, -0.9686925385668458, 0.9659158679869189, -0.25059657181092837, 0.06486828321828345, -0.2588554019106509, -0.9357173768528844, 0.23963904430879512
9.555633492184077, 19.8473394529614, 33.54769232341216, -0.027676707566153997, -0.24225305059807117, -0.9698182609820388, 0.9654997240346473, -0.25778509077003103, 0.03683924355502836, -0.2589291075706195, -0.9353396743710892, 0.2410298960711458
9.55061867214582, 19.838257314835626, 33.49646998753902, -0.055185855657330904, -0.2383461739049837, -0.9696110677587295, 0.9643168087983831, -0.2645564504292743, 0.010147748773288357, -0.2589355394770503, -0.9344522384376411, 0.24444099589596405
9.541875177781247, 19.829748145513694, 33.44529335629083, -0.08044434015675686, -0.23511823194707485, -0.9686320896722478, 0.9625840931252448, -0.27060784732267307, -0.014256809939068154, -0.25876740868779025, -0.9335367212774602, 0.24808993979509888
9.533440456881252, 19.818701342867286, 33.394791899381985, -0.1043975685752001, -0.2315790438577829, -0.967198166934523, 0.9603616820420511, -0.27621988430234423, -0.037523528370367744, -0.25846970294591326, -0.9327774235914561, 0.2512363243982382
9.525319409285562, 19.806467240125386, 33.3445782943787, -0.12940252872465768, -0.22724485101793282, -0.9652019287410805, 0.9574124172426889, -0.28199593780690974, -0.06196575158838257, -0.25810162508046275, -0.9321148366731639, 0.2540580295613291
9.51726588633722, 19.79396480524942, 33.29440728856809, -0.14951430039696245, -0.22635827851231488, -0.9625005993378644, 0.9546586456375313, -0.2864942477677366, -0.08091919614969717, -0.2574341552442513, -0.9309580955902044, 0.2589298746161568
9.509257531240483, 19.781251659255187, 33.24426782600258, -0.15516104563315614, -0.2343431205586124, -0.9596918004051495, 0.9541182473554504, -0.287381279427535, -0.08408549398057136, -0.2560926004034269, -0.9287062517725639, 0.26818142727856087
9.50127927083938, 19.768357389337954, 33.19415647301753, -0.1538657625810567, -0.24358949785066017, -0.9575956785837189, 0.9546975580220329, -0.2864748843668698, -0.08052771779800727, -0.25471140495100886, -0.9266047146242306, 0.276632975301267
9.493316031977944, 19.755311582692986, 33.144069795948276, -0.15323812241233584, -0.2479799272771496, -0.9565688859183962, 0.9550047317078979, -0.2859122371860063, -0.07886795954517146, -0.25393707932294546, -0.9256133902958149, 0.2806346583193523
9.485352741500208, 19.742143826515562, 33.094004361130175, -0.15334229616541087, -0.2500379032964285, -0.9560163111170463, 0.9551021983824429, -0.28569480537186187, -0.07847463812314479, -0.2535072599586528, -0.9251267616379173, 0.28262084857560704
9.4773743262502, 19.728883708000943, 33.04395673489857, -0.15375258579506706, -0.25148371065694247, -0.9555710782749475, 0.9551134232146254, -0.28564955544847703, -0.07850274050838711, -0.25321629322887235, -0.9247487630412397, 0.2841148255496834
9.469365713071959, 19.7155608143444, 32.993923483588816, -0.15445576238216321, -0.2523724594788411, -0.9552233032980013, 0.9550456995765733, -0.28575853440310334, -0.07892890304624915, -0.25304372979237905, -0.9244729318440812, 0.28516428440527114
9.461311828809515, 19.7022047327412, 32.943901173536254, -0.15545194900773848, -0.2527046463714528, -0.9549738495121082, 0.9549091963248422, -0.28598249610883747, -0.07976489637430115, -0.25294884527101463, -0.9243129197526332, 0.28576652717633416
9.453197600306899, 19.688845050386618, 32.893886371076235, -0.1567411298233852, -0.25248037115955246, -0.9548224339639404, 0.9547054268465379, -0.28631164062405895, -0.08101353215932304, -0.2529224509043408, -0.9242723119418295, 0.28592119055125487
9.44500795440814, 19.675511354475915, 32.843875642544106, -0.15832314338206624, -0.2516993365110404, -0.954767629462543, 0.9544324810918808, -0.28674654971854646, -0.0826743930204848, -0.2529672336616308, -0.924350507234356, 0.2856286373408147
9.436727817957275, 19.662233232204347, 32.79386555427519, -0.1601976704860962, -0.2503608574647637, -0.9548068639365431, 0.954088327951364, -0.2872861256840864, -0.08474753363017631, -0.25308529952922726, -0.9245464417966983, 0.28488893998059267
9.428342117798335, 19.64904027076721, 32.74385267260488, -0.16236421657134403, -0.2484638809056455, -0.9549364172878102, 0.9536705750821894, -0.2879284715177279, -0.08723319042584061, -0.25327908598930887, -0.9248583108643021, 0.28370197289700005
9.41983578077535, 19.635962057359748, 32.69383356386848, -0.1648220882184391, -0.24600701585601148, -0.9551514159466724, 0.9531763526577967, -0.2886713206819206, -0.09013162236271748, -0.2535518092408193, -0.9252834251003181, 0.2820674799854306
9.411193733732356, 19.623028179177247, 32.64380479440137, -0.16754270718778286, -0.24303622130557737, -0.9554385571043778, 0.9526089700304288, -0.2895022921682535, -0.09340542300580244, -0.25390075125086686, -0.9258087372469724, 0.28002248222493104
9.402400903513378, 19.610268223414963, 32.593762930538865, -0.17039517691884803, -0.23977403397756555, -0.9557582834131859, 0.9519967202274933, -0.29037386560660716, -0.09687756628225075, -0.2542985024707978, -0.9263862211857435, 0.2777424001450056
9.393442216962455, 19.597711777268163, 32.54370453861634, -0.17322555602969208, -0.23648491567614066, -0.9560689260695866, 0.9513757099211193, -0.29123265197867165, -0.1003384322857197, -0.2547099631154817, -0.9269619339968167, 0.2754349426100316
9.384302600923615, 19.585388427932124, 32.49362618496912, -0.1758807383837314, -0.23343459194382146, -0.9563337582400899, 0.9507845250918961, -0.2920280155653653, -0.10357811048060381, -0.25509753568266946, -0.9274847327093726, 0.27330810064769917
9.37496698247129, 19.573327762194076, 32.44352443597422, -0.17821516269104573, -0.23087852994100727, -0.956522064669333, 0.9502623659526142, -0.2927138433047563, -0.10639568502480935, -0.25542277040456673, -0.9279082445748815, 0.2715612233158815
9.36543454739551, 19.56153411425553, 32.393398435066025, -0.18014990313743853, -0.22896136039803672, -0.9566204617528582, 0.9498333395050474, -0.29326650909241214, -0.10868018130937868, -0.2556611811837315, -0.9282087319614217, 0.27030706677093874
9.355757249944151, 19.549918363897444, 32.34325686281748, -0.1816436406756427, -0.2277642919195028, -0.956623758396427, 0.9495123157190706, -0.2936739591472263, -0.11037195303428042, -0.2557966968119529, -0.9283744034844998, 0.26960900736973364
9.345999248559451, 19.538369776929862, 32.29311060553385, -0.18265523937558098, -0.2273675250964703, -0.9565255208619137, 0.9493136380693874, -0.29392341036883796, -0.11141205236694901, -0.25581376058397115, -0.9283927172100488, 0.26952974330717017
9.336224701683662, 19.526777619162804, 32.24297054952036, -0.18314312840093178, -0.22785085041105746, -0.9563171986775506, 0.9492508430690124, -0.2940011291642633, -0.11174154546500356, -0.25569793008995806, -0.9282496032948769, 0.2701318983952373
9.326494330841658, 19.51503716942092, 32.19284719588297, -0.18306511970608857, -0.22929346260152858, -0.9559872749964807, 0.9493363075200693, -0.2938920674136554, -0.11130151811852346, -0.25543636618765947, -0.9279288554191689, 0.2714779956263769
9.31683499063215, 19.50310295797422, 32.14274725002518, -0.18240574354538316, -0.23172581650566768, -0.9555267085154854, 0.9495737624674967, -0.2935882413135062, -0.11007095073526255, -0.25502512494846086, -0.9274206653548454, 0.2735929368931111
9.307254267229494, 19.49096322591684, 32.092675257803805, -0.18125069525053428, -0.23500030155479976, -0.954946618267404, 0.9499389756231298, -0.2931134061959643, -0.10816872792206875, -0.2544879723351908, -0.9267466694719505, 0.27636295439036385
9.297759523983686, 19.478606604182467, 32.04263574010223, -0.17970916159683967, -0.23892813395782198, -0.9542630476140181, 0.9504009494397412, -0.2924992818353176, -0.10574594758127619, -0.25385557417988586, -0.9259360220497184, 0.27964232606768236
9.288358124244716, 19.466021723704745, 31.99263321780382, -0.17789060632009743, -0.24332091836485895, -0.9534935043665215, 0.9509288303633805, -0.2917789582443388, -0.10295338318667123, -0.2531586296510575, -0.9250189026241195, 0.28328561209717074
9.279057431362574, 19.45319721541734, 31.94267221179193, -0.17589823708846913, -0.24800232318361073, -0.952656631680429, 0.951494184350461, -0.29098514535754916, -0.09993228871839684, -0.2524254886821451, -0.9240251581406093, 0.28715654230193394
9.269864808687254, 19.44012171025392, 31.89275724294993, -0.1737692975722594, -0.2529076839568666, -0.9517572876615221, 0.9520859983263887, -0.2901288362080056, -0.09673422450938407, -0.2516674055416936, -0.9229642256318291, 0.29120534883781035
9.260787619568749, 19.426783839148143, 31.842892832161194, -0.17150333034067464, -0.25803550654855567, -0.9507913993312559, 0.9527029502100179, -0.2892075249223206, -0.0933600352904464, -0.25088582332046094, -0.9218333281502332, 0.29543124203150706
9.251833227357045, 19.413172233033666, 31.79308350030908, -0.16909942607138165, -0.26338490800868125, -0.9497545863724943, 0.9533434447865023, -0.2882195305404808, -0.08980967930924846, -0.25008330688979324, -0.9206290743009821, 0.2998340327027306
9.243008995402139, 19.399275522844157, 31.743333768276955, -0.16655666837768776, -0.2689548700188329, -0.9486422687778979, 0.9540051746776913, -0.2871653665485391, -0.08608239624470768, -0.24926492514413776, -0.9193472304565865, 0.30441364447851466
9.234322287054018, 19.385082339513282, 31.693648156948182, -0.16387414286855082, -0.274744222071222, -0.9474496702926108, 0.9546864719469791, -0.2860427634344291, -0.08217832906688426, -0.2484331008149431, -0.9179842863171865, 0.30916960473856103
9.22578046566268, 19.370581313974697, 31.644031187206128, -0.161050946803053, -0.28075162403435394, -0.9461718227340703, 0.9553865226221845, -0.28484584526207635, -0.07809889134183384, -0.24758672203034332, -0.9165377079198684, 0.31410101087908565
9.217390894578113, 19.355761077162068, 31.594487379934158, -0.1584439037091835, -0.28603860096039974, -0.9450277499301343, 0.9560107320286291, -0.28373845895491917, -0.07440408023739359, -0.2468582784179616, -0.9152455439227797, 0.3184126013618419
9.209160937150306, 19.340610260009054, 31.54502125601564, -0.15683740699062795, -0.2884921976628048, -0.9445497761664767, 0.956355673156821, -0.28311234988671763, -0.07232719932628667, -0.24654787403102824, -0.9146691474130446, 0.32030375673955863
9.201097956729258, 19.325117493449323, 31.495637336333942, -0.15611407196413543, -0.28829085391412723, -0.944731062305162, 0.9564557333834128, -0.28293039148425125, -0.07171348305978607, -0.2466187880368701, -0.9147889249023687, 0.31990685560518034
9.193209316664955, 19.309271408416528, 31.44634014177242, -0.15610559738339314, -0.28572587080000816, -0.9455113797417517, 0.9563530026420739, -0.2831182181130488, -0.07233953905010296, -0.24702221924973314, -0.9155352540061301, 0.31745113304076844
9.185502380307392, 19.29306063584435, 31.397134193214455, -0.15664104766201722, -0.28108295888559337, -0.9468135784891689, 0.9560858128230775, -0.28359545763102034, -0.07398334224328862, -0.24771657333691074, -0.9168238580202699, 0.3131621188123604
9.1777971980853, 19.276965171971625, 31.347907705025133, -0.15754840391825373, -0.2746437362069069, -0.948551168142827, 0.9556896309355276, -0.2842831485180874, -0.07642264579925286, -0.24866811163702868, -0.9185607816747643, 0.3072625272042138
9.169692609124096, 19.262082729779102, 31.2983983294037, -0.15865542271859148, -0.2666882150663723, -0.9506344475068729, 0.9551976900004339, -0.28511009073276977, -0.07943304841302963, -0.2498516156838294, -0.9206463121671993, 0.2999742289482813
9.161259207126196, 19.248310840138682, 31.24862346460463, -0.1597901517069749, -0.257497478143884, -0.952975422645832, 0.9546428438670012, -0.2860125388982824, -0.08278809241964019, -0.251245195120198, -0.9229798894572397, 0.29152011180451204
9.152591512083914, 19.23548532933544, 31.198614991300687, -0.16078134138757183, -0.24735596774238594, -0.955491698280964, 0.9540611757566354, -0.2869253490297111, -0.08626190931138077, -0.25281739096723455, -0.9254668385773778, 0.2821249679098153
9.143784043989568, 19.22344202365449, 31.14840479016464, -0.16145889371940644, -0.23655299486115358, -0.9581094437803671, 0.9534930384779693, -0.28778052673617177, -0.08962920286101692, -0.25452318403822327, -0.9280221166834715, 0.2720163593120352
9.134931322835474, 19.212016749380922, 31.098024741869292, -0.1613066555682728, -0.22633241782952956, -0.9606007492755863, 0.953077060309688, -0.2883787520448792, -0.09209675608012283, -0.2561723638115989, -0.9303823579628311, 0.26222964746706373
9.126127868613953, 19.201045332799833, 31.047506727087406, -0.1594077460729905, -0.2191462848455982, -0.9625819842124104, 0.9530626742951944, -0.288402190435809, -0.09217220523085855, -0.2574115563785378, -0.9320939235882827, 0.25483368743668794
9.117468201317319, 19.19036360019632, 30.99688262649176, -0.15572638212356502, -0.21512878962935414, -0.9640896731027225, 0.9534526915058581, -0.28786953329025766, -0.08977247274907897, -0.2582194008414943, -0.9331938360682942, 0.24994400443539627
9.10904684093789, 19.179807377855486, 30.946184320755137, -0.15026561092764082, -0.21428349251983958, -0.965143943153581, 0.9542247531446549, -0.2867899988212043, -0.08489179620055153, -0.25860271974317134, -0.9337205585236054, 0.2475692871335241
9.10095830746798, 19.16921249206242, 30.89544369055031, -0.14346279463215447, -0.21619849484822012, -0.9657518508300652, 0.9552668064732925, -0.28526183104087893, -0.07804496269152816, -0.2586189378345083, -0.9337472348427969, 0.2474517052210018
9.093297120899914, 19.158414769102215, 30.844692616550052, -0.13698293383082366, -0.21952545769890552, -0.9659421562708536, 0.9562738974454724, -0.28368902644610566, -0.07113908446491954, -0.258410349838288, -0.9334501109840563, 0.2487870201604313
9.086157801226001, 19.14725003525998, 30.793962979427157, -0.13125358504689075, -0.22384937806078256, -0.9657452833714175, 0.9571771418894969, -0.28218468089645593, -0.0646817200731354, -0.2580395618051478, -0.932879017777314, 0.25130125891893396
9.07963486843856, 19.1355541168208, 30.74328665985437, -0.1264798788581974, -0.22884236668011926, -0.9652118997692982, 0.9579479637367394, -0.28082172541329004, -0.058947920307144144, -0.257562689488696, -0.9320784997778593, 0.2547373769889394
9.073822842529916, 19.12316284006978, 30.692695538504505, -0.122866699819388, -0.23417862340658355, -0.9643983338926349, 0.9585622757381643, -0.2796775731534404, -0.05421087166494845, -0.2570255582761448, -0.9310965725500226, 0.258837854608704
9.068587050507599, 19.110130159330456, 30.64222786500176, -0.12061892975545525, -0.23953436964188865, -0.9633661606808243, 0.9589985455086016, -0.2788314595497676, -0.050742554899538585, -0.2564622067616103, -0.929987259550156, 0.26334546431893546
9.063141409764237, 19.096986565616362, 30.591848099878575, -0.11994172921649303, -0.24458711588115592, -0.9621804011397735, 0.959234704146206, -0.27836295535386174, -0.04881441844582748, -0.25589600222375075, -0.9288117181816786, 0.2680037839551901
9.05735168021247, 19.08377267785206, 30.541525029561438, -0.12104065155207425, -0.2490143463308871, -0.9609063513127856, 0.9592432640235941, -0.2783540185938024, -0.04869703027950034, -0.25534588521691676, -0.9276372651279606, 0.2725574861358738
9.051204089113085, 19.070493618736286, 30.491256411206038, -0.12411857405901595, -0.25249785096108257, -0.9596037801267726, 0.9589863408153698, -0.2788892843420726, -0.05065535715710483, -0.2548328426696682, -0.9265341884351604, 0.27675733044979073
9.044684863726879, 19.057154510967827, 30.44104000196809, -0.12925177554090547, -0.25499923829490917, -0.9582637251761853, 0.9584362471532526, -0.2800013172097435, -0.05476515775196994, -0.2543500317717946, -0.9255131824181786, 0.2805911803814623
9.037780231314642, 19.043760477245424, 30.390873559003307, -0.1358942865108493, -0.25727719254668696, -0.9567346492570457, 0.9576607364621138, -0.2815080980508964, -0.06032499126074303, -0.253808307059775, -0.9244250304524764, 0.2846396078208181
9.03047641913716, 19.03031664026784, 30.34075483946739, -0.14225148771829924, -0.26105042204963114, -0.9547864637654013, 0.9569412900437111, -0.2828561668454865, -0.06523615781877651, -0.25303731276515046, -0.9229545308546829, 0.2900466381866952
9.022759654455232, 19.01682812273384, 30.290681600516066, -0.14777851230178612, -0.267123510328949, -0.9522639033017112, 0.9563934777234738, -0.2838648987129722, -0.06879124251438792, -0.2519385382784265, -0.9209048536674209, 0.29742431545170606
9.014617624308748, 19.00329697708097, 30.240652601407582, -0.1521491009854073, -0.27621055064191496, -0.948977545984847, 0.956111608406585, -0.28439024854766526, -0.07051793247940617, -0.25040216320851794, -0.9180576878633975, 0.30735783447865367
9.00610657158885, 18.989581066553676, 30.190713663310884, -0.15505253383843737, -0.2889650005147135, -0.9446999207302877, 0.9561906965851735, -0.28425456827545564, -0.06999065779441539, -0.2483104176514567, -0.9141655041030952, 0.32038003619715943
8.997379300569985, 18.975335162936105, 30.140976894416546, -0.15717906755281044, -0.30163256268997524, -0.9403789331159579, 0.9563921769295811, -0.2838662698193319, -0.06880366826525522, -0.24618843317899008, -0.9101855514036337, 0.33309685886381085
8.98859588323294, 18.96019875230454, 30.091559392017313, -0.15989378727770368, -0.31147010653198326, -0.9367071845176311, 0.9563885698303884, -0.2838637645568069, -0.06886411743006629, -0.24444811369240854, -0.9068669890940969, 0.34327450211693644
8.979916391558502, 18.943811320735293, 30.042578253405953, -0.16359612686603095, -0.321445937887041, -0.9326890244290184, 0.956229609869079, -0.28417390056894537, -0.06978629840491632, -0.2426133559474053, -0.9032816300862936, 0.3538658732692176
8.971500897527454, 18.925812354304654, 29.994150575875203, -0.1680194275762092, -0.33129206305363273, -0.9284476511439032, 0.9559381236040491, -0.2847565198309323, -0.07138647108623342, -0.2407317507046646, -0.899532819507684, 0.3645393405809907
8.963500326445835, 18.905870066641842, 29.946405255365846, -0.1730261111773877, -0.34046602519619196, -0.924199572894262, 0.9555084030538917, -0.2856159823406838, -0.07366954815232547, -0.23888419065361335, -0.8958272134282773, 0.37473717074383744
8.955506130598899, 18.885891180143965, 29.898638538615874, -0.17866639635669915, -0.3480466998900001, -0.9202944167540033, 0.9548880992084776, -0.28683530208266084, -0.07690401464923119, -0.23720673852766358, -0.8925183494891458, 0.3835934814647399
8.946794578962052, 18.867327040613763, 29.850512151960654, -0.18501088897988716, -0.35309114438337297, -0.917113741428462, 0.9540120511005103, -0.28851138454237746, -0.081376823140484, -0.2358643197134087, -0.8899931599442102, 0.39023095461361146
8.937143530207292, 18.84862323675351, 29.802559067079002, -0.19213344985472489, -0.354652116400441, -0.9150445966069686, 0.9527989072284526, -0.29075930862182214, -0.08736856891369085, -0.2350722863954581, -0.8886399162666777, 0.3937767379954835
8.926678925483372, 18.82992185723971, 29.75471784013786, -0.2001027599307734, -0.35176587436077256, -0.9144504661835372, 0.951154255807397, -0.2936831382864673, -0.09516194589061579, -0.23508395761421924, -0.8888256206486247, 0.39335041496231204
8.915529580354097, 18.811368520895975, 29.706929328437436, -0.20894408807193066, -0.34348756743713504, -0.9156192762692956, 0.9489804279729092, -0.2973351448425216, -0.10501408936819302, -0.23617475602642932, -0.890846845792023, 0.3880893994407221
8.903824310383259, 18.793108846545916, 29.659134389277927, -0.2176420902005467, -0.3332112261725473, -0.917388793983077, 0.9466286283972974, -0.30102031196890033, -0.11524327173764744, -0.23775230907772155, -0.8935082822977825, 0.3809419758880323
