10.610417366027832, 20.74618911743164, 37.60054016113281, -0.47316879323917066, -0.1526901748296438, -0.8676387517942474, -0.3071472126217584, 0.9516620140962502, 2.655094862620455e-05, 0.8256947879714824, 0.2665053872565456, -0.4971951283751354
10.587876990923398, 20.73799390487527, 37.56054442939163, -0.46823148529697856, -0.1451866829423458, -0.8715962960412258, -0.3044889528732513, 0.9525032064288972, 0.004911142516835173, 0.8294852341993415, 0.2676909950649601, -0.49019973215659274
10.565849138811243, 20.731256201858255, 37.52002906234471, -0.46241735524564465, -0.1386014772860637, -0.8757624221566852, -0.3023992551363364, 0.9531405050653048, 0.008824290160943757, 0.83350157771933, 0.26891040905471925, -0.48266169502189776
10.544310801070429, 20.72559797772085, 37.479075175417535, -0.4557860730818587, -0.13375232524177694, -0.8799825970307803, -0.3012067129720196, 0.953494447307414, 0.011083998128863707, 0.8375760094732955, 0.27010859750542404, -0.47487658808204347
10.52323896908, 20.720641201803257, 37.43776388403558, -0.4484038207104839, -0.13145935274040096, -0.8841111084865493, -0.30122443211990146, 0.9534898249331324, 0.010999783771849037, 0.841544921597346, 0.2712482116550437, -0.4671472493846641
10.502610634219016, 20.716007843445723, 37.39617630362432, -0.44030697362245563, -0.13214990253909098, -0.8880687880104463, -0.3025839766963412, 0.9530874816945877, 0.008196906959149396, 0.8453240242806673, 0.27232454075234874, -0.45963750769270356
10.48240278786652, 20.711319871988458, 37.3543935496092, -0.4314208855460426, -0.13488492700471374, -0.8920101322191366, -0.30485726722831474, 0.9523918785169732, 0.0034287538545476736, 0.8490807182669693, 0.2734150072725421, -0.4520023978535993
10.462592421401567, 20.706199256771693, 37.31249673741568, -0.42277946910882025, -0.1415725975967453, -0.8951059826131061, -0.3086574899641768, 0.9511618731287779, -0.004652418206561449, 0.8520493380016665, 0.2743142189458371, -0.4458291543798555
10.443156526203209, 20.700267967135655, 37.270566982469234, -0.41422131493243397, -0.15017027206660533, -0.8977023959214363, -0.3131358922788288, 0.9495997076922288, -0.014363429868089427, 0.8546148929327099, 0.2751532019408016, -0.44036814171706085
10.424072094480447, 20.693147985409894, 37.22868539754853, -0.405662685739336, -0.1588345696593455, -0.9001163063070678, -0.3175601404557995, 0.9479304400725559, -0.02415446082080084, 0.8570842097439678, 0.2760424972082763, -0.434979536464162
10.40532760929628, 20.684641134607112, 37.18689644993544, -0.39729873167046664, -0.16658932122879028, -0.9024420844938303, -0.32153895150776074, 0.9463165483886397, -0.03313144894358541, 0.8595152241096888, 0.2770071990009329, -0.4295353201138751
10.386951910553028, 20.675180853245312, 37.145115904865065, -0.38940319511177174, -0.17269536332943458, -0.904732813111837, -0.32478533275213584, 0.9449169726870918, -0.04057588393302496, 0.86190465787454, 0.2780435689102995, -0.4240426093233976
10.368982693062469, 20.66533916597065, 37.10323128836977, -0.3822552089448956, -0.17642130992893915, -0.9070592464869378, -0.3270308628738821, 0.9439046393629973, -0.045769493300386536, 0.8642521448989632, 0.27914074083151535, -0.4185076783591605
10.351457651636373, 20.655688097429252, 37.06113012648191, -0.37613354028561724, -0.17703554083601364, -0.9094954519694467, -0.32800896884373404, 0.9434546856732079, -0.04799346246457706, 0.8665642943430558, 0.28027071442119783, -0.4129341962196315
10.334385046546558, 20.646703193809493, 37.01872784438575, -0.3713096265904675, -0.1737987357067761, -0.9120982187615397, -0.32745477231388287, 0.9437209878355882, -0.04651955725804758, 0.8688512722498085, 0.2813977551178186, -0.40732391302812254
10.317650221160397, 20.63845711294512, 36.97605637248006, -0.36806227181135565, -0.16634855196512355, -0.9147996082903459, -0.3252381103379539, 0.944745643018759, -0.04093704411493857, 0.8710627621778242, 0.2824603144800666, -0.4018281163519562
10.301106438490084, 20.630917361945695, 36.93317804811756, -0.36673590368909614, -0.15567678707871974, -0.9172074546743441, -0.3216827035019555, 0.946306822943978, -0.03199429820058248, 0.8729404419621164, 0.28331631582830125, -0.3971232176194981
10.284606961457055, 20.624051447623287, 36.8901552087371, -0.3676242197351448, -0.1431056382156047, -0.9188978231419587, -0.3171894527150131, 0.9481349302202579, -0.02076066430963389, 0.8742100915400579, 0.28383257460540234, -0.39394896299189863
10.268005052982728, 20.617826876789945, 36.84705019177741, -0.3688468052056498, -0.13096079583848894, -0.9202180742861634, -0.312743729065671, 0.9497868499533304, -0.009813235237582794, 0.8752961751428392, 0.2841728516397715, -0.3912830128835608
10.251153975988535, 20.612211156257732, 36.80392533467733, -0.36584889460518644, -0.12259924884871914, -0.9225638246202227, -0.31008955448951714, 0.9507013774066748, -0.0033703402712288223, 0.877495899997633, 0.28484437010195746, -0.3858297944801089
10.2339069933959, 20.6071717928387, 36.76084297487563, -0.35486229656429386, -0.12010022996399183, -0.9271724139768781, -0.3104152762292975, 0.9505912036416696, -0.004326643337604958, 0.8818815718454515, 0.2862731184056201, -0.3746099236775739
10.216117368126252, 20.602676293344906, 36.71786544981111, -0.33828075127883256, -0.12268602662968268, -0.9330135434086954, -0.312966359960552, 0.9496956950386374, -0.011408083016953325, 0.8874785579647944, 0.2881427175808896, -0.3596603723762584
10.19767102564741, 20.59867785676006, 36.67504690169599, -0.3203210233491012, -0.12885019786860089, -0.9385052309442964, -0.31656196975387363, 0.948313160255968, -0.022151058459732306, 0.892851029739078, 0.2899996148179533, -0.34455371438907245
10.179512056161727, 20.594666153008745, 36.63217597293583, -0.3039462742782811, -0.13748867032782205, -0.9427160377779935, -0.32050851097428307, 0.9466091317113494, -0.03471953562092965, 0.8971571527583113, 0.2915956400431471, -0.3317846077840677
10.163847908836559, 20.58957743762438, 36.58872432168034, -0.28909713128983405, -0.14826973436777693, -0.9457478176292544, -0.324763343809511, 0.9445352186431645, -0.0488056478327533, 0.900528522145553, 0.2930346508746334, -0.32121499683098226
10.152357756401152, 20.58254875868148, 36.54429591887838, -0.2752455244568519, -0.16095806271200627, -0.9478039899232702, -0.329321221730896, 0.942023275250961, -0.06434035905341447, 0.9032095184308803, 0.2944225720515499, -0.3122945963067682
10.14374189234474, 20.573870646583373, 36.499240992366275, -0.2618455326733715, -0.17530477084176857, -0.9490548742507534, -0.33412128266981517, 0.9390200722654574, -0.08126667428689816, 0.9054280123157642, 0.2958201162914556, -0.30445126590512617
10.135783811669564, 20.56418896207275, 36.4541394000682, -0.24841644692291573, -0.19101743649117492, -0.9496323540478885, -0.33905880432527663, 0.9354909420926996, -0.09947775868015596, 0.9073744519809382, 0.29726929915289524, -0.29715747958521677
10.126900319349485, 20.553991860111534, 36.40940095911972, -0.2367463407428535, -0.20687866134487015, -0.9492904664142704, -0.3436792712221079, 0.9317273707008488, -0.1173399557658172, 0.9087550432746492, 0.29847165052486585, -0.2916829531457964
10.116992372859416, 20.54339782940658, 36.365037009668406, -0.23140493101837284, -0.22061967066887006, -0.9475118568199246, -0.34726048739397347, 0.9285188916061449, -0.13138805815368568, 0.9087694491978052, 0.2986295846771642, -0.29147634442654574
10.106173157861486, 20.532472497790152, 36.321001911161545, -0.2359607212324725, -0.23033372542865363, -0.9440703961917295, -0.349286223902274, 0.9266802914718039, -0.1387903857975158, 0.906819536527275, 0.29700170425081795, -0.29911254711992225
10.09455586001782, 20.52128149309451, 36.27725002304641, -0.24730116439786118, -0.23644597530947573, -0.9396464414062413, -0.3499798892579595, 0.9260959747412933, -0.14092665710560232, 0.903524327952739, 0.29400603110807855, -0.31177594915199464
10.082253664990548, 20.509890443151928, 36.2337357047703, -0.26030196487464835, -0.24014097745321206, -0.935187252923292, -0.34984976257373573, 0.9262161161641016, -0.14045942398069333, 0.8999155686560257, 0.2906131743498621, -0.3251091388823123
10.069379758441798, 20.49836497579468, 36.19041331578049, -0.2713170332977203, -0.24229757565492052, -0.9314928621703291, -0.34939933588951044, 0.9265691619181176, -0.13924687523361604, 0.8968317409204989, 0.28768293834376985, -0.33605260817824634
10.056047326033696, 20.486770718855023, 36.147237215524264, -0.2799066352313942, -0.2430435936579376, -0.9287529742268794, -0.3487797709137957, 0.927065253806864, -0.13748704151786462, 0.8944299564274217, 0.285446714407173, -0.3442604047510989
10.042369553428372, 20.475173300165235, 36.10416176344893, -0.2860857185412535, -0.24239454944386493, -0.9270382106723759, -0.34803169776406906, 0.9276881850147967, -0.1351612693615004, 0.8927647500871629, 0.283970973488239, -0.34975932756389433
10.028459626287955, 20.463638347557577, 36.06114131900175, -0.28986512879212645, -0.24036043509610058, -0.9263935817732855, -0.3471427410661215, 0.9284375473415369, -0.13227107775901342, 0.8918913187353176, 0.28325003429275075, -0.35256104951870665
10.01443073027457, 20.452231488864324, 36.01813024163001, -0.2912496343193765, -0.23694511844623928, -0.9268390698245986, -0.34609446017915413, 0.9293135893901352, -0.12882110544519895, 0.8918476748538, 0.2832547676903618, -0.35266763593864103
10.000396051050346, 20.44101835191774, 35.97508289078102, -0.2902372046135895, -0.23214658024525675, -0.9283697164053348, -0.34488284296380456, 0.9303107402012142, -0.12481086208929393, 0.8926467328609304, 0.283954031397164, -0.35007416123730883
9.986468774277416, 20.430064564550097, 35.93195362590204, -0.2869253983648474, -0.2260555961174526, -0.9308988576838821, -0.34353204851703345, 0.9314049426890164, -0.12029365891916526, 0.8942368519664486, 0.2852782855361639, -0.3449010762330016
9.972762085617898, 20.41943575459366, 35.888696806440365, -0.2816726706742247, -0.21900443031220257, -0.9341828333355722, -0.3421119564585186, 0.9325379417403014, -0.1154659969986266, 0.8964485015009922, 0.2870715010557297, -0.3375944866822262
9.959389170733928, 20.4091975498807, 35.84526679184329, -0.2748790840169739, -0.21136399524944643, -0.9379588214213784, -0.34069572102883455, 0.9336516430029691, -0.11054879099519231, 0.8990928288239385, 0.28917100655157, -0.32865211718064424
9.946463215287633, 20.399415578243488, 35.801617941558085, -0.2669494614010478, -0.20350921724261775, -0.9419776980135928, -0.3393507080267764, 0.9346949109764099, -0.1057663479398188, 0.9019861872664217, 0.29142652914945527, -0.3185773000207104
9.934097266764523, 20.390155340354372, 35.75770468050513, -0.25829553945312334, -0.19582044330618406, -0.9460115053644906, -0.33813774907175376, 0.9356237418548694, -0.10134631877961989, 0.9049565055577576, 0.29370489893916, -0.30788172304933936
9.922353876004742, 20.381435866292883, 35.71350536074444, -0.24933670129881738, -0.18868377568885839, -0.9498576957509061, -0.33711160137432067, 0.9364004439848201, -0.09751910953178788, 0.9078474418118199, 0.2958929558080562, -0.2970864875737473
9.911170129455257, 20.373160724909685, 35.669057783909984, -0.24049945060159772, -0.18249057398404003, -0.9533400257344203, -0.336322189088922, 0.9369919479057806, -0.0945170602916016, 0.9105204003133401, 0.2978981033284812, -0.28672167801986737
9.900463958201748, 20.365215856934032, 35.62440882813977, -0.2322159320760519, -0.17763641150396658, -0.9563059480093408, -0.335815604189017, 0.9373675751359247, -0.09257380335149878, 0.9128546658002116, 0.299645347689214, -0.27732476401323075
9.89015329332987, 20.357487203095165, 35.57960537157181, -0.22492181772579597, -0.17451969938480902, -0.9586203891205108, -0.33563504898832713, 0.9374962140100156, -0.09192367816558678, 0.9147454781530912, 0.3010709604786271, -0.2694382804186331
9.88015606592529, 20.34986070412234, 35.53469429234409, -0.21905345374210428, -0.17353971738729282, -0.9601560034144422, -0.3358217801200641, 0.9373429107545169, -0.09280086020744188, 0.9161000580726142, 0.30211294932092597, -0.26360661875598745
9.870390207073674, 20.3422223007448, 35.48972246859464, -0.2149346816046771, -0.17499321181515007, -0.9608228028424981, -0.3364033888985524, 0.9368754725382139, -0.09537876542432153, 0.9168619539391224, 0.3027238424288983, -0.26023534088209116
9.860773647860693, 20.334457933691795, 35.44473677846146, -0.21260937803293778, -0.17892084979900472, -0.9606167716002305, -0.33737834902561104, 0.9360768312931915, -0.09967956422883663, 0.9170458559860573, 0.3028984902955111, -0.2593827338037363
9.851224319372008, 20.32645354369258, 35.39978410008255, -0.21202001919077768, -0.18521786794209194, -0.9595529442700532, -0.33872834105206234, 0.9349369590222502, -0.10562193722113376, 0.9166845817567022, 0.3026338118076253, -0.2609638931352896
9.841660152693285, 20.318095071476392, 35.354911311595906, -0.2128877657323109, -0.19335934424854107, -0.9577530804927118, -0.3403702168163038, 0.9335003514329606, -0.11280606977889734, 0.9158749449056498, 0.3019755915075146, -0.2645445660522243
9.831999078910188, 20.309268457772486, 35.31016529113955, -0.21487581672981562, -0.20271855986981108, -0.9553709064384389, -0.3422036293129903, 0.9318337687465919, -0.12075803703497621, 0.9147267676578139, 0.3009834096886953, -0.2695995690323982
9.822159029108384, 20.299859643310107, 35.26559291685147, -0.21760266067533854, -0.21275138803139554, -0.9525680705113562, -0.34414376165743843, 0.9299997075058397, -0.12909537308254246, 0.9133532467667052, 0.2997288623569095, -0.2755874737555231
9.812057934373538, 20.28975456881851, 35.22124106686969, -0.22065126576006527, -0.22298357274405398, -0.9495216401982518, -0.3461182503423536, 0.9280585518360887, -0.13751174911202912, 0.9118745394507014, 0.29830462726917095, -0.281955978215345
9.801638082090003, 20.278886199511263, 35.17714105849545, -0.22360874788203194, -0.23294763703885343, -0.9464325259988926, -0.3480527638411945, 0.9260825935201932, -0.1457062234821094, 0.9104166087309347, 0.2968272702716637, -0.2881582380740435
9.790941868867456, 20.267380780572655, 35.13326025090024, -0.22606797787650168, -0.24218187153200607, -0.9435259458436129, -0.3498720375910556, 0.9241557455937005, -0.15338094796301904, 0.9091110090031429, 0.2954388244415523, -0.2936546855098369
9.78003866682035, 20.25541189808063, 35.089549443158944, -0.22762698972705786, -0.25023026230291023, -0.9410476977154849, -0.35150045677867336, 0.9223720796815401, -0.16024099197251143, 0.9080932674743173, 0.29430352096393153, -0.2979128314055152
9.769018991217354, 20.243114337350587, 35.04595724875398, -0.22788726085213448, -0.25664100015877866, -0.9392565109589676, -0.35286265654359467, 0.920833334560091, -0.16599372150759442, 0.9074994997014095, 0.2936006931198315, -0.30040521140826804
9.7579909007394, 20.230590688927226, 35.00243046769318, -0.22645091375100077, -0.26096345747685296, -0.9384125199095884, -0.3538863491494054, 0.9196446852455933, -0.17034701284507053, 0.907460431945681, 0.29351614395337833, -0.30060578452800574
9.747062985059973, 20.217942568904984, 34.958915845095284, -0.22296796271561073, -0.2628431483522678, -0.9387218794545688, -0.35452455277050593, 0.9188879117881695, -0.17308190850707028, 0.908073581316692, 0.2942082339667686, -0.2980669152737895
9.736343833852525, 20.20527159337827, 34.91536012607903, -0.2173245646623913, -0.26232818781858097, -0.9401882553351331, -0.35481024133727834, 0.9185517290674998, -0.17427683055784765, 0.9093292727260486, 0.2957137854462077, -0.2927005822689628
9.725942036790533, 20.19267937844152, 34.87171005576317, -0.21015036417283992, -0.2595996388781299, -0.9425735260086436, -0.3547558918568608, 0.9186414494651858, -0.1739141872227387, 0.9110351703588979, 0.29783538208018034, -0.28514733656530433
9.715966183547463, 20.180267540189156, 34.82791237926642, -0.2027774178317164, -0.2547966441746763, -0.945494573720455, -0.35431288608919836, 0.919223417854983, -0.1717285265124758, 0.9128766058830976, 0.3001782440223254, -0.27667548544645043
9.706524863796787, 20.168137694715607, 34.78391384170755, -0.19661328023551272, -0.24800001996689813, -0.9485985495094592, -0.35340923039539807, 0.9203743046629999, -0.16737101059452275, 0.9145737443784203, 0.302336119927007, -0.2686033072788164
9.697726667211974, 20.156391458115298, 34.73966118820528, -0.19307802850552086, -0.2392953675600136, -0.9515558848395292, -0.3519850648458887, 0.922145884320903, -0.16047891498715744, 0.9158752038535909, 0.3039485073073032, -0.2622745048070922
9.689664671940754, 20.145129627728892, 34.695105442114915, -0.19359292257596442, -0.22877153549984158, -0.954036354062853, -0.3499798263648755, 0.9245583469873672, -0.15068504953577427, 0.9165347246373747, 0.3047219184125617, -0.2590533747567475
9.682109502250347, 20.134435980629082, 34.65028656285135, -0.19920109591528157, -0.21670510953274713, -0.9556975561800661, -0.3473336319028829, 0.9275430913790905, -0.13792447855284026, 0.916339604914741, 0.30447119590746236, -0.2600365730572841
9.67452731145579, 20.124378222823776, 34.60532848601458, -0.20626550788180825, -0.20589147666223476, -0.9565893790420757, -0.3447380318889455, 0.9302201648891518, -0.12588142914240957, 0.9157566432342144, 0.3038077429418867, -0.2628509572000079
9.666372341645179, 20.115023431603756, 34.56035843244211, -0.2096772499041245, -0.19982057256826574, -0.957134885818678, -0.3432760980391612, 0.931627755104526, -0.11929478795785452, 0.9155309778416302, 0.3035481258340953, -0.2639347720838555
9.657098834906591, 20.106438684259814, 34.51550362297148, -0.2093602748122485, -0.1986971707455378, -0.957438097042445, -0.34304733208170773, 0.9318300170388333, -0.118369537031409, 0.9156892503912899, 0.3036647060215036, -0.26325072276199274
9.646161033328124, 20.098691058082725, 34.47089127844017, -0.20612793670746946, -0.2020689731954236, -0.9574337594739746, -0.34386926203511176, 0.9309984522680539, -0.12245739055653544, 0.9161141873894046, 0.30399015106781896, -0.2613900987367646
9.633179160341838, 20.091756923789408, 34.42663175859249, -0.20010008494852932, -0.20941250390968819, -0.9571344520023644, -0.3455481807945974, 0.9292037247917849, -0.13106064467496348, 0.9168186356925428, 0.3045108225323817, -0.2582958540269603
9.619962255939665, 20.084416615782004, 34.38261303627043, -0.19071838844798303, -0.22016524358330952, -0.9566366927029856, -0.3479010482204734, 0.9264290509240576, -0.14385435082417802, 0.9179277514896802, 0.30537923819711754, -0.2532827746279799
9.609001456930212, 20.075167377694854, 34.338626294569885, -0.17736172224274332, -0.2337708398175798, -0.9559780405082908, -0.3507514148184801, 0.922605966838343, -0.16053558782127078, 0.9195195835249637, 0.30683778190644956, -0.24563043603920026
9.600427081100836, 20.064044648488302, 34.29462646803841, -0.15937413132612557, -0.24966259048670505, -0.9551274664543526, -0.35393756901460116, 0.9176268145462108, -0.1808016218561344, 0.9215899758049007, 0.30924039215025256, -0.2346109468006144
9.593959044110052, 20.05135067868928, 34.250597137489684, -0.13610005541338352, -0.2672262470393326, -0.9539742699935609, -0.3572452374753635, 0.9113864239266845, -0.20432970068813017, 0.92404145752106, 0.3129934810429817, -0.21950504688264375
9.589317261616374, 20.037387718824693, 34.206521883737366, -0.10732468142872133, -0.28557365450022226, -0.9523282525535044, -0.36032011046255014, 0.9039151855521875, -0.2304490297753713, 0.9266341407224747, 0.31841015245048643, -0.19991034006268626
9.58622164927832, 20.022458019421467, 34.16238428759512, -0.0776426464838322, -0.3014961944782785, -0.9503008282444579, -0.36251053724406523, 0.8964725324817739, -0.25480013518978734, 0.9287398612281083, 0.3247107069698053, -0.1789000473593101
9.584392122754396, 20.006863831006516, 34.11816792987659, -0.0531138022895683, -0.3115257964462595, -0.9487521289329834, -0.3636918060213936, 0.8908741340273273, -0.27216088542249567, 0.9300038678625169, 0.3305978757789946, -0.16061709215141098
9.583548597703127, 19.990907404106757, 34.073856391395445, -0.034707027131704545, -0.31529229355749894, -0.948359737594828, -0.3642778067663041, 0.8876401841548669, -0.28177399271587356, 0.9306433805519762, 0.3356868676263131, -0.14566133714209764
9.583410989783015, 19.974890989249104, 34.029433252965326, -0.022434927019289775, -0.3129275007458, -0.9495120079949629, -0.3645535899616673, 0.8869179849566337, -0.28368498022723193, 0.930912108684649, 0.3397835593984085, -0.13397678405921135
9.583699214652581, 19.959116836960476, 33.98488209539991, -0.016382482765105465, -0.3051524385950934, -0.9521625929839498, -0.3646509292701822, 0.8885249484429361, -0.27848360055283417, 0.9310001686577956, 0.3426447215614823, -0.12583036495699565
9.584133187970341, 19.943887197767797, 33.94018649951285, -0.016716587639171058, -0.2935703106520017, -0.95579131006794, -0.36457615063532933, 0.8919025777172583, -0.2675705930203014, 0.9310235153236611, 0.34398584936737925, -0.12193830140433772
9.584432825394803, 19.929504322197968, 33.8953300461178, -0.02272330388531984, -0.279636813896859, -0.9598369151966123, -0.3642594869029616, 0.8964050515909321, -0.25253318531125674, 0.9310202348293655, 0.34389131392908406, -0.1222296467408854
9.584318042584488, 19.916270460777923, 33.85029631602842, -0.033004145224276145, -0.2646437805413118, -0.9637813008244229, -0.3636449239139819, 0.9013929527715969, -0.23505980942155127, 0.9309527891948169, 0.3427162297214762, -0.12598607135666673
9.583507743982201, 19.904481337995183, 33.80506970096778, -0.04615262310477582, -0.24989599118162442, -0.9671721299602787, -0.3627345131261647, 0.9063084863910859, -0.216860785949473, 0.9307489502372124, 0.3408180175502059, -0.13247441468251453
9.581670992760337, 19.894111019870223, 33.75967456113885, -0.06080083005021603, -0.23668949877994166, -0.9696810507752046, -0.3616197607153255, 0.9107047346383386, -0.19961972589777816, 0.9303410168993924, 0.33851878452253337, -0.14096320370930554
9.578432610291136, 19.884677755836403, 33.71419175997647, -0.07618483578958747, -0.22553474199364323, -0.9712517443740187, -0.3604081652761425, 0.9144519627009345, -0.18407488235686406, 0.9296783450193935, 0.3360233445257478, -0.1509519351837938
9.573828403037332, 19.875759084838283, 33.66869273199638, -0.09208068829501238, -0.21621790943364183, -0.9719932934353314, -0.3591469961692492, 0.9176478396511891, -0.17010548940616504, 0.9287273991789636, 0.3334250410866753, -0.16215165737859988
9.568218554004568, 19.867006571781573, 33.62323810781333, -0.10788866425214902, -0.20905389034506267, -0.9719344149979883, -0.35792349999709744, 0.9202508043984127, -0.1582062740661764, 0.9274970642949307, 0.3308095039984022, -0.17410993018382465
9.56197180880391, 19.858073735643906, 33.57788823285021, -0.12236120978765791, -0.2052685908702325, -0.9710265392570122, -0.3569790826477351, 0.922002954265004, -0.1499216024413643, 0.9260635339388342, 0.32829157456254354, -0.18609399017690936
9.555442418083585, 19.848633910961514, 33.532699871566, -0.13441201574798523, -0.2051963140207429, -0.9694472047176494, -0.3565130461545267, 0.9228282335579011, -0.14589893512299593, 0.9245711751640237, 0.32601000607451386, -0.19719436603288587
9.54870600850262, 19.838741329417275, 33.487660954683314, -0.14325513739879933, -0.20781993782856856, -0.967620193593427, -0.3565354327879637, 0.9228937351100405, -0.14542915409689303, 0.9232336923962159, 0.32415741104526413, -0.20630444030335637
9.541589524817443, 19.8287901302059, 33.442697832679755, -0.14900753793888444, -0.2121841484226336, -0.9658025889360381, -0.35695239718197447, 0.9223917851767234, -0.14757500054053616, 0.9221614499551767, 0.32275576183340104, -0.21318296934771086
9.534095020810312, 19.818930945916442, 33.397769702147386, -0.1524722606149272, -0.21746240214887758, -0.9640862582749604, -0.3576083824107463, 0.921532599267147, -0.15130734720265598, 0.9213405746913262, 0.3216951540505009, -0.21827453650822704
9.52652487097306, 19.80889511219287, 33.3528935179087, -0.15446576018300345, -0.22283056366790452, -0.962541878998795, -0.3583359175997994, 0.9205344460745719, -0.15560110458506035, 0.920725637249771, 0.32087828453422196, -0.22203924748876785
9.51905566145221, 19.798525810897218, 33.30807952561852, -0.15577110163027524, -0.22750818434929773, -0.9612363860939599, -0.3589803261638008, 0.9196183661268428, -0.15948412494517225, 0.9202545785402112, 0.320221933565273, -0.22492092819365717
9.511682800343573, 19.78784417514729, 33.26332368707505, -0.1565801695785582, -0.2315409401164816, -0.9601413664376334, -0.3595440267459819, 0.918792827214055, -0.16293505912260947, 0.9198971373615827, 0.3197006939466655, -0.22711389865876974
9.504391371047442, 19.7768814788728, 33.21862115009013, -0.15655620995590536, -0.2357114417755486, -0.9591299543546404, -0.36016704369464264, 0.9178585110700409, -0.16677965790991722, 0.9196574654514059, 0.3193366090387693, -0.22859194291819723
9.49716645696411, 19.76566899600348, 33.17396706247559, -0.15573639657422178, -0.2402765026484992, -0.9581301461999212, -0.36088875639200757, 0.9167529645345242, -0.17124049616545628, 0.9195137194691045, 0.31911001910339204, -0.22948489147638
9.489993141493866, 19.754238000469023, 33.12935657204322, -0.1548017538592307, -0.2445927118006029, -0.9571890212158377, -0.3615779390097754, 0.9156737279990549, -0.17550788550306212, 0.9194007891140563, 0.31892950504200773, -0.23018722768674782
9.482856508037008, 19.742619766199166, 33.08478482660487, -0.15416459928039172, -0.24825881979840125, -0.956347653691387, -0.3621544091730737, 0.9147535057561214, -0.17908156695591967, 0.9192809473959624, 0.31873748147839553, -0.23093063386132057
9.475741639993823, 19.730845567123616, 33.040246973972344, -0.15384838885474109, -0.2512550924398515, -0.9556157971537736, -0.3626144024754703, 0.9140076006251708, -0.18193653046262, 0.9191525816556021, 0.31852940919554024, -0.23172731197116597
9.468633620764606, 19.718946677172095, 32.99573816195748, -0.15385412691008993, -0.2535832134620752, -0.9549997180538754, -0.36295822960241614, 0.9134428708728759, -0.18407456428142993, 0.9190159036690354, 0.31830437556176655, -0.23257706959547875
9.461517533749648, 19.70695437027431, 32.95125353837209, -0.15418255849587761, -0.25524449343485506, -0.954504053017508, -0.36318624338861133, 0.9130644012459426, -0.1854970398433809, 0.9188707696237453, 0.3180623331181684, -0.23347989417184006
9.454378462349244, 19.694899920359987, 32.906788251028004, -0.15483418517273442, -0.25623981770541954, -0.9541318205175785, -0.36329858613010446, 0.9128756025952125, -0.1862049180400308, 0.9187167748646818, 0.3178038546158949, -0.23443591357451332
9.447201489963684, 19.68281460135884, 32.86233744773703, -0.1558092726440753, -0.25656961130027583, -0.953884429642999, -0.3632946405606375, 0.9128784102352226, -0.18619885140980266, 0.918553468611404, 0.3175295933982184, -0.235445285827346
9.439971699993258, 19.670729687200584, 32.81789627631101, -0.15710785014131493, -0.25623382063932026, -0.9537616854249025, -0.36317291732774926, 0.9130733266873502, -0.1854791961696713, 0.9183803980615146, 0.3172401759750367, -0.23650817153684534
9.432674175838262, 19.658676451814934, 32.77345988456175, -0.1587297015183508, -0.25523191199157, -0.953761790468156, -0.36293127567344274, 0.9134593448155617, -0.18404595759530332, 0.9181970218825276, 0.3169364233884332, -0.2376247725633948
9.425294000898989, 19.64668616913161, 32.72902342030108, -0.16067434805383368, -0.25356288668308086, -0.9538813429218639, -0.3625669849511996, 0.9140339217992668, -0.18189879390377617, 0.9180026880684349, 0.3166194123821136, -0.23879533580439333
9.417816258575726, 19.634790113080328, 32.68458203134082, -0.16294102300587013, -0.25122531315009927, -0.9541153311075318, -0.36207668633046863, 0.9147929835481077, -0.17903706450648435, 0.9177966529889657, 0.3162904350178585, -0.2400201334856431
9.410226032268774, 19.623019557590805, 32.6401308654928, -0.16552315785031665, -0.24822743171955172, -0.9544554606461081, -0.36145822706890435, 0.9157280853182507, -0.17547086323254613, 0.9175783532208373, 0.3159512872284046, -0.24129805179331773
9.402508405378416, 19.611405776592747, 32.59566507056881, -0.16833564400180231, -0.24472114513810533, -0.9548689292676733, -0.36073644102035346, 0.9167892926394928, -0.17136689593252075, 0.9173507132381092, 0.31560886239754543, -0.24260815092997134
9.39464846130495, 19.59998004401589, 32.551179794380715, -0.17123531953978724, -0.24096653808187676, -0.9553081141008604, -0.35995847515549356, 0.9178985914351342, -0.16700919736687714, 0.9171196004370634, 0.3152733787782154, -0.24391460622096633
9.386631283448665, 19.588773633789938, 32.506670184740315, -0.17407845138577607, -0.2372275986390691, -0.9557299614467838, -0.35917503811334556, 0.9189814028057175, -0.16268519690959027, 0.9168914792708059, 0.3149543581873034, -0.24518109123547252
9.378441955209858, 19.577817819844608, 32.462131389459444, -0.176722254346002, -0.23376965051741574, -0.9560967499766079, -0.358439937716462, 0.9199676876388141, -0.15868290629526655, 0.9166733637826976, 0.3146604585858522, -0.2463711426564714
9.370068083499289, 19.567139148814576, 32.41755916496181, -0.17903237967488336, -0.23084559769645993, -0.9563773925873157, -0.3578068971214487, 0.9207950821864577, -0.15527601551287884, 0.9164723844177027, 0.3143989927550642, -0.2474502817826879
9.361533350818572, 19.556696586889206, 32.37295796826287, -0.18093740150454593, -0.22859691559916676, -0.9565589929091306, -0.357308201905969, 0.9214332059754863, -0.1526161714120107, 0.9162928055962821, 0.3141724002904845, -0.24840128282319637
9.352888374080521, 19.546398643994742, 32.328338752330254, -0.1823967205787198, -0.2271096487207518, -0.9566361083400862, -0.35696465447762654, 0.9218661706057084, -0.1507945587427994, 0.9161373651237008, 0.3139808448786384, -0.24921548361508217
9.344184416395795, 19.536152619534285, 32.283712625979504, -0.1833697093417311, -0.22646912408025005, -0.9566019472770548, -0.3567963631223515, 0.922076906362126, -0.14990174787611432, 0.9160086817048145, 0.3138246558063521, -0.24988433414168348
9.335472740875037, 19.525865812910922, 32.23909069802611, -0.18381530030743126, -0.22676018664697797, -0.9564474649057922, -0.35682257144132573, 0.9220462263735406, -0.15002802718263508, 0.9159091591871373, 0.31370459700511444, -0.2503993568980758
9.326801153567029, 19.515451887850112, 32.194483474443885, -0.18369722670294134, -0.22805684829846568, -0.9561618078786763, -0.35705917071749343, 0.9217545732202491, -0.15125229040940963, 0.9158406397994053, 0.313621715912223, -0.2507535479312084
9.318188824690091, 19.50487722557632, 32.14989646769693, -0.18305613156486472, -0.23028740300846004, -0.9557500534722068, -0.3574902451920215, 0.9212164344201923, -0.15349594635265085, 0.9158008393144523, 0.3135729468078626, -0.25095981698506653
9.309640774233984, 19.49413425735853, 32.10533272273555, -0.18199022247037974, -0.23327146871343896, -0.9552298052350842, -0.35807617073355935, 0.9204724326528712, -0.15656294797587442, 0.9157843713877043, 0.3135521050963948, -0.2510459370546492
9.301161921862716, 19.48321559916176, 32.06079526701533, -0.18059908188925392, -0.23682608148343112, -0.9546189704536369, -0.35877656401818514, 0.9195639533619271, -0.1602545250178247, 0.9157856456245991, 0.3135530940791157, -0.251040053500133
9.292757187240293, 19.472113866951002, 32.01628712799182, -0.17898254168216757, -0.24076871032065866, -0.9539369360201533, -0.35955156247230086, 0.9185338524235516, -0.16437224788776292, 0.9157990629481547, 0.31356975313712226, -0.25097028951811384
9.284431490030721, 19.460821676691246, 31.97181133312059, -0.17723331368690792, -0.24493103555074677, -0.953203619560688, -0.360365065257065, 0.917423685339726, -0.16873292897341224, 0.9158195085615011, 0.3135961884362024, -0.2508626284173402
9.276189749898005, 19.44933164434751, 31.9273709098572, -0.1753818947749627, -0.24925698459437534, -0.9524243521750498, -0.361204565384426, 0.9162460360496253, -0.17327568602893043, 0.9158452123206147, 0.3136306060547471, -0.250725726671876
9.268036886506152, 19.437636385884776, 31.882968885657206, -0.17342791342016664, -0.25374570678626124, -0.9515964875588118, -0.3620688504636754, 0.9149984595078334, -0.17799990624212286, 0.9158760322066736, 0.31367329402713345, -0.25055968998130485
9.259977819519165, 19.425728517268055, 31.83860828797616, -0.17137076948492025, -0.2583966784946814, -0.9507172113247254, -0.362956695107892, 0.9136783168183233, -0.1829053603708547, 0.915911839012087, 0.3137245446549437, -0.2503645606681289
9.252017468601055, 19.413600654462346, 31.794292144269647, -0.16920985730850194, -0.26320930412959936, -0.9497835997790489, -0.36386679972057817, 0.9122828780382511, -0.18799176178585622, 0.9159524967217139, 0.31378465969173436, -0.25014038276815964
9.244160753415823, 19.401245413432648, 31.750023481993207, -0.1669445699568881, -0.26818290822944996, -0.9487926213327673, -0.3647978889297361, 0.9108092902856421, -0.1932587306223782, 0.915997822483393, 0.313854049620137, -0.24988722404861552
9.236412593627477, 19.388655410143954, 31.705805328602413, -0.16457430371574758, -0.27331672729183454, -0.9477411382539843, -0.36574888027653785, 0.9092545221180135, -0.1987057386800938, 0.9160475179448584, 0.3139334015208065, -0.24960521684580322
9.228777908900023, 19.375823260561265, 31.661640711552813, -0.16209846283154306, -0.27860990136391967, -0.9466259087990555, -0.36671854231928547, 0.9076154832651461, -0.20433219339250908, 0.9161013039325232, 0.3140233389405352, -0.2492944915832848
9.221261618897467, 19.362741580649587, 31.617532658299986, -0.1595164645041936, -0.2840614654125208, -0.9454435897607923, -0.36770549563601135, 0.9058890273987971, -0.21013742769325175, 0.9161589196373944, 0.3141244242432489, -0.2489551768144014
9.213868643283813, 19.349402986373917, 31.573484196299486, -0.15710336708842446, -0.2889384374018509, -0.9443691605729491, -0.36858221503894095, 0.9043039873983129, -0.21536352786045226, 0.9162235986954645, 0.3142433416435242, -0.24856677055922774
9.206603901723069, 19.335800093699255, 31.529498353006865, -0.15558501733231647, -0.29127347714546914, -0.9439031009024658, -0.3690178581614386, 0.9034991337862246, -0.21797966787176792, 0.9163073298515336, 0.31440273020304665, -0.24805604306531848
9.199472313879241, 19.3219255185906, 31.485578155877693, -0.15489201327922333, -0.2911554736676588, -0.9440534700829557, -0.36904061676008226, 0.9034636416026264, -0.21808821949720025, 0.9164155647977871, 0.31461395146350735, -0.24738749794779621
9.192478799416332, 19.307771877012954, 31.441726632367534, -0.15489371186471307, -0.28881802538316775, -0.9447709173331592, -0.36869755383940045, 0.9041187150135596, -0.21594319381511523, 0.9165533545940541, 0.3148864833173979, -0.24652880319830472
9.185628277998351, 19.29333178493131, 31.397946809931938, -0.15545697597533592, -0.2844900082154231, -0.9459907842289967, -0.3680303593404762, 0.9053709410130296, -0.21179498051866344, 0.9167261222548008, 0.31522832105439, -0.24544718857812706
9.178797387608498, 19.278939653255957, 31.354160181630565, -0.15644740850047956, -0.2783966319276258, -0.9476389205308308, -0.3670769778603955, 0.9071181601320711, -0.2058910777170415, 0.9169398566418426, 0.31564530550914294, -0.24410927965089138
9.171654808192182, 19.265507643836827, 31.310147759072617, -0.15773008750432935, -0.2707612793532454, -0.9496365352590803, -0.36587262119388647, 0.909254517343159, -0.19847782685170132, 0.9172014198400434, 0.31614008333973237, -0.24248093357902528
9.164239253394173, 19.252988724272164, 31.265916362991184, -0.15917003086994452, -0.26180759511719753, -0.9519042411985622, -0.3644507716731498, 0.9116746590873125, -0.18980239989230413, 0.9175186844417429, 0.3167113814137126, -0.2405272637006279
9.156615901181631, 19.241266397544226, 31.221489267027493, -0.160632556154143, -0.2517614247869657, -0.9543654262873437, -0.3628469898013162, 0.9142762468404291, -0.18011387080261826, 0.9178993647974214, 0.3173564706329709, -0.23821340569303534
9.14884992952171, 19.230224166635278, 31.176889744822777, -0.16198364256595463, -0.24085231723801975, -0.9569490377351039, -0.3611007566218122, 0.9169625150254761, -0.16966434394211538, 0.918350446783917, 0.3180721731293544, -0.2355048822690312
9.141006516381577, 19.219745534527586, 31.13214107001828, -0.1628225982915742, -0.23005625320673537, -0.9594597030860958, -0.35938690646446486, 0.9194608492449543, -0.15947663831310668, 0.9188742313001724, 0.3188508539524803, -0.2323882096542151
9.133150839728385, 19.209714004203416, 31.08726651625523, -0.16232405419241655, -0.2216172492516503, -0.9615283127733002, -0.3581051333606599, 0.9212457992671169, -0.1518778811856254, 0.9194626772693286, 0.31967479125952813, -0.2289026276430564
9.1253480775293, 19.20001307864503, 31.04228935717487, -0.1604422303307316, -0.21570174917873763, -0.963187959916305, -0.3572858894732417, 0.9223479162154975, -0.14704120047198993, 0.9201114518958098, 0.3205418488343798, -0.22505074813477655
9.117663407751479, 19.19052626083469, 30.997232866418415, -0.15718304597487592, -0.21231772258228684, -0.9644763733423081, -0.35692571122723865, 0.9228139821166046, -0.1449772088123671, 0.9208135135427747, 0.3214584562390076, -0.22083236671612289
9.11016200836208, 19.181137053754668, 30.952120317627127, -0.15254819835170938, -0.211466963641098, -0.9654070491083344, -0.35701162821822585, 0.9226681199572652, -0.14569227066490903, 0.9215594090977633, 0.3224364490918177, -0.2162475243799124
9.102909057328269, 19.171728960387235, 30.906974984442236, -0.14653539009269828, -0.21314587358841203, -0.9659690554166905, -0.3575209343667536, 0.9219117862283942, -0.14918927542787638, 0.922337335761653, 0.32349265058947474, -0.21129681510778106
9.095969732617203, 19.162185483714634, 30.861820140504967, -0.13967312742879895, -0.21663847988996351, -0.9662086661302642, -0.35829873267630674, 0.9207104938224627, -0.15464218288600676, 0.9230999055556289, 0.32459198325923366, -0.20621980692219274
9.089409212196038, 19.152390126719148, 30.816679059456554, -0.1333485297029651, -0.22095419213012105, -0.9661249477195912, -0.35912982106448776, 0.9193503539122896, -0.1606882023781988, 0.9237120445508149, 0.32553674407272915, -0.2019452574592433
9.083292674031942, 19.142226392383037, 30.771575014938254, -0.12787829101733597, -0.2258544530405465, -0.9657312818420252, -0.35997386000996606, 0.9178941350339368, -0.16700052987887887, 0.9241568929548765, 0.32628227489714573, -0.1986804325844208
9.077685296092067, 19.13157778368856, 30.726531280591278, -0.12341884928266868, -0.23107586108954123, -0.9650760250174433, -0.36079603938357974, 0.9164058018865782, -0.17328192125475725, 0.9244425377528147, 0.32680935220758994, -0.19647300502305948
9.072652256343577, 19.120327803617986, 30.681571130056874, -0.12012651836064828, -0.2363566275206191, -0.9642121987475725, -0.3615620119048941, 0.9149572738975351, -0.179237547654714, 0.9245769471135619, 0.32709131992315243, -0.19536820953547168
9.068009364390619, 19.10869127312822, 30.636684077537947, -0.11815766277373206, -0.24143622515937432, -0.9631964056767658, -0.3622379595144105, 0.9136278498878707, -0.1845746802681854, 0.9245660752021378, 0.32709738777626834, -0.19540949694233445
9.063168757792454, 19.097002996607845, 30.59184826564501, -0.1176688462473109, -0.24605463771334243, -0.9620868764735243, -0.3627933537015424, 0.9125017456535655, -0.18900144626214685, 0.9244106366398075, 0.32679914234733154, -0.19664001481955373
9.05804656653637, 19.08525322263635, 30.547064386539862, -0.11881679779846066, -0.24995128371685574, -0.960940645580785, -0.3632012508417899, 0.9116655634668136, -0.19222578332704607, 0.9241035764176433, 0.32617519243043785, -0.1991038018097292
9.05263463148708, 19.073446948533267, 30.502329020930116, -0.12175795736330054, -0.25286376662009685, -0.9598098329093185, -0.3634303849533942, 0.9112076767597005, -0.19395598755082818, 0.9236305295470393, 0.32520837219371596, -0.20284516149952672
