rot:
  max: 95.0158589388229
  mean: 81.53598869305904
  median: 81.7123138181746
  min: 76.0332515712793
  num_samples: 786
  rmse: 81.56036233924792
  std: 1.9938035898145132
scale:
  max: .inf
  mean: .inf
  median: 2.849104260101032
  min: 0.034246075604338344
  num_samples: 786
  rmse: .inf
  std: .nan
trans:
  max: 5.742197941374171
  mean: 1.7578151276669556
  median: 1.5287028669857854
  min: 0.37169162072768097
  num_samples: 786
  rmse: 2.065621595056489
  std: 1.0848403342929873
