rot:
  max: 91.56863407965471
  mean: 81.25148756635794
  median: 80.69924269901489
  min: 75.33898899656094
  num_samples: 786
  rmse: 81.29396301393973
  std: 2.627582684861646
scale:
  max: .inf
  mean: .inf
  median: 2.5932457094583636
  min: 0.049509288075011426
  num_samples: 786
  rmse: .inf
  std: .nan
trans:
  max: 5.354279742272393
  mean: 1.563710747362351
  median: 1.3011205904709358
  min: 0.2466079888074406
  num_samples: 786
  rmse: 1.8573037036315487
  std: 1.0021904739653766
