rot:
  max: 90.8878883172234
  mean: 83.08451646888845
  median: 82.47568196804369
  min: 76.88230253665053
  num_samples: 786
  rmse: 83.12977275268402
  std: 2.742670422031794
scale:
  max: .inf
  mean: .inf
  median: 3.4658663564946126
  min: 0.03591238381387418
  num_samples: 786
  rmse: .inf
  std: .nan
trans:
  max: 5.6454199742597755
  mean: 1.8993901709529595
  median: 1.7133401051272372
  min: 0.48096600738348205
  num_samples: 786
  rmse: 2.17741887966578
  std: 1.0646454602412336
