rot:
  max: 96.5675099096295
  mean: 83.86335730641294
  median: 84.16164649309056
  min: 77.65747812597405
  num_samples: 786
  rmse: 83.9108205245285
  std: 2.821896950023344
scale:
  max: .inf
  mean: .inf
  median: 3.080462021332764
  min: 0.009412844616973892
  num_samples: 786
  rmse: .inf
  std: .nan
trans:
  max: 5.0869876272124745
  mean: 1.8767392685035187
  median: 1.7006783963007286
  min: 0.5162336463569529
  num_samples: 786
  rmse: 2.1254281181403174
  std: 0.9976444273579483
