rot:
  max: 97.19301701535247
  mean: 81.82368197039412
  median: 81.35564759427699
  min: 77.1205971251343
  num_samples: 786
  rmse: 81.85938525383939
  std: 2.4174414045220476
scale:
  max: .inf
  mean: .inf
  median: 2.5540741259935107
  min: 0.006229649557598638
  num_samples: 786
  rmse: .inf
  std: .nan
trans:
  max: 5.08306743383083
  mean: 1.5858672114716665
  median: 1.4155895959681488
  min: 0.35587273101885514
  num_samples: 786
  rmse: 1.8081959163440264
  std: 0.8686758080332927
