rot:
  max: 59.356750970282185
  mean: 29.240681622510216
  median: 28.339764130306012
  min: 2.4849713677161867
  num_samples: 724
  rmse: 31.956235585999153
  std: 12.89121914633645
scale:
  max: .inf
  mean: .inf
  median: 6.136655236515975
  min: 0.002443212509339876
  num_samples: 724
  rmse: .inf
  std: .nan
trans:
  max: 66.55984260851206
  mean: 7.65673124932062
  median: 5.415625844866691
  min: 0.39840319216515585
  num_samples: 724
  rmse: 13.47123797372987
  std: 11.083714139246771
