9.791972160339355, 21.042619705200195, 37.55344772338867, -0.155624897714792, -0.23582512658869811, -0.9592535644347041, -0.8346413407738945, 0.5507938201098057, -5.114934697038705e-08, 0.5283509472712397, 0.800632673201807, -0.28254663176069245
9.784915727996474, 21.03396900228391, 37.51562607671328, -0.15126755015947557, -0.23996709869244515, -0.9589233127909034, -0.835544942619385, 0.5493927577555607, -0.005678608007996874, 0.5281882023785833, 0.8003645352405803, -0.2836085922485613
9.779361532974209, 21.02435586469118, 37.47780471099043, -0.1502942749500659, -0.2425931279710281, -0.9584154658489534, -0.835880765716038, 0.5488549677326294, -0.007846649041746223, 0.5279346327181084, 0.7999417470393996, -0.2852686889939891
9.774730299859085, 21.014098535374657, 37.439997416267914, -0.15266269085035353, -0.24370050480056168, -0.9577599734705354, -0.8356645911731574, 0.5492011394751605, -0.006542129514538813, 0.5275971890388813, 0.7993673575766881, -0.2874944064832118
9.770442753237614, 21.003515257286985, 37.402217982593456, -0.15761758069788248, -0.24365239931315424, -0.9569692819332759, -0.8350022693405911, 0.5502405124556763, -0.0025668362974588495, 0.5271886839178263, 0.7986669435762682, -0.2901778847319904
9.76591961769632, 20.992924273380815, 37.36448020001482, -0.1644724833953994, -0.24276206743960635, -0.956041516262865, -0.833978271678909, 0.5517870460908908, 0.003361269663243049, 0.5267153354262718, 0.7978706877550631, -0.2932120752084622
9.760581617821712, 20.982643826608786, 37.32679785857975, -0.17277146389113032, -0.24118821992296252, -0.9549755304903411, -0.8326379294468262, 0.5537125498088185, 0.010793082540158835, 0.5261787716274934, 0.7970135850502232, -0.2964881878489813
9.753910442704159, 20.972960267490777, 37.28918397360386, -0.18590475022605665, -0.23658346772181135, -0.9536601525932129, -0.8301969416413284, 0.5569676955330717, 0.023664830909270147, 0.5255591897519939, 0.7961251465274176, -0.29995381166760576
9.745924224005098, 20.96387931671185, 37.251644743332456, -0.20196461348448627, -0.22986066114844317, -0.9520369590286202, -0.8268635051220083, 0.5609807554803817, 0.0399666846011347, 0.5248876439747925, 0.7952764729558274, -0.3033616534196944
9.736919786224922, 20.95526090269067, 37.21418282326526, -0.21905072026946326, -0.22196017614820576, -0.9501318130415836, -0.8229320131939574, 0.5652035023593159, 0.057687976054834327, 0.5242133951073453, 0.7945304784116343, -0.30646636889715984
9.727167985059536, 20.94698116183738, 37.176796583005505, -0.23529970624769428, -0.21385150536235256, -0.9481042041326495, -0.8188241073087831, 0.5691449596887874, 0.07484047134287043, 0.5236039815831458, 0.7939405195070374, -0.3090264098020953
9.716846819230824, 20.93897339870924, 37.13947045196674, -0.24889131170027046, -0.20653206595305712, -0.9462545221520904, -0.815092281196497, 0.5723819165673097, 0.08946236482803159, 0.5231421299169179, 0.7935511623833055, -0.3108035787858552
9.706115303916132, 20.9311826052363, 37.102186009650474, -0.25818494474299764, -0.2009357813326481, -0.9449684365566362, -0.8123412803430065, 0.5745846816244201, 0.09977017536944027, 0.5229169901224672, 0.793396026850905, -0.3115775441498596
9.69513245429281, 20.923553773348583, 37.0649248355582, -0.26286419400232636, -0.19724675332410158, -0.9444554694714877, -0.810793653402227, 0.5757611672983022, 0.10541693333599636, 0.5229876357182612, 0.7934688377840666, -0.311273410929083
9.684057285538207, 20.91603189497614, 37.02766850919142, -0.26328025043162545, -0.19524256945177498, -0.9447559731520777, -0.8104049317826617, 0.5760547987398172, 0.10679286207967235, 0.5233806991808161, 0.7937513514462179, -0.30988939285219597
9.673048812829672, 20.908561962049, 36.99039861005163, -0.2597000469931539, -0.1947338692453672, -0.9458512598503435, -0.8110944544953522, 0.5755584411313999, 0.10420300729479895, 0.5241008218641149, 0.7942362375333433, -0.3074201156564713
9.662266051344552, 20.9010889664972, 36.953096717640314, -0.2521533898654007, -0.19568029363486458, -0.9476960961523269, -0.8128108373035915, 0.5742784167856199, 0.09768747502129592, 0.5251258998956552, 0.7949298853969293, -0.30385731283219647
9.6518680162602, 20.89355790025077, 36.91574441145899, -0.2406130349471847, -0.19806295097811508, -0.950198102957139, -0.8154706849254583, 0.5721877979638739, 0.0872277816320985, 0.5264151683231676, 0.7958468391035388, -0.29919037292031525
9.642013722753962, 20.885913755239756, 36.87832327100912, -0.22509049061537845, -0.2018316547121032, -0.953204203825551, -0.8189306528380963, 0.5692499233495509, 0.07284991838499073, 0.5279080003908803, 0.7970059647974442, -0.2934188732862929
9.632862186003187, 20.878101523394186, 36.84081487579223, -0.2072603159821429, -0.20624558880766972, -0.956298028083484, -0.822635469455631, 0.5657778876269949, 0.0562695856200237, 0.5294469244527689, 0.7983471293677414, -0.28692824053723076
9.624572421185228, 20.8700661966441, 36.80320080530982, -0.18961372648317376, -0.2111051848565742, -0.9588958419222787, -0.8260678822693455, 0.5621789096497247, 0.039581907837867296, 0.5307150729084326, 0.7996183305000695, -0.28098405099948076
9.617303443477429, 20.861752766919537, 36.76546263906337, -0.17188742934348314, -0.21782214169505154, -0.9607331711880619, -0.8294163653291386, 0.5582040408538128, 0.021834415464484003, 0.5315291192003406, 0.8006008764433473, -0.27661350668442486
9.611214268057141, 20.853106226150526, 36.72758195655438, -0.15443987179984986, -0.2260985451576923, -0.9617836419257821, -0.8325650213110274, 0.55391643273313, 0.0034743110932144244, 0.5319622273130062, 0.8012839904963651, -0.2737885229267411
9.60644592029044, 20.844078698653487, 36.68954205974034, -0.1376603821002347, -0.23559984470802947, -0.9620511069447246, -0.8354189003705675, 0.5494088463085839, -0.015006015510545244, 0.5320948036803679, 0.8016499440350654, -0.27245639490554724
9.602473959582914, 20.834886144772582, 36.65138996641288, -0.12194259805122454, -0.2459983240777176, -0.9615689404985333, -0.837915826593143, 0.5447940637338883, -0.03311337592342623, 0.5320028856362037, 0.8016759025137717, -0.27255949259470336
9.598461656969523, 20.825545057863902, 36.61329634413974, -0.10768380169546936, -0.25697469207969814, -0.960400024199789, -0.840029382687964, 0.5401991431323481, -0.050353966874071544, 0.5317469652694682, 0.8013419328786067, -0.2740369893592647
9.594683384993436, 20.815451843413022, 36.57538100717761, -0.09528332903315473, -0.2682185736193509, -0.9586343849320034, -0.841762983256138, 0.5357683663164583, -0.06623698116852937, 0.531371966919677, 0.8006316596414322, -0.27682626022781776
9.591159057094877, 20.8046656337341, 36.53762787227472, -0.08513971994862847, -0.2794277963085653, -0.9563845119705818, -0.843134416225126, 0.5316757537875505, -0.08028230820770002, 0.5309195647777404, 0.7995254839494356, -0.28086191669864363
9.587897797475183, 20.793261437274936, 36.500018558814524, -0.07759972610702928, -0.2903230661686575, -0.9537771226856636, -0.8441729362988698, 0.5281053860073914, -0.09206929396127914, 0.5304246752637536, 0.7980082822379813, -0.28606370855270724
9.584908730335698, 20.781314262483356, 36.46253468618046, -0.07129059541906548, -0.3012369071823605, -0.9508806322330899, -0.8450294559553804, 0.5247296529292504, -0.10287861733374006, 0.529946100629629, 0.7961878654488237, -0.29196234918135744
9.582200979877765, 20.768899117807177, 36.42515787375597, -0.06404074809058996, -0.3119582935108823, -0.9479350218732167, -0.8458334997057688, 0.5210509693786504, -0.1143310022918541, 0.5295889664253673, 0.7944733541279702, -0.2972332690348849
9.579783670302724, 20.756091011694217, 36.38786974092451, -0.05653642716698809, -0.3208151934731797, -0.9454529306316408, -0.8464848161862302, 0.517532768322183, -0.12499315852854413, 0.5294025768442726, 0.7932448835949363, -0.3008246437396712
9.57766592581192, 20.742964952592292, 36.35065190706952, -0.04880840294348228, -0.32778452185823415, -0.9434908833858838, -0.8469996511042774, 0.5142108608026559, -0.13482871230499727, 0.5293480243009686, 0.7925556749293771, -0.3027311865432777
9.575856870606687, 20.72959594894922, 36.313485991574446, -0.040857731249781856, -0.3328799178757486, -0.9420836513134889, -0.8473934397753676, 0.5111091419032607, -0.1438464573376163, 0.5293911635291912, 0.7924382659475421, -0.30296301860006264
9.574365628888375, 20.71605900921282, 36.27635361382273, -0.03268387564161958, -0.33611166957310895, -0.9412548591374285, -0.8476792052836086, 0.5082508166053569, -0.15205614867455283, 0.529501396790219, 0.7929123867091277, -0.3015264794349609
9.573201324858323, 20.702429141830905, 36.239236393197814, -0.0242851151736797, -0.3374859484712037, -0.9410172515769799, -0.8478708720147309, 0.5056535883638109, -0.15946608719029068, 0.5296463136565579, 0.7939884653817673, -0.2984243610543976
9.572373082717874, 20.688781355251304, 36.202115949083165, -0.015658989638984464, -0.3370043701179065, -0.9413728541682722, -0.8479855251819646, 0.5033264222915836, -0.16608149115726942, 0.5297880190466314, 0.7956698857846686, -0.2936564110147412
9.571890026668365, 20.675190657921817, 36.16497390086219, -0.006802782560835803, -0.3346638740091847, -0.9423130125295918, -0.848045354437356, 0.5012667015975498, -0.17190337601900704, 0.5298799854369377, 0.7979547514130595, -0.2872201520274532
9.571761280911144, 20.66173205829027, 36.127791867918376, 0.0022859566109910212, -0.3304569211795036, -0.9438183075396112, -0.8480667919920396, 0.4994765812699036, -0.17693462375482052, 0.5298844126059032, 0.8008254291713599, -0.2791077592432788
9.57199596964755, 20.648480564804487, 36.090551469635145, 0.011589908781897149, -0.32437471618320773, -0.9458576623971974, -0.8480541073377252, 0.497977855540317, -0.1811692203965149, 0.529782884814186, 0.8042382102912858, -0.2693157924545612
9.572603217078923, 20.63551118591228, 36.05323432539594, 0.019358890474613977, -0.3166569120653297, -0.9483425717539216, -0.8480328550393265, 0.497220483665202, -0.18333594136882014, 0.5295899452722274, 0.8077748390888347, -0.2589098283216893
9.573592147406611, 20.622898930061464, 36.015822054584234, 0.021850619789392248, -0.30797102767410434, -0.9511447821063707, -0.8481038814001773, 0.49804687902162414, -0.18074598930757413, 0.529379218300807, 0.8106189933687563, -0.2503087909384144
9.57497188483195, 20.61071880569986, 35.978296276583436, 0.01908162021439448, -0.2988727595508636, -0.9541021776353124, -0.848269958303605, 0.500274590232215, -0.1736761705231605, 0.5292201523086532, 0.8126502371662984, -0.2439787335485715
9.576751553556281, 20.599045821275283, 35.940638610777, 0.0120064114182702, -0.28985544143951025, -0.9569951249367794, -0.8484463388794076, 0.5035092735773136, -0.16314785154507966, 0.529145212703455, 0.813917830305709, -0.23988144860214344
9.578932788573871, 20.587953917953165, 35.90283100670925, 0.001572404268129741, -0.2814034038370663, -0.9595882720488671, -0.848525828717688, 0.5073934953536732, -0.15018574789820396, 0.5291516281216362, 0.8144715864790466, -0.23798022874710953
9.580832926107446, 20.577419516391654, 35.86488558154763, -0.011281905259732097, -0.2740070442816543, -0.9616615092108771, -0.848418744424083, 0.5116043140485348, -0.13581848164661012, 0.5292053974815194, 0.8143593589632036, -0.23824458387436107
9.580988661285955, 20.567260377699576, 35.82686108200197, -0.02561985589945004, -0.26817191777733784, -0.9630303450563311, -0.8480848950242466, 0.5158401517053113, -0.12108240466869617, 0.5292406199597721, 0.8136293753326918, -0.240648303090485
9.5794171049022, 20.55733328076449, 35.7887952938798, -0.040498868589031664, -0.26442150463331926, -0.9635564900567376, -0.8475523074345918, 0.5198085731847104, -0.10702398519011956, 0.5291643674750858, 0.8123301761790751, -0.24516271548415597
9.576499666356089, 20.547507948131454, 35.75071998386108, -0.05515650122540991, -0.2632075493436184, -0.9631612255178766, -0.8468967559819154, 0.5232923372290995, -0.09450404491139267, 0.5288890668938804, 0.8104856049096943, -0.2517725941286848
9.572617755047537, 20.537654102345545, 35.71266691862577, -0.0695020047618771, -0.26466333044035095, -0.9618330379303373, -0.8461798278080415, 0.5262877567740195, -0.08367135758743123, 0.5283456920850528, 0.808068387322504, -0.2605308255565445
9.568152780376453, 20.52764146595182, 35.67466786485379, -0.08189323230034734, -0.26862563138641893, -0.959757140460882, -0.845557903985724, 0.5284800914566415, -0.07576690531656316, 0.5275654741457885, 0.8053254392456677, -0.2704174687277096
9.563486151742756, 20.517339761495354, 35.63675458922513, -0.0887365157611682, -0.27459569963257324, -0.9574565434075144, -0.8453745438267074, 0.5291074275128214, -0.0733976212186109, 0.5267520397875591, 0.8028963394449262, -0.27908736389450484
9.55899927679702, 20.506618712288805, 35.59895885822367, -0.09015305102444389, -0.28210271172646334, -0.955138988539134, -0.845680915704413, 0.5282223402673611, -0.07619020971107728, 0.5260192165732445, 0.8008740345891158, -0.28618973516990814
9.554998294128138, 20.495381069110547, 35.5613040028176, -0.08719053768459044, -0.2906622266436702, -0.9528448352910435, -0.8463646777772058, 0.5260912040764663, -0.08303539729814305, 0.5254185401652273, 0.7992143110555001, -0.2918764167498358
9.551513639216761, 20.48365055907033, 35.52378245551766, -0.0808973766475252, -0.2997770320165774, -0.9505731668456039, -0.8472676093026771, 0.5229920314093899, -0.0928274383402123, 0.52496972548717, 0.7978803582979166, -0.2963000525891174
9.548512638706535, 20.471478600933747, 35.48637957613334, -0.07231899136517422, -0.30895113852991296, -0.9483243946503719, -0.8482292137546369, 0.5192236280201796, -0.10447021125063662, 0.5246686234387515, 0.7968412753532743, -0.2996111103952138
9.545962619241115, 20.458916613466368, 35.449080724474115, -0.062498308641892084, -0.3176991963207576, -0.9461295799593454, -0.849118100749057, 0.5151097365062135, -0.11687775809286192, 0.5244925284474671, 0.7960710897989225, -0.3019576254859926
9.543830907464137, 20.446016015433774, 35.41187126034948, -0.052478514385877986, -0.32555124528789947, -0.9440669426578547, -0.8498488909007638, 0.5110019568840353, -0.1289723330618942, 0.5244071587636776, 0.795545967717884, -0.3034859882848346
9.542084830019258, 20.432828225601547, 35.374736543568915, -0.043117084180944655, -0.332135958018212, -0.9422455213175904, -0.8503907229604668, 0.5072178183523037, -0.1398774572570722, 0.5243820509461665, 0.7952457419799581, -0.304315090832246
9.540691713550125, 20.419404662735264, 35.33766193394192, -0.034579092620528495, -0.3373957181787097, -0.9407275990998742, -0.8507717221006154, 0.5038425939524364, -0.14943265169712333, 0.5243965705718281, 0.7951771940102111, -0.30446915590672335
9.53961888470038, 20.4057967456005, 35.30063279127797, -0.02686847370455342, -0.34134325794566833, -0.9395546101083346, -0.8510270194232347, 0.5009011450163682, -0.1576421743471484, 0.524434073389967, 0.7953507548096804, -0.3039507846531715
9.538833670113677, 20.392055892962848, 35.26363447538656, -0.01998725895754882, -0.3439900595755961, -0.9387605383656376, -0.8511876651540812, 0.49841322381280206, -0.16451084164295515, 0.5244807605326507, 0.7957732699969934, -0.30276200981857815
9.538303396433658, 20.37823352358787, 35.22665234607718, -0.013936160846642983, -0.34534572726166535, -0.9383720541890449, -0.8512804868974502, 0.4963937986662424, -0.17004331587374505, 0.5245258011275487, 0.7964480681800976, -0.3009039026727534
9.537995390303976, 20.36438105624115, 35.1896717631593, -0.008715066954284817, -0.345417516787027, -0.9384086459025547, -0.8513282191631516, 0.4948530085804058, -0.1742434020427103, 0.5245610649528606, 0.7973752184483819, -0.2983763565363653
9.537876978368278, 20.35054990968828, 35.152678086442435, -0.004323441607295242, -0.3442100176796682, -0.9388827251481576, -0.8513498885564666, 0.4937957313404625, -0.17711336190369611, 0.5245804753396377, 0.7985519641444133, -0.2951780572019871
9.537915487270208, 20.33679150269482, 35.115656675736055, -0.0007606335259881012, -0.34172498312080873, -0.9397996900125697, -0.8513609319442236, 0.49322152739421576, -0.1786535431330149, 0.5245798175642123, 0.7999728500555502, -0.29130646092783086
9.53807824365342, 20.323157254026363, 35.078592890849656, 0.001973910884981582, -0.33796130427774, -0.9411579359951798, -0.8513732237379715, 0.49312467213934463, -0.17886221409084122, 0.5245567057791104, 0.8016297240860976, -0.2867578209636402
9.538332574161558, 20.30969858244848, 35.041472091592716, 0.003880528518558317, -0.3329151276534273, -0.9429488105289274, -0.851394963781851, 0.49349434054030145, -0.17773562248911637, 0.5245107788647602, 0.8035115765402482, -0.28152724418870617
9.538645805438268, 20.296466906726756, 35.004279637774744, 0.004970403991151022, -0.3265750106757582, -0.9451582182292513, -0.8514298435282536, 0.49431362722594674, -0.17527481133403455, 0.5244449605379181, 0.8056071004781774, -0.2755987718142544
9.538985264127199, 20.283513645626766, 34.967000889205195, 0.005363047645666949, -0.31887725644033416, -0.9477808465278434, -0.8514765057530792, 0.4955415120800512, -0.1715411611128448, 0.5243653286311718, 0.8079331068414649, -0.2688588793382532
9.539318276872, 20.270890217914086, 34.92962120569358, 0.00523927098384689, -0.3097276829224399, -0.9508108710311711, -0.8515298137156563, 0.49712295904385734, -0.16663054925450874, 0.5242800076227757, 0.8105168264897257, -0.26113779424680456
9.53961217031632, 20.258648042354302, 34.89212594704938, 0.004797624077445822, -0.29923252560298147, -0.9541681604541584, -0.8515827865560305, 0.49896216894649814, -0.16075917268284412, 0.5241981881356303, 0.8133244430001272, -0.25242743506571336
9.539834271103803, 20.246838537712993, 34.85450047308208, 0.004290313467057041, -0.28813565881629805, -0.9575799889977089, -0.8516274998015698, 0.5008527866345228, -0.15452212690149045, 0.5241299407514148, 0.8161644002521374, -0.24323543526589095
9.539956277003917, 20.23551517609056, 34.81672959527453, 0.003980312853581233, -0.2773161401217329, -0.9607704801551571, -0.8516587846841523, 0.5025899801749865, -0.14859551237510288, 0.5240815505051674, 0.8188400761172416, -0.2341782615112035
9.539992652819373, 20.224751519386277, 34.77879276028925, 0.004131268282720397, -0.2676658941507866, -0.9635029329124204, -0.8516770611420754, 0.5039911856755956, -0.14366303729806304, 0.5240506808952485, 0.8211868568540094, -0.2258827792981556
9.539982062549994, 20.214632461201244, 34.740666389775484, 0.005007551381935563, -0.26008744632299896, -0.9655720815632246, -0.8516873466246898, 0.5048886099634166, -0.1404142269451517, 0.5240263237935217, 0.823068655577644, -0.2189849313926806
9.53997023512879, 20.205162609059176, 34.70235073956246, 0.00687382901463312, -0.255488053912845, -0.9667877764962198, -0.8516878944833254, 0.5051290773409648, -0.13954334672504293, 0.524004275617325, 0.8243606428817989, -0.21412391179471213
9.540024200540193, 20.19609429881566, 34.663920944194004, 0.009993999405661957, -0.2547699303145003, -0.9669500517521183, -0.8516629472110202, 0.5045585250303041, -0.1417424395411731, 0.523994603334537, 0.8249321047375893, -0.21193555211311904
9.540215154822937, 20.187130527096514, 34.62546678297426, 0.014289860644731114, -0.2584932907607985, -0.9659073550369143, -0.8515877396920065, 0.5031092677368968, -0.14723921462539355, 0.5240172912118582, 0.8246588890862068, -0.21294035587950408
9.540614294015754, 20.177974290527544, 34.58707803520733, 0.017482104219207605, -0.26516751142717476, -0.9640438615102468, -0.8514864510463298, 0.5014470609829105, -0.15336775644224435, 0.5240851073218882, 0.8235514773923489, -0.21702019345739354
9.541292814157384, 20.168328585734585, 34.54884448019739, 0.017554590443395995, -0.2733102063400891, -0.9617657549864741, -0.8514120395873388, 0.5002302418919213, -0.15769351268355242, 0.5242035627502856, 0.821627188089031, -0.22391826319623814
9.54232191128656, 20.15789640934345, 34.510855897248554, 0.014638671612371517, -0.2827087028845018, -0.9590941031029164, -0.8513678204326177, 0.4994989485427167, -0.160229943320637, 0.5243648954928611, 0.818887409671246, -0.2333770911136691
9.54377278144202, 20.146380757979955, 34.473202065664964, 0.009057186956919315, -0.2926706633624717, -0.9561704085420121, -0.8513394803931847, 0.4993310042048927, -0.16090257102854366, 0.5245369924879365, 0.8154829434431502, -0.24463955621486538
9.545586864388927, 20.13361428378781, 34.43593482444733, 0.0011256013487944666, -0.3023875513422642, -0.9531844007403988, -0.8513044486243381, 0.4998189172229787, -0.15956749587074764, 0.5246708194420722, 0.8116297300982012, -0.25686127081891075
9.546878795065114, 20.120257160028714, 34.39886382906126, -0.008842345117975424, -0.3110604805758058, -0.9503489834564791, -0.8512377357661693, 0.5010340888987359, -0.15607420981411071, 0.5247057557722232, 0.8075928548379823, -0.26921673550159847
9.546895052415186, 20.106978663022534, 34.36179284873259, -0.0205367735669968, -0.3178968612497313, -0.94790285712146, -0.8511061446935209, 0.5030307481938497, -0.15026109555193337, 0.5245918140768014, 0.8036800681733403, -0.28089460056132404
9.54573556924146, 20.09385700643961, 34.32469262350699, -0.03365023807463122, -0.32210572684633115, -0.9461054709757879, -0.8508497273379542, 0.5058670083314276, -0.141962358992588, 0.5243304329966455, 0.800216514834959, -0.2910861151256484
9.543593251313506, 20.080905988539904, 34.287552091185624, -0.047871692584225474, -0.3228946806204436, -0.945223426643745, -0.8503761972590251, 0.5096029823911711, -0.13101573750242118, 0.523992961960751, 0.7975235580000415, -0.29897750793421485
9.540661004400883, 20.06813940758338, 34.250360189569676, -0.06254816890541198, -0.3198048515405485, -0.9454166190086293, -0.8495989292848524, 0.5141277422095347, -0.11770439264767761, 0.5237073475946394, 0.7958627530056007, -0.30386360830763126
9.53713173427316, 20.05557106183001, 34.213105856460295, -0.07457063722721173, -0.3148135632901142, -0.9462196576018218, -0.8487093457773935, 0.5182236570066773, -0.10553050605741665, 0.5235758459417664, 0.7951959894813398, -0.3058294816710068
9.533198346699901, 20.04321474953976, 34.17577802965866, -0.08025879142217864, -0.3107004842186202, -0.9471133699329591, -0.848146739648469, 0.520454841837979, -0.09886286274975295, 0.5236464784786808, 0.7953565029052817, -0.30529067929296066
9.52905374745067, 20.0310842689726, 34.13836564696595, -0.0779297909063824, -0.308844881430534, -0.9479144407083621, -0.8481880768077174, 0.5202156506858312, -0.09976303495154402, 0.5239312302683563, 0.7962352139887288, -0.3024988428966467
9.52489084229503, 20.01919341838849, 34.100857646183314, -0.06682231476608355, -0.30985017591523606, -0.9484343133473185, -0.8488429282313468, 0.5172484090245714, -0.10917768340271007, 0.5244048640515601, 0.7977762542510569, -0.29757786663698277
9.52090303175035, 20.007555617707467, 34.063243116868435, -0.04919136673765978, -0.31179281816619786, -0.9488758864985776, -0.8496681772712259, 0.5124490067180687, -0.12433826461012563, 0.5250182834636083, 0.800113275763904, -0.29012850252135003
9.51743566879124, 19.99606808687407, 34.02555775772259, -0.0279975712835982, -0.3122758105210387, -0.9495788298849381, -0.8502394965144846, 0.5069780414411623, -0.14165473540718237, 0.5256509626824777, 0.8034034376699614, -0.27970338176552845
9.515199819753288, 19.98434838017716, 33.98794944455093, -0.005232967685876545, -0.31090027005525306, -0.950428134121023, -0.850410524388877, 0.5014115209015779, -0.15933746174645108, 0.5260936761241612, 0.8074202801433323, -0.26701673197653536
9.514960453591558, 19.971972831887328, 33.95058258698092, 0.01767061713701665, -0.3084586743968009, -0.9510736015048286, -0.850191308820118, 0.4959540448754311, -0.17664745619010164, 0.5261772398125293, 0.8117159796142167, -0.25348507005778625
9.517213570268147, 19.958728263375335, 33.91355049831322, 0.03928240954592894, -0.30580468377191744, -0.9512835474680635, -0.849664647671802, 0.49079082166062704, -0.19285838294053745, 0.5258582307019815, 0.81584794217847, -0.24055198283559734
9.521254418911345, 19.945341167749675, 33.87662909848354, 0.05863256901171741, -0.30374009233183347, -0.9509490933595423, -0.8489434314757441, 0.4860105006634591, -0.20757852345327615, 0.5252211648489375, 0.8194728485771222, -0.2293621120403765
9.526083051671943, 19.93272398001928, 33.83952800237679, 0.07608160929608813, -0.30244130060050944, -0.9501267538691823, -0.8480654751586985, 0.48152060280847275, -0.22118512362909024, 0.5244011237314127, 0.8225978171391153, -0.21985516293049479
9.531104860547018, 19.921012316787834, 33.80218352594682, 0.09145219582888144, -0.30127058463166545, -0.9491430507114142, -0.8470849260588079, 0.47756014170379757, -0.23320257095450905, 0.5235299646839902, 0.8253316581178402, -0.21152784730724417
9.53596211543959, 19.90988783690968, 33.764664465205264, 0.10124444464586518, -0.2979434040389147, -0.9491992890947898, -0.8464657472547383, 0.47551420965493507, -0.239545350906086, 0.5227287070295908, 0.8277173215572733, -0.204055714061689
9.540300064142468, 19.89902649806693, 33.72704127997201, 0.09648095076264951, -0.28771095472518265, -0.9528451252281555, -0.847399180052846, 0.47842738092706694, -0.23026478416169377, 0.5221168985827785, 0.8296563431387668, -0.19764689854361356
9.543943023371336, 19.88813816942722, 33.689375553314356, 0.07580382923283535, -0.27121125160726467, -0.9595302165514435, -0.8496684822881291, 0.48604621164179684, -0.20450562426213328, 0.5218402530275204, 0.830784892225586, -0.1935954885060472
9.547379112632399, 19.877058428954406, 33.65169596246073, 0.04726196416836401, -0.2553680362566731, -0.965688082561527, -0.851638354605395, 0.4949109071668462, -0.1725552286437728, 0.5219946548653192, 0.8305723087279637, -0.19409075265539197
9.551239890278614, 19.86565745242494, 33.61402263154277, 0.017783344585645195, -0.24504984597775237, -0.9693473709881448, -0.8525010911896752, 0.5028532153394639, -0.14276040537619633, 0.5224228576314033, 0.8289084489912276, -0.19996284908751438
9.554889072679833, 19.85447667766764, 33.57626167758922, -0.01055760069734815, -0.23920650317588427, -0.9709113172200028, -0.8524154088545837, 0.5097617474002873, -0.11632253278999156, 0.5227585559460394, 0.8263916805763303, -0.20928517018518136
9.55524927083457, 19.84534438452595, 33.538101163121084, -0.03728029087144242, -0.23504233914600398, -0.9712699309261641, -0.8516768206507684, 0.5159011154559103, -0.09215547860841608, 0.5227396800308347, 0.8237725037169683, -0.21941305576728629
9.551075429168643, 19.838725073951355, 33.499496062847946, -0.06210173113033116, -0.23104879954345817, -0.9709582005524969, -0.8504801195427231, 0.5213729079796726, -0.06966962815614398, 0.5223283844988816, 0.8214540419611718, -0.22888057080591545
9.544595017280965, 19.832599168940884, 33.46088111618415, -0.08623210926951994, -0.22679076810703555, -0.9701185344236809, -0.8488259870963956, 0.5265216940485571, -0.047637688084827524, 0.5215922420442614, 0.8193539242584114, -0.23790897385677212
9.538034860114696, 19.825076931484, 33.4226532785825, -0.11120616282772039, -0.22190480549819983, -0.9687060682404858, -0.8465328241968797, 0.5317663098898625, -0.02463268607710773, 0.5205913626889993, 0.8173021772654987, -0.24698539254515844
9.531806956291419, 19.816294308480487, 33.38474682387518, -0.13543924892873316, -0.2177410557824198, -0.9665635222148505, -0.8437576243789401, 0.5367177139452161, -0.002677095408952492, 0.5193546776067662, 0.8151827575238441, -0.25641332002022355
9.525700749128337, 19.80705140673681, 33.34694620539422, -0.1514254533117097, -0.21909607320912125, -0.963881342694051, -0.8419229849983612, 0.5395117428712822, 0.009631543772462368, 0.5179150696984909, 0.8129723181070404, -0.2661578301889173
9.519630295025896, 19.79766688861778, 33.30916677224065, -0.1559957064941585, -0.22729789102169756, -0.9612497117255624, -0.8420225077795475, 0.5393654948637491, 0.009108201964432761, 0.516394651354979, 0.8108147332698584, -0.27552864164093405
9.513587963089424, 19.788157989368738, 33.27140580588074, -0.1548071479736391, -0.23698304623328623, -0.9591005071077066, -0.8430532637483257, 0.5378206391314613, 0.0031866294925194634, 0.5150688705596213, 0.8090661258032119, -0.2830478098452936
9.507567319394756, 19.778537337072326, 33.23366184007598, -0.15341744179577083, -0.24324201700531436, -0.9577559238741506, -0.8438355321733902, 0.5366007442363098, -0.0011117223977810747, 0.5142029591459899, 0.8080179221083061, -0.28758017031304955
9.501561930017731, 19.768817559811175, 33.19593340858787, -0.1528848495295468, -0.24636555482257239, -0.9570424422047822, -0.8442148051799901, 0.5359959382687636, -0.003117190128786765, 0.5137388300481472, 0.8074728277510977, -0.2899311072382664
9.495565361034188, 19.759011285667924, 33.15821904517791, -0.15271543919851607, -0.24837285685321966, -0.9565505311320329, -0.8444171912257642, 0.5356690432492727, -0.004275893684353908, 0.5134565237610634, 0.807074717782052, -0.2915352433655762
9.489571178519968, 19.749131142725208, 33.120517283607576, -0.15271457763156854, -0.2500512572474107, -0.9561132916803327, -0.8445523634883757, 0.5354483070931897, -0.005139626176666989, 0.5132344134067884, 0.8067028444105219, -0.2929521423628154
9.483572948550902, 19.739189759065674, 33.08282665763837, -0.1528795136343406, -0.2514132103675393, -0.9557296960770942, -0.8446387061976847, 0.5353063392228933, -0.005707817488849752, 0.5130431856127013, 0.8063736856076543, -0.29419070151161997
9.477564237202833, 19.72919976277194, 33.045145701031785, -0.1532103928297343, -0.2524592116135526, -0.9554009221266337, -0.8446800051540173, 0.5352382123517552, -0.005978706507826956, 0.5128764611697127, 0.8060920558534, -0.2952513049388119
9.471538610551603, 19.719173781926663, 33.00747294754932, -0.1537073180492868, -0.25318963251443055, -0.955127776983427, -0.8446750202099239, 0.5352463631381542, -0.005953232797708512, 0.512735965786934, 0.8058575188794771, -0.29613424093467017
9.465489634673045, 19.70912444461247, 32.96980693095246, -0.154370350242422, -0.2536047161045815, -0.9549106989323906, -0.8446227074161179, 0.535332384615717, -0.005632059899990191, 0.5126229385065587, 0.8056698368135453, -0.2968397496389868
9.459410875642998, 19.699064378912002, 32.93214618500269, -0.15519950838700464, -0.2537045741057117, -0.9547497586667784, -0.8445224660760385, 0.5354966384702838, -0.005015424196648442, 0.5125377224061448, 0.8055292293050983, -0.29736802761200837
9.453295899537302, 19.689006212907895, 32.89448924346152, -0.15619476839949584, -0.2534891859027247, -0.9546446600463451, -0.8443737043497734, 0.5357389379687938, -0.004103382350007016, 0.5124804793621601, 0.8054359210852486, -0.29771922225191966
9.447138272431793, 19.67896257468278, 32.856834640090426, -0.15735606104449856, -0.2529583993091765, -0.9545947403330375, -0.844175673691502, 0.536058808024412, -0.002895908656269432, 0.5124514630675366, 0.8053899692437111, -0.2978934296716786
9.440931560402312, 19.6689460923193, 32.819180908650914, -0.15868326884412506, -0.25211193312420815, -0.9545989699163298, -0.8439274670715488, 0.5364554875773985, -0.0013928999589094826, 0.5124510225486364, 0.8053912608319452, -0.29789069549817526
9.434669329524697, 19.658969393900094, 32.781526582904476, -0.16017622198953424, -0.2509493814885753, -0.9546559515551458, -0.8436280196079464, 0.5369279279785331, 0.00040581899115307, 0.5124796019760531, 0.8054395123702218, -0.297711016711316
9.428345145874783, 19.64904510750779, 32.74387019661259, -0.16183469325843922, -0.2494702200545214, -0.9547639191778748, -0.8432761012223737, 0.5374748037708685, 0.0025004836850891984, 0.5125377538924717, 0.8055342603622858, -0.29735434454106274
9.421952575528415, 19.63918586122503, 32.70621028353677, -0.16365839194440437, -0.24767381398870766, -0.9549207362972378, -0.8428702812186842, 0.5380945675590434, 0.00489135991133328, 0.5126261988861942, 0.805674821641916, -0.2968205888878988
9.415485184561426, 19.629404283134456, 32.66854537743849, -0.16564695680674046, -0.2455594278328038, -0.9551238941116968, -0.8424089069891028, 0.5387854827500508, 0.007578720421025669, 0.5127458621247872, 0.8058602676520421, -0.29610962479069824
9.408936539049657, 19.6197130013187, 32.63087401207926, -0.16779994405221885, -0.243126244139348, -0.9553705083300229, -0.8418901073683778, 0.5395456179077477, 0.010562826885263131, 0.5128978708196531, 0.8060894215949251, -0.2952213042810861
9.402300205068943, 19.6101246438604, 32.593194721220556, -0.17009931234781378, -0.24040359071885947, -0.9556528331503444, -0.8413170849394022, 0.540365364779595, 0.013814309091742832, 0.5130806822789841, 0.8063568602771942, -0.29417142511814065
9.395569748695124, 19.600651838842186, 32.555506038623875, -0.1724694094910389, -0.23752051470163063, -0.9559489044324936, -0.8407107644915051, 0.5412110123854075, 0.017206119285634563, 0.5132832680478894, 0.8066440634930842, -0.29302839721338225
9.38873873600404, 19.591307214346706, 32.51780649805072, -0.1748230613777822, -0.23462711924549692, -0.9562358559084989, -0.8400969360643078, 0.5420453410920062, 0.02059092556960252, 0.5134920011313345, 0.8069305813482409, -0.29187154993100567
9.381800733071529, 19.582103398456596, 32.48009463326258, -0.17707350887420836, -0.23187413858088826, -0.9564932599408877, -0.8395028729192998, 0.5428328254382657, 0.023821208763436134, 0.5136924165443925, 0.8071969446696886, -0.29078031862679793
9.374749307526448, 19.573053016504964, 32.442368978301296, -0.17913441320172224, -0.22941285710307924, -0.9567029857812072, -0.8389572653372329, 0.5435394925564636, 0.026749335867154073, 0.5138692138518773, 0.8074246472750657, -0.28983421127946474
9.367584831260897, 19.564156647344596, 32.40462929554791, -0.18092020611195142, -0.2273942813434463, -0.9568488490000427, -0.8384898819089927, 0.5441327253207103, 0.02922832823306841, 0.514006417232949, 0.8075960735710359, -0.28911240892772727
9.360330085387162, 19.55537519584427, 32.36687939280653, -0.18236895459774563, -0.225930066794529, -0.9569206703364418, -0.8381238855845033, 0.5445897514858631, 0.031150521493227973, 0.514091350648559, 0.8076989584584009, -0.28867364911532
9.353012457626589, 19.546661411188058, 32.32912390948899, -0.18345456839169202, -0.2250711593766585, -0.9569155629171598, -0.8378710882152888, 0.5449016746852015, 0.03246851487503886, 0.5141171664797294, 0.8077283814142658, -0.28854531877808137
9.345659335700534, 19.53796804256007, 32.29136748500721, -0.18415378505536906, -0.22486312276138315, -0.9568301622920236, -0.8377418028166559, 0.5450600029479065, 0.03314008147134808, 0.5140778688713222, 0.8076794965878653, -0.2887521004742517
9.338298107330342, 19.529247839144396, 32.25361475877306, -0.1844430465443276, -0.2253511975933496, -0.9566596052539744, -0.8377455816356313, 0.545055229303814, 0.03312306535549899, 0.5139679980615767, 0.8075466765158593, -0.28931861712783924
9.330956005047264, 19.5204538214191, 32.21587035289805, -0.18431581223998006, -0.22654983597867967, -0.9564009897403649, -0.8378853460511566, 0.544883527076821, 0.032405073569686436, 0.5137857804874031, 0.8073271417079675, -0.2902534375861783
9.32365121563353, 19.51155482309595, 32.17813788108472, -0.18382249182911717, -0.22837300264000326, -0.9560622695007492, -0.8381442670006758, 0.5445628968331879, 0.031071515678295872, 0.5135401437002117, 0.8070297535145999, -0.291512431554008
9.316388055616423, 19.502543925031112, 32.14041941079685, -0.18302512657489714, -0.2307138650254, -0.955653135571314, -0.8385009709458436, 0.5441156609658355, 0.029227884196247434, 0.5132425593860277, 0.8066655192685215, -0.29304063755412213
9.309169665819175, 19.493416263375785, 32.10271687843212, -0.18198575414484927, -0.2334655818545595, -0.9551832323578772, -0.8389338389045033, 0.5435642696832654, 0.02697959719215624, 0.5129046687536419, 0.806245438320745, -0.29478313038182247
9.301999187065013, 19.484166974281177, 32.06503222038825, -0.18076651684697026, -0.23652148202935327, -0.9546627964499571, -0.839421366464375, 0.5429317175633771, 0.0244319378429656, 0.5125380336229648, 0.8057808254124192, -0.29668506111293363
9.294879760177166, 19.47479119389848, 32.02736737306292, -0.1794293388120906, -0.23977588637287325, -0.9541030534945159, -0.8399425793183763, 0.5422416768333338, 0.021689337310470565, 0.512153859520212, 0.8052834831406127, -0.29869204200894556
9.287814525978858, 19.465284058378884, 31.989724272853852, -0.17801285548451362, -0.2431628865876119, -0.9535110035383073, -0.8404844052337077, 0.5415088985602963, 0.018816942869537223, 0.5117591111462407, 0.8047607864243852, -0.30077015941149265
9.280806625293327, 19.455640703873605, 31.95210485615876, -0.17651975134261264, -0.2466771150077197, -0.9528857110469285, -0.8410453087040809, 0.5407333158603248, 0.01581991863302261, 0.5113546382822781, 0.8042125851105332, -0.3029167408002306
9.273859198943791, 19.445856266533834, 31.91451105937533, -0.17494965041007896, -0.2503183011842379, -0.9522254816552791, -0.8416247423820403, 0.5399134595438576, 0.01269839414050139, 0.5109407136172998, 0.8036381053033886, -0.3051317467465885
9.266975387753488, 19.435925882510766, 31.876944818901272, -0.17330216842500504, -0.2540861425662649, -0.9515285547869737, -0.8422221469132375, 0.5390477760685217, 0.009452532170688662, 0.510517593886879, 0.8030365665842226, -0.3074151249704139
9.260158332545641, 19.425844687955607, 31.83940807113429, -0.17157691471006167, -0.2579803007907818, -0.9507931040675852, -0.8428369211537551, 0.538134673989081, 0.006082515164335162, 0.5100855679968166, 0.8024071516721192, -0.3097668094983736
9.253411174143476, 19.415607819019552, 31.80190275247209, -0.1697734941443684, -0.26200039784248197, -0.9500172378522367, -0.8434683968234284, 0.5371725635713296, 0.0025885336237344582, 0.5096449982547926, 0.8017489809638595, -0.31218671861129127
9.246737053370229, 19.405210411853798, 31.76443079931238, -0.16789150924003002, -0.2661460120870658, -0.9491989998810874, -0.8441158409000419, 0.5361598529080382, -0.0010292090390523305, 0.5091963160380485, 0.8010611165072129, -0.3146747516937093
9.240139111049123, 19.39464760260955, 31.72699414805285, -0.16593056232549058, -0.270416674182642, -0.9483363700767494, -0.8447784822246153, 0.5350949060915322, -0.004770476409097665, 0.5087399772542177, 0.8003425915187153, -0.3172307862495141
9.23362048800339, 19.383914527438, 31.68959473509122, -0.16389025783812858, -0.27481186287468434, -0.947427265498042, -0.8454549693342424, 0.5339768963182165, -0.008635335917036791, 0.508277363467809, 0.7995918422681102, -0.3198546663165984
9.227184325056255, 19.373006322490355, 31.652234496825187, -0.1617702047276347, -0.27933100068125777, -0.9464695414649044, -0.8461432332359494, 0.532806021899035, -0.012624257488605486, 0.5078110177136695, 0.7988065692559947, -0.3225461753021962
9.22083376303095, 19.361918123917803, 31.61491536965246, -0.15957001897168072, -0.2839734494760848, -0.9454609928696323, -0.8468421815004264, 0.531580841442998, -0.016737044014789197, 0.5073418262640843, 0.7979855192943088, -0.32530506039657003
9.214571942750698, 19.350645067871554, 31.577639289970733, -0.1572893262048036, -0.2887385059785617, -0.9443993556897987, -0.8475520771322518, 0.5302976792481038, -0.020972551892430698, 0.5068683699056831, 0.7971288770012934, -0.3281310851470984
9.208402005038733, 19.3391822905028, 31.540408194177722, -0.15524067181990975, -0.29278621077272277, -0.9434916897324819, -0.8481620619836, 0.5291627540929025, -0.02465555297579869, 0.5064794669328966, 0.7964063124198385, -0.3304777376968133
9.202327090718285, 19.32752492796274, 31.503224018671126, -0.15399297130845332, -0.2945607722254188, -0.9431437410350336, -0.8484717990062254, 0.5285743190566015, -0.026547985328261782, 0.5063415557494105, 0.7961426635345044, -0.33132323827563265
9.196350340612575, 19.315668116402577, 31.46608869984865, -0.15347923591808527, -0.29417505439415925, -0.9433478475695983, -0.8485079290422072, 0.5285055819536204, -0.02676087062055408, 0.5064369837349023, 0.7963308905323581, -0.3307244990765514
