rot:
  max: 162.96500618699181
  mean: 154.40199672731455
  median: 157.36882035817973
  min: 142.01431117983793
  num_samples: 196
  rmse: 154.5576469445565
  std: 6.934669109374988
scale:
  max: 7.242564491718295
  mean: 1.3138067014924553
  median: 0.8921343715911245
  min: 0.07259092041904669
  num_samples: 196
  rmse: 1.8576531342766909
  std: 1.3133115085163642
trans:
  max: 7.427315314659227
  mean: 1.9696961213649549
  median: 1.57438532604206
  min: 0.13409457894044932
  num_samples: 196
  rmse: 2.342065446391991
  std: 1.267109997065436
