rot:
  max: 162.55503214962937
  mean: 154.58554207426533
  median: 156.60600493035972
  min: 145.26653695394327
  num_samples: 210
  rmse: 154.67310072251928
  std: 5.203678384003169
scale:
  max: 7.395565549731331
  mean: 1.4098599098522913
  median: 1.0118920240210993
  min: 0.0331755014567503
  num_samples: 210
  rmse: 1.9259062745568385
  std: 1.3120251571401704
trans:
  max: 7.541834829383041
  mean: 2.10374123313205
  median: 1.6526323808844485
  min: 0.21762426318924116
  num_samples: 210
  rmse: 2.47658863034055
  std: 1.3068144734246414
