rot:
  max: 145.70762066151218
  mean: 132.6012881070332
  median: 130.99631091403333
  min: 120.18030821001821
  num_samples: 194
  rmse: 132.67187932838735
  std: 4.327349868193484
scale:
  max: 11.185974546244015
  mean: 3.5884147303948164
  median: 3.1459842518725303
  min: 0.5058452322269646
  num_samples: 194
  rmse: 4.082976217185071
  std: 1.9478127509553909
trans:
  max: 11.260368437371017
  mean: 4.320717758768692
  median: 3.9623081671634903
  min: 0.9281266284358501
  num_samples: 194
  rmse: 4.729509497951442
  std: 1.9234495419099926
