rot:
  max: 154.67310072251928
  mean: 147.3008756651544
  median: 154.5576469445565
  min: 132.67187932838735
  num_samples: 3
  rmse: 147.66365145230444
  std: 10.344369894120144
scale:
  max: 4.082976217185071
  mean: 2.6221785420062003
  median: 1.9259062745568385
  min: 1.8576531342766909
  num_samples: 3
  rmse: 2.8184324801660185
  std: 1.0333157015631835
trans:
  max: 4.729509497951442
  mean: 3.1827211915613276
  median: 2.47658863034055
  min: 2.342065446391991
  num_samples: 3
  rmse: 3.365859072625605
  std: 1.0951224194411062
