rot:
  max: 33.29352934416622
  mean: 19.694699374466257
  median: 19.60444077314575
  min: 9.13496038620214
  num_samples: 728
  rmse: 20.341238909636758
  std: 5.0877123472459544
scale:
  max: .inf
  mean: .inf
  median: 1.8232299925930784
  min: 0.0012238712493894965
  num_samples: 728
  rmse: .inf
  std: .nan
trans:
  max: 5.16721869409586
  mean: 1.7818017690978112
  median: 1.5485714817651162
  min: 0.17642962149364036
  num_samples: 728
  rmse: 2.0294529010870934
  std: 0.9715253642446655
