rot:
  max: 31.756520269352077
  mean: 16.22775149231939
  median: 14.93581934107361
  min: 6.147260084417137
  num_samples: 728
  rmse: 17.04647289983219
  std: 5.219417575576717
scale:
  max: .inf
  mean: .inf
  median: 2.1366465048212935
  min: 0.045922603744763535
  num_samples: 728
  rmse: .inf
  std: .nan
trans:
  max: 4.991064116691168
  mean: 1.7334923330178809
  median: 1.6160370349497961
  min: 0.44458104388107467
  num_samples: 728
  rmse: 1.9470374928346215
  std: 0.8865434731991169
