rot:
  max: 30.261867846491235
  mean: 16.911545886505035
  median: 17.22032352038329
  min: 6.3932870161438835
  num_samples: 728
  rmse: 17.73493261051279
  std: 5.341109475386607
scale:
  max: .inf
  mean: .inf
  median: 1.8801509903712543
  min: 0.012544502828237825
  num_samples: 728
  rmse: .inf
  std: .nan
trans:
  max: 5.0111133298386275
  mean: 1.644703919844811
  median: 1.3699016873170047
  min: 0.47540290096961957
  num_samples: 728
  rmse: 1.8788733398452833
  std: 0.9083578827909639
