rot:
  max: 31.64469728082968
  mean: 18.05719533758332
  median: 17.597937699571723
  min: 7.420335192845457
  num_samples: 728
  rmse: 18.643739431287326
  std: 4.639689269993958
scale:
  max: .inf
  mean: .inf
  median: 2.202177857080534
  min: 0.014914428578083339
  num_samples: 728
  rmse: .inf
  std: .nan
trans:
  max: 4.818297671260576
  mean: 1.9052602843330164
  median: 1.7455695359624508
  min: 0.5297801763680087
  num_samples: 728
  rmse: 2.0841609119103204
  std: 0.844813562674115
