rot:
  max: 27.18330770400306
  mean: 14.956930562759435
  median: 14.597830747184261
  min: 5.401821909200437
  num_samples: 728
  rmse: 15.662647794448718
  std: 4.648522784040325
scale:
  max: .inf
  mean: .inf
  median: 1.9949816645866647
  min: 0.00032903273499140795
  num_samples: 728
  rmse: .inf
  std: .nan
trans:
  max: 4.337894303555083
  mean: 1.522704568790762
  median: 1.4320483210294297
  min: 0.1550374142284455
  num_samples: 728
  rmse: 1.7201756100777716
  std: 0.8002342942477357
