rot:
  max: 111.48152618638214
  mean: 79.18231970281585
  median: 78.03211425506268
  min: 63.47158793231448
  num_samples: 691
  rmse: 79.7071622760838
  std: 9.131920093113914
scale:
  max: .inf
  mean: .inf
  median: 20.103760736186405
  min: 0.0037465015654047917
  num_samples: 691
  rmse: .inf
  std: .nan
trans:
  max: 64.78646990268959
  mean: 12.424848686528163
  median: 8.382572252104309
  min: 2.328948496018799
  num_samples: 691
  rmse: 19.25150557947234
  std: 14.705223636291086
