%YAML:1.0
Camera.RGB: 1
Camera.ThDepth: 40.0
Camera.bf: 40.0
Camera.fps: 15
Camera.height: 360
Camera.type: PinHole
Camera.width: 640
Camera1.cx: 634.873618083609
Camera1.cy: 328.94152078189484
Camera1.fx: 344.5854697217825
Camera1.fy: 343.68617930840105
Camera1.k1: -0.04383935464133003
Camera1.k2: -0.09456183144990142
Camera1.k3: 0.0
Camera1.p1: 0.009677253447121503
Camera1.p2: 0.005410365760599971
File.version: '1.0'
ORBextractor.iniThFAST: 1
ORBextractor.minThFAST: 1
ORBextractor.nFeatures: 2500
ORBextractor.nLevels: 8
ORBextractor.scaleFactor: 1.2
Viewer.CameraLineWidth: 3.0
Viewer.CameraSize: 0.08
Viewer.GraphLineWidth: 0.9
Viewer.KeyFrameLineWidth: 1.0
Viewer.KeyFrameSize: 0.05
Viewer.PointSize: 2.0
Viewer.ViewpointF: 500.0
Viewer.ViewpointX: 0.0
Viewer.ViewpointY: -0.7
Viewer.ViewpointZ: -1.8
