%YAML:1.0
Camera.RGB: 1
Camera.ThDepth: 40.0
Camera.bf: 40.0
Camera.fps: 30
Camera.height: 380
Camera.type: PinHole
Camera.width: 400
Camera1.cx: 208.07460667779785
Camera1.cy: 215.3410456297772
Camera1.fx: 268.7690952027167
Camera1.fy: 268.54757313725355
Camera1.k1: 0.03679746506454216
Camera1.k2: -0.7375710177132793
Camera1.k3: 0.0
Camera1.p1: -0.002502627919661553
Camera1.p2: -0.0008192893263876165
File.version: '1.0'
ORBextractor.iniThFAST: 1
ORBextractor.minThFAST: 1
ORBextractor.nFeatures: 9000
ORBextractor.nLevels: 15
ORBextractor.scaleFactor: 1.6
Viewer.CameraLineWidth: 3.0
Viewer.CameraSize: 0.08
Viewer.GraphLineWidth: 0.9
Viewer.KeyFrameLineWidth: 1.0
Viewer.KeyFrameSize: 0.05
Viewer.PointSize: 2.0
Viewer.ViewpointF: 500.0
Viewer.ViewpointX: 0.0
Viewer.ViewpointY: -0.7
Viewer.ViewpointZ: -1.8
