%YAML:1.0
Camera.RGB: 1
Camera.ThDepth: 40.0
Camera.bf: 40.0
Camera.fps: 30
Camera.height: 200
Camera.type: PinHole
Camera.width: 200
Camera1.cx: 98.7058252423073
Camera1.cy: 89.27100034292903
Camera1.fx: 291.1034880849242
Camera1.fy: 283.28883077783564
Camera1.k1: 85.13869595570279
Camera1.k2: -5506.42333600373
Camera1.k3: 0.0
Camera1.p1: -0.46968927011524364
Camera1.p2: -0.3603215267366891
File.version: '1.0'
ORBextractor.iniThFAST: 1
ORBextractor.minThFAST: 1
ORBextractor.nFeatures: 500
ORBextractor.nLevels: 8
ORBextractor.scaleFactor: 1.2
Viewer.CameraLineWidth: 3.0
Viewer.CameraSize: 0.08
Viewer.GraphLineWidth: 0.9
Viewer.KeyFrameLineWidth: 1.0
Viewer.KeyFrameSize: 0.05
Viewer.PointSize: 2.0
Viewer.ViewpointF: 500.0
Viewer.ViewpointX: 0.0
Viewer.ViewpointY: -0.7
Viewer.ViewpointZ: -1.8
