%YAML:1.0
Camera.RGB: 1
Camera.ThDepth: 40.0
Camera.bf: 40.0
Camera.fps: 60
Camera.height: 970
Camera.type: PinHole
Camera.width: 940
Camera1.cx: 517.5581827658797
Camera1.cy: 438.28459745023343
Camera1.fx: 2008.5650682519367
Camera1.fy: 1999.0346517879607
Camera1.k1: -0.7164720518902699
Camera1.k2: -42.97836185349706
Camera1.k3: 0.0
Camera1.p1: 0.09555260888946628
Camera1.p2: -0.032097558693982085
File.version: '1.0'
ORBextractor.iniThFAST: 1
ORBextractor.minThFAST: 1
ORBextractor.nFeatures: 500
ORBextractor.nLevels: 8
ORBextractor.scaleFactor: 1.2
Viewer.CameraLineWidth: 3.0
Viewer.CameraSize: 0.08
Viewer.GraphLineWidth: 0.9
Viewer.KeyFrameLineWidth: 1.0
Viewer.KeyFrameSize: 0.05
Viewer.PointSize: 2.0
Viewer.ViewpointF: 500.0
Viewer.ViewpointX: 0.0
Viewer.ViewpointY: -0.7
Viewer.ViewpointZ: -1.8
