%YAML:1.0
Camera.RGB: 1
Stereo.ThDepth: 50.0
Stereo.b: 0.01
RGBD.DepthMapFactor: 5000.0

Camera.bf: 3.995168239472134
Camera.fps: 10
Camera.height: 480
Camera.type: PinHole
Camera.width: 640
Camera1.cx: 325.3997988811968
Camera1.cy: 238.96018570901944
Camera1.fx: 399.5168239472134
Camera1.fy: 530.2844458000693
Camera1.k1: -0.4191635318654327
Camera1.k2: 0.12035808054115059
Camera1.k3: 0.0
Camera1.p1: -0.0059479315521826885
Camera1.p2: 0.003092689881046328
File.version: '1.0'

ORBextractor.iniThFAST: 1
ORBextractor.minThFAST: 1
ORBextractor.nFeatures: 3000
ORBextractor.nLevels: 10
ORBextractor.scaleFactor: 1.2

Viewer.CameraLineWidth: 3.0
Viewer.CameraSize: 0.08
Viewer.GraphLineWidth: 0.9
Viewer.KeyFrameLineWidth: 1.0
Viewer.KeyFrameSize: 0.05
Viewer.PointSize: 2.0
Viewer.ViewpointF: 500.0
Viewer.ViewpointX: 0.0
Viewer.ViewpointY: -0.7
Viewer.ViewpointZ: -1.8
