rot:
  max: 179.21889717579123
  mean: 135.26747351562827
  median: 146.1849444034994
  min: 60.24790318822773
  num_samples: 426
  rmse: 138.85533812454003
  std: 31.361051232048048
scale:
  max: .inf
  mean: .inf
  median: 21.005049393101
  min: 0.09442338887057922
  num_samples: 426
  rmse: .inf
  std: .nan
trans:
  max: 80.1726852499226
  mean: 32.01840381227714
  median: 27.259393973876676
  min: 7.61306722669344
  num_samples: 426
  rmse: 36.01587250171933
  std: 16.49135802091686
