rot:
  max: 179.7136658334148
  mean: 127.89172633734705
  median: 135.27266806934006
  min: 50.785454803495995
  num_samples: 426
  rmse: 131.9679142364385
  std: 32.545917138239005
scale:
  max: .inf
  mean: .inf
  median: 19.9201508479886
  min: 0.0754414287650329
  num_samples: 426
  rmse: .inf
  std: .nan
trans:
  max: 79.98844006371127
  mean: 30.904256274382377
  median: 26.272719306045598
  min: 6.171063524078356
  num_samples: 426
  rmse: 35.184425058868875
  std: 16.818760681169643
