rot:
  max: 179.98485645357505
  mean: 163.33181025363828
  median: 165.48210757141103
  min: 99.79761641161518
  num_samples: 395
  rmse: 163.93447089369755
  std: 14.043877899856076
scale:
  max: .inf
  mean: .inf
  median: 20.06427199980365
  min: 0.05228079684624909
  num_samples: 395
  rmse: .inf
  std: .nan
trans:
  max: 89.76058983002079
  mean: 28.775166182202703
  median: 24.97756213437379
  min: 0.8023183014335286
  num_samples: 395
  rmse: 35.60385488274925
  std: 20.96721950327429
