rot:
  max: 179.612653820624
  mean: 129.36153408152046
  median: 142.62530558140105
  min: 52.83371461857225
  num_samples: 425
  rmse: 134.5071265475439
  std: 36.84780308447991
scale:
  max: .inf
  mean: .inf
  median: 27.781344487830196
  min: 0.2854979584809292
  num_samples: 425
  rmse: .inf
  std: .nan
trans:
  max: 78.38039856007188
  mean: 34.40662552397708
  median: 28.753608989534595
  min: 11.67028403526642
  num_samples: 425
  rmse: 38.91377249625831
  std: 18.178718600147775
