rot:
  max: 179.99819143053114
  mean: 167.57994661423925
  median: 170.98654066104518
  min: 97.35837943858584
  num_samples: 425
  rmse: 168.04957844661683
  std: 12.554772353744928
scale:
  max: .inf
  mean: .inf
  median: 20.560817168936264
  min: 0.006876430523727883
  num_samples: 425
  rmse: .inf
  std: .nan
trans:
  max: 75.12245661915044
  mean: 22.404519630032137
  median: 18.207112339692454
  min: 3.6817748911845656
  num_samples: 425
  rmse: 28.30333417292623
  std: 17.29497688497554
