rot:
  max: 168.04957844661683
  mean: 147.46288564976734
  median: 138.85533812454003
  min: 131.9679142364385
  num_samples: 5
  rmse: 148.25901252130038
  std: 15.343798409609564
scale:
  max: .inf
  mean: .inf
  median: .inf
  min: .inf
  num_samples: 5
  rmse: .inf
  std: .nan
trans:
  max: 38.91377249625831
  mean: 34.804251822504405
  median: 35.60385488274925
  min: 28.30333417292623
  num_samples: 5
  rmse: 34.980227948056644
  std: 3.5043405048171263
