rot:
  max: 112.47954969239913
  mean: 54.704999844181806
  median: 49.25489452266311
  min: 29.16440455223286
  num_samples: 977
  rmse: 57.75743097457566
  std: 18.527920143149935
scale:
  max: .inf
  mean: .inf
  median: 8.889703488240041
  min: 0.023559069683609657
  num_samples: 977
  rmse: .inf
  std: .nan
trans:
  max: 68.66524302364336
  mean: 7.891207746477654
  median: 5.945248782854192
  min: 0.48020641192520735
  num_samples: 977
  rmse: 13.705724922417032
  std: 11.206058002299219
