rot:
  max: 103.80872827902724
  mean: 61.77579719315116
  median: 60.104985275337086
  min: 46.880724869276634
  num_samples: 976
  rmse: 62.49930371452639
  std: 9.482291176254243
scale:
  max: .inf
  mean: .inf
  median: 8.558189643253638
  min: 0.0029151145450656557
  num_samples: 976
  rmse: .inf
  std: .nan
trans:
  max: 72.49726298624583
  mean: 6.456001351758043
  median: 4.896347643420613
  min: 0.44334495616434505
  num_samples: 976
  rmse: 11.539389162145858
  std: 9.564389618869965
