rot:
  max: 107.01031823238758
  mean: 72.18988826458407
  median: 72.46278472759742
  min: 47.85355371754375
  num_samples: 689
  rmse: 73.6674090735154
  std: 14.680163212700556
scale:
  max: .inf
  mean: .inf
  median: 6.32379047276197
  min: 0.04028724299460773
  num_samples: 689
  rmse: .inf
  std: .nan
trans:
  max: 69.0190078376004
  mean: 6.847226344140687
  median: 5.3672063716370495
  min: 2.22736517599124
  num_samples: 689
  rmse: 11.214753574214232
  std: 8.88178974770607
