rot:
  max: 104.92422447433398
  mean: 71.8870152214558
  median: 69.25626897404307
  min: 43.25559592272788
  num_samples: 687
  rmse: 72.50710659828476
  std: 9.462428324971006
scale:
  max: .inf
  mean: .inf
  median: 8.750008475763904
  min: 0.00682406297152216
  num_samples: 687
  rmse: .inf
  std: .nan
trans:
  max: 68.49819868768736
  mean: 8.464912604102466
  median: 5.21103778200523
  min: 1.994040124501746
  num_samples: 687
  rmse: 14.545293337098983
  std: 11.828390121532316
