rot:
  max: 107.65117040128618
  mean: 71.87108741155329
  median: 73.97081558646472
  min: 48.457160350452604
  num_samples: 691
  rmse: 72.79680093268321
  std: 11.572424997102996
scale:
  max: .inf
  mean: .inf
  median: 6.077698044725555
  min: 0.03703084428979819
  num_samples: 691
  rmse: .inf
  std: .nan
trans:
  max: 72.09208856882682
  mean: 5.573373299642212
  median: 4.544628897354747
  min: 0.6379237177108577
  num_samples: 691
  rmse: 7.137013948473146
  std: 4.458080098375929
