rot:
  max: 102.17139163206501
  mean: 71.17165907710876
  median: 74.41532431267007
  min: 25.418509845505138
  num_samples: 688
  rmse: 72.02672995339078
  std: 11.065476582166875
scale:
  max: .inf
  mean: .inf
  median: 8.274066957504271
  min: 0.006031253603933084
  num_samples: 688
  rmse: .inf
  std: .nan
trans:
  max: 68.89797036835222
  mean: 8.341193654133788
  median: 5.543749666526468
  min: 1.224063510347556
  num_samples: 688
  rmse: 14.50117335704821
  std: 11.862062095411705
