rot:
  max: 87.44385904917797
  mean: 31.430199085519995
  median: 32.82068136977149
  min: 1.9187084920068287
  num_samples: 700
  rmse: 35.267843280412954
  std: 15.998854805777423
scale:
  max: .inf
  mean: .inf
  median: 18.021189446552157
  min: 0.01425482303060166
  num_samples: 700
  rmse: .inf
  std: .nan
trans:
  max: 58.76676151055088
  mean: 12.310717337638502
  median: 7.361316752019048
  min: 2.2148839817949093
  num_samples: 700
  rmse: 18.631419423924587
  std: 13.9848499592581
