rot:
  max: 61.49369401568787
  mean: 27.09293611813653
  median: 26.703331939768923
  min: 4.392532107020549
  num_samples: 724
  rmse: 29.451132964503078
  std: 11.547382620811213
scale:
  max: .inf
  mean: .inf
  median: 6.3535846244971275
  min: 0.0035620607863329212
  num_samples: 724
  rmse: .inf
  std: .nan
trans:
  max: 66.80533975681473
  mean: 7.296009286436283
  median: 5.084970530116502
  min: 0.05567890398566939
  num_samples: 724
  rmse: 13.416846322641847
  std: 11.25966312718207
