rot:
  max: 73.99572447061003
  mean: 31.24659503329197
  median: 31.49282430122152
  min: 1.1967292703256993
  num_samples: 700
  rmse: 34.64487854307115
  std: 14.963886797540452
scale:
  max: .inf
  mean: .inf
  median: 19.55674124457545
  min: 0.014414529000550402
  num_samples: 700
  rmse: .inf
  std: .nan
trans:
  max: 58.5782272400147
  mean: 12.582039253174278
  median: 7.983954329909055
  min: 2.0925872027308636
  num_samples: 700
  rmse: 18.782585212724168
  std: 13.94552958853934
