rot:
  max: 54.44912008675672
  mean: 28.981434888824744
  median: 29.60842061139166
  min: 1.8126886294663231
  num_samples: 723
  rmse: 31.228472744699644
  std: 11.631592399635595
scale:
  max: .inf
  mean: .inf
  median: 5.22769327028908
  min: 0.0022355050997457937
  num_samples: 723
  rmse: .inf
  std: .nan
trans:
  max: 67.20228513810649
  mean: 7.248606224648793
  median: 5.070256525948249
  min: 0.43452777088481037
  num_samples: 723
  rmse: 13.250172184151236
  std: 11.09165320002559
