rot:
  max: 53.68940287078909
  mean: 27.375722417297514
  median: 26.2297007891727
  min: 16.909738263485288
  num_samples: 720
  rmse: 28.466390118905732
  std: 7.8041776333453905
scale:
  max: .inf
  mean: .inf
  median: 3.784041002708954
  min: 0.021755593666572537
  num_samples: 720
  rmse: .inf
  std: .nan
trans:
  max: 4.397712827186529
  mean: 2.0638381645635815
  median: 2.038916326304977
  min: 0.413101560695428
  num_samples: 720
  rmse: 2.2408804387309766
  std: 0.8729932251615486
