rot:
  max: 51.64906101839319
  mean: 29.977953709880026
  median: 28.530645623164546
  min: 19.204472456784778
  num_samples: 720
  rmse: 31.047633604691768
  std: 8.0794705160348
scale:
  max: .inf
  mean: .inf
  median: 3.9433829939229783
  min: 0.006974409149729244
  num_samples: 720
  rmse: .inf
  std: .nan
trans:
  max: 3.7839810721225566
  mean: 1.9879628617631568
  median: 1.9086565668349948
  min: 0.3517345699720149
  num_samples: 720
  rmse: 2.1606573594397114
  std: 0.8464300828488012
