rot:
  max: 54.993214216427205
  mean: 28.956720830789653
  median: 27.517637972722483
  min: 17.780673060339076
  num_samples: 720
  rmse: 30.166682707009265
  std: 8.45795863510129
scale:
  max: .inf
  mean: .inf
  median: 3.7705105036476114
  min: 0.0069483524822056
  num_samples: 720
  rmse: .inf
  std: .nan
trans:
  max: 4.80141096393687
  mean: 2.0801256187959787
  median: 1.9627624391219243
  min: 0.40693494470035524
  num_samples: 720
  rmse: 2.260328017071922
  std: 0.8843981879159045
