rot:
  max: 49.259034876300305
  mean: 30.668247951731853
  median: 29.62206690272742
  min: 18.517311724838418
  num_samples: 720
  rmse: 31.664370644576234
  std: 7.879780192885832
scale:
  max: .inf
  mean: .inf
  median: 3.8735025767076214
  min: 0.002648497079626999
  num_samples: 720
  rmse: .inf
  std: .nan
trans:
  max: 3.8419992922958977
  mean: 2.0476372676851375
  median: 2.0123181489600466
  min: 0.41401177021427177
  num_samples: 720
  rmse: 2.2013977283108472
  std: 0.8082905283368741
