rot:
  max: 52.759347784256285
  mean: 30.103717947905817
  median: 29.183979493803584
  min: 19.881505247137625
  num_samples: 720
  rmse: 31.018249023569524
  std: 7.476492372838005
scale:
  max: .inf
  mean: .inf
  median: 3.9640759734938746
  min: 0.0032473237132513155
  num_samples: 720
  rmse: .inf
  std: .nan
trans:
  max: 4.691854114974568
  mean: 2.000176338557032
  median: 1.8631568854273235
  min: 0.4637425639885825
  num_samples: 720
  rmse: 2.181885090613629
  std: 0.8717322773183451
