rot:
  max: 48.74243878562977
  mean: 22.665912852278904
  median: 22.566464151259844
  min: 9.161869625129386
  num_samples: 511
  rmse: 24.045040423573266
  std: 8.026229721617138
scale:
  max: .inf
  mean: .inf
  median: 6.147450783048081
  min: 0.04246633371065567
  num_samples: 511
  rmse: .inf
  std: .nan
trans:
  max: 5.560817825154529
  mean: 2.4916279032261253
  median: 2.146680525936176
  min: 0.5648725845907016
  num_samples: 511
  rmse: 2.721922360689174
  std: 1.0957425470815254
