rot:
  max: 47.97126406916651
  mean: 20.69577280598727
  median: 19.598960195028482
  min: 6.892928269648054
  num_samples: 511
  rmse: 22.45940204186805
  std: 8.724088951932137
scale:
  max: .inf
  mean: .inf
  median: 5.963818433821033
  min: 0.02039167235889927
  num_samples: 511
  rmse: .inf
  std: .nan
trans:
  max: 5.655986583900008
  mean: 2.493482756703351
  median: 2.1548198928386046
  min: 0.56449182527916
  num_samples: 511
  rmse: 2.717238387879472
  std: 1.0797815513282716
