rot:
  max: 55.66838645227758
  mean: 29.59775746235446
  median: 30.03633860212727
  min: 17.398034396572083
  num_samples: 511
  rmse: 30.80751390359385
  std: 8.548430623206178
scale:
  max: .inf
  mean: .inf
  median: 5.704075031342559
  min: 0.006229348702779802
  num_samples: 511
  rmse: .inf
  std: .nan
trans:
  max: 5.362232755535902
  mean: 2.3751139695374746
  median: 2.0760680609771787
  min: 0.7491224075624681
  num_samples: 511
  rmse: 2.6076335866046976
  std: 1.0763765854462006
