rot:
  max: 47.61255456549372
  mean: 23.183465308470797
  median: 23.005692906654758
  min: 10.79868323244576
  num_samples: 511
  rmse: 24.36673585641313
  std: 7.500983441332236
scale:
  max: .inf
  mean: .inf
  median: 5.849081560024527
  min: 0.0039699894395672786
  num_samples: 511
  rmse: .inf
  std: .nan
trans:
  max: 5.811040135939908
  mean: 2.3103315345873257
  median: 1.9523445414508929
  min: 0.5232795165399338
  num_samples: 511
  rmse: 2.5376465277956854
  std: 1.04977049888291
