rot:
  max: 46.72434351912419
  mean: 21.329824562799722
  median: 19.87158949030004
  min: 9.471876266798816
  num_samples: 511
  rmse: 22.78487322038177
  std: 8.011805775794624
scale:
  max: .inf
  mean: .inf
  median: 5.76414118991504
  min: 0.00723828559637818
  num_samples: 511
  rmse: .inf
  std: .nan
trans:
  max: 6.051527911570743
  mean: 2.375258206396864
  median: 2.037933075595671
  min: 0.6043842932078268
  num_samples: 511
  rmse: 2.6206945391483725
  std: 1.1073338793997285
