rot:
  max: 30.80751390359385
  mean: 24.892713089166016
  median: 24.045040423573266
  min: 22.45940204186805
  num_samples: 5
  rmse: 25.078197247548506
  std: 3.0444724087126294
scale:
  max: .inf
  mean: .inf
  median: .inf
  min: .inf
  num_samples: 5
  rmse: .inf
  std: .nan
trans:
  max: 2.721922360689174
  mean: 2.64102708042348
  median: 2.6206945391483725
  min: 2.5376465277956854
  num_samples: 5
  rmse: 2.6419571716335617
  std: 0.0700974836626453
