rot:
  max: 145.20196251940197
  mean: 75.71431201677406
  median: 75.43806967405764
  min: 21.569744651985356
  num_samples: 230
  rmse: 80.68324442782504
  std: 27.877031535418983
scale:
  max: 642.6746749135064
  mean: 73.66298849614199
  median: 38.11126501212192
  min: 1.5701198796899796
  num_samples: 230
  rmse: 125.0816494820733
  std: 101.08997558103127
trans:
  max: 68.55796814736593
  mean: 25.02006678261764
  median: 23.514945551958395
  min: 2.292999553589245
  num_samples: 230
  rmse: 28.202696734041186
  std: 13.014928400327491
