rot:
  max: 80.68324442782504
  mean: 80.68324442782504
  median: 80.68324442782504
  min: 80.68324442782504
  num_samples: 1
  rmse: 80.68324442782504
  std: 0.0
scale:
  max: 125.0816494820733
  mean: 125.0816494820733
  median: 125.0816494820733
  min: 125.0816494820733
  num_samples: 1
  rmse: 125.0816494820733
  std: 0.0
trans:
  max: 28.202696734041186
  mean: 28.202696734041186
  median: 28.202696734041186
  min: 28.202696734041186
  num_samples: 1
  rmse: 28.202696734041186
  std: 0.0
