rot:
  max: 98.53140248889602
  mean: 46.08416840020793
  median: 41.978998861550856
  min: 24.56570399053912
  num_samples: 977
  rmse: 48.42569742251294
  std: 14.876074539946828
scale:
  max: .inf
  mean: .inf
  median: 8.26474108602694
  min: 0.0038994840424688704
  num_samples: 977
  rmse: .inf
  std: .nan
trans:
  max: 69.7747647933718
  mean: 7.257265163591315
  median: 5.494554269461962
  min: 0.7383464540680176
  num_samples: 977
  rmse: 12.633101838890754
  std: 10.340568863322215
