rot:
  max: 101.43079426059282
  mean: 59.99983546680088
  median: 58.11268238946026
  min: 44.616985668227315
  num_samples: 977
  rmse: 60.808319159502155
  std: 9.882885356043557
scale:
  max: .inf
  mean: .inf
  median: 8.497538091272682
  min: 0.010162719219786176
  num_samples: 977
  rmse: .inf
  std: .nan
trans:
  max: 71.59875635444571
  mean: 6.825867365915889
  median: 5.387319473521433
  min: 0.038794709902598805
  num_samples: 977
  rmse: 12.20518992656351
  std: 10.118013433792816
