rot:
  max: 105.52630571360147
  mean: 64.67646686476138
  median: 62.33300579422215
  min: 52.49111352344235
  num_samples: 977
  rmse: 65.30142431910184
  std: 9.012804890532605
scale:
  max: .inf
  mean: .inf
  median: 9.141645549190802
  min: 0.012400308951354688
  num_samples: 977
  rmse: .inf
  std: .nan
trans:
  max: 69.31995385455046
  mean: 7.862316381492974
  median: 5.867409299523721
  min: 0.3377051683952089
  num_samples: 977
  rmse: 13.856319967395047
  std: 11.409714464268502
