0.00039138749707490206, 0.001221634796820581, 0.007269765250384808, -0.47862239622233793, -0.16145118038456632, -0.8630493138788871, -0.3196295644830045, 0.947542580314154, 0.0, 0.8177759738111609, 0.2758560763224645, -0.5051196707842434
0.0003871273294769042, 0.0012201977368485413, 0.0072620833392342205, -0.45835099459496476, -0.11583221485397938, -0.8811908214205527, -0.3029913715222946, 0.95244228095025, 0.03240262707442078, 0.8355301278450977, 0.2818449919021211, -0.4716490284129161
0.0003830469125316437, 0.0012191665538951479, 0.007254238639425268, -0.43971477879738563, -0.0997320087950213, -0.8925830155951188, -0.29890675051273036, 0.9534130581602759, 0.040722168746161094, 0.846938998868919, 0.2847052281767587, -0.44904038264251156
0.0003791300281614304, 0.0012182781626804437, 0.007246287702519157, -0.42347484461065105, -0.11331601076607076, -0.8987928224491163, -0.30660396859828076, 0.9515219261024239, 0.024495521756391917, 0.8524453427767492, 0.28594668357999387, -0.43768873840645417
0.00037536045828857434, 0.0012172694779244726, 0.0072382870800770886, -0.40913848039567247, -0.15617663055631825, -0.8990075438657872, -0.32542270007791957, 0.9454308651871901, -0.016141419559555798, 0.8524703925260492, 0.2859533864451975, -0.43763556830656164
0.0003717221953957244, 0.001215880677635793, 0.007230292657787413, -0.39414561004424215, -0.20162434258964157, -0.896658721341708, -0.34469161085316236, 0.9368508490722495, -0.05914541402389054, 0.8519606396367758, 0.28575883375304456, -0.43875386886248147
0.00036821435039803823, 0.0012140862470407512, 0.007222312511034194, -0.376781507328038, -0.2065968350162073, -0.9029692372926653, -0.3485797328185177, 0.9347782980443476, -0.06842297401811515, 0.8582120166973791, 0.28897626419240535, -0.42422264570578816
0.0003648608866921795, 0.001212247475831184, 0.007214275825300221, -0.36072437279873004, -0.1799382783872538, -0.9151503389279786, -0.3413782833653613, 0.9385958353731022, -0.049987253043027466, 0.867950917111954, 0.2943808312225844, -0.4000014146140216
0.0003616530340906222, 0.0012106473192629824, 0.0072061375690111625, -0.3544662634683592, -0.15132743706162302, -0.922742474829863, -0.33258695174917646, 0.9426906532968593, -0.026837505713676806, 0.8739219573789017, 0.29737911658201754, -0.3844815644890247
0.0003585001952932209, 0.0012093013208878175, 0.007197930135541508, -0.35942729584391014, -0.12516324110466132, -0.9247411432820055, -0.32322183056753495, 0.9463200430599445, -0.0024544546434066903, 0.8754082860282429, 0.2980143271374738, -0.38058874598954284
0.0003553001260405931, 0.001208186961894915, 0.007189696938637782, -0.37558563869458167, -0.1015047284058581, -0.9212123632027722, -0.31297394379729376, 0.9494836129208005, 0.022982151745036643, 0.8723432458100148, 0.296947232528132, -0.3883807443521524
0.00035195058207335687, 0.0012072817234735007, 0.007181481392046506, -0.39223029014587396, -0.08531003103197564, -0.9159026138719155, -0.3049170344329656, 0.951454233823066, 0.04195763402252425, 0.867860012677557, 0.29573136381771514, -0.39920165186259565
0.00034844788123850306, 0.0012065198865516098, 0.0071733021847520855, -0.3036364923756056, -0.12538067079586462, -0.9445022858038078, -0.3257776541300092, 0.9452187809858349, -0.020745508940498557, 0.8953623850527712, 0.30139864542235634, -0.32784913599120846
0.00034575794128002325, 0.0012054091291661714, 0.007164934763499187, -0.1810390013731382, -0.19160132312059505, -0.9646314389238277, -0.3460735027195971, 0.9305176050864732, -0.11987542425169383, 0.9205748262347857, 0.3121312538061062, -0.23476811900303288
0.00034414312332216296, 0.0012037000982116357, 0.007156330517129753, -0.19425090533997247, -0.21973047474681737, -0.9560256817900549, -0.35055998473738575, 0.9257813939160296, -0.14155037188159264, 0.9161737187212505, 0.3076480605276613, -0.25686258578867327
0.00034241007842517187, 0.0012017397326869194, 0.007147801159563471, -0.23363786501313105, -0.23459616782892836, -0.943598424157272, -0.35096094924459437, 0.9253806616616446, -0.1431678844154309, 0.9067743711295767, 0.2977167597946716, -0.2985380558654501
0.0003403293564459167, 0.001199650476295952, 0.0071393977015853545, -0.2638318246727653, -0.244010813467554, -0.9331942408741827, -0.35085670376062905, 0.9254771730733324, -0.14279907403908215, 0.898494486191243, 0.28974251505620585, -0.3297831609601056
0.0003379801425037664, 0.001197477752797775, 0.007131088344197878, -0.28498067512242226, -0.2481892244052735, -0.9258445461824989, -0.3501443057654091, 0.9261014576642879, -0.1404815121364413, 0.8922919813305665, 0.2841446796988995, -0.3508230623148679
0.00033544164575935453, 0.0011952669799519312, 0.007122841281953022, -0.2972696374352369, -0.24730520308659887, -0.9222097913085823, -0.3487773068423395, 0.9272516362232149, -0.1362306623090974, 0.8888110895409257, 0.28114860776405565, -0.3618982004119471
0.0003327930753733145, 0.0011930635755179634, 0.007114624709402762, -0.30081672782940483, -0.2414471635453809, -0.9226118162444593, -0.3467625170257952, 0.9288960737571532, -0.1300301539816075, 0.8884059055656626, 0.28081195019876837, -0.3631523035609434
0.00033011364050627935, 0.0011909129572554142, 0.007106406821099071, -0.2956202773213423, -0.23060224115039932, -0.9270551537060057, -0.3441598610594898, 0.9309732762632326, -0.12183082089198746, 0.8911580340612799, 0.28303951183556675, -0.3545786133820238
0.0003274825503188826, 0.0011888605429238256, 0.007098155811593928, -0.2815522991611334, -0.2146663288258107, -0.9352254648508713, -0.34108629158158205, 0.9333887542701125, -0.11155973779644608, 0.8968770509563747, 0.2875826849282423, -0.33601749180252455
0.0003249790139717577, 0.0011869517502827408, 0.007089839875439306, -0.25886684727479714, -0.1938996653526157, -0.9462509578109554, -0.3377812066430532, 0.9359629298508123, -0.09938435683670967, 0.9049264123788022, 0.29389847519377693, -0.3077854357470527
0.0003226780831539946, 0.001185228278466011, 0.0070814291499521065, -0.23554370637543784, -0.1754605917652886, -0.9558936881914727, -0.3353639594564256, 0.9378270514812189, -0.08950662661363218, 0.9121678447986591, 0.29948956951356087, -0.2797424184280095
0.00032058311845666233, 0.0011836677029313143, 0.0070729272733281055, -0.21860480657579115, -0.16559486308396643, -0.9616601685949998, -0.3344731436831736, 0.9385118096390689, -0.08557627780346243, 0.916700417092005, 0.30294211408815824, -0.26055022704872327
0.00031863700095299244, 0.001182193503591357, 0.007064366145528585, -0.20839790481359452, -0.16458647863389797, -0.9640962629946231, -0.3349447863090125, 0.938142389186931, -0.08775447415970881, 0.9189027714582834, 0.3046311682371495, -0.25063429123876
0.00031678071690935383, 0.0011807274655601203, 0.007055778551948269, -0.20495295400348174, -0.1724637999310073, -0.9634575882510885, -0.3367198263397872, 0.9366938460213646, -0.09604372637193882, 0.9190288598270188, 0.30473082636822574, -0.25005015150162974
0.00031495525259211536, 0.0011791913739515843, 0.007047197277981878, -0.2082344624051876, -0.18921600028953658, -0.9596018517600164, -0.33987241944347824, 0.9339682086775494, -0.11040889312589858, 0.9171287516856392, 0.3031512665552954, -0.25879366765332823
0.0003131015942676458, 0.0011775070138797291, 0.007038655109024128, -0.21811291391744667, -0.2147453047981231, -0.9520037872033923, -0.34460205000502336, 0.9296001518418952, -0.13074014237356857, 0.9130586968616945, 0.29954634326375407, -0.2767594701587234
0.00031116095506719953, 0.0011755963376656616, 0.007030184744591147, -0.22836593437049918, -0.2444216729498382, -0.9423943154600898, -0.35049434080940417, 0.92370968541062, -0.15464195465395134, 0.9082966019311478, 0.2949889199122839, -0.29661223853596136
0.0003091287260881433, 0.0011734212286317889, 0.0070217983753944665, -0.2272100137514385, -0.267288703088833, -0.9364466663148312, -0.3556842375563684, 0.9179410475864411, -0.17570701838529923, 0.906567334953679, 0.2931569244568456, -0.3036357766107073
0.0003071062186467914, 0.0011710419611775918, 0.0070134626056817684, -0.22298612029662015, -0.27802685191054094, -0.9343330561270834, -0.35832468428368236, 0.9147425290751139, -0.1866802778395831, 0.9065763127216928, 0.29316748646120144, -0.30359877156200854
0.0003051209950103902, 0.0011685667152868035, 0.0070051443297961345, -0.21895653609437193, -0.275473877747598, -0.9360406924809709, -0.3580599660346403, 0.9150765767207935, -0.18554762046500647, 0.9076624350631827, 0.2945318342992066, -0.29899816480961633
0.00030317205208313125, 0.0011661147087139129, 0.006996812585424498, -0.2150924321419805, -0.25958726091705947, -0.9414614700585606, -0.3550499162442787, 0.9188443725476954, -0.17223407331989474, 0.9097663450634884, 0.29721957036341107, -0.2898029060979395
0.00030125837660852924, 0.001163805163139533, 0.0069884364110161645, -0.21123519676677288, -0.23022001414986487, -0.9499360171778617, -0.3494590301350993, 0.9254165833995387, -0.14656921036206907, 0.9128297091483923, 0.3010031432625924, -0.2759330169481369
0.0002993790396141091, 0.0011617569202516517, 0.006979984931685352, -0.2048249942031951, -0.19845470150474628, -0.9584688065870078, -0.3437793630433547, 0.9314299040483923, -0.1193904660762656, 0.9164401078603918, 0.30504764430341813, -0.2590047555736554
0.00029755509683019606, 0.0011599897041843386, 0.00697144987828437, -0.1905105533597075, -0.19065169001502788, -0.9629941132493967, -0.34323074636424866, 0.9319842433804368, -0.11661056916435855, 0.9197273421013529, 0.30831364417587587, -0.24299035578839873
0.0002958588494229916, 0.0011582922001397383, 0.006962875674709053, -0.1675031920356201, -0.21057956815236872, -0.9631193727335361, -0.3477837120053708, 0.9267377708953927, -0.14213934592365346, 0.9224907426753093, 0.31114843639748635, -0.22846767868947224
0.00029436986475582863, 0.0011564202970172593, 0.00695431422605115, -0.13849144571542393, -0.24924990527862426, -0.9584855784946629, -0.35462044846536916, 0.9161209209112292, -0.18699410632151411, 0.9246969541389612, 0.31400150156863604, -0.21526402397699826
0.00029313989173463865, 0.0011542066537308948, 0.006945801704597871, -0.11268780925395612, -0.2806088018686684, -0.9531842203684314, -0.3592721799592177, 0.9058981771865726, -0.22421416832438743, 0.9264043168902527, 0.3171863693223207, -0.2028986169574077
0.00029213805671982984, 0.0011517119409040438, 0.006937327555230247, -0.0920625083782259, -0.30015735487117706, -0.9494367050350683, -0.3617839834204671, 0.8984090542345062, -0.24894481438640031, 0.9277051492211997, 0.3205725090930262, -0.19130191458078344
0.0002913182174148043, 0.0011490389657532376, 0.0069288725875986485, -0.07670803029830417, -0.30823248554706945, -0.9482133794358893, -0.3628211580057693, 0.8944437151046194, -0.2614024632883152, 0.9286962288020271, 0.32398020828952195, -0.18044428293955722
0.0002906342315229638, 0.001146290535495007, 0.006920417611353444, -0.06662161306870992, -0.3050484777911273, -0.9500036772925876, -0.36284407472134844, 0.8943389344738928, -0.26172895851187467, 0.9294652968840373, 0.32726639986625294, -0.17026733511407943
0.00029003995674771054, 0.0011435694573458828, 0.006911943436145009, -0.06177192541696081, -0.29061978138417666, -0.9548425901155096, -0.3621053154682661, 0.8980149655332983, -0.2498977034465437, 0.9300881515963468, 0.33031691501714316, -0.16070708109367332
0.00028948925079244647, 0.0011409785385223963, 0.006903430871623716, -0.062125681242022, -0.26476565614811237, -0.9623094861086396, -0.36065367410681626, 0.904977746609794, -0.22570823089624753, 0.9306284581311004, 0.3330381741865622, -0.15171106568412213
0.0002889359713605736, 0.0011386205862410782, 0.00689486072743993, -0.06782952345722533, -0.22866838150269447, -0.9711384695544215, -0.3584048422335106, 0.9139900942485643, -0.19017906477599741, 0.9310988802544755, 0.3351609746322487, -0.14395136773377
0.0002883322602118663, 0.0011365853419369207, 0.006886217188592451, -0.0812279128123733, -0.20032382447462302, -0.9763566927757529, -0.3560087610334148, 0.9208033787323844, -0.15930756348170697, 0.9309456419402792, 0.33465131564493444, -0.14611197312169866
0.0002876091881655745, 0.0011348021056986778, 0.006877525887692146, -0.10398380104636627, -0.19208435234928087, -0.9758539699681029, -0.3544289416932786, 0.9239140046318062, -0.14409384905470957, 0.9292833230022652, 0.33088746369086913, -0.16415234376057972
0.00028668367886637905, 0.0011330924561903863, 0.006868840285562065, -0.13461760275956633, -0.20313113094596338, -0.9698535171188902, -0.3544576766053453, 0.9238706783214092, -0.1443008150825204, 0.9253312144971703, 0.32434659452282394, -0.19637064469680487
0.0002854858527836549, 0.0011312849974192262, 0.00686021053866855, -0.15125369529083244, -0.21852056947231677, -0.9640389413184315, -0.35585810675000984, 0.9219076845673375, -0.15313794107271145, 0.9222186983146496, 0.31989839301438355, -0.2172042601461776
0.0002841398019842437, 0.0011293403190650185, 0.0068516312746371485, -0.15121808123866998, -0.22940343851255746, -0.9615129506694698, -0.35745514196355455, 0.919564476087835, -0.16317780425388972, 0.9216067021188107, 0.3190223138213391, -0.22105621432967903
0.00028279412762851193, 0.001127298881151018, 0.006843074868486367, -0.15083611996037793, -0.23824527078419883, -0.9594204791770198, -0.3587669259029102, 0.9175475141066953, -0.17144343742120796, 0.9211594638245185, 0.3183484730693516, -0.2238738303172975
0.00028145182328860455, 0.0011251787148339578, 0.0068345368984475355, -0.1510834559859861, -0.245212184914827, -0.957624547354874, -0.3597736988649165, 0.9159462794980252, -0.17777879142007358, 0.9207261671813108, 0.31766869131694797, -0.2266052241776228
0.00028010722926890587, 0.0011229964054921308, 0.006826014348899758, -0.1519660577230292, -0.25031371604683733, -0.956163877616669, -0.36047884069155134, 0.9148008561330967, -0.1821933012814369, 0.9203050161298678, 0.3169896483751111, -0.2292514778779568
0.0002787546858738004, 0.0011207685385038293, 0.006817504204222149, -0.1534881290855411, -0.25355737643701715, -0.9550654695277162, -0.3608820253821458, 0.9141399869310889, -0.18469501360272003, 0.9198943189225057, 0.3163174689264022, -0.23181393587550775
0.00027738853340767274, 0.0011185116992473469, 0.006809003448793816, -0.1556522385322943, -0.25494782457866516, -0.9543447948108126, -0.36097909500503483, 0.9139812857468241, -0.18528977919445064, 0.9194925087292619, 0.315657751444802, -0.2342940680930266
0.00027600311217490736, 0.001116242473100976, 0.006800509066993867, -0.15845933470229567, -0.2544863710265867, -0.9540059361489447, -0.3607619847620408, 0.9143313721683884, -0.1839807930715192, 0.9190981610232167, 0.31501560093174835, -0.23669334923768043
0.0002745927624798887, 0.001113977445443009, 0.006792018043201412, -0.16190864565955848, -0.2521708150328366, -0.9540416502995887, -0.36021869757524155, 0.9151859089944367, -0.1807684759442955, 0.9187100088590983, 0.3143956615853685, -0.23901315360961672
0.00027315182462700114, 0.0011117332016517395, 0.006783527361795562, -0.16599746067619298, -0.24799561025617614, -0.9544333503931652, -0.35933333146915225, 0.9165295359935517, -0.17565069469468458, 0.9183269569953482, 0.3138021461767139, -0.24125466443273624
0.00027167463892062947, 0.00110952632710546, 0.006775034007155425, -0.17072079556412448, -0.24195236251363858, -0.9551510164555242, -0.35808616801465337, 0.9183357072343169, -0.16862332310516404, 0.9179480956124556, 0.31323885948667984, -0.24341879686858664
0.000270155545665158, 0.0011073734071824631, 0.0067665349636601094, -0.17607094525344255, -0.23403066656606336, -0.9561530574882889, -0.3564538349879634, 0.9205664532183527, -0.15968114707552725, 0.9175727141539972, 0.3127092136724252, -0.24550613418902703
0.0002685888851649711, 0.0011052910272610417, 0.0067580272156887245, -0.18190035720270012, -0.22455719426069404, -0.9573329235721997, -0.35447664184841154, 0.9230894453594154, -0.14917166704813611, 0.9172014884600893, 0.3122177803582171, -0.2475105799653522
0.00026697022276285406, 0.001103292777817971, 0.00674950827249628, -0.18570272902223897, -0.21973756065127875, -0.9577212020586776, -0.3533954602897779, 0.9243917915587575, -0.14356693332855808, 0.91685666550463, 0.3117935537143387, -0.24931633476752962
0.00026531760873446344, 0.0011013372794943402, 0.006740985277157748, -0.18530202493863704, -0.22503325073960873, -0.956568447950906, -0.3543642704109061, 0.9232335730015098, -0.14854539218370982, 0.916563758507714, 0.31144791818927026, -0.25082079428504866
0.0002636688085043454, 0.0010993349545023357, 0.006732473819834886, -0.18142237037345862, -0.2383641174344141, -0.954079908104027, -0.35694885611236293, 0.9199749188958481, -0.1619680916805943, 0.9163369673041414, 0.3111730967199617, -0.25198782952666215
0.0002620548386521549, 0.001097214419429449, 0.006723986133310392, -0.17724039267282615, -0.2510614340659122, -0.9516060106630001, -0.35938794769999605, 0.9166513060977216, -0.17490193274325477, 0.9162020226201028, 0.3109960439525055, -0.2526960909723852
0.0002604780569481322, 0.0010949809044284325, 0.006715520371502804, -0.17354825421040296, -0.26105603152409684, -0.9495950462515118, -0.361290472377604, 0.9138751046833246, -0.18520660789834265, 0.9161605743698477, 0.3109373593586534, -0.2529184859305039
0.00025893390016351007, 0.0010926581415514533, 0.0067070712883357956, -0.1703624245239507, -0.268369016901447, -0.9481322244696002, -0.36268318804103544, 0.9117298971843565, -0.19289764045367117, 0.9162082456640042, 0.3110091081424365, -0.2526574464165545
0.0002574178050695213, 0.0010902698628506788, 0.0066986336377330424, -0.16769411214772298, -0.2730189523431294, -0.9472799672812927, -0.36358922532898125, 0.9102764717267632, -0.19798893970458725, 0.9163413992479322, 0.31121921001463815, -0.2519147541177499
0.0002559252084373985, 0.0010878398003782762, 0.0066902021736182146, -0.1655499738732206, -0.2750192417133314, -0.9470784670965761, -0.3640275952348229, 0.9095535096516525, -0.2004902067132289, 0.9165572082844191, 0.3115715483926373, -0.2506911529633357
0.00025445154703837466, 0.0010853916861864122, 0.006681771649914987, -0.1639326574885938, -0.2743764703068472, -0.9475461130471082, -0.36401290085150195, 0.9095781099574071, -0.2004052641523814, 0.9168536916119181, 0.31206604177363956, -0.24898613164056158
0.00025299225764368217, 0.0010829492523272539, 0.0066733368205470316, -0.16284116062666995, -0.2710896663978938, -0.948679687343435, -0.3635552216972262, 0.9103460548232564, -0.19773128544672303, 0.9172297188722354, 0.31269866203745, -0.2467978719064426
0.00025154277702455396, 0.0010805362308529687, 0.006664892439438023, -0.1622709991602929, -0.26515046758351973, -0.9504542873656581, -0.3626601494320994, 0.9118317738895709, -0.1924589102621281, 0.917684988896194, 0.3134613942188724, -0.24412336121099326
0.0002500985419522228, 0.001078176353815724, 0.006656433260511633, -0.1622138997913499, -0.2565450553995138, -0.9528227984596833, -0.3613291145801376, 0.9139877793797662, -0.18457413172267045, 0.9182199745546901, 0.3143421284118696, -0.24095871977224648
0.00024865499174497717, 0.0010758933455879078, 0.006647954039249127, -0.16230330412515814, -0.24632596414635247, -0.9555004745458928, -0.3597452344775831, 0.9164628039337991, -0.17515506066473732, 0.9188258832557588, 0.31530849717882475, -0.23735953291600886
0.00024721072658789834, 0.0010737014000251355, 0.006639451464083468, -0.16148913428106554, -0.2376509467962709, -0.9578325986287937, -0.35845433652763353, 0.9184095534611096, -0.16743470588829337, 0.9194736255780729, 0.31630036294351804, -0.23350017616291585
0.0002457736707954767, 0.0010715865972479178, 0.006630927925393651, -0.15958741903506743, -0.2311132078973667, -0.9597492072521417, -0.35755939097366574, 0.9197284991793466, -0.1620208928621488, 0.9201538662703468, 0.3173108459109068, -0.2294137952587807
0.0002443534595532947, 0.0010695298588279522, 0.006622386859800534, -0.15660447809341854, -0.22672162775637864, -0.9612868151330205, -0.35705672572449654, 0.9204636839141276, -0.1589248288032265, 0.9208612990325904, 0.3183455828227106, -0.22510121688093804
0.00024295972804693494, 0.0010675121063369363, 0.006613831703924979, -0.15254349990366323, -0.22448036542360006, -0.9624650882896625, -0.35693476588135475, 0.9206436208886117, -0.15815465918628097, 0.9215899595494537, 0.3194117857193018, -0.2205630467717638
0.00024160211146197986, 0.0010655142613465675, 0.006605265894387847, -0.1474045884782029, -0.2243896879175762, -0.9632866423094554, -0.3571741545836064, 0.9202811295334548, -0.1597162043191448, 0.9223331884915873, 0.32051819071759646, -0.2157998582623742
0.00024029024498401213, 0.0010635172454285437, 0.006596692867810002, -0.14118509649149363, -0.22644622575299952, -0.9637369326589643, -0.3577477637127274, 0.9193733183152943, -0.16361307749830717, 0.923083585645, 0.3216750043322391, -0.2108124415223725
0.00023903376379861408, 0.0010615019801545622, 0.006588116060812302, -0.13388024417351627, -0.23064265414296806, -0.9637842322376554, -0.3586206088396216, 0.9179017017636742, -0.16984617986534198, 0.9238329606241266, 0.32289384012278427, -0.20560211301254427
0.00023784230309136843, 0.001059449387096321, 0.006579538910015611, -0.12591225700487194, -0.2368552805155314, -0.9633512753029645, -0.35972109189019164, 0.9158909232834782, -0.17817001065349408, 0.9245251968363368, 0.3241039844538275, -0.20052373344790336
0.00023672169867043722, 0.0010573414026889226, 0.006570965195877737, -0.1207770876175216, -0.2441665750138231, -0.9621827158875017, -0.3607919237475577, 0.9137890272025325, -0.18659796762769393, 0.9247929946021249, 0.32461099397627996, -0.1984581057164596
0.00023564674969233143, 0.0010551682536630918, 0.006562401507618672, -0.12018655224411191, -0.2521408832964499, -0.9601979835586822, -0.3617490247688632, 0.9118328574561295, -0.19416097224253448, 0.9244959901148571, 0.32401514630318734, -0.20080176599739946
0.0002345770969746255, 0.001052924215740155, 0.0065538558062613085, -0.12415103267755163, -0.260773932590715, -0.95738366247094, -0.3626249625393569, 0.9100337601969039, -0.20085241309283305, 0.923628527942066, 0.3222351802380635, -0.20754476863682986
0.00023347227863025093, 0.0010506035920751936, 0.006545336062123138, -0.13266242706430156, -0.27004658722404445, -0.9536642601954084, -0.3634408351484832, 0.9084036321070253, -0.20667268934558639, 0.922123332202359, 0.3191828346001877, -0.2186569877790493
0.00023229183277213947, 0.0010482006858232881, 0.006536850245521645, -0.14516856034798947, -0.28024277420690763, -0.9488888641939626, -0.3642747963885514, 0.9068198910508177, -0.2120885614800161, 0.9199075832944154, 0.3148677066632896, -0.23372711759235196
0.0002310000792147899, 0.0010457070012428562, 0.0065284067467164374, -0.15833368055595054, -0.293326459899475, -0.9428096486165424, -0.3656109449470003, 0.9043998131252473, -0.21997639635647132, 0.9172017676261685, 0.30987185406528867, -0.25044031528803967
0.00022959104789726395, 0.0010430966522204236, 0.00652001656519156, -0.1708626400214627, -0.31002147894911286, -0.9352500418792297, -0.3677195362846888, 0.9006902101563425, -0.23138601505513876, 0.9141051913644673, 0.3043744863136992, -0.26789526162625993
0.00022807016235683233, 0.0010403370835721942, 0.006511691701048038, -0.18270662596004233, -0.33017284736717223, -0.9260692089103013, -0.37067504940289986, 0.8955476076635044, -0.2461594811465358, 0.910614241367032, 0.29829578151497216, -0.28600931829210935
0.0002264429311429968, 0.0010373964810605244, 0.0065034438955018925, -0.19345712916629562, -0.34884803503173273, -0.9169947587795877, -0.37361363303403716, 0.890424010541395, -0.25991909253166756, 0.9071864154548629, 0.29231854184412714, -0.30259325456506836
0.00022471844187557666, 0.0010342868272836625, 0.006495269745360149, -0.20261541891397722, -0.35873750863299586, -0.911182962921336, -0.37501953151854367, 0.8879717080002731, -0.26620780749386314, 0.904603417525009, 0.2877736014488975, -0.31445033202591083
0.00022291126129297893, 0.0010310871524349962, 0.006487142663193296, -0.2102244673223792, -0.35937345817481847, -0.9092064621957401, -0.3746495557839794, 0.8886065476656411, -0.2646055815673923, 0.9030190383872805, 0.2850072297420241, -0.321445944607936
0.00022103641954629967, 0.001027882157456931, 0.006479034100696329, -0.21631595959780628, -0.35078069148174895, -0.9111313363653267, -0.37241425428765856, 0.8923126810041445, -0.2551189967888768, 0.902504863602766, 0.28413198658859545, -0.32365720348938753
0.00021910894678663458, 0.0010247565432918706, 0.0064709155095642335, -0.22084835623578133, -0.3328371809769284, -0.9167581003226996, -0.36825582107295857, 0.8988459668507631, -0.23762066013290598, 0.903113311713339, 0.2851233747616079, -0.3210778836524203
0.00021714387316507967, 0.0010217950108822194, 0.006462758341492004, -0.22370004362264367, -0.30530725190562247, -0.9256056246680138, -0.3621560677547006, 0.9077166256656096, -0.21188088653461, 0.9048763855199671, 0.28781592976080456, -0.3136251225655299
0.0002151562288327308, 0.0010190822611703826, 0.0064545340481746314, -0.2246699936556296, -0.2679198781759641, -0.9368790385257619, -0.3541541236404775, 0.9181608974881331, -0.1776384615792181, 0.9077985738363026, 0.2918895428102256, -0.30116813267477804
0.00021316104394068384, 0.0010167029950987633, 0.006446214081307106, -0.22256700781982264, -0.22697326699743006, -0.9481281891699267, -0.345768624920645, 0.9276789140731566, -0.14091093074894911, 0.9115415432390438, 0.2964708559918869, -0.28495095454625263
0.0002111821289775302, 0.0010146849026658512, 0.006437783968151902, -0.21362064948240786, -0.20973187625991727, -0.9541377040004283, -0.342864190319502, 0.9306502421864873, -0.12780560908968305, 0.9147733954981784, 0.29983773411418274, -0.27071565911488416
0.00020927999243852357, 0.0010128173928244805, 0.0064292880657453675, -0.1981551145145731, -0.22088517516493128, -0.9549577425122403, -0.34599295214481074, 0.927321902286111, -0.1426988668721203, 0.9170732945941864, 0.30213213819920925, -0.2601782915797143
0.0002075150716699642, 0.0010108500207782404, 0.006420782482848932, -0.18732478543031442, -0.2339089172744622, -0.9540419504314135, -0.34902616587417323, 0.9237074412035537, -0.1579408072676517, 0.9181994120552796, 0.3033993762100908, -0.2546736307839252
0.00020584669591470274, 0.001008766751521459, 0.0064122854734652256, -0.18792808159610583, -0.2331591262846287, -0.9541068378215282, -0.34885465750807026, 0.9239207946382142, -0.15706938966589837, 0.918141309430381, 0.3033268650569537, -0.25496930962801434
0.00020417389849342082, 0.0010066913406414845, 0.006403792716851206, -0.20006460821744335, -0.21838884003238132, -0.9551337430371267, -0.3453013443080996, 0.9280119608323201, -0.13985986619174132, 0.9169193716776958, 0.3018279561297521, -0.2610723094100873
0.00020239490794069003, 0.0010047494095488188, 0.006395299590952543, -0.22304160625321762, -0.19000105895740496, -0.9561129846807068, -0.33782545490573374, 0.9351048090597296, -0.10701849415451886, 0.914399477196766, 0.29912972715601416, -0.2727544728026469
0.00020041251320001232, 0.0010030606793323912, 0.006386801654696772, -0.24440428787082613, -0.16370505799934584, -0.955754779248205, -0.3302278861521604, 0.9407802393649815, -0.07669474837199819, 0.9117105282258345, 0.29687235507166904, -0.28399069970048446
0.00019823816973375867, 0.0010016042768021636, 0.006378298779490681, -0.25203735583261744, -0.15592776718928092, -0.9550726164456125, -0.32777737901295717, 0.9423511160280896, -0.0673525346814074, 0.910515876342801, 0.29607584423586364, -0.28861727839428086
0.0001959941402861114, 0.0010002159647397603, 0.006369795234177467, -0.24560939468902035, -0.16747692361963354, -0.9547918649084712, -0.3310005735935617, 0.9402519408249995, -0.07978037387449842, 0.9111062756458361, 0.2964418456117912, -0.28636966782298856
0.00019380767621385395, 0.0009987250515892671, 0.0063612954855756295, -0.22578951969421404, -0.19624464037218303, -0.9542049747939111, -0.338791706176392, 0.9341763454395916, -0.11195863274986119, 0.9133669977738113, 0.29799764553821817, -0.2774132848861659
0.00019179804507918222, 0.0009969783835426789, 0.0063528026200573295, -0.20235207740996491, -0.22019623590986734, -0.9542364772209233, -0.3450839516488901, 0.9279281729286133, -0.14094811882303424, 0.9164991560728566, 0.3007705497160447, -0.2637543807053263
0.00018999594405555718, 0.0009950173665508562, 0.006344304409639177, -0.18175266135504067, -0.22594406607560477, -0.957034612276684, -0.3472988605872878, 0.9252732173366265, -0.15248926098023924, 0.9199725384624976, 0.3046617013750674, -0.24664098643598928
0.00018837687961521888, 0.0009930046422245045, 0.006335779083531939, -0.16414049532002487, -0.21340387092022284, -0.9630766769434103, -0.34625419439107186, 0.9266596848814481, -0.14632108966927923, 0.923669816905742, 0.30945212277778983, -0.22599436507495707
0.0001869155222162857, 0.000991104688619989, 0.006327204726394493, -0.14938901277079442, -0.1824062742628547, -0.9718080437889529, -0.34264148401453365, 0.9314891875161538, -0.12216671794238311, 0.9275126609894259, 0.31473138491424707, -0.2016542066366942
0.00018558654231687599, 0.0009894819837936743, 0.006318559422885715, -0.13773964143894282, -0.14086622496408482, -0.9804001722973325, -0.33793303157078197, 0.9371245857463383, -0.08717096399108473, 0.9310365499536806, 0.3193027050529355, -0.17668255487236342
0.00018436074930476513, 0.0009882283662265054, 0.006309834500505203, -0.13151838759632486, -0.12884558254986866, -0.9829047408479867, -0.3367140997805079, 0.9383745492265626, -0.07795396316318762, 0.9323768169217128, 0.3207055054426576, -0.16679763201467984
0.00018319012875173948, 0.0009870815358109563, 0.006301085849367275, -0.131326059737012, -0.15710617462850843, -0.9788110726424929, -0.3403703478267433, 0.9344861737343112, -0.1043245772563136, 0.9310754493349358, 0.3194577295871918, -0.17619667037927841
0.0001820229037723774, 0.0009856851773745146, 0.006292386184301922, -0.13307260322822817, -0.19911779247114417, -0.9708984431913983, -0.34589523705487873, 0.9273463275466098, -0.1427770071424849, 0.9287885481921124, 0.31682943914231565, -0.1922782859294151
0.00018084063805341697, 0.0009839161420181538, 0.00628376036713046, -0.1335724084862789, -0.23277597990417373, -0.9633139440861563, -0.3503667719115992, 0.920343871748048, -0.17381105510311506, 0.9270391236789417, 0.3142968356752329, -0.2044895162425584
0.00017965273477670165, 0.0009818459888150902, 0.006275193299996958, -0.1328518962590672, -0.2575272262590486, -0.9570946146519114, -0.35367307657727964, 0.9143999681640559, -0.19694682816926806, 0.9258864555466463, 0.31233383735499154, -0.2125602161232765
0.0001784694508829144, 0.0009795522479831957, 0.006266668659594839, -0.13100672515709677, -0.273560344864957, -0.9528913766432031, -0.35583402380834983, 0.9101029718080333, -0.21235519350028834, 0.9253212336610308, 0.3112512143326544, -0.21657168816000952
0.00017730104331273793, 0.000977112449740342, 0.006258170122617515, -0.1280962402427961, -0.2810410904856047, -0.9511084368747457, -0.3568993621946739, 0.9078227966098872, -0.2201831401820729, 0.9253184308662045, 0.3112453620763939, -0.21659207299723507
0.00017615776900685524, 0.0009746041243044008, 0.006249681365758405, -0.12414162023831844, -0.28005631037147877, -0.9519229596693837, -0.3569413488303233, 0.9077281750677415, -0.22050495160738937, 0.92584109415158, 0.31240682324382996, -0.21265052356132075
0.0001750498849059491, 0.0009721048018932435, 0.006241186065710922, -0.11912779314288373, -0.27058957753536567, -0.955295686910675, -0.35605239867876814, 0.909796302664848, -0.2133011417045581, 0.926841549724656, 0.31472522648590584, -0.20472609388495994
0.00017398764795070222, 0.0009696920127247415, 0.006232667899168482, -0.11300847952484457, -0.2525258599605086, -0.9609681439083652, -0.35434705074977757, 0.9138110176460925, -0.1984630737783414, 0.9282603358866613, 0.31808821744889965, -0.19275018739229338
0.00017298131508179762, 0.0009674432870167667, 0.006224110542824504, -0.10571470665191685, -0.22568573559282928, -0.9684473912130813, -0.3519671058012975, 0.919350381170578, -0.17582386946990777, 0.9300234175714919, 0.3222744566226689, -0.17662281103302058
0.00017204114323991808, 0.0009654361549871911, 0.006215497673372402, -0.09717357161210954, -0.18992720466225035, -0.9769774582401223, -0.3490907335439027, 0.9257636289917419, -0.14524931321634682, 0.932036993221796, 0.3269393830134634, -0.15626158549320335
0.0001711773387699516, 0.000963747836181638, 0.006206813033284735, -0.08910178378444979, -0.15596055900696806, -0.983736334675437, -0.3466044833301667, 0.9307895667897889, -0.11617277861317285, 0.9337698882818279, 0.3306162222116621, -0.1369916397034196
0.0001703845836278916, 0.000962360226081593, 0.00619806054815344, -0.08586927170689138, -0.1499027552421345, -0.9849647872626436, -0.3462080199748505, 0.931498358831961, -0.11158321736917638, 0.9342197145648456, 0.3314211391329468, -0.13188462175021912
0.0001696202031753189, 0.0009610258402924017, 0.006189292710545292, -0.08723490704483794, -0.17107513980751637, -0.9813884896068006, -0.3479892159148462, 0.9283162309812826, -0.13089110322583694, 0.9334310775841188, 0.33009433778322356, -0.1405138838820068
0.00016884401449775437, 0.0009595036676779103, 0.0061805606254232955, -0.08817221279212226, -0.19454615823227758, -0.9769224397097255, -0.3500182181943785, 0.9242517384635761, -0.15246629423938238, 0.9325839950499758, 0.3284973611220022, -0.1495880206183228
0.00016805952532785104, 0.0009577727441891311, 0.006171868713884286, -0.08701687337474809, -0.21189882243196634, -0.973409961321554, -0.35154627572867925, 0.9207868090485517, -0.16901736095289557, 0.932117631937825, 0.3274912843636178, -0.15461623102536665
0.00016728509016307474, 0.0009558868812167937, 0.006163205533117673, -0.08379745743154156, -0.22318554554261213, -0.9711674409641501, -0.3525687348239432, 0.9181951808441826, -0.18059041253389654, 0.9320264338272027, 0.3272702585560831, -0.15563066700358727
0.00016653907572872548, 0.0009538999517368757, 0.006154559627247305, -0.07853128837373369, -0.2284555740686378, -0.9703818255837907, -0.35311394494574677, 0.9166545488922175, -0.18722975158894348, 0.9322785949656969, 0.32795196092137413, -0.15265691172237147
0.00016583984875010328, 0.0009518658287253546, 0.006145919540397032, -0.07125978436454064, -0.22778782072078568, -0.9710997641146837, -0.3532443055478572, 0.916241232304136, -0.18899858418467191, 0.9328132201734339, 0.32956746343817617, -0.14575590318266746
0.0001652054301487495, 0.0009498378569609744, 0.006137273938117731, -0.06341488773810101, -0.22335752801323422, -0.9726715615730632, -0.35314422904239046, 0.916596432151097, -0.1874570192389053, 0.933417219418637, 0.3316057828924232, -0.13700328187705346
0.00016464096247025386, 0.0009478497101738533, 0.006128616008128682, -0.05682971632046159, -0.2179454792276225, -0.9743049581251128, -0.35297860036743184, 0.9172414518787324, -0.1845920546449493, 0.933903898174531, 0.333418486349568, -0.12905666172181207
0.0001641351783676144, 0.00094590999683772, 0.006119944700389546, -0.05162586969379283, -0.21173607291269642, -0.9759623993811796, -0.3527666570102673, 0.9181312161666358, -0.18052909904548534, 0.9342860671551086, 0.33496702125415806, -0.1220927491375164
0.0001636757453586995, 0.0009440256984878599, 0.0061112593388761224, -0.047804834913776725, -0.20473147284002535, -0.9776501019217564, -0.35251420658997157, 0.9192476290286938, -0.17526417396994703, 0.934584630684193, 0.33625707509861996, -0.1161152338627952
0.00016325033096137732, 0.0009422037966595572, 0.006102559247564205, -0.04536724409101067, -0.19693239251325986, -0.979366859732649, -0.35222198568095675, 0.9205696432184888, -0.16879337898018487, 0.9348162846070615, 0.3372968496200161, -0.11112762604258973
0.00016284660269351626, 0.0009404512728880975, 0.006093843750429594, -0.044313005696916256, -0.1883383690552256, -0.9811039783161225, -0.35188566534644106, 0.9220732411993309, -0.16111305467854925, 0.9349934951911686, 0.3380970224739909, -0.10713340909550163
0.0001624522280729845, 0.0009387751087087651, 0.006085112171448087, -0.044641278691758775, -0.17894812996564205, -0.9828452182406772, -0.3514958680705284, 0.9237314007517108, -0.15222008407114995, 0.9351244895553268, 0.3386707339689716, -0.10413607917915693
0.00016205487461765038, 0.0009371822856568448, 0.006076363834595481, -0.046712605994003, -0.1700392839054695, -0.9843295049779642, -0.3510816928240616, 0.9253319559958562, -0.14318664803910355, 0.9351789012830863, 0.3388914474308817, -0.10292234671421802
0.0001616390071171072, 0.0009356684798974103, 0.006067600661523984, -0.05539253980956508, -0.17878026854106838, -0.9823285001026029, -0.3513817810423667, 0.92439262868766, -0.14842207376065164, 0.9345921626490028, 0.3369508623053242, -0.1140245846594429
0.00016114609843497784, 0.0009340776095950145, 0.006058859443878642, -0.07357456900674247, -0.21439377640242982, -0.9739723258057064, -0.35356149103754353, 0.9187928269779886, -0.1755392068715851, 0.932513300093238, 0.3314438862518074, -0.14340116950540482
0.00016049168339055442, 0.0009321706665493048, 0.006050196367064683, -0.09526878868406817, -0.24515703519931686, -0.9647911100310529, -0.35576480548755457, 0.9135740333676221, -0.1970124075605835, 0.9297070834833263, 0.3244695881722906, -0.17425333647374236
0.00015964353581915465, 0.0009299881118334533, 0.006041607140223618, -0.11682187542730908, -0.255788603975053, -0.9596482894780463, -0.35612372309911366, 0.9127960757579969, -0.19994803806696118, 0.9271076222681335, 0.31839521691962436, -0.19772693942665787
0.0001586027254896549, 0.0009277091942915824, 0.006033057270186675, -0.1379849373991863, -0.26066040565803256, -0.9555188695013471, -0.35581223194485256, 0.91338856165849, -0.1977852143863573, 0.9243147800664908, 0.31269392119711054, -0.21878002421841486
0.00015737266433244813, 0.0009253855476221337, 0.006024539335776548, -0.15871201571825208, -0.2630803230099227, -0.9516297808032511, -0.3551180565520722, 0.9145537443877051, -0.1936042730342164, 0.9212500539904074, 0.3072135938909977, -0.23857524127882293
0.00015595718481185538, 0.0009230392551388189, 0.006016052187151932, -0.17901906044742047, -0.2630648494268094, -0.9480237660483901, -0.35395706639817487, 0.9162903969048498, -0.18742012615178466, 0.9179687201333828, 0.30200793621360833, -0.2571471083264913
0.00015436011939219774, 0.0009206924001553497, 0.00600759467447152, -0.19892166572434383, -0.2606234125232573, -0.9447251493160242, -0.35224692682221354, 0.9185827827259755, -0.17924222109678686, 0.9145229759004192, 0.29712136934952244, -0.27452981336478954
0.00015258530053779618, 0.0009183670659854371, 0.005999165647894008, -0.21843307031965634, -0.25575774277630353, -0.9417403945890279, -0.3499066772522657, 0.9214006593014583, -0.16907436900109, 0.9109622994421925, 0.29258981877161777, -0.29075571696216923
0.0001506365607129718, 0.0009160853359427929, 0.005990763957578088, -0.2375622721850569, -0.2484619013377482, -0.9390584914785148, -0.3468564442643701, 0.9246990075858651, -0.1569151122167462, 0.9073338822652612, 0.2884413787121176, -0.3058542089625414
0.00014851773238204566, 0.0009138692933411288, 0.005982388453682454, -0.25631223227498795, -0.23872296117422898, -0.9366511556574413, -0.34301735576311276, 0.9284175074952178, -0.14275862643514572, 0.9036830933637603, 0.2846968204679759, -0.3198508827312038
0.00014623264800933875, 0.0009117410214941563, 0.005974037986365801, -0.2746781520355625, -0.226522355286121, -0.9344728649618226, -0.33831172196777115, 0.9324798062922984, -0.12659616754183015, 0.9000539381467814, 0.28136992272221634, -0.33276699808389076
0.00014378514005917217, 0.0009097226037155866, 0.005965711405786823, -0.2926458242935347, -0.21183792220625286, -0.932460785362524, -0.33266354894138833, 0.9367926570605357, -0.10841808374612699, 0.8964894783148759, 0.27846761462116065, -0.3446192143191129
