0.010052925907075405, 0.020929256454110146, 0.037552934139966965, -0.24121454527800842, -0.1441450492151258, -0.9597071157041052, -0.5130205807675698, 0.8583763063964338, 1.8058819418640673e-05, 0.8237872461110508, 0.4923538579152037, -0.281002227287946
0.010038957301473894, 0.02092277750640435, 0.03749968724852521, -0.23626879561863395, -0.15616640956802283, -0.959056363692746, -0.5161079108718678, 0.856435101265158, -0.012310225684965747, 0.8232919777043842, 0.49206805407745297, -0.2829476092919544
0.010025678378601292, 0.020914636815114847, 0.037446638262008045, -0.230605832815546, -0.16961491009520405, -0.95815016158473, -0.5195084679132332, 0.8540649070449761, -0.026155043886434526, 0.8227587141063251, 0.4917356167979416, -0.2850687312464389
0.010013027296402355, 0.020905007573376898, 0.03739376383692921, -0.22432124848295537, -0.18415989977065658, -0.9569561686908706, -0.5231132463745178, 0.8512668977403559, -0.04119709066212546, 0.8222119610821539, 0.49135506523080863, -0.28729373631436295
0.010000942212821823, 0.020894062974325705, 0.037341040629802424, -0.2175157045661567, -0.1994701317415312, -0.9554572647743617, -0.5268174427820119, 0.8480573369900112, -0.05711510446486241, 0.8216753009843426, 0.4909281207268808, -0.28955013388334544
0.009989361285804467, 0.020881976211096564, 0.03728844529714146, -0.210295761570595, -0.21521470583850763, -0.9536552432909327, -0.5305231913494257, 0.8444703931901938, -0.07358599367828138, 0.8211704062530895, 0.49046140053631543, -0.2917649370265246
0.009978222673295024, 0.02086892047682469, 0.037235954495460036, -0.2027741589142052, -0.231064495426337, -0.9515733494744422, -0.5341419058890284, 0.8405598935146816, -0.0902856012209227, 0.820716190196022, 0.48996761563184915, -0.2938650553947638
0.009967464533238254, 0.020855068964645333, 0.0371835448812719, -0.19633280105833723, -0.24375632920082296, -0.9497559071693775, -0.5369780045532365, 0.8371784933451797, -0.10385948635689994, 0.8204316265567848, 0.489607007971531, -0.2952573858357374
0.00995702502357891, 0.020840594867693744, 0.03713119311109078, -0.1910059391852116, -0.2533111708324297, -0.9483407520124182, -0.5390919290004956, 0.8344535219778781, -0.11431190552711191, 0.8203027631810708, 0.48940859247689794, -0.2959435863932208
0.009946842302261737, 0.020825671379105157, 0.03707887584143042, -0.1868168698461559, -0.25975147630529705, -0.9474326507452143, -0.5405373875490556, 0.8324784670067648, -0.1216508718904596, 0.820316274251905, 0.48939633481186356, -0.29592640583460583
0.009936854527231493, 0.020810471692014824, 0.03702656972880458, -0.1837799545235561, -0.2630961479085142, -0.9471036613122246, -0.5413580872671683, 0.8313150349664553, -0.12588381146578914, 0.8204610592013206, 0.4895873053852832, -0.2952082667199969
0.009926999856432934, 0.020795168999557988, 0.03697425142972696, -0.18190217113684062, -0.2633570800684695, -0.9473936080180788, -0.5415838887303412, 0.8309958134215774, -0.12701515477899533, 0.8207304622124275, 0.48998878196711865, -0.29378989421515944
0.009917216447810804, 0.02077993649486989, 0.03692189760071133, -0.1811841202656613, -0.2605372912240551, -0.9483104103853286, -0.5412260469765068, 0.8315274412137567, -0.12504591389840194, 0.8211252527098059, 0.4905939608170228, -0.2916691361322332
0.00990744245930986, 0.020764947371085772, 0.0368694848982714, -0.1816204483865282, -0.2546306251177394, -0.9498301203268013, -0.540278433342365, 0.83289000700199, -0.11997270815208146, 0.8216527412435232, 0.49138323230282716, -0.2888412917479594
0.009897616048874854, 0.02075037482134089, 0.036816989978920946, -0.18319863027330574, -0.2456445991834553, -0.9518912715000512, -0.5387274501438546, 0.8350283857248171, -0.11180487241308831, 0.8223204948969017, 0.4923274580254548, -0.28531154506382816
0.009887675374450535, 0.020736392038770476, 0.036764389499173676, -0.185855676937692, -0.23453791631528964, -0.9541748441247624, -0.5367148455757347, 0.8376540996115848, -0.10135474306869162, 0.8230400001753544, 0.49328244973279495, -0.2815627512597592
0.00987755859398166, 0.02072317221650978, 0.036711660115543346, -0.18947576584626183, -0.22359423511702245, -0.9560881508414412, -0.5345995204105348, 0.8402398680806042, -0.0905556009571743, 0.8235910920680231, 0.49396617506700047, -0.27873846335925506
0.009867203865412982, 0.020710888547694054, 0.036658778484543686, -0.19395615704242528, -0.21522462163605294, -0.957109905594416, -0.5327672008646447, 0.8423330009641036, -0.08145075303309939, 0.8237354665353347, 0.49411889027684974, -0.2780402910432032
0.00985654934668925, 0.020699714225458524, 0.036605721262688434, -0.19874322710119846, -0.21132846853306955, -0.956996033465588, -0.5315951625258307, 0.8435921180741272, -0.0758875582842376, 0.8233515123326957, 0.4936523237164749, -0.27999941147935925
0.009845533689261922, 0.020689810372245782, 0.03655246759390203, -0.20134123030016643, -0.21082436917901104, -0.9565640565803669, -0.531222321290528, 0.8439772953619897, -0.07419683467752289, 0.8229608461791597, 0.49320929662135604, -0.2819220377734755
0.009834117385160695, 0.0206808039112535, 0.03649910670468216, -0.20135524047873088, -0.2131332881257881, -0.9560493024025708, -0.531616005011781, 0.8435606167736172, -0.07609145184466365, 0.8227031605306173, 0.4929296981529968, -0.2831604180172945
0.009822290937737947, 0.020671587717993864, 0.03644587908691846, -0.198938810238591, -0.21800773861909822, -0.9554558993920341, -0.5327011071631487, 0.8423899656707967, -0.08129376460903852, 0.8225891320750655, 0.49279993064056027, -0.2837170212600037
0.009810047029916604, 0.020661001357809072, 0.03639303621814072, -0.19423604927981264, -0.2251982883047799, -0.9547555122149164, -0.5343800812211045, 0.8404891500533301, -0.0895316560594988, 0.8226240246639385, 0.49281205300522823, -0.2835947715640685
0.009797634333276472, 0.020648178348543336, 0.03634072129406531, -0.18738438655837364, -0.234451164243776, -0.9538971345270306, -0.5365435670784616, 0.8378628405584917, -0.1005328853558675, 0.8228050147518928, 0.4929690781337036, -0.28279567836716324
0.009786385067607838, 0.020633903952630237, 0.03628853122279921, -0.17852187751381388, -0.24548027710937453, -0.9528217948804737, -0.5390729476491072, 0.8345088170782059, -0.11399733037065501, 0.8231222851811546, 0.49328943610119813, -0.2813098573977034
0.009776459920709418, 0.02061867367758051, 0.03623633064844382, -0.1678369293470972, -0.25705713365277255, -0.9517102474942455, -0.5417025944388528, 0.8306397482999551, -0.12882510517132503, 0.8236437727109659, 0.4939223001469035, -0.2786605409670321
0.009767709966251025, 0.02060279405826341, 0.03618407923146379, -0.15552759341365, -0.26706822757699694, -0.9510445465412437, -0.5440669296698339, 0.8267337855059956, -0.14318667515717573, 0.8245012696937455, 0.49516240741983636, -0.2738829066436854
0.009759986277902463, 0.020586571629548172, 0.03613173663232372, -0.1417483965871157, -0.2736613598933096, -0.9513237367827665, -0.5459063163121347, 0.8232915745556835, -0.15549044046544827, 0.8257685425562648, 0.4972931161467732, -0.2660937255132759
0.009753139929333547, 0.020570312926304075, 0.036079262511488276, -0.12711791009966447, -0.27552445554412053, -0.9528521980501539, -0.5470827546822825, 0.8207856641605052, -0.16435130981480986, 0.8273702293780815, 0.500397010288545, -0.2550712363892621
0.009747021994214086, 0.02055432448340037, 0.03602661652942206, -0.11418749207679582, -0.2743149198112625, -0.9548363951076396, -0.5477633757008823, 0.8192117708511661, -0.16984510219511953, 0.8288042596982631, 0.5036302207650343, -0.24380340407421938
0.009741485803078823, 0.02053889888480225, 0.03597376097290234, -0.10339111669163953, -0.2711593462559993, -0.9569654570188387, -0.5481248940006191, 0.8183788567580519, -0.1726706326744477, 0.829981552545637, 0.506683980158642, -0.2332422918008891
0.009736421456359938, 0.020524101419830982, 0.035920700917818016, -0.09460009019361278, -0.26683883071401343, -0.9590869936343306, -0.5482773310167592, 0.8180944991258838, -0.17353201085998038, 0.8309288725447561, 0.5094295132038852, -0.22369349531971922
0.009731748977681238, 0.02050981240635948, 0.0358674762616614, -0.08768330509008124, -0.2621315053866378, -0.9610404319757909, -0.548299743169879, 0.818163595167986, -0.17313498543518263, 0.8316724292943254, 0.5117571742785159, -0.21546592520893948
0.009727389259940454, 0.020495906788807784, 0.035814127913498486, -0.08250981273317447, -0.25781367154806534, -0.9626651762506229, -0.5482591699072605, 0.818391400804698, -0.17218419701449392, 0.8322283421125107, 0.5135831245785152, -0.2088740307765214
0.009723263196035335, 0.02048225951159597, 0.03576069678239526, -0.07894988246819931, -0.2546606639361724, -0.9638022941982682, -0.5482206677471105, 0.8185853033440122, -0.17138319813827638, 0.8325989523853425, 0.5148456539515307, -0.20423745272121605
0.009719291678863613, 0.020468745519144068, 0.035707223777417696, -0.07687917277628925, -0.253422388522828, -0.9642959534233349, -0.54824191180899, 0.8185645453093034, -0.17141438474817924, 0.832778721467628, 0.5154892609530852, -0.20186733988633443
0.009715395601323035, 0.020455239755872143, 0.035653749807631786, -0.07624208301056858, -0.2544424973568914, -0.9640778808358783, -0.5483493212455294, 0.8182457302107603, -0.1725889535324523, 0.8327665739376052, 0.5154929102622539, -0.20190812960744087
0.009711495856311335, 0.020441617166200243, 0.0356003157821035, -0.07693550714562349, -0.2576154730106962, -0.9631797318287595, -0.5485456078340654, 0.8176295870642715, -0.17487016464527233, 0.8325735065843745, 0.5148942866478363, -0.20421858316816904
0.00970751333672626, 0.020427752694548433, 0.035546962609898855, -0.07857630390061468, -0.2625058718390233, -0.9617257570198234, -0.548824994099806, 0.8167461266453901, -0.17809236497138306, 0.8322360784757328, 0.5138252931296654, -0.2082466754201545
0.009703368935465547, 0.02041352128533676, 0.03549373120008381, -0.0807333195361268, -0.2686236167755985, -0.9598559702513049, -0.5491764322085029, 0.8156320716868956, -0.18207023354321986, 0.8317976781786647, 0.5124311428339805, -0.21337044413517858
0.009698983545426936, 0.02039879788298527, 0.03544066246172435, -0.08297600590314927, -0.2754806447769924, -0.9577188506015808, -0.5495838527917126, 0.8143283087884953, -0.186619919237702, 0.8313077475850793, 0.5108618402845546, -0.2189694246832204
0.00969427813773331, 0.02038345751984344, 0.035387797272832346, -0.0848748579594786, -0.2825926056061437, -0.9554777222641504, -0.5500278261282465, 0.8128803743174233, -0.1915590967148284, 0.8308222727942444, 0.5092807833664021, -0.22442690284970326
0.009689229715837216, 0.020367438211714946, 0.03533515426747886, -0.0860016658628305, -0.289479700785994, -0.9533127589105631, -0.5504879627052611, 0.8113380745234319, -0.19670671504862572, 0.8304015392479889, 0.5078700932930208, -0.22913151671716692
0.00968396983413164, 0.02035085169825434, 0.03528269072547777, -0.085929506505317, -0.295666478562747, -0.9514186530471522, -0.5509443072185387, 0.8097553185575476, -0.2018828730012754, 0.830106312622207, 0.5068309950289834, -0.23247763811320343
0.009678656466802552, 0.02033383941643255, 0.03523035343840675, -0.08429660681051826, -0.3006888449528619, -0.9499896318387621, -0.5513756209009204, 0.8081981147919449, -0.20688337758957526, 0.8299873533713376, 0.5063615563682339, -0.23392085729148354
0.00967344758803593, 0.020316542803220528, 0.03517808919784341, -0.08121271662256793, -0.30414565265784876, -0.9491574772544932, -0.551746907701006, 0.806796007362073, -0.21131860388284665, 0.8300480977034765, 0.5065329451022402, -0.23333351886278758
0.009668501172017755, 0.02029910329558922, 0.035125844795365437, -0.07699682577689267, -0.30566218733701833, -0.9490216625834377, -0.5520208050148037, 0.8057105544706769, -0.21471733336031049, 0.8302677397388695, 0.5073471490477739, -0.23076904190554892
0.009663975192933997, 0.020281662330509556, 0.03507356702255045, -0.07206937718303387, -0.30497390305490507, -0.9496298875498321, -0.5521710096846282, 0.8050901554385473, -0.21664952730110845, 0.8306101257126041, 0.5087442973355013, -0.22642009405593697
0.009660027624970638, 0.020264361344952485, 0.035021202670976116, -0.06712897241662603, -0.3021264734611623, -0.9509013067065422, -0.5521898434524141, 0.8050368427361213, -0.216799581700371, 0.8310114787716751, 0.5105245105490813, -0.22087246609374997
0.009656780893165446, 0.020247336910460337, 0.03496870270241141, -0.06276015328772899, -0.2973810678029117, -0.9526938982021985, -0.5520891897867546, 0.8055654667492176, -0.21508557669383585, 0.8314196832406037, 0.5124731986099519, -0.2147382849577113
0.009654096412362659, 0.020230689875456093, 0.034916048697149434, -0.05919931898809296, -0.2913480026535709, -0.9547836309767364, -0.5519051861497504, 0.8065374170385647, -0.21189162422750363, 0.8318029250563834, 0.5144061977334012, -0.20854293946597566
0.009651719281622513, 0.02021450516882117, 0.03486323588022868, -0.05663828406240471, -0.2846856472873087, -0.9569462821951253, -0.5516662281720041, 0.8077994515962633, -0.20766419695087263, 0.8321396982916635, 0.5161532022853123, -0.20280383205865898
0.009649394065547082, 0.020198867646288417, 0.0348102595393837, -0.05527000589371614, -0.27805685122973106, -0.9589732081412472, -0.5513940164982939, 0.8092067584745313, -0.20285231230878434, 0.8324120764491513, 0.5175604404543963, -0.19804374632455224
0.009646865827141273, 0.020183861659156838, 0.03475711506832843, -0.055288628990902415, -0.2721290606049717, -0.96067108933212, -0.5511088675887087, 0.8106241457533092, -0.1979078330607679, 0.8325996538369431, 0.5184923034105456, -0.19479103607360698
0.009643968977819127, 0.02016948112913727, 0.03470381685963432, -0.05682452375122334, -0.2675637672915406, -0.9618630900150005, -0.5508342437945111, 0.8119189022785208, -0.19331148953482052, 0.8326779745878811, 0.5188422944938088, -0.19352019036943932
0.009640729805827227, 0.02015552577926244, 0.03465042010615842, -0.05953501454768744, -0.26495547254083995, -0.9624209991544589, -0.5506106149618862, 0.8129135550813843, -0.18973534898968777, 0.8326364949568931, 0.5186233214343581, -0.1942841160010116
0.009637199441813332, 0.020141770189553255, 0.03459698528319359, -0.06286771458898703, -0.26470334860159656, -0.9622784356419193, -0.5504839369308301, 0.8134488059472867, -0.1877990289753048, 0.8324752762956338, 0.5179123259220957, -0.19685460882202713
0.009633429016425188, 0.020127988940030615, 0.03454357286603275, -0.06627308844276332, -0.2666837574246472, -0.9615028087707957, -0.5504797968549818, 0.813477992701964, -0.1876847054079829, 0.8322138373055062, 0.5168494257667849, -0.20071571956822193
0.009629469660310554, 0.020113956610715446, 0.034490243329968806, -0.06920287158302746, -0.2706680467684823, -0.9601821551264103, -0.550617314014045, 0.812967435132974, -0.1894848883717971, 0.8318843285413073, 0.5155800208230034, -0.20529419391578002
0.00962537250411718, 0.020099447781628643, 0.034437057150294645, -0.07126959894431961, -0.2762640029140904, -0.9584356237954637, -0.5508945275840205, 0.8119351502634111, -0.19307131129380892, 0.831526225530076, 0.5142368252669343, -0.21005861990189748
0.00962118867825565, 0.0200842370645144, 0.034384074793408305, -0.07243300604611176, -0.28272875598612524, -0.9564611388726999, -0.5512662584370048, 0.8105324816867476, -0.19784491006742483, 0.8311792658289723, 0.5129342517996435, -0.21456812761160637
0.009616968640327073, 0.020068189066928848, 0.03433133149187489, -0.07269891651116833, -0.2892773026598991, -0.9544807539725018, -0.5516771212430006, 0.808939415023338, -0.20314865669931306, 0.8308833982185093, 0.5117965074006591, -0.21839668856772834
0.009612760702425357, 0.020051455382066208, 0.034278782010652216, -0.07207456651243463, -0.2951297640382199, -0.9527348420419972, -0.5520730993988966, 0.8073500985757747, -0.20832933362775136, 0.8306747557149794, 0.510964030738399, -0.2211226119360654
0.009608612749908898, 0.020034244683781587, 0.03422636510991048, -0.07056833097520121, -0.29951120405911763, -0.9514794529081708, -0.5524064266074049, 0.8059714746485371, -0.2127372132366603, 0.8305824766428752, 0.5105908544969446, -0.22232797574274737
0.009604572668136078, 0.020016765645930083, 0.034174019549819815, -0.068188970308344, -0.3016491506162993, -0.9509774204789264, -0.5526376777645193, 0.8050182997821135, -0.2157246720497094, 0.8306273902559, 0.5108359100027919, -0.2215960550377475
0.009600688342465292, 0.019999226942366805, 0.034121684090550414, -0.06494460192524855, -0.30076894471062643, -0.9514831793460288, -0.5527280149704854, 0.8047088802570971, -0.21664570040080577, 0.8308272625206505, 0.5118414402263899, -0.2185049196686819
0.009597007658254926, 0.019981837246946858, 0.034069297492272416, -0.06086004481482281, -0.2962522383688838, -0.9531687501206508, -0.5526426598105189, 0.8052139628680814, -0.21498038180223575, 0.8311932058809751, 0.5136779976441526, -0.21272698285267236
0.009593578500863368, 0.019964805233525337, 0.03401679851515601, -0.05729967713927944, -0.2881949600352589, -0.9558558531546532, -0.5523528449790444, 0.8066966636668222, -0.21011146440014572, 0.8316387927720125, 0.5159303808064548, -0.20540876446154008
0.00959044875564901, 0.01994833957595736, 0.03396412591937135, -0.05734291802922385, -0.27722360338259877, -0.9590927293434465, -0.5518138065868012, 0.8093925230452423, -0.2009608581257579, 0.8319935772661217, 0.517716927834144, -0.19938874096071146
0.009587666307970238, 0.01993264894809802, 0.033911218465088586, -0.06107458354467276, -0.2645949816217963, -0.9624237065582945, -0.5510480292349639, 0.8129003514033709, -0.18851813749488, 0.8322355223860054, 0.5188280200498402, -0.19545209359343135
0.009585279043185442, 0.019917942023802433, 0.03385801491247791, -0.06725471982228044, -0.25181481287684326, -0.9654357061334674, -0.5501060079712441, 0.8166217199683311, -0.17467783622974703, 0.8323822335054781, 0.5193440733191871, -0.19344650643696498
0.009583323884948078, 0.019904425822329447, 0.03380445557386942, -0.07467125791347817, -0.24038427201819673, -0.9678014285006509, -0.5490771748221291, 0.8200544995459134, -0.16132226710485673, 0.8324292518472474, 0.5193515375357844, -0.19322401799012684
0.009581093919080389, 0.019892195085578202, 0.03375058608784389, -0.08295543080586483, -0.23079694224929428, -0.9694592141746806, -0.5480105327067665, 0.8230835068237222, -0.14905702545405133, 0.8323477954210363, 0.5189087706361684, -0.19475840216689244
0.009576936940186779, 0.019881111513541737, 0.033696609677444395, -0.09276289945786156, -0.22227953398169725, -0.9705600719466313, -0.5468374534346764, 0.8259703831125921, -0.13690042272365718, 0.832084036624456, 0.518039317999819, -0.19817018191704275
0.009570850951502265, 0.0198706744294789, 0.033642656504060696, -0.10395640467157642, -0.21508338686781403, -0.9710469621090577, -0.5455899130353156, 0.8286571412034943, -0.1251358826498975, 0.831579649054663, 0.5167847511546005, -0.2034915434414939
0.009563563655226953, 0.019860239826329597, 0.03358881998136856, -0.11575730047698547, -0.21036256427503514, -0.9707460218501606, -0.5444259159799502, 0.8308702260569808, -0.11513074941740695, 0.8307831662929102, 0.5151720673752153, -0.21070612615838596
0.009555792549765369, 0.01984917877291176, 0.033535190943520046, -0.12806302070298373, -0.20860975075708485, -0.9695781735463594, -0.5434315270464822, 0.8325608533032448, -0.10735269423214926, 0.8296276502988288, 0.5131514371372644, -0.21998537320377592
0.009547790678060827, 0.01983743729947086, 0.0334817691399909, -0.139643995723891, -0.20990907083372626, -0.9676971305320625, -0.5427566673880041, 0.8336118598007182, -0.10250105953332994, 0.8281997068727648, 0.5109104120893501, -0.23033843872562207
0.0095392442683392, 0.019825661232793477, 0.03342844251707887, -0.14758482084627547, -0.21394451337189607, -0.9656326764633825, -0.5426807877631974, 0.8337492777450262, -0.10178263335344924, 0.8268713825308556, 0.5090087298443021, -0.23915231484098573
0.009530274687792578, 0.019813919583939205, 0.03337517126054037, -0.15193009523220824, -0.2197197905452126, -0.9636599295423153, -0.5431330736524567, 0.8331396260947534, -0.10433037781743881, 0.8257867221429316, 0.5075446552506119, -0.24591606791539758
0.009521357463928353, 0.01980178428421244, 0.033321983304371396, -0.1540341889908743, -0.2259573035980636, -0.9618818875374544, -0.5438359117808499, 0.8321615931361643, -0.10839549790730496, 0.8249339183712932, 0.5064093007240027, -0.2510650323338782
0.00951258360814426, 0.019789194918936947, 0.033268879269223034, -0.15522941881935062, -0.23140895351931431, -0.9603924842292877, -0.5444999571856302, 0.8312125053396552, -0.11227451888928695, 0.8242715718486556, 0.5055053582288418, -0.25503079940288914
0.009503928120917693, 0.019776203758109435, 0.03321585106174489, -0.15601414764600025, -0.235876123118642, -0.9591777938822454, -0.5450498752072219, 0.8304022920657587, -0.11555374017540991, 0.8237598067828291, 0.5047717185762824, -0.25811875727010347
0.009495365991225047, 0.01976286308289785, 0.03316289058772275, -0.1558682049133505, -0.2404358193512557, -0.9580687446472619, -0.5456749915420921, 0.8294496815353581, -0.11938186380866528, 0.8233734913771682, 0.5041863173210707, -0.2604846466177789
0.009486872208042714, 0.019749225174470125, 0.03310998975294235, -0.15505726610763207, -0.24511897044913214, -0.9570130273685852, -0.5463641935743176, 0.828370473706496, -0.12364678027009447, 0.8230695063037584, 0.5037053192266615, -0.26236908959642047
0.009478421760347097, 0.019735342313994233, 0.03305714046318945, -0.15448868352019932, -0.249059900815674, -0.956087031849027, -0.5469321718831205, 0.827460673991733, -0.12717716916317867, 0.8227991529063508, 0.5032673234006294, -0.26405218267183084
0.009469989637114583, 0.01972126678263811, 0.03300433462424981, -0.15437445141453876, -0.25205811376941145, -0.9553194418797655, -0.5473376846474128, 0.8268003777541223, -0.12970194412748837, 0.8225509028110477, 0.5028596649450493, -0.2655977591322699
0.009461550827321568, 0.019707050861569698, 0.03295156414190917, -0.15471600517991063, -0.254115857908538, -0.9547188531188527, -0.5475811196258425, 0.8263990053969404, -0.13122347849472782, 0.822324677466558, 0.5024836461402056, -0.2670061987879049
0.009453080319944454, 0.01969274683195696, 0.0328988209219533, -0.15551424909529088, -0.2552346182069565, -0.9542906307813553, -0.547661703347072, 0.8262628412250405, -0.13174359907679478, 0.8221204151554148, 0.50214042545833, -0.26827787106881507
0.009444553103959627, 0.019678406974967824, 0.03284609687016794, -0.15676959726594772, -0.2554150083834933, -0.9540369316046065, -0.5475786746777155, 0.8263943358704122, -0.13126308193660838, 0.8219372776625168, 0.5018322181105556, -0.26941331900069576
0.00943594416834349, 0.01966408357177027, 0.03279338389233888, -0.15848197066282513, -0.254656730730532, -0.9539567151964835, -0.547330113854595, 0.8267928282240324, -0.12978199283884467, 0.8217744285646419, 0.501561131559198, -0.27041305417141637
0.00942722850207243, 0.019649828903532212, 0.03274067389425182, -0.16065077096368402, -0.2529585830777723, -0.9540457457774547, -0.5469119424596375, 0.8274551517129798, -0.12730003573713514, 0.8216317039792221, 0.5013281631336259, -0.27127737809346436
0.009418381094122847, 0.01963569525142162, 0.032687958781692554, -0.16327277244688346, -0.25032227601310486, -0.9542959498547225, -0.5463190532407093, 0.8283742801764853, -0.12382061221083085, 0.8215092780021923, 0.5011335251943426, -0.27200679418464513
0.00940937693347113, 0.019621734896606426, 0.03263523046044682, -0.16626099817526857, -0.24690116053583527, -0.9546711985871477, -0.5455738698269783, 0.8294972312804129, -0.11951358023314589, 0.8214051576705486, 0.5009732130804869, -0.27261585927461074
0.009400191009093683, 0.019608000120254602, 0.03258248083630039, -0.16941875901653797, -0.24305053668557688, -0.9551040365898101, -0.5447387809969312, 0.8307151303601319, -0.11476947620655337, 0.8213141570503176, 0.5008381063852893, -0.27313777955662616
0.009390798309966895, 0.019594543203534074, 0.03252970181503899, -0.17254291949664405, -0.23914131325174304, -0.955531461139719, -0.5438833549988282, 0.8319207077112815, -0.10999469185546729, 0.8212306844527871, 0.5007188516297268, -0.2736070074684025
0.009381173825067162, 0.019581416427612804, 0.03247688530244841, -0.1754324005877273, -0.23554515702043297, -0.9558985049827449, -0.5430819147014097, 0.8330136352143134, -0.10559506366911992, 0.8211488943841293, 0.5006063948365564, -0.27405789662125735
0.009371293666776678, 0.019568669973251726, 0.032424023473603306, -0.17793773851407124, -0.23254542319999935, -0.9561698527778583, -0.5423948915567606, 0.8339236584157259, -0.1018779345474858, 0.8210639090994245, 0.5004937143294259, -0.27451793947045977
0.009361179380444768, 0.01955626907619658, 0.03237111939420669, -0.17999364972424056, -0.23027665452563265, -0.9563341196670909, -0.5418542222752516, 0.8346231068150877, -0.09898621809531288, 0.8209727692569527, 0.500376789980124, -0.2750032366859658
0.009350912569659888, 0.019544066682629865, 0.03231819052637901, -0.18154273250958025, -0.2288591799626388, -0.956381572396595, -0.541488949906821, 0.8350877592914489, -0.09704716075391148, 0.8208726779481477, 0.500251846601705, -0.2755288307415777
0.009340578958071603, 0.019531908035546882, 0.032265255319850784, -0.18252728201106344, -0.2284129900346436, -0.9563008403766502, -0.5413274037347816, 0.8352918915557078, -0.09618782598150606, 0.8207608867918929, 0.5001149486715244, -0.27610976952629546
0.009330263893687997, 0.01951963906782056, 0.032212332159765766, -0.18288898392303973, -0.22905748038505697, -0.9560775545107454, -0.5413965287365085, 0.8352070343343294, -0.09653501163056448, 0.8206347654295771, 0.49996187902489475, -0.2767610906363816
0.009320025350481397, 0.01950715598562419, 0.032159434724656995, -0.18257065174559042, -0.23090728744852562, -0.9556933513027881, -0.5417203745747129, 0.8348015638791583, -0.0982109195331377, 0.8204919212837035, 0.49978812865861033, -0.2774974478443023
0.009309875830532749, 0.01949443850572742, 0.03210656887475491, -0.18159654496142616, -0.23392234985591623, -0.9551455538795954, -0.5422884344820453, 0.8340790697698651, -0.10116995205518671, 0.8203328279942753, 0.4995922733687169, -0.278319262188574
0.00929982354584623, 0.019481474223764374, 0.03205373973266681, -0.18009946412971672, -0.23785906008437924, -0.9544565210400967, -0.5430461236624451, 0.8330938578068777, -0.10514528833783426, 0.8201616246785638, 0.499377303869759, -0.2792081979175919
0.009289876708426027, 0.01946825073536919, 0.03200095242100003, -0.17821983367854366, -0.24246011321254288, -0.9536512907685666, -0.5439357182316403, 0.8319048946253079, -0.10985527174553238, 0.8199826981805298, 0.4991466115275312, -0.2801446677792782
0.009280043530276312, 0.019454755636175974, 0.031948212062361904, -0.1760979577040962, -0.24747039704795626, -0.9527580552676389, -0.5449008899169754, 0.8305741016433663, -0.11502035405528592, 0.8198002985240581, 0.49890386274736537, -0.2811092426008498
0.009270332223401267, 0.01944097652181885, 0.031895523779359725, -0.17382436825536546, -0.2527256940150848, -0.951795572896416, -0.545905436371192, 0.8291420312782608, -0.1204605599693847, 0.819617193292699, 0.4986513968218209, -0.28208942005443144
0.009260750999805077, 0.019426900987931955, 0.031842892694600826, -0.17140597180000441, -0.2582110969909965, -0.9507612856137981, -0.5469443376307547, 0.8276083157406366, -0.1261600858060967, 0.8194338804107084, 0.49838890949503767, -0.2830841050419399
0.009251308071491916, 0.019412516630149403, 0.03179032393069254, -0.16884175598680826, -0.26392562485325544, -0.9496503177386452, -0.5480144252888932, 0.8259690125688213, -0.13211880998317546, 0.8192512747079344, 0.4981149012245117, -0.28409310809577876
0.009242011650465962, 0.019397811044105314, 0.03173782261024216, -0.16613070495778526, -0.26986813878366733, -0.9484575776172957, -0.5491127824992089, 0.8242197563724977, -0.13833634844550846, 0.8190700464344951, 0.4978282644393545, -0.2851162537616794
0.009232869948731402, 0.019382771825433822, 0.03168539385585703, -0.16327180997426424, -0.276037322846997, -0.9471777618077772, -0.550237756211712, 0.8223551484079445, -0.1448116760694661, 0.8188899362593415, 0.4975293019334743, -0.2861535706762394
0.009223891178292414, 0.019367386569769045, 0.031633042790144464, -0.1603032577624058, -0.28232702825244216, -0.9458299607587531, -0.5513711987498376, 0.8204001191843747, -0.15143792666116007, 0.8187140323335901, 0.4972274062844973, -0.2871798037809496
0.009215083551153172, 0.019351642872745104, 0.03158077453571178, -0.15806913422736146, -0.28645545030170366, -0.9449642447188468, -0.5521282457631764, 0.8190487219388003, -0.15592816076929605, 0.8186382284227203, 0.49709402137107433, -0.2876264676312735
0.009206455279317861, 0.019335528329996125, 0.031528594215166295, -0.15680669151948146, -0.2876767661764368, -0.944803545556949, -0.5524012016180747, 0.8185531941335387, -0.15755500888479734, 0.8186968754952113, 0.4972049341831285, -0.28726760951824964
0.009198014574790659, 0.01931903053715623, 0.031476506951115334, -0.15634012281358894, -0.2863112416748371, -0.9452955299213284, -0.5522610686029452, 0.8188182147025447, -0.15666666325951614, 0.8188806250633636, 0.4975566341251522, -0.2861326925289811
0.009189769649575748, 0.019302137089859547, 0.03142451786616622, -0.15648963768506727, -0.28267287328082524, -0.9463651726518464, -0.5517712925782945, 0.8197276045383218, -0.1536069498569087, 0.8191821738683494, 0.49813923863617415, -0.2842496525016315
0.00918170698271709, 0.019284893375487444, 0.031372618157804885, -0.15707370957091582, -0.2770701045256708, -0.947924051250819, -0.5509888992174575, 0.8211545377391727, -0.1487160317164894, 0.8195969025690409, 0.4989362507660667, -0.2816443412723477
0.009173367763767207, 0.01926854782777188, 0.03132050712227846, -0.15791029944024776, -0.2698082196393056, -0.949877814219155, -0.549965575376187, 0.8229697667397382, -0.14233281046013424, 0.8201232853856979, 0.4999242819141806, -0.27834063505129825
0.009164632121631542, 0.019253503382100363, 0.031268081822411815, -0.15881752023526893, -0.26119233007014653, -0.9521321137210148, -0.5487472585945943, 0.8250490067592543, -0.134798303514864, 0.8207639377136629, 0.5010715549281316, -0.2743608124180038
0.00915560594190636, 0.01923957273767115, 0.031215380462890567, -0.1596140732935443, -0.2515301673866543, -0.9545972567010051, -0.5473817692969383, 0.8272738908264401, -0.12645595358952666, 0.8215208738966993, 0.502344985494356, -0.2697275834998689
0.009146395110187916, 0.019226568593682467, 0.031162441248400286, -0.16011966471799358, -0.24113413813334364, -0.957191736486106, -0.545924104006364, 0.8295329283992369, -0.11765200111445304, 0.822391978095267, 0.5037156421316259, -0.26446547267361364
0.00913710551207248, 0.01921430364933257, 0.03110930238362658, -0.16011723995115293, -0.2304280909957537, -0.9598256947750866, -0.5444571023164111, 0.8316969854130731, -0.10884203320419703, 0.8233643987977876, 0.5051564305587519, -0.2586272364958859
0.00912784303315631, 0.019202590603819694, 0.031056002073255044, -0.15861206741477382, -0.22204857487901572, -0.9620481497641423, -0.5434352120053096, 0.8331450526610137, -0.10270098139366031, 0.8243302629548157, 0.5065212252420179, -0.25281587362380875
0.009118713559035665, 0.01919124215634209, 0.03100257852197129, -0.15521551621158286, -0.21709541175074187, -0.9637311480511292, -0.5430372355324172, 0.8336917973533564, -0.10034215390871386, 0.8252385742029282, 0.5077672392174449, -0.2472927949314583
0.009109822975306813, 0.01918007100609799, 0.030949069934460897, -0.14993202226497507, -0.2155763338740468, -0.9649078883359596, -0.5432422323421221, 0.8333838764407735, -0.10178011342348539, 0.8260800601028226, 0.5089186170322081, -0.2420610987716571
0.009101277167566013, 0.019168889852285653, 0.030895514515409478, -0.14326882623487475, -0.2170909750458591, -0.9655804223278969, -0.5439204205201519, 0.8323594851223179, -0.10643431621470072, 0.8268159526584272, 0.5099501898034238, -0.23733138087701267
0.009093182021409525, 0.01915751139410331, 0.030841950469502617, -0.136999310154223, -0.22018784071870562, -0.9657890576191579, -0.5447303240223389, 0.8310712579609576, -0.11220266610784727, 0.8273451898136501, 0.5107228984398735, -0.23379918285013318
0.009085643422433613, 0.01914574833074921, 0.030788416001425917, -0.13153492711637146, -0.22436886626949035, -0.9655864408728172, -0.545587958730517, 0.8296393778739343, -0.11845793333170604, 0.8276668062914923, 0.5112309796265235, -0.23153950685217128
0.009078767256234542, 0.019133413361421592, 0.030734949315864988, -0.12708034632242357, -0.2292868492454753, -0.9650275262093074, -0.5464422012751632, 0.8281452212476088, -0.12480550144245661, 0.8277991943968821, 0.5114714393666882, -0.23053299214655024
0.009072659408408568, 0.0191203191853187, 0.03068158861750541, -0.12383964960421337, -0.2345966664739374, -0.9641722591244896, -0.5472422440344039, 0.826681896600717, -0.13085475985546516, 0.8277618422771706, 0.5114307831094622, -0.23075720261336746
0.009067142065999576, 0.019106494759215376, 0.030628351688587352, -0.12201670513728134, -0.2399552105741116, -0.9630853651602103, -0.5479409032268866, 0.8253517074008736, -0.13621793443363664, 0.8275703536487672, 0.511093001330283, -0.23218797073246059
0.009061331383103983, 0.01909254105419417, 0.030575193651793165, -0.12181558788608068, -0.24502055202211803, -0.961834648801313, -0.5484961231228643, 0.8242629159653367, -0.1405085345575411, 0.8272321109985734, 0.5104464462126235, -0.2348008945505685
0.009055103733982838, 0.01907854033805156, 0.030522103080366552, -0.12344079240912943, -0.24945044683451173, -0.9604878163430647, -0.5488709236247065, 0.823525661472613, -0.1433394366371545, 0.8267424508084533, 0.5094899012445268, -0.238572757374086
0.009048450344415619, 0.019064493336317764, 0.030469074713351897, -0.12703732183266309, -0.2530476488440027, -0.9590768510792588, -0.5490414007457957, 0.8232133768818273, -0.14447586784620198, 0.8260841719393243, 0.5082190704187919, -0.24351245827263154
0.009041362440181801, 0.019050400774522983, 0.03041610328979359, -0.13253269638995427, -0.2561471425690082, -0.9575091256700066, -0.5490451443353412, 0.8232529120338262, -0.14423616852096954, 0.8252178584285441, 0.5065997277748553, -0.24974427310561115
0.009033831247060874, 0.01903626337819746, 0.030363183548736045, -0.1392896515018606, -0.2595968636122991, -0.9556190984838822, -0.548999010792774, 0.8233854773533211, -0.143653895986845, 0.8241349884169741, 0.5046244386534416, -0.25720749752029615
0.009025847990832303, 0.019022081872871396, 0.030310310229223637, -0.14539487994745529, -0.2652893560710482, -0.9531431615662328, -0.5492607378597323, 0.8229288386041896, -0.14526103551655548, 0.8229052015456262, 0.5024039053878544, -0.26536266715607215
0.009017403898236869, 0.01900785698189864, 0.03025747807106574, -0.1503058020980355, -0.2741764312660784, -0.9498607531600954, -0.5500319508321108, 0.8215440067633116, -0.15010095940768034, 0.8215065543983741, 0.4998927179800493, -0.27428862825686073
0.009008524956341987, 0.01899351073014943, 0.03020470947485718, -0.15369906222515117, -0.28694189044989266, -0.9455373867680489, -0.5514756379719624, 0.818922164745908, -0.15887450648638687, 0.819909274855777, 0.49702197093581063, -0.2841090308535723
0.008999363789443174, 0.018978678431787573, 0.03015212761369817, -0.15618045504128944, -0.299572032336511, -0.9412036245706177, -0.5530329773263033, 0.816051964240685, -0.16796939497576388, 0.8183899996045286, 0.49428310622627203, -0.2931245800792005
0.008990101852287819, 0.01896293012791812, 0.030099878602732923, -0.15943412025223713, -0.3093166969061864, -0.937498769233561, -0.554158293383172, 0.8139554909475017, -0.17431306500392282, 0.8170002124687885, 0.491731267839923, -0.3011826904961449
0.008980920599623307, 0.01894583585964612, 0.030048108557105675, -0.16369321020540364, -0.31926762453688834, -0.9334199038242231, -0.5552318624905801, 0.8119093027658214, -0.18033541792326677, 0.8154275638018935, 0.48874478821250894, -0.31017159796992805
0.008972001486197033, 0.01892696566807662, 0.029996963591960666, -0.16867307598010944, -0.32911121971579854, -0.929104514302125, -0.5562264275551121, 0.809964427695312, -0.18592952201703605, 0.8137330979680537, 0.48543118042147365, -0.3196795494646614
0.008963514307828319, 0.01890594385955239, 0.02994657028863904, -0.17415493502449816, -0.33839396250141685, -0.9247483899684295, -0.5570974486394699, 0.808222503734008, -0.19083714831584767, 0.8119805978753472, 0.48193973751966257, -0.32927435076767314
0.008955081740226398, 0.01888492592925242, 0.029896144591623014, -0.18014980294199684, -0.34614931702436075, -0.9207207496431957, -0.5577087938554194, 0.8069828549081012, -0.19426675768309845, 0.8102511646127347, 0.4784969406463735, -0.3384283203807979
0.008945751287728511, 0.01886540244815107, 0.029845255113308728, -0.1867264948344352, -0.35130101606289865, -0.9174534387313726, -0.5578829883144404, 0.8066096444009411, -0.19531372944249759, 0.8086407035737168, 0.47536141794697884, -0.34660025223770713
0.008935406674392387, 0.018845707205744154, 0.029794589706051335, -0.19395728764542933, -0.35276857306305565, -0.9153878437188707, -0.5573981893406817, 0.8074821692274038, -0.1930797889462692, 0.8072718433644009, 0.47278629447019926, -0.3532496152470381
0.008924196230306002, 0.018826014635281458, 0.029744073189200578, -0.20190850969117613, -0.34945187286344404, -0.9149406222627344, -0.5560006017681444, 0.8099526253003566, -0.18665496404468215, 0.8062854857603167, 0.471020310943479, -0.35783177909593056
0.00891226836151969, 0.018806500667857176, 0.02969362978169233, -0.21060247118724004, -0.3403229685873214, -0.9164206873383757, -0.5534265491612744, 0.8142623326424159, -0.1752024780737285, 0.805832273995818, 0.4702734637332249, -0.3598294255547813
0.008899771474083792, 0.01878734123456552, 0.02964318370246249, -0.2190899318548618, -0.3289779971873174, -0.9185712161430127, -0.5503868944775949, 0.8190314004100275, -0.16205502624015755, 0.805651207500579, 0.47006493435376645, -0.36050671192621153
0.008886853974048635, 0.018768712266500672, 0.029592659170446928, -0.2254281199391075, -0.3179015477725267, -0.9209347255178032, -0.5475764130674554, 0.8231792169796416, -0.15012011385874865, 0.8058177427885903, 0.4704408386360778, -0.35964313249453966
0.00887366426746456, 0.018750789694756846, 0.029541980404581527, -0.22918729018838688, -0.30445671147082876, -0.9245427501508368, -0.5445585427496746, 0.827380425696586, -0.13746863166732626, 0.8068018217223205, 0.47196158955417633, -0.3554195808492272
0.008860350760381903, 0.018733749450428234, 0.029491071623802177, -0.23048717567705077, -0.2899997138439195, -0.9288572698853474, -0.541598499884751, 0.8312708078880254, -0.1251395575978158, 0.8084223690441796, 0.47422464078075327, -0.3486606707177651
0.008847061858850995, 0.018717767464609035, 0.029439857047044753, -0.22946212009225256, -0.27593407293696315, -0.933384981042221, -0.5389743865484471, 0.8345429976627055, -0.11421294014633689, 0.810465141809007, 0.476863054182817, -0.3402174032408423
0.008833945968922178, 0.018703019668393453, 0.02938826089324515, -0.2263213644425651, -0.2635215677092496, -0.9377286512360145, -0.5369243230483121, 0.8369919597926807, -0.1056254257341453, 0.812705919331198, 0.4795840307959252, -0.33092030171865494
0.008821149359642044, 0.018689662486508267, 0.029336212831379663, -0.22166076333416573, -0.25297564007421663, -0.9417376659809011, -0.535421782241765, 0.8387293468265594, -0.09928040024569383, 0.8149785402691085, 0.48222029022111207, -0.3213620553206297
0.00880877523354538, 0.01867745923664514, 0.029283752363751855, -0.21622234564468884, -0.24408611823062362, -0.9453411363793573, -0.5343297565187094, 0.8399587756221057, -0.09466238193744005, 0.8171533568079895, 0.48465577696187534, -0.31204033283361865
