0.00039138749707490206, 0.001221634796820581, 0.007269765250384808, -0.4735907301957386, -0.14883334161533068, -0.8680786005289391, -0.29980925485851095, 0.9539991670338002, 0.0, 0.8281462618244749, 0.26025799838320024, -0.49642677536945834
0.0003850624228192514, 0.0012196470426746235, 0.007258171565673501, -0.44427200250480264, -0.10251647657399005, -0.8900071684100231, -0.2842618338046215, 0.9582283300730908, 0.03152264721385924, 0.8495984920139669, 0.2669996993934455, -0.454855540684516
0.0003791239225858926, 0.0012182767242286594, 0.007246275007377017, -0.4198534911824991, -0.12297441908724452, -0.8992220739016707, -0.2956351140573611, 0.9552723168859228, 0.007394587729697967, 0.8580926088005644, 0.2689462638549862, -0.4374299736875446
0.0003735171732958105, 0.0012166345162885187, 0.007234266740611688, -0.39797781429845897, -0.1913033681339941, -0.8972272179703482, -0.3250172654185519, 0.9439823335820688, -0.057106313703462835, 0.8578912731261858, 0.26888729093347136, -0.4378609234316199
0.00036820342910011156, 0.0012140802604342531, 0.007222287088102371, -0.37237743647201516, -0.20012986451182627, -0.9062467004833774, -0.33106963716146176, 0.9408752470965123, -0.07174025892659595, 0.8670224565467197, 0.2733163125968793, -0.4166176341828759
0.0003632309613576537, 0.0012114078662499661, 0.007210185703744726, -0.3555681111259434, -0.1582649262304817, -0.9211533702243014, -0.31885660898074003, 0.9469744396631812, -0.0396216296220603, 0.8785794109012756, 0.27962765197645323, -0.3871777304940244
0.00035848512601022403, 0.0012092954741156306, 0.007197890894148412, -0.3630919765359761, -0.11901977407053245, -0.9241203979760416, -0.3046888177066661, 0.9524473724366831, -0.0029541670521961226, 0.8805276491625417, 0.28049651712393453, -0.3820899932497972
0.0003536318110973956, 0.0012077045812241686, 0.007185538521750831, -0.3884895445198755, -0.08880841287950217, -0.9171635293667991, -0.2907054809579171, 0.9563252002440711, 0.03053579406472888, 0.8743947604713593, 0.27848730164939534, -0.3973394338349429
0.0003484266485381088, 0.0012065146850424287, 0.007173249940677939, -0.26621934196306696, -0.14442583696800468, -0.9530311849991284, -0.31589657091382356, 0.947180878115307, -0.055296840936924455, 0.9106792072127481, 0.2863381947082981, -0.2977814967414086
0.0003448871370661616, 0.0012045944755526736, 0.007160578942441846, -0.1860525902043199, -0.21431284216498683, -0.9588818693464951, -0.33425679451863044, 0.931518008329972, -0.14334083673221792, 0.9239355112757566, 0.293843846013708, -0.24494686191800624
0.00034239480454544187, 0.001201723572946324, 0.007147733905111937, -0.24185103932816104, -0.23727576998715824, -0.9408550811644105, -0.3355490054549598, 0.9302680886209621, -0.14835143488247518, 0.9104476589645755, 0.2798240380498128, -0.30460395272455226
0.0003391627811813211, 0.0011985526920831756, 0.007135160605393968, -0.2802456942755229, -0.2473906695229181, -0.9275021334061893, -0.3351310305940136, 0.9306384281315656, -0.14696703173774464, 0.8995273999012062, 0.26964786800160545, -0.34371570244777055
0.000335416775245355, 0.0011952458547776776, 0.007122762811000221, -0.2985759682037774, -0.24600158249677487, -0.92213643926496, -0.33315369638114645, 0.9322942472209615, -0.14084051684895058, 0.8943494875040494, 0.26516156962837417, -0.3603169940392225
0.0003314245428893586, 0.0011919565897936999, 0.007110433007795952, -0.29720823461242724, -0.23339546554818275, -0.9258476234997374, -0.3296638334652499, 0.9351182172437986, -0.12990641509862347, 0.8960965473561208, 0.2666092204713238, -0.35486687838697023
0.0003274538402651467, 0.0011888384258951126, 0.007098063681646409, -0.27592222607308814, -0.2093755154355102, -0.9380985122549689, -0.325010460680714, 0.9388213234891317, -0.11394175270823871, 0.9045635000413081, 0.2734527675819533, -0.32709090218896114
0.0003237724129932247, 0.0011860448824261177, 0.007085547323338072, -0.24089889984142387, -0.17956245901149875, -0.9537950740955499, -0.32063345267049664, 0.9422837484126485, -0.09641331083416292, 0.9160578088110969, 0.2825927472373493, -0.2845688495339214
0.00032055755711478336, 0.0011836485766427351, 0.007072818690277469, -0.2156173609221376, -0.16493311908066222, -0.9624480349085329, -0.3192358772473362, 0.9433779911067731, -0.09014666146604026, 0.9228204637669759, 0.2878107574877514, -0.25606124175132483
0.00031767627189996595, 0.0011814445826999077, 0.007059957539945453, -0.20551059457182652, -0.1702670078825277, -0.9637294960441263, -0.3209199476486194, 0.9420227725376302, -0.09799736334067105, 0.924540849676174, 0.28914052301129883, -0.24823773934035676
0.00031492906918231627, 0.001179168505460408, 0.0070470746990577236, -0.21056853287031785, -0.19559140111512197, -0.9578125582673602, -0.3258083970746339, 0.9378048437124802, -0.11987895355344204, 0.921688549001505, 0.28682063893526577, -0.2611975109381144
0.0003121164607953782, 0.0011765559497870105, 0.007034280994329978, -0.22616435250106634, -0.23747193269059913, -0.9446992996938047, -0.33411128224053677, 0.9299062778972873, -0.15376594358568968, 0.9149969053157272, 0.28085831928466126, -0.2896537031547112
0.00030909627973586167, 0.0011733847681867822, 0.007021665553831413, -0.2260798782504277, -0.27075729527844217, -0.9357234504402325, -0.34160629301907136, 0.9216270864068582, -0.18414302639789, 0.9122461450836832, 0.2780179862072023, -0.30085373543509764
0.00030607587457776573, 0.0011697674770878139, 0.00700916437965292, -0.21988804541078097, -0.2765624349086412, -0.935501184971366, -0.34326650307423645, 0.9195770403912906, -0.19117053813906554, 0.9131360004690493, 0.279090104415399, -0.29713861792905705
0.00030313828554583085, 0.0011660727479181807, 0.006996666574166496, -0.21407567869752792, -0.2523462687403229, -0.943659347668972, -0.33867330951933694, 0.9253070912995989, -0.17060825363942794, 0.9162270423914656, 0.2830691566446488, -0.2835486895527382
0.00030028009249622345, 0.0011627035919458807, 0.006984067475543455, -0.20648806034532693, -0.2055408318993815, -0.9566167714173398, -0.3301092025444785, 0.934997943821211, -0.12964088647319622, 0.9210812099539721, 0.2890187043639527, -0.26091683195514437
0.0002975212881766534, 0.0011599574431664127, 0.006971286501782814, -0.1847314488842205, -0.19474896836512187, -0.963300125149923, -0.32941423466767483, 0.9357397387624367, -0.1260055685242394, 0.9259376619359678, 0.29404758224057465, -0.23701364008644277
0.00029505387595892143, 0.0011573562294216108, 0.006958419940553019, -0.14531054439805818, -0.23997693105717105, -0.959841611020861, -0.33803991465856364, 0.9237990355531401, -0.17978976057806836, 0.9298461495238721, 0.29833942828843446, -0.21535952206521805
0.00029311703613550953, 0.0011541575842118148, 0.006945626240934769, -0.10685357488320996, -0.28646690863003604, -0.9521129259676232, -0.34473369660701203, 0.9088690976635063, -0.2347672075396998, 0.9325990520895584, 0.30313969316517175, -0.19587070855383842
0.0002916907533738378, 0.0011503338205799945, 0.006932917426513196, -0.0800209036494512, -0.30680196153758077, -0.9484035066235352, -0.34716456567394494, 0.9004620993054704, -0.26200147338289226, 0.9343839785225058, 0.30828649680301934, -0.17856656061361423
0.00029062019935221736, 0.0011462292921532232, 0.006920229277019376, -0.06505514771930591, -0.30164968465938474, -0.9511967701270401, -0.3471531415545746, 0.900515109749921, -0.26183436256701914, 0.9355493167460541, 0.3131772738513788, -0.16330177916670027
0.00028974939610453704, 0.0011421915252082227, 0.006907496921999854, -0.06186426547107794, -0.2710467082243684, -0.9605761264045959, -0.3455092407423507, 0.9087298781777499, -0.23416526870715992, 0.9363739515916537, 0.31740146576187417, -0.1498670487894036
0.00028892236566468543, 0.0011385680460217135, 0.006894655491001166, -0.07107132170834708, -0.21999102718646293, -0.9729094588850874, -0.3422518464378877, 0.9215408828495133, -0.1833741389803811, 0.936916506867333, 0.3199474162958415, -0.14078746380672644
0.00028797303860035665, 0.0011356295409960912, 0.006881659963997303, -0.09853776449013005, -0.19323142567845566, -0.9761925655830201, -0.33904001494546837, 0.9287969144500103, -0.14962673549174593, 0.9355972302412316, 0.3162244580016096, -0.15703475706519235
0.00028665676246562193, 0.0011330483385970172, 0.006868619897748275, -0.1405269012790963, -0.20765886235682454, -0.9680547437524205, -0.3390936923841921, 0.9287176986456874, -0.14999634664722025, 0.9301976444832303, 0.3071827356915222, -0.2009256307466084
0.0002847801423060234, 0.0011302752268022573, 0.006855692329921865, -0.15142160864860912, -0.2270739309574141, -0.9620337448935017, -0.34144099846692755, 0.925364576882793, -0.16467678772807331, 0.9276257548171973, 0.3035421383104443, -0.2176525425299417
0.00028275783029841755, 0.001127242539847682, 0.006842843883710103, -0.15087477288915876, -0.2402686390770728, -0.958909684997339, -0.3434175802990498, 0.9223393258187174, -0.17707211409428583, 0.9269849882534186, 0.30259072874813164, -0.2216702109632329
0.0002807427615653824, 0.001124033535367597, 0.006830036779599581, -0.15174878293736613, -0.2492461783709573, -0.9564772080109913, -0.34470611886267843, 0.9202754906987429, -0.18512350698335706, 0.9263638585867096, 0.3016112792762582, -0.2255673684682292
0.00027871580701432854, 0.0011207042785142467, 0.006817260823231237, -0.15406089699404146, -0.25403506547652155, -0.9548462837157249, -0.3453114501772149, 0.919288735323027, -0.18886032797996125, 0.9257565783692279, 0.30062336339101964, -0.22934766401594492
0.00027665783478845665, 0.0011173108339780355, 0.006804505820695195, -0.15781964885801997, -0.25465046837740324, -0.954068182778097, -0.34521914460806163, 0.9194379281719506, -0.18830198733669642, 0.9251576625799569, 0.2996448484356777, -0.233015587838132
0.00027454971303096713, 0.001113909266449367, 0.006791761578081574, -0.16302514179195152, -0.25109053764259, -0.9541364394310016, -0.3443949330139942, 0.9207261219446772, -0.18345445888013154, 0.924562022396551, 0.29869206597275155, -0.2365758154734522
0.0002723723098850603, 0.0011105556406186463, 0.006779017901480497, -0.16966780796686423, -0.2433364899615846, -0.9549870091225823, -0.34278473048862557, 0.9231004265673364, -0.1743107312102214, 0.9239650769826528, 0.2977800448726834, -0.24003245903848713
0.00027010649349393673, 0.0011073060211762762, 0.006766264596982082, -0.17772552882551937, -0.23135725882503783, -0.9564974935631844, -0.3403155035144847, 0.9264506027724296, -0.16085595634071054, 0.9233628725865971, 0.2969227162269103, -0.24338838533722498
0.000267733136194681, 0.0011042164625597014, 0.006753491472473353, -0.18500215084649002, -0.220486443388459, -0.9576846727728707, -0.33798626166314955, 0.9293346935721455, -0.14866847093494778, 0.9227889743105634, 0.29618027551657505, -0.24645030591537959
0.0002652622861907231, 0.0011012716917717601, 0.0067407008364365065, -0.18426888187428211, -0.22871251293414185, -0.9558951645448114, -0.3395009463825693, 0.9274995775590427, -0.15647249289615509, 0.9223795783613934, 0.2956943016954292, -0.24855742468635056
0.0002628017518930094, 0.0010982177036177826, 0.006727936810229489, -0.17812741850172997, -0.24841621567975514, -0.9521344477358538, -0.34330781457344284, 0.9224980309909513, -0.17645715420640903, 0.922176971752557, 0.29544333907733855, -0.2496054209429688
0.0002604235242613769, 0.0010949010311299397, 0.006715224604148691, -0.17261414378310816, -0.26327708613540635, -0.9491520074688113, -0.346136781830193, 0.9183713092770558, -0.1917901628368454, 0.9221679270231978, 0.2954307265888167, -0.24965376055037108
0.0002581184210307524, 0.001091385207637731, 0.0067025495515092084, -0.16824825048165729, -0.27210973435415714, -0.9474433063141939, -0.34782816626991586, 0.9157090002563936, -0.20122771578175805, 0.9223383831106508, 0.29569125675127134, -0.24871386716804614
0.00025587101680633553, 0.001087750456222832, 0.00668989391863986, -0.16505947194034257, -0.274967272332948, -0.9471791646085516, -0.348454409620564, 0.914676437497903, -0.20480854255164538, 0.9226781102523022, 0.2962431667261261, -0.24678956831543186
0.0002536658861933259, 0.0010840769999669179, 0.006677239971869461, -0.16305648877039688, -0.27187065422598883, -0.9484191735939349, -0.3480659550661509, 0.9153283895048688, -0.20254389719345142, 0.9231807365807402, 0.2970863287617861, -0.24387915218215417
0.0002514876037969234, 0.0010804450619516647, 0.00666456997752683, -0.16222959572019255, -0.26280327394843406, -0.9511130308614467, -0.3466903790394601, 0.9176109120284778, -0.19441192146507025, 0.9238437851465682, 0.2982023697562606, -0.23997501394481083
0.0002493207442223275, 0.0010769348652587476, 0.006651866201940779, -0.16228708797690622, -0.24851203689154827, -0.95493699718672, -0.3444714664488071, 0.921148250758709, -0.18117756187447467, 0.9246633494837916, 0.2995457688637656, -0.23509577298886356
0.00024715340860173606, 0.001073615999929317, 0.006639113068002496, -0.16099285311990968, -0.23564583449178186, -0.9584113636278437, -0.3425586748868175, 0.9240512526149905, -0.16965505238705583, 0.925599727476245, 0.30099887579082213, -0.22948817239361688
0.0002450032829076639, 0.001070468852999357, 0.006626313090497333, -0.15726123068605252, -0.22757453704536068, -0.9609780098481432, -0.3415257964144013, 0.9255770114169215, -0.1633013359407359, 0.9266223803182272, 0.30251781108739684, -0.22327995491819902
0.00024290282852456208, 0.0010674292612847685, 0.006613477819756767, -0.1510996800367187, -0.22434431168961494, -0.9627245278402924, -0.3413491375493849, 0.9258402863297308, -0.16217438300537204, 0.9277120528413395, 0.3041206898936587, -0.21647390833888686
0.00024088461593030165, 0.0010644327326674171, 0.006600618872825718, -0.14250833407478813, -0.22595568000625144, -0.9636573070299115, -0.34196123285241664, 0.9248831667824194, -0.1662938454320506, 0.9288454607442962, 0.3058351818797765, -0.2090716422169209
0.0002389812156027539, 0.001061414775029168, 0.006587747866749105, -0.13149364400147473, -0.23238487036038974, -0.9636942946883095, -0.34325377275281327, 0.9226709454937124, -0.17565640845895378, 0.9299926177546645, 0.30769400119164436, -0.2010923483191315
0.00023722494227993463, 0.0010583109645633465, 0.006574876441715853, -0.12170252708553554, -0.2426423326449132, -0.9624516576481282, -0.3448705223507983, 0.9195842975996356, -0.188226040763951, 0.9307270371674404, 0.3090136210862238, -0.1955959208897202
0.00023559932095611446, 0.001055069909842011, 0.006562020653300553, -0.12112051944511634, -0.25465422342339933, -0.9594170345902612, -0.34632609261554903, 0.9166388419601572, -0.19957823273991598, 0.930262359414263, 0.3080981335590453, -0.19921717484805712
0.00023398157193384866, 0.0010516686148108604, 0.006549206177464716, -0.13079267028977876, -0.26813654461307707, -0.9544611416089336, -0.3476511054981382, 0.9140037503737154, -0.20913118645650491, 0.9284567767238235, 0.3044666447178449, -0.2127629573254377
0.00023223491912448822, 0.0010480878220347591, 0.0065364599568185355, -0.1491062988858141, -0.28393884749690385, -0.9471779360366795, -0.3490985756458608, 0.9113199990958123, -0.2182339197513528, 0.9251472834714511, 0.2981184162881231, -0.23500619939749642
0.000230243665856621, 0.0010442959355606294, 0.006523810785224322, -0.1683465047427494, -0.3065433102474636, -0.9368514574271775, -0.35186095691808145, 0.9064914143412357, -0.2333820531281661, 0.9207895097890677, 0.2903523973866126, -0.26046528366416744
0.00022799492233321723, 0.0010402011829869712, 0.0065112964853254315, -0.1859988146850782, -0.3361445610926734, -0.9232612170905696, -0.3563874809153962, 0.8987476922614102, -0.2554222956234786, 0.9156377036702477, 0.2815304951556822, -0.2869637188128011
0.0002255082062691507, 0.0010357070894018426, 0.006498952920105642, -0.20082077948289437, -0.3570149562224351, -0.9122561786918055, -0.35970571072612256, 0.8930518605895507, -0.2703149569826962, 0.9111985602484772, 0.27385889675348246, -0.30776368933008924
0.00022282032250066353, 0.0010309286261949552, 0.006486742836160536, -0.21213097293261726, -0.3572896284277005, -0.9095848348233698, -0.3590496314967696, 0.8941640935254654, -0.2674956746787072, 0.9088915295263211, 0.26984198203351994, -0.31796460854555236
0.0002199817081810799, 0.0010261475824771397, 0.006474571296562564, -0.21999244452671574, -0.33668887669861114, -0.9155566201271156, -0.3541172675686334, 0.9020895848398893, -0.2466482145346306, 0.9089578016392648, 0.2699536649701642, -0.31768023798828204
0.00021704317075977127, 0.0010216502786463389, 0.006462341797520638, -0.22411555011680961, -0.2945979087994673, -0.9289694786842142, -0.3448540752337938, 0.9155166529177987, -0.2071350405528621, 0.91150857757373, 0.2739367269300918, -0.30677480771462246
0.00021405551768610893, 0.0010177230351004962, 0.006449957835243666, -0.22308553584384375, -0.23521336636722756, -0.9459955158347535, -0.3325689326130814, 0.9305923512835779, -0.15295679387689096, 0.9163136737809061, 0.2804862706349428, -0.285826351527358
0.00021107981523320048, 0.0010145855614466877, 0.0064373393516370895, -0.20905624821338645, -0.21215473454030875, -0.9546129339659474, -0.3288367364696352, 0.9345878769270124, -0.13569046042024993, 0.9209570488524113, 0.285544863223261, -0.26514570570889223
0.00020828579749809236, 0.001011750132723755, 0.006424581036635942, -0.1891650182629576, -0.23168880530271757, -0.9542205685076036, -0.3336406196952376, 0.9291172227804056, -0.15945257358288076, 0.9235261408075859, 0.28820389280893766, -0.25305727299333186
0.0002057573016583862, 0.0010086532378237685, 0.006411826338331842, -0.19100804611588795, -0.22942570648014168, -0.9544002155935835, -0.3331173222537675, 0.9297507864435602, -0.1568321546177978, 0.9233356789020288, 0.28797104075526253, -0.2540155580921383
0.0002032064557898658, 0.0010055893374938726, 0.006399080656166261, -0.2182308285060997, -0.19599941533225865, -0.9560123088532668, -0.32456591434457116, 0.9384351567382974, -0.11830648267630907, 0.9203435623370296, 0.28447088741553167, -0.2684102112025661
0.0002002955221182972, 0.0010029749438190464, 0.0063863286154059095, -0.24750463032238648, -0.1602816110185835, -0.955537159475374, -0.31422229312161776, 0.9461951741612389, -0.077324271088547, 0.916518307768247, 0.2811129622825501, -0.28455174215309
0.0001969899571515524, 0.0010008342918340458, 0.006373566873717803, -0.2472171458557444, -0.16475083950472355, -0.9548512154662779, -0.31530617389121646, 0.9454838977690248, -0.08149978997257906, 0.9162236078059883, 0.280922337919186, -0.2856867875086229
0.00019368691848235944, 0.0009986330756045548, 0.006360809221019024, -0.2184693345045024, -0.2045687841488327, -0.954160763410982, -0.32588009994879635, 0.9369418694392446, -0.12626200437604346, 0.9198224341352642, 0.28335762887835186, -0.27135796251062155
0.00019076834838120001, 0.0009959002053900625, 0.006348062420274165, -0.1856270484463324, -0.2253103330349533, -0.956440198189506, -0.33156851803350373, 0.9306313579225657, -0.15487928686647456, 0.9249891441169292, 0.2883756742148686, -0.24745616538480286
0.00018828679929201256, 0.0009928881516166111, 0.006335276280955866, -0.15943920817138754, -0.2048501306193465, -0.9657202301302991, -0.32971084859043437, 0.9331125031991607, -0.14349847628170806, 0.930521302936938, 0.2955291531450543, -0.21631602904526157
0.00018615711124206032, 0.0009901518932005368, 0.00632237680122755, -0.13990001224934268, -0.14918767316489936, -0.9788621071163583, -0.323445275473744, 0.9412386453747589, -0.09722636590350743, 0.9358478190103067, 0.3030063541062003, -0.17993334606159125
0.00018428900142343263, 0.0009881597635889908, 0.006309305880903915, -0.13119470488069604, -0.13580479248866437, -0.9820106963513064, -0.32213831355526296, 0.9426564543877394, -0.08732534535234963, 0.9375579215979343, 0.3048866467037329, -0.16741946216230355
0.0001825372605450502, 0.0009863464677955442, 0.006296193855678723, -0.13277202064612958, -0.19131245243379047, -0.9725076534800703, -0.32958534540186146, 0.9338796316563177, -0.13871673898198475, 0.9347433287431794, 0.3021065691461029, -0.18704686645034052
0.0001807670426235588, 0.0009837957441547148, 0.0062832276413468165, -0.13341649350919058, -0.24100789001083978, -0.9613091262503624, -0.3363397249867142, 0.9234247262429739, -0.1848306369597587, 0.9322422585656442, 0.2986669916740242, -0.20426061644089594
0.00017898555918307256, 0.000980577614568276, 0.0062703914751086045, -0.1313787860286986, -0.270776064955301, -0.9536351174474166, -0.3403766100528348, 0.9158128882276008, -0.21314435738522533, 0.9310657215849836, 0.2965924415819507, -0.21248422455771004
0.00017722748246282077, 0.000976954159742812, 0.006257630178172639, -0.12691267414886845, -0.2812014811155535, -0.9512196907964018, -0.3418695379608847, 0.9126170289678381, -0.22417711179406208, 0.9311382239790151, 0.2967421194511073, -0.2119568880429944
0.00017552748470203274, 0.0009731874603849057, 0.006244888571747464, -0.12008285715316182, -0.272544265417113, -0.95462020238741, -0.3411164677933975, 0.9143600333948575, -0.21814051602192353, 0.932319506831263, 0.2994417350978339, -0.20276830241314675
0.00017392023813993777, 0.0009695395972011405, 0.006232111477041626, -0.11077994295218165, -0.2445644477146697, -0.9632839846865149, -0.3385244599787346, 0.9205748305743167, -0.19479006984231642, 0.9344137168490292, 0.30451635789738285, -0.18477227480684313
0.00017244041501576502, 0.0009662726508980996, 0.006219243715263669, -0.09878469622143053, -0.19674867484290537, -0.9754647829317061, -0.33464284863287574, 0.9297365424786741, -0.15363634152984423, 0.9371530011963437, 0.31125539437471833, -0.15768427892889222
0.00017112255299100613, 0.0009636478758376399, 0.006206230282585455, -0.08776656803758037, -0.15225495512812723, -0.9844366196834801, -0.3314677377396659, 0.9363979715968533, -0.11527349056503342, 0.9393754139707154, 0.3161918206219617, -0.13265204182038218
0.00016995035340136165, 0.0009616143772069756, 0.006193082267032086, -0.08685553902463006, -0.16646085857211487, -0.9822153011963188, -0.3327035511167257, 0.9341804925439557, -0.12889978442438335, 0.9390231426408304, 0.3155908584128612, -0.1365208689950814
0.00016879044129927153, 0.0009593913760426243, 0.006179965274984029, -0.08792259036313281, -0.2004253167997339, -0.9757557637490865, -0.3357093894114987, 0.9282070053762811, -0.16040873115686516, 0.9378533062077435, 0.3134668205027814, -0.1488950250313338
0.00016761633924912005, 0.0009567149333401866, 0.0061669352125400855, -0.08442354070888707, -0.22128218367839483, -0.9715486920173871, -0.3375758617375947, 0.9237216089447668, -0.18105503787691665, 0.9375047751058633, 0.3126860795670515, -0.15268337269883805
0.00016648842813295892, 0.0009537585703082225, 0.006153955176872109, -0.07630577654039646, -0.22856344325311984, -0.9705339668836145, -0.33832796097818824, 0.9215588950192338, -0.1904294983222675, 0.9379294319333991, 0.31382790733012694, -0.1476496708221342
0.00016546879425050984, 0.0009507043974579307, 0.006140986442897187, -0.06481045746806209, -0.2242003885959322, -0.9723856181352198, -0.33829661727906446, 0.9216675682997197, -0.1899586594025754, 0.9388050933715276, 0.31664345769005625, -0.1355799297896368
0.0001646029748994483, 0.0009477092475616731, 0.006127996096620272, -0.055075898521810766, -0.21599259928526213, -0.9748404189691826, -0.33803946219605124, 0.9227012970043392, -0.1853419502020919, 0.9395190085358677, 0.3193266565141508, -0.12383262510047138
0.00016386734626051112, 0.0009448243133872484, 0.006114975509578859, -0.048453665962243306, -0.20599036358601225, -0.9773536782375772, -0.3376875638003593, 0.9242629187765479, -0.17805944577369343, 0.9400102932997052, 0.321412549668427, -0.1143443107733976
0.00016322022005340237, 0.0009420731951789328, 0.006101922396543108, -0.04494716334656693, -0.19419823327989227, -0.9799320377955124, -0.3372477249637525, 0.9262866385805123, -0.16809829027681583, 0.9403423443160849, 0.3229243090542799, -0.10712686921564446
0.0001626199079439508, 0.0009394794930987119, 0.006088834472302098, -0.044555884286473335, -0.18061460854034708, -0.9825442159807708, -0.33670139371975516, 0.9286918149936381, -0.15544672473550827, 0.940556720587666, 0.3238979406319831, -0.1021918754683343
0.000162024721597985, 0.0009370668073085702, 0.006075709451644906, -0.048975113935924554, -0.17123494776638423, -0.9840122107364353, -0.3362090087832636, 0.9305278623094597, -0.1451943520897517, 0.9405131262390433, 0.3237228600658764, -0.10314344013474805
0.00016137042831948799, 0.0009347791582075611, 0.0060625633346948525, -0.07016901802535361, -0.20736685284763068, -0.9757434587274602, -0.3382822363875134, 0.9251393863226426, -0.17228535752996224, 0.9384249769981723, 0.3179875850007882, -0.13506464500877502
0.00016043379178711463, 0.0009320111649329481, 0.006049538826223917, -0.10233300898462347, -0.24928502506851127, -0.9630082717966366, -0.3415164977691978, 0.9180532733806981, -0.20135706837964978, 0.934288198054334, 0.30827773761914284, -0.17908210258093457
0.0001590661929724065, 0.0009286796699618639, 0.006036668990927066, -0.13434755860937383, -0.25987415041288725, -0.9562510964400934, -0.3415364507147168, 0.9180146949604518, -0.2014990636947536, 0.9302169565907163, 0.299523698200741, -0.2120895279999857
0.00015726900655527282, 0.0009252032964563047, 0.00602387708387881, -0.16540708140808885, -0.2632222060949534, -0.950449666020544, -0.34049046462955057, 0.9197088455534307, -0.19545301969304213, 0.9255845401239211, 0.29128973485051235, -0.24175100714228168
0.00015505485898888473, 0.00092167979067842, 0.006011154316527624, -0.1955320201233364, -0.2610915050161941, -0.945303366710849, -0.33831961323299325, 0.922693934563905, -0.1848668234726229, 0.9204928399549694, 0.28366728596607466, -0.26874858597632884
0.00015243670541492487, 0.0009181838023663393, 0.0059984968019861735, -0.22477019233200923, -0.2534988361432028, -0.9408595541913114, -0.33474945690765057, 0.9268889727302706, -0.1697634628860308, 0.9151071859290936, 0.27679445858807467, -0.29319561039666003
0.000149427500975076, 0.0009147899812581923, 0.005985900653367122, -0.2531496026184073, -0.24042254504282462, -0.9370764528731226, -0.3295113902855245, 0.932137693144134, -0.15013848504641694, 0.9095809597645739, 0.2707698669628203, -0.3151922536781217
0.00014604020081102068, 0.0009115729770921073, 0.0059733619837831365, -0.280664783880275, -0.2218081493560729, -0.9338246216333518, -0.32234226705176916, 0.9382045213534211, -0.1259672139245923, 0.9040590367677127, 0.2656565846939091, -0.3348191109351487
0.00014228776006444167, 0.0009086074396062144, 0.005960876906346879, -0.3033844878028913, -0.20124402168737723, -0.9313746272556858, -0.3144695941251908, 0.9438255802374653, -0.10149949980246108, 0.8994813655275551, 0.2620956272517771, -0.3496271660557608
0.00013823487099100392, 0.0009059190368388278, 0.0059484347472984105, -0.2603083825515545, -0.2427957217308007, -0.934499750391948, -0.3285740582424468, 0.932374992280435, -0.15071815424874396, 0.9078979205965189, 0.2678191764591897, -0.32248140178503115
0.0001347553941280761, 0.0009026736473208284, 0.005935943523512113, -0.26839757810333326, -0.31055069337376545, -0.9118777368229464, -0.3464398546939174, 0.9143933210138695, -0.2094380136577026, 0.8988560324923689, 0.2596981350150596, -0.3530080898814889
0.0001311732287925118, 0.0008985288858941412, 0.005923773157288233, -0.39562433536692637, -0.3476872719981974, -0.8500558488451974, -0.34756041660663306, 0.9134134124909965, -0.21184356183225495, 0.8501077238054607, 0.21163529661189368, -0.48221090733650396
0.00012590192356200046, 0.0008938962948939782, 0.005912446999007073, -0.48903799493455, -0.36422829358606873, -0.7925778130012064, -0.34503097729942833, 0.915313039977548, -0.20773941260834675, 0.8011213792018013, 0.17187143159478277, -0.5732928979041721
0.00011933295042573281, 0.0008890038204833637, 0.005901800745718096, -0.5308045295254937, -0.37003082078373584, -0.7624458951986915, -0.3435248605677524, 0.916367635166833, -0.20557487052325404, 0.7747497799981138, 0.15279904740822553, -0.6135268775726239
0.00011219262718695004, 0.0008840262072156889, 0.005891544408703285, -0.5551217531537352, -0.36666662653860244, -0.7465891937058322, -0.3389971455718462, 0.9193964822437082, -0.19947692531226616, 0.7595530096508498, 0.14235762508800134, -0.6346759268395485
0.00010473328862238776, 0.0008790991970739698, 0.00588151226434422, -0.5702520941447952, -0.3541930366546976, -0.7411881285536079, -0.3301866415721129, 0.9250049419427792, -0.18799638057357634, 0.7521896907368544, 0.1375250892265115, -0.6444358144783974
9.708454113454685e-05, 0.0008743484331098563, 0.0058715707649713966, -0.5763210476059797, -0.3326150950370714, -0.7464725370968619, -0.3170395714239496, 0.9328866598823992, -0.17090462242075047, 0.7532197290549847, 0.13816540220670614, -0.6430943643007571
8.93759909360693e-05, 0.0008698995583593759, 0.005861586362965086, -0.5729272927568738, -0.3016118957455491, -0.7620922395347268, -0.2996956992810315, 0.9425296034770937, -0.1477174140098793, 0.7628478256157862, 0.1437644285422809, -0.6303927220702811
8.17372442395971e-05, 0.0008658782158585558, 0.00585142551070556, -0.5591580331760024, -0.2606755902409772, -0.7870136787802755, -0.27857296536528225, 0.9531648193543909, -0.1177876483877013, 0.7808581157305966, 0.15337882447596746, -0.6055869378545351
7.429790725777232e-05, 0.0008624100486434238, 0.005840954660573091, -0.5338188104874612, -0.2098806454426999, -0.8191383230189562, -0.2547355117796798, 0.9636213372239492, -0.08089337108238716, 0.8063171191337171, 0.16548121680506175, -0.5678632496267209
6.71868156543676e-05, 0.0008596141926971677, 0.005830042778982541, -0.5047466831345029, -0.2038871886125261, -0.8388449202232782, -0.25475375716280657, 0.9636139678874036, -0.08092369309249203, 0.8248219862953168, 0.172852929428385, -0.5383219814496472
6.044503140933924e-05, 0.0008568909188612408, 0.0058188385221619445, -0.4895342972879106, -0.2753880568893632, -0.8273557819351555, -0.2916277734841104, 0.9458893524722967, -0.14229045861279613, 0.8217721177501291, 0.17162386489716489, -0.543356085349403
5.390010130685842e-05, 0.0008532090612398557, 0.005807777017804336, -0.4937261167358889, -0.3221961233532941, -0.8077277881495774, -0.31459376612803636, 0.9320981224215752, -0.17951003451493397, 0.8107189919856805, 0.16547733462406047, -0.5615620782775835
4.728625341236731e-05, 0.0008488929919054208, 0.005796956871674953, -0.5196535122756718, -0.3357997135812559, -0.7856199969058226, -0.3190180906833307, 0.9292800667250453, -0.18618811832192167, 0.7925829199499068, 0.15387368178555474, -0.5900298340401419
4.0331215531595207e-05, 0.0008443986515937728, 0.00578644214078351, -0.5673002091465172, -0.3160634948432352, -0.7604435152789443, -0.3027757939858023, 0.9387903219437477, -0.16431539794255923, 0.7658311114590376, 0.13702772950112987, -0.6282723215845025
3.276272483313913e-05, 0.0008401819712854023, 0.005776296878047315, -0.6239996611991039, -0.27163822965908, -0.7326916780004291, -0.2692818637691802, 0.9549534159586228, -0.12470465586318034, 0.7335609726998843, 0.1194849176115482, -0.6690378567726653
2.4441996198427165e-05, 0.0008365598090690585, 0.00576652679481708, -0.65394644517045, -0.23935647413120714, -0.7176785667277578, -0.24524119964524613, 0.9644753772314096, -0.09820387319699081, 0.7156890392101114, 0.11178427888485437, -0.6894153132537026
1.569964421814479e-05, 0.0008333599468157069, 0.005756932433252192, -0.6526364824874573, -0.228546298573944, -0.7223795478379413, -0.2383583932633188, 0.9669443042686329, -0.09057587318584731, 0.719201569858776, 0.11307210907469306, -0.6855390580135262
6.969413287868066e-06, 0.0008303027135497917, 0.00574726925866548, -0.620379120290945, -0.23910824764669325, -0.7469651886228439, -0.24811317169528443, 0.9633146886222322, -0.10229694382511186, 0.7440225810674965, 0.12186901407650506, -0.6569462247929286
-1.3159804988933804e-06, 0.00082710933401038, 0.00573729326087587, -0.5734370041531907, -0.25374321390971355, -0.7789636600397883, -0.2610651942358946, 0.9578545276270966, -0.11983183326164389, 0.7765403831265881, 0.13464429174324896, -0.6155127521624313
-8.975325905052682e-06, 0.000823720109203248, 0.005726888714800401, -0.5560442016484572, -0.23503024785711754, -0.7972299720942205, -0.25243678975254635, 0.9616311497227253, -0.107429972830576, 0.7918904678000352, 0.14151436137428408, -0.5940397061916569
-1.6405973522190446e-05, 0.0008205793032277207, 0.005716235002424855, -0.5745387439626924, -0.17854549075370343, -0.7987657600431374, -0.21883530971567103, 0.9738975892052227, -0.06028758547082197, 0.7886801245799326, 0.1401605988563638, -0.598613955417686
-2.40866239513686e-05, 0.0008181924398271311, 0.005705556800750632, -0.6327382272524131, -0.1454379210249648, -0.7605853975073474, -0.19200644707968254, 0.980998337403688, -0.027852940437897517, 0.750183884159951, 0.12841367971963147, -0.6486401674330332
-3.2519597469584656e-05, 0.0008162540803544093, 0.005695419912794023, -0.7132928018558002, -0.19660118778473878, -0.6727268032287193, -0.21867151926229325, 0.9743638059802626, -0.052895559919313086, 0.6658799782875459, 0.10937616996991163, -0.7379977696162031
-4.197673020787198e-05, 0.0008136474600092329, 0.005686500620943348, -0.7641972077757622, -0.24559526854073338, -0.5963938226525602, -0.24993837959653736, 0.965179287317669, -0.07719941539683978, 0.594586775864033, 0.09006612794697945, -0.79897099982681
-5.218030663184122e-05, 0.0008103682670647646, 0.005678537558678399, -0.787143307794729, -0.28241884284960683, -0.5483110524122796, -0.2764773585495492, 0.9562504257422572, -0.0956315506368888, 0.5513308291792114, 0.07631985633661073, -0.8307885388745577
-6.27862388454905e-05, 0.0008065629687493767, 0.005671149641133661, -0.7883409356554292, -0.30936748088972327, -0.5317991452962945, -0.2978851703604397, 0.9482382087978597, -0.11003965037730025, 0.5383149584112022, 0.07166631805648573, -0.8396909814967481
-7.345043895281787e-05, 0.0008023780322914406, 0.005663955783443612, -0.7698761928342016, -0.3268914223556423, -0.548117364893159, -0.31359503972652786, 0.9417897386243245, -0.12120329731836542, 0.555831628072776, 0.07857535372005497, -0.8275730270022916
-8.382782413046051e-05, 0.0007979717677093866, 0.005656567550022455, -0.728615183793941, -0.32278524992733915, -0.6040940294145166, -0.3152626012548705, 0.941053816520904, -0.12258550755066186, 0.6080537856102322, 0.1011305930012577, -0.7874282170231643
-9.356005562341545e-05, 0.000793660272636711, 0.005648498567837427, -0.6582449571242999, -0.28617095236795387, -0.6962899988088633, -0.29982923143653767, 0.9480631162855769, -0.1062015042975179, 0.6905186517369417, 0.1388614905569534, -0.7098601820384753
-0.00010231588763919596, 0.0007898536885381768, 0.005639236668907775, -0.6189511333565711, -0.24694557082157947, -0.7455986719195657, -0.28099445169146864, 0.9560793492344843, -0.083393021806239, 0.7334450304114324, 0.1578928846369247, -0.6611567320581435
-0.00011059371812775033, 0.0007865510472390571, 0.005629265058733688, -0.6682342602133698, -0.23786525474110376, -0.7048993503075742, -0.26825640810313073, 0.9608070076802023, -0.06991704730766582, 0.6939030717533229, 0.1423728014037991, -0.7058530388343862
-0.00011951747523348859, 0.0007833745388144121, 0.005619851667411715, -0.7222461071390659, -0.24404601990384975, -0.6471492106860324, -0.26499976703662925, 0.9619181291250859, -0.06699728599747111, 0.638854978999927, 0.12310586106918092, -0.7594137625678234
-0.00012917444942710585, 0.0007801114597988645, 0.0056111987952601845, -0.7549167815677845, -0.26122529451949844, -0.6015496641263622, -0.27326155564987226, 0.9591221396479422, -0.07357202893060034, 0.5961784758871707, 0.10883963772612715, -0.795440229148926
-0.00013929200933583574, 0.000776610461236496, 0.005603136695021486, -0.7687013051642029, -0.2901840216637875, -0.5699925762761141, -0.29360317007553594, 0.9518116101019874, -0.08861059415588085, 0.5682389303457193, 0.09923654793518771, -0.8168577756215951
-0.00014959725842038962, 0.0007727202393733184, 0.005595495345338052, -0.7663841226263143, -0.32849993372499686, -0.552035479049098, -0.3235365807546796, 0.9397906935695384, -0.11007966748522098, 0.554958969203909, 0.09424036196215925, -0.8265224114791905
-0.00015984761685496174, 0.000768326565278303, 0.0055881118918428745, -0.7617804246973365, -0.3550743326254562, -0.5418605012902605, -0.3446806062244025, 0.9303503660342243, -0.12507388261648966, 0.5485306411138069, 0.09148997065565134, -0.8311099331789411
-0.00017002087026162158, 0.0007635846986630843, 0.00558087557542942, -0.7620383435949961, -0.3607997058468009, -0.5376998560087742, -0.3490742796601186, 0.9282882374309732, -0.1281721324121064, 0.5453849192733183, 0.0900251104312523, -0.833337128250672
-0.0001801921455231476, 0.0007587689395175106, 0.005573698648848866, -0.7670241608917967, -0.3477471064932625, -0.5392085742398749, -0.3383307029664349, 0.9332663371350959, -0.12060795745173551, 0.545166279256589, 0.08992159860681503, -0.8334913521240168
-0.00019042978345328325, 0.0007541274834212762, 0.005566501714992866, -0.7720584694484729, -0.3335228156003026, -0.541006701646965, -0.3266368457506047, 0.9384426232724812, -0.11240023942839147, 0.5451917926298756, 0.08993316573717729, -0.8334734158625049
-0.00020073861963308557, 0.0007496741522238267, 0.0055592779752372, -0.7750161187294615, -0.3274073941793328, -0.5405131024741399, -0.3214904305469818, 0.9406405374989555, -0.10880846603271456, 0.5440532315649245, 0.08944147500111525, -0.8342699226110142
-0.00021109049035858703, 0.0007453009799281666, 0.005552058355377648, -0.7760083985008619, -0.32952465910477996, -0.5377959320206932, -0.3230184176141615, 0.9399937785986833, -0.10986718380760001, 0.5417287765461335, 0.08846013360632198, -0.8358856006800099
-0.00022145695009760452, 0.0007408989604162355, 0.005544874103392914, -0.7749866731270076, -0.3398508451119554, -0.53281991287134, -0.3312388756032297, 0.9364494846937796, -0.11551263959352116, 0.5382160010299217, 0.08696991257581145, -0.8383076825020245
-0.0002318095533179548, 0.0007363590875699728, 0.005537756467261699, -0.7718333048955882, -0.35796809853675615, -0.5254828159739701, -0.34585556273892104, 0.9298642991359508, -0.12544446944744658, 0.5335328285836761, 0.08491893559381397, -0.8415054932685322
-0.00024212126463414634, 0.0007315766252570561, 0.005530736004338457, -0.7688227199293396, -0.37649789742997475, -0.5168761539781656, -0.3608006757414345, 0.9227514416206944, -0.13547195049697372, 0.5279531207455607, 0.08233535217473971, -0.8452729689735058
-0.0002523972666265353, 0.0007265443947521144, 0.0055238274931167985, -0.7686303296836136, -0.38829339303476434, -0.5083656727356889, -0.3701333456199966, 0.9181177941006623, -0.14163693944689035, 0.5217362578454824, 0.07929663978557949, -0.8494135154140817
-0.00026267484062263293, 0.0007213524137373225, 0.005517029991617258, -0.7715569198594467, -0.3931523712670013, -0.5001311151929434, -0.37364331496125924, 0.9163406909685231, -0.1439111227810097, 0.5148694908438103, 0.07583502516953226, -0.853907756350633
-0.0002729926542528001, 0.0007160948976803993, 0.005510341878913728, -0.7776666005861048, -0.39111282025050587, -0.4922046527294791, -0.37130339828325243, 0.9175225140384513, -0.1424297112819812, 0.5073149364607354, 0.07199443081416503, -0.8587481337246587
-0.00028338937514739817, 0.0007108660620490646, 0.005503761534080101, -0.7868953083418619, -0.3821311579025785, -0.4845323021941887, -0.36300246841116446, 0.9216149897545803, -0.1373135775772608, 0.49902402911780464, 0.06783501175425195, -0.8639290651108649
-0.0002939036709367882, 0.0007057601223110374, 0.005497287336190271, -0.7990419082610847, -0.36609012969805116, -0.4769801314312249, -0.3485526101317483, 0.9284147111237819, -0.12867479216726993, 0.48994194228788973, 0.06343611831290397, -0.8694439326837362
-0.0003045742092513313, 0.0007008712939340373, 0.00549091766431813, -0.8137512079231785, -0.3428250039035815, -0.46933994961230124, -0.3277123748653838, 0.9375509673678352, -0.11663096907651455, 0.4800141362123186, 0.05889991753938223, -0.8752812283775975
