0.003913874737918377, 0.012216347269713879, 0.07269765436649323, -0.47072461932652654, -0.149094438348667, -0.8695913874995499, -0.30195339280011474, 0.9533226885857096, 2.052757749506652e-06, 0.8290008934472848, 0.2625770360888586, -0.4937720311868565
0.0038875257144867087, 0.012206909599231378, 0.07265076604034384, -0.4650661159990364, -0.14274462242026006, -0.8736918681776019, -0.29989623621751477, 0.9539643577913687, 0.003775124669494848, 0.8329320231880508, 0.26377258544776605, -0.48646507368367325
0.0038618766009376176, 0.012199380649151357, 0.07260318316250242, -0.4584591108187635, -0.1384534685238626, -0.877864386315438, -0.2989158053805371, 0.9542630325320799, 0.005604108883968148, 0.8369376231243124, 0.2649767948262457, -0.4788765114334134
0.003836889891023953, 0.012193153673734783, 0.07255503620363604, -0.4509884537139249, -0.13732315684130206, -0.8819023558262344, -0.29943312293150737, 0.954106402225134, 0.0045583028086973905, 0.8408027232997094, 0.26612651846095703, -0.4714100727218734
0.0038125280784985648, 0.01218762192724264, 0.07250645563441173, -0.4426584791439643, -0.13937492248449582, -0.8857923581880763, -0.3013934194686912, 0.9534996914206567, 0.0005875046227871249, 0.8445208567838465, 0.2672320516763531, -0.4640814077442932
0.0037887536571143054, 0.012182178663935903, 0.07245757192549661, -0.43334547145922225, -0.14304386825941232, -0.8898034356638371, -0.304100566239337, 0.9526265896525681, -0.0050424497847953, 0.8483717039003005, 0.26840460584777887, -0.4563161399523356
0.003765529120624025, 0.012176217138075556, 0.07240851554755773, -0.4229132842776678, -0.14664401522318024, -0.8942258589308969, -0.30685572237529685, 0.951693115671989, -0.010944369697569048, 0.8526335201169442, 0.2697698025757628, -0.4474822163966103
0.0037428169627805753, 0.012169130603922572, 0.07235941697126219, -0.41261154923484883, -0.15220681232224856, -0.8981006601270916, -0.3103288210978156, 0.9504491456371664, -0.018505252055033432, 0.8564156305404859, 0.2710710383650016, -0.43940045508130965
0.00372058039261917, 0.012160323363957221, 0.07231040441183127, -0.40266777896343003, -0.1582941003372548, -0.9015551217663162, -0.31390205326108006, 0.9490871690029786, -0.026439489261132133, 0.8598396133832962, 0.2723536734327822, -0.4318556655000987
0.0036988203864073543, 0.012149783071635918, 0.07226148699592745, -0.3934426632474269, -0.1638797193561197, -0.9046249545090669, -0.3171397829530944, 0.947777528252448, -0.03376558911294706, 0.8629166986478104, 0.27360773842024216, -0.4248688935087203
0.003677593676211958, 0.012138358581989306, 0.07221249803966609, -0.3853057738644145, -0.1679515082492608, -0.907376300937788, -0.319635882387213, 0.9467166112643203, -0.03950393204162961, 0.8656629617335447, 0.2748089315015079, -0.41845870507101085
0.0036569614791129696, 0.012126968025360075, 0.0721632567169096, -0.37863086440298566, -0.1695055034517314, -0.9098937041330833, -0.32100745023657207, 0.9461147872245289, -0.042673484597570845, 0.8680972787735616, 0.27592515958980524, -0.412640789175377
0.0036369505250774575, 0.012116416939582018, 0.07211361481602376, -0.37378849921755547, -0.1675341558149879, -0.9122578936287956, -0.3208863856540519, 0.9461733991757846, -0.0422826937885992, 0.8702379475491554, 0.27692635361680684, -0.4074281646105638
0.003617393055140177, 0.012106875900760044, 0.07206360805378736, -0.3711361240035254, -0.16103707466003525, -0.9145080852811406, -0.3188953031203586, 0.9470537140748209, -0.03735034544501667, 0.8721030690849645, 0.27777027062309184, -0.4028398114021999
0.0035980531952280515, 0.01209829310480439, 0.07201333656351705, -0.37084563705468593, -0.1501796682351893, -0.9164712656304467, -0.31507383315207926, 0.9486552017432968, -0.027960469742848517, 0.873614327458267, 0.27838709642178733, -0.39912232636810313
0.003578694998560118, 0.012090616510250733, 0.07196290054728943, -0.36953307149697934, -0.13837612742004396, -0.9188565483416006, -0.3110058221439059, 0.9502370476391537, -0.018025867153012295, 0.8756258833900479, 0.27910858219384194, -0.3941797961376786
0.003559082518355413, 0.01208379407563473, 0.0719124002071811, -0.36102120862638415, -0.13050950565020106, -0.9233801794801992, -0.3091926594614192, 0.9509034240237121, -0.013512124746141097, 0.879808835064254, 0.280624209780483, -0.38364888456498836
0.0035389798078329735, 0.012077773759492056, 0.07186193574526867, -0.34474371695238876, -0.12892245174232292, -0.9298014686257491, -0.31041701701632707, 0.9504539138731183, -0.01669230810752208, 0.8858854582667766, 0.2828716299667034, -0.36768273795684764
0.0035181509202118367, 0.012072503520358388, 0.07181160736362877, -0.3263387060240965, -0.13206614848708575, -0.9359816138014172, -0.3132281576333975, 0.9493555136986099, -0.02474327940342759, 0.8918470553946488, 0.2851011066864449, -0.3511782862735943
0.003496488094612497, 0.012067875172665433, 0.07176148309817915, -0.31020412594781815, -0.13833557129481464, -0.9405512585497333, -0.31653022281650794, 0.9479355263576388, -0.03502650300555609, 0.8964273636434144, 0.2868475336892469, -0.3378409006140529
0.0034759451093531223, 0.0120628775979193, 0.07171111367523916, -0.29645936118542704, -0.14724250807322528, -0.9436267752569523, -0.3202177493818943, 0.9461755019654177, -0.047037351767337365, 0.8997624353941005, 0.2882213789724768, -0.32765224943052207
0.003460033282245962, 0.01205581209536734, 0.07165965893962813, -0.28437378125112095, -0.15848401852838037, -0.9455233304408917, -0.3243171083304076, 0.9439996944859351, -0.0606876433441259, 0.9021917566577198, 0.289391417774538, -0.3198478412265754
0.0034491007476310353, 0.012046202255049909, 0.07160707120350346, -0.2731866173965781, -0.17174204763736853, -0.9465060703179561, -0.32879055294567927, 0.9413472750309381, -0.07590836637355558, 0.9040275683678514, 0.290465104384591, -0.31363064066790186
0.003439790007901497, 0.012035006476976145, 0.07155423115632144, -0.26212556152636307, -0.1866836092715778, -0.9468048479089161, -0.33355001611747914, 0.938169926882198, -0.09263679097356822, 0.905557605424701, 0.2915243014281795, -0.3081866397725471
0.003429364679842894, 0.012023056918507153, 0.07150184902028814, -0.25065620089911766, -0.20286248182787486, -0.9465824224109891, -0.3384549818293731, 0.9344554360483088, -0.11064024274486943, 0.9069838445229882, 0.29264287366413017, -0.3028868671103125
0.0034175504749956, 0.01201057255148881, 0.07144997395085204, -0.24203237415625245, -0.21831157262731138, -0.9453890136432082, -0.3428005084407268, 0.9307604986067282, -0.12717195306408505, 0.9076938587833825, 0.293300104824981, -0.30011149134378073
0.0034045291960517173, 0.011997658758114397, 0.0713985326440403, -0.2425379541307487, -0.22991129057866902, -0.9425052462827577, -0.3455914292593766, 0.9282561194368855, -0.13750323905434347, 0.90649980961307, 0.29237198086072724, -0.3045927116315202
0.0033904826457033517, 0.011984420920577192, 0.07134745179588005, -0.2525835339262617, -0.2365788917725741, -0.9382067929603695, -0.34657850548265245, 0.9274305308247289, -0.14055586089371255, 0.9033741738209765, 0.2896602120792952, -0.31624683968609973
0.003375592626642604, 0.011970964421070466, 0.07129665810239848, -0.26549850192644303, -0.23980704458700175, -0.9338110766323465, -0.346401277371534, 0.9276215602668757, -0.13972972469527295, 0.8997314602203172, 0.286375317187943, -0.32935160117315504
0.0033600409415615786, 0.0119573946417875, 0.07124607825962269, -0.27592118788766196, -0.24089490762305835, -0.9305037031392942, -0.3457477010984278, 0.9281592867868466, -0.13776380343357422, 0.896842252160219, 0.2837075639326707, -0.33938767347618237
0.003344009393152378, 0.01194381696492157, 0.0711956389635799, -0.2830357833803402, -0.24006542979268972, -0.9285792021926447, -0.34483392101817256, 0.9288990840617914, -0.13504095136068103, 0.894975034423592, 0.28198418581121926, -0.3456943833950356
0.0033276797841071083, 0.011930336772665957, 0.07114526691029725, -0.2868557953015367, -0.23733304338988623, -0.9281092496130061, -0.3437282823479584, 0.9298121263488397, -0.13153051968562784, 0.8941837734023388, 0.281287106369886, -0.34830007633362847
0.00331123391711787, 0.011917059447213937, 0.07109488879580186, -0.28739198845107466, -0.23270820830335834, -0.9291139514410373, -0.3424331250498019, 0.9308875753774973, -0.12723158757333403, 0.8945084682901354, 0.28159405497283685, -0.34721663030619787
0.003294853594876768, 0.011904090370758787, 0.07104443131612094, -0.28488542329556515, -0.22641399214163804, -0.9314381352275592, -0.34096906907583363, 0.9320872215231722, -0.12228452644047916, 0.8958685112935191, 0.2827545147927777, -0.3427382307782936
0.0032787206200759057, 0.011891534925493785, 0.07099382116728159, -0.2798685255703887, -0.21894289763585773, -0.9347393304926626, -0.33942525028783244, 0.9333299258831346, -0.1169861056622741, 0.8980334670056005, 0.2845334023024305, -0.3355244180564273
0.003263016795407386, 0.011879498493612207, 0.07094298504531102, -0.27289222435213856, -0.2108049747962855, -0.9386645281937949, -0.33789957467158765, 0.93453721815928, -0.11164257840033232, 0.9007517478888966, 0.2867079532839151, -0.3262588515256653
0.0032479239235633124, 0.01186808645730733, 0.07089184964623634, -0.26451343097185004, -0.20251540979707022, -0.9428786526537893, -0.336482641611182, 0.9356406475668763, -0.10656458377433511, 0.903776563498889, 0.2890745360895026, -0.31563243790012724
0.0032336199743814614, 0.011857400672247269, 0.07084034348210642, -0.2552986888108599, -0.1945970178375727, -0.9470768607352728, -0.3352561340164031, 0.9365818645924068, -0.10206730877703286, 0.9068770060464822, 0.29145567684526924, -0.3043479658858174
0.0032201490356660303, 0.011847419812178643, 0.07078845849881284, -0.2458252433838364, -0.18758075758224207, -0.9509907513220881, -0.334294110067015, 0.9373106322550998, -0.09846941980151726, 0.9098447107555113, 0.29370433780660626, -0.2931217567220196
0.0032073895519296584, 0.011837970146090022, 0.07073626512470078, -0.2366798777085004, -0.1820047686305547, -0.9543882332068159, -0.333665490294255, 0.937781281447444, -0.09609166849151918, 0.9124965622261728, 0.29570345341664156, -0.28268266937130837
0.003195209692203893, 0.011828868488725284, 0.07068383865667956, -0.22845613902414758, -0.17841247103400915, -0.9570667598039951, -0.33343492242729983, 0.9379485197500677, -0.09525611163887283, 0.9146742289187336, 0.2973576373295223, -0.2737690458648026
0.0031834776255202798, 0.011819931654828305, 0.0706312543916584, -0.2217505248255472, -0.17734999149254985, -0.9588397599480253, -0.33366126832820814, 0.937762868905458, -0.09628582304688607, 0.9162406140076994, 0.29857625863386605, -0.26712423144109726
0.003172061520910363, 0.011810976459142955, 0.07057858762654652, -0.21715064110251986, -0.17935602305147932, -0.9595191587789802, -0.33439838247668985, 0.937164685512183, -0.09949911570373125, 0.9170732363697777, 0.29925535788688606, -0.26348227627347853
0.003160829547405691, 0.011801819716413121, 0.07052591365825324, -0.2149065360486047, -0.18457994186111165, -0.9590335895192297, -0.3356486511648871, 0.9361219154869104, -0.10495590653369476, 0.9171451159629984, 0.29934262043295207, -0.26313272669425203
0.0031496498740378083, 0.01179227824138267, 0.07047330778368778, -0.2146521029314512, -0.19230915829810766, -0.9575707087948018, -0.33729276815315035, 0.9347007459453399, -0.11210755585958702, 0.9166013655121243, 0.29891755245200746, -0.2654999690723344
0.0031383906698382604, 0.011782168848795484, 0.0704208452997594, -0.21591232932267185, -0.2017105243107211, -0.9553505798547213, -0.3391970779167927, 0.9329877879341653, -0.12032925620322865, 0.9156021015589508, 0.29807155508033134, -0.2698631869537334
0.003126920103838594, 0.011771308353395434, 0.07036860150337731, -0.21813158816917497, -0.21209283550977773, -0.952593953039917, -0.34125693369235005, 0.9310547784974184, -0.1291538022824662, 0.9143097480885176, 0.2969067674583147, -0.27547060821032404
0.0031151063456995214, 0.011759513571139999, 0.07031665169104902, -0.2207359781761852, -0.22280836013742075, -0.9495430809560333, -0.3433714701043452, 0.9289819024442353, -0.13816171122807497, 0.9128919221118037, 0.2955487431608577, -0.2815657631159263
0.0031028609131639622, 0.011746684931933071, 0.07026504347418218, -0.2231589879077176, -0.2332158706581883, -0.9464726217853037, -0.3454371356376067, 0.9268670027194815, -0.14693789365677715, 0.9115224909120394, 0.294156279795193, -0.2874001245973344
0.003090256195103888, 0.0117330331693709, 0.07021372172069454, -0.22484219310454778, -0.24268223493248636, -0.943690267539149, -0.3473514190968451, 0.9248242645879087, -0.15507118133567527, 0.9103806785358228, 0.2929256091187786, -0.2922355345796391
0.003077411385415128, 0.011718823416685602, 0.07016260651107684, -0.22523413496308609, -0.2505820000728256, -0.9415297370168043, -0.34901434795602493, 0.9229816486902576, -0.16215381926382336, 0.9096474973132511, 0.2920848120332798, -0.29534368659448706
0.003064488640447251, 0.011704241310399594, 0.07011161358932641, -0.2237872003918767, -0.2562943343626112, -0.9403363776406782, -0.35032885705235634, 0.9214767384350685, -0.16778054845380047, 0.9094993022851398, 0.2918798292049221, -0.29600200074686966
0.003051662262571739, 0.011689450012323204, 0.07006065747345981, -0.21995678276270741, -0.25919750774766315, -0.9404443979811243, -0.3512010227510224, 0.9204508644566324, -0.17154605136718779, 0.9100971680734508, 0.2925523168570676, -0.2934898406525291
0.003039106554905735, 0.011674612682887013, 0.07000965268141825, -0.2138526617302402, -0.25884649162852646, -0.9419477336044154, -0.35153957354144943, 0.9200462020892611, -0.1730170923794015, 0.9114203022235062, 0.2941317388394692, -0.2877491145113795
0.0030269958205663802, 0.011659892482521604, 0.06995851373114301, -0.20705678932798327, -0.25541657435664633, -0.9443992055995721, -0.3512965810975891, 0.920349929284607, -0.17189159308984203, 0.9130817039577194, 0.29617289074075404, -0.2802916707430552
0.0030155043626708174, 0.011645452571657553, 0.06990715514057536, -0.2013892128332731, -0.24919074472772137, -0.9472836732977288, -0.3504332220585871, 0.9214179085815908, -0.1678856593719791, 0.9146796935714884, 0.29814930905029924, -0.2728883428818417
0.0030048064843361897, 0.011631456110725445, 0.06985549142765654, -0.19877045480709749, -0.24032056158946072, -0.9501243781595681, -0.3488867211499188, 0.9233102872774686, -0.16054958490403307, 0.915842978954929, 0.2995732649702319, -0.2673714584880683
0.0029950743256600444, 0.011618066145870673, 0.06980343770683597, -0.2011241097741817, -0.2289333751826079, -0.9524382406198536, -0.3465499209640581, 0.9260557553891254, -0.14941181409273252, 0.9162162652711139, 0.30001707891081053, -0.2655889824794631
0.0029861618808150955, 0.011605428913698318, 0.06975099682946519, -0.20706273485101676, -0.21691675421477333, -0.9539770152246568, -0.3437838850880791, 0.9290557484445051, -0.13663109688488517, 0.9159354039394721, 0.29967071599198364, -0.2669453086066283
0.002977272313785936, 0.011593656263585958, 0.06969835113001967, -0.20930491843194704, -0.20926647570689985, -0.9551957879227743, -0.3420708004174695, 0.9307825881949121, -0.12896255663925296, 0.9160671474416862, 0.2997520903319847, -0.26640132454561477
0.002967529199761002, 0.011582855839761987, 0.06964570489162765, -0.2066470392380724, -0.2069757666523619, -0.9562729909355411, -0.34175517636109826, 0.931076639314764, -0.12767024380300748, 0.9167880892575629, 0.3004285667858364, -0.2631392704528821
0.002956056113928732, 0.011573135286454803, 0.0695932623974174, -0.2002484157023177, -0.20943016603109585, -0.9570995651262723, -0.3425810590453278, 0.9301880391773172, -0.13186519538847044, 0.9178991175462005, 0.3014783861699633, -0.25801548922547485
0.0029419853199448586, 0.011564597500124046, 0.06954122704788708, -0.1912755614752595, -0.21597945119922968, -0.9574792615205844, -0.3442295177413498, 0.9282938231479737, -0.14062936045106697, 0.9191951363545621, 0.30269366456039004, -0.2519064245649962
0.0029262437782234295, 0.011556364674317598, 0.06948961992676757, -0.1802823832754996, -0.22595152287849132, -0.9573109064402204, -0.34642200884409796, 0.9254843600815779, -0.15320081929549878, 0.9205922300719932, 0.3040141584750339, -0.24512310657665767
0.002912988811006361, 0.011545871627880561, 0.0694381100919853, -0.1665827850560106, -0.23861610244841103, -0.9567196723049612, -0.34897890516435914, 0.9217424900085928, -0.16912866659157583, 0.9222059962249586, 0.30570105947655574, -0.23681841727712646
0.0029030255841721395, 0.011532787925953178, 0.06938658358599455, -0.14930729596422396, -0.2532372638919317, -0.9558128580158252, -0.3517670421722268, 0.9170130478586248, -0.18800802668619845, 0.924103500379289, 0.3081524918503235, -0.2259972618267352
0.002895905090212319, 0.0115175984842833, 0.06933501399720202, -0.12757499503661462, -0.2690453964769412, -0.9546408724101296, -0.3546222802639486, 0.9112537097346239, -0.2094271110321756, 0.9262654365687005, 0.3118192603567831, -0.21166267948966236
0.0028911777052664676, 0.011500788619315364, 0.0692833749570382, -0.10058641645545015, -0.2851736824912023, -0.9531832686524967, -0.3572644322343013, 0.9044979038010331, -0.2329069931965103, 0.9285712133622026, 0.3171111994773189, -0.19286261659819673
0.002888393805474152, 0.0114828436474938, 0.06923164009693353, -0.07099739771229681, -0.29905912090117037, -0.9515897286771757, -0.35913471730364077, 0.8976818230492167, -0.2553225399260097, 0.9305813367703631, 0.3236216722854851, -0.17113558625204206
0.0028871037669749387, 0.011464248885263033, 0.06917978304831848, -0.047368696005334616, -0.3056473904038508, -0.9509657614120869, -0.3599473940958031, 0.8932964618491512, -0.2691826605326362, 0.9317693277428674, 0.32954681607793435, -0.15233127023202214
0.0028868579659083937, 0.011445489649067499, 0.06912777744262351, -0.0321851985300919, -0.30412395298426176, -0.9520886167877469, -0.3601926890886979, 0.892103477122755, -0.2727867534037219, 0.9323225513322261, 0.3341556633168393, -0.13825575196226714
0.002887206778414084, 0.011427051255351619, 0.06907559691127904, -0.025720068648427383, -0.2965164386338293, -0.954681349817116, -0.36023407394523044, 0.8935857649879481, -0.26783557004200526, 0.9325073136643715, 0.3370200027161803, -0.12979841189954278
0.002887700580631574, 0.011409419020559827, 0.06902321508571552, -0.027143769919851193, -0.2849254162909117, -0.9581652899714062, -0.3600871568604957, 0.8969576038293747, -0.25652348118016627, 0.9325237022288833, 0.3380600007160224, -0.12694479389569316
0.002887889748700432, 0.01139307826113655, 0.06897060559736341, -0.03454250542051415, -0.2711644238159614, -0.9619130265132245, -0.35962059948214536, 0.901388466829136, -0.24118842487881137, 0.9324590284550717, 0.33759248677062903, -0.12865252865236096
0.002887324658622222, 0.011378514292633752, 0.06891774207776408, -0.04597084740590488, -0.2570339242473892, -0.9653083667796372, -0.3587950356732395, 0.9060956225177246, -0.22418038547218155, 0.9322836497359706, 0.3360420876024379, -0.13387647961749544
0.002885519823236775, 0.011365980500663156, 0.06886462698057273, -0.05980295554027528, -0.24395083544949198, -0.9679419385439102, -0.35770841131456055, 0.9105159950224008, -0.20737722942305076, 0.9319164656681741, 0.33383920185002597, -0.14171481335653172
0.0028818801753370546, 0.011354852066894239, 0.06881137175684786, -0.07550990121200042, -0.2318875361035984, -0.9698074166651626, -0.3564216285956458, 0.9146072759888679, -0.19093756408169224, 0.931268960874452, 0.3312426622704647, -0.1517116383267724
0.002876381313110634, 0.011344432349668677, 0.06875809372780585, -0.0924387413028083, -0.22099711698337568, -0.970883800148807, -0.3549829496763762, 0.9183035694619632, -0.17523030489181, 0.9302914513986528, 0.32844912634752665, -0.16333703455167375
0.0028695901324297837, 0.011334160930765669, 0.068704890291283, -0.10897197436638692, -0.21279198296948545, -0.9710018953568555, -0.3536106855679573, 0.921222612925109, -0.16219858349441357, 0.9290234614124935, 0.325681546022106, -0.17563296594261577
0.002862098308065482, 0.011323483120209284, 0.06865185800675909, -0.12386029324011873, -0.20855054963397268, -0.9701367408802946, -0.3525837487368577, 0.9231168835919449, -0.15342724449771006, 0.9275469410682871, 0.32305090539242204, -0.18786906248768104
0.0028543289045494537, 0.011312072786309394, 0.0685990522415582, -0.13625031290555933, -0.2087131343794382, -0.9684393010254426, -0.3521285475285805, 0.9239220533757612, -0.14957782356127947, 0.925981283962343, 0.320635099175726, -0.19937852173196335
0.0028461136660435453, 0.011300405353020872, 0.06854638387965205, -0.14510233620599672, -0.21212404236238414, -0.9664102144945506, -0.35227197251150993, 0.9238179100557885, -0.14988304254653062, 0.9245808614774653, 0.31869085288410237, -0.20877349179814844
0.0028373594056908327, 0.011288852205799246, 0.06849377005603344, -0.15042402574248576, -0.21744295076951933, -0.9644123473079699, -0.35287093980846795, 0.9230645578527951, -0.15308142236964214, 0.9235013331436575, 0.3172859675382265, -0.2155803852051918
0.002828503897837651, 0.011277053055864765, 0.06844122793349225, -0.15329399551462972, -0.22353402932168784, -0.9625660957432333, -0.35369434477604267, 0.9219582662934177, -0.15777599844932455, 0.9227140734878853, 0.31626807133892954, -0.22039338837394207
0.002819788639814136, 0.011264801309938849, 0.06838876977922453, -0.15483025257159547, -0.22927134332547056, -0.9609694292839654, -0.3545081691409657, 0.9208116856794804, -0.1625724377883106, 0.922145081264839, 0.31550038137195324, -0.2238480700234329
0.002811198664798052, 0.011252138260898187, 0.06833638853512994, -0.15584293254338685, -0.23395326175863781, -0.9596764307248415, -0.3551691312191349, 0.9198427081700894, -0.16656614438522804, 0.9217200597824279, 0.31488928774858327, -0.22644396184457583
0.002802709938224038, 0.011239113966072356, 0.06828407645982817, -0.15606938122466346, -0.23836157175548794, -0.958554176535893, -0.35581693108398516, 0.9188603570915409, -0.17055777824414964, 0.9214318530407581, 0.3144509584591202, -0.22821905031354292
0.0027942984255267304, 0.011225778482790928, 0.06823182581193889, -0.15538464676913666, -0.2430873491352755, -0.9574780165825298, -0.35655391119660645, 0.9177141775429253, -0.1751285149457811, 0.9212626769596353, 0.31418024926321664, -0.22927243840913372
0.0027859400921407674, 0.011212181868383474, 0.06817962885008172, -0.15463605485896062, -0.24738023693992273, -0.9564991944111632, -0.35722815933452495, 0.9166420395602103, -0.17931930595829673, 0.9211274247986128, 0.3139592165910179, -0.2301170954132495
0.002777610903500789, 0.01119837418017957, 0.06812747783287641, -0.15431228645878117, -0.25077354563383125, -0.9556674877058964, -0.3577475241695391, 0.915802030294563, -0.18254684401249288, 0.9209801448448431, 0.31371845677070564, -0.2310331203160681
0.0027692868250414316, 0.011184405475508787, 0.06807536501894257, -0.1544315662075426, -0.2532537454307207, -0.954993943323201, -0.3581092795453444, 0.9152098144197603, -0.1847937755804084, 0.9208195454388444, 0.3134542008253513, -0.23202980136771345
0.0027609438221973333, 0.011170325811700701, 0.06802328266689991, -0.15499498958590505, -0.25482264090407913, -0.9544851884057373, -0.35831251566158073, 0.9148731843193824, -0.18606234904886843, 0.9206458028598918, 0.31316525716621924, -0.2331069011858747
0.002752557860403133, 0.011156185246084882, 0.06797122303536812, -0.1560031853465741, -0.2554812483778602, -0.9541448201866489, -0.3583559916867461, 0.9147967822145939, -0.18635404603075703, 0.9204585755936718, 0.3128516884677384, -0.23426444809008884
0.0027441049050934683, 0.011142033835990908, 0.06791917838296682, -0.15745632353881847, -0.25522973666581517, -0.9539734208557058, -0.3582381600356447, 0.9149821055669641, -0.18566951065406764, 0.9202569895805818, 0.3125148444694168, -0.235502749695925
0.0027355609217029776, 0.011127921638748348, 0.06786714096831571, -0.15935410230329813, -0.25406741090751206, -0.9539685638394294, -0.35795626953446774, 0.9154278149856521, -0.184008762431473, 0.9200399878157892, 0.31215647721190765, -0.23682220029924206
0.002726901875666298, 0.011113898711686776, 0.06781510305003444, -0.1616957133927129, -0.2519927394583065, -0.9541248112960483, -0.3575061347605337, 0.9161298041886214, -0.181371291790904, 0.9198064252216359, 0.31177851295048575, -0.23822321252006295
0.0027181037324180684, 0.011100015112135764, 0.06776305688674271, -0.16446545864855902, -0.24902949788293216, -0.954429369883227, -0.35688711006280616, 0.9170737370786607, -0.17778456466070952, 0.9195557098852346, 0.31138411960913204, -0.23970237060302133
0.0027091424573929277, 0.011086320897424893, 0.06771099473706019, -0.16752568008348784, -0.24542258332170683, -0.9548313474683708, -0.3561397345407814, 0.9181809331066314, -0.17351732928055735, 0.9192930087810885, 0.31098477402460634, -0.24122361893288535
0.0026999940160255123, 0.011072866124883727, 0.06765890885960653, -0.17067801988063544, -0.24152975362263276, -0.9552656131383647, -0.3553286853971011, 0.9193442558595648, -0.16896054140535538, 0.919026952196503, 0.31059542387648476, -0.24273430701776263
0.002690634373750462, 0.011059700851841847, 0.06760679151300142, -0.17372484717016096, -0.23771150380997752, -0.955674064957349, -0.3545234142115662, 0.9204621917941638, -0.164506845612146, 0.9187670141289785, 0.31022990576971016, -0.2441814475234315
0.002681039496002413, 0.01104687513562882, 0.06755463495586453, -0.1764753464880737, -0.23432049352208784, -0.9560075095926179, -0.3537959394618477, 0.9214421589745058, -0.16053903227785513, 0.9185232089077678, 0.30990039364280714, -0.2455134634145555
0.0026711930725322078, 0.011034424674036064, 0.06750243328544138, -0.17881612611151268, -0.23157526944458762, -0.9562414379350741, -0.35319402963775165, 0.9222326633595681, -0.15729237763148102, 0.9183021128532366, 0.30961235313595625, -0.24670107481504278
0.0026611443711190277, 0.01102226325500877, 0.06745019620857395, -0.18069017919059266, -0.22959516484489492, -0.9563666239596178, -0.3527457517800077, 0.9228100660607537, -0.15489356532181967, 0.9181075610979516, 0.309366517672474, -0.2477314352236675
0.002650975737518598, 0.011010243174386689, 0.0673979413056844, -0.18204167924989328, -0.22849700628546174, -0.9563733293721969, -0.35247820633311816, 0.9231506348970367, -0.15346667178702264, 0.9179433212764646, 0.3091634250809426, -0.24859210670524853
0.002640769770986441, 0.010998216256752324, 0.06734568621753566, -0.18281440142286612, -0.22839720483826847, -0.9562497641591684, -0.3524177347536145, 0.9232287084771019, -0.15313553498399188, 0.917812962897959, 0.3090039945789834, -0.249270729269807
0.0026306061321446053, 0.010986039679452147, 0.06729344808400808, -0.1829514264068696, -0.22941147757623356, -0.9559807265483866, -0.3525894681376974, 0.9230153859206263, -0.1540235836233299, 0.9177196971483544, 0.3088899015993993, -0.2497550523129533
0.0026205234696762975, 0.010973645323680779, 0.0672412370546014, -0.1824090702859174, -0.2316281853856894, -0.9555497448130893, -0.3530111932458933, 0.9224840449357354, -0.15622510771996448, 0.9176655319453476, 0.3088228789677615, -0.25003679910270316
0.0026105303091452777, 0.010961019940336722, 0.06718905814440619, -0.18126332938531087, -0.2349114669159121, -0.9549660769532952, -0.35365206744873334, 0.921661900217859, -0.15959184464139037, 0.9176458034608935, 0.3087975783554973, -0.25014043054330837
0.0026006344804553982, 0.010948151547473237, 0.06713691624993971, -0.17965077481656946, -0.23901255698675544, -0.9542528997652872, -0.3544568256247384, 0.9206043820760963, -0.16385338101584215, 0.9176524167002668, 0.30880506683819475, -0.25010692277347707
0.0025908438135105074, 0.010935028163143562, 0.06708481626771912, -0.17770872748528463, -0.24368229169609115, -0.953435130928844, -0.3553705236374649, 0.9193688179938999, -0.1687387549738753, 0.9176771758658897, 0.3088363923086796, -0.2499773663365636
0.002581166138214456, 0.010921637805400944, 0.06703276309426158, -0.17556966350444983, -0.24868226330182577, -0.9525399861297245, -0.35634171650905755, 0.9180134179790027, -0.17398834870728414, 0.9177123047732949, 0.30888265786474717, -0.24979117145747337
0.0025716092844710937, 0.010907968492298624, 0.0669807616260843, -0.1732900691891325, -0.25391007052586745, -0.9515777572043047, -0.35734780651798087, 0.9165618350418743, -0.17949080121683036, 0.9177543773239185, 0.30894025090658067, -0.24956527056576921
0.002562181082184272, 0.010894008241889854, 0.06692881675970445, -0.1708702846641921, -0.2593625707318544, -0.9505442665768605, -0.3583864674310875, 0.9150104354864214, -0.18524319937103095, 0.9178030757090783, 0.30900964362672123, -0.24930012909070612
0.002552889361257839, 0.010879745072227873, 0.06687693339163922, -0.16830934167227724, -0.2650387753996117, -0.9494347860914507, -0.35945601215315875, 0.9133546674814844, -0.19124493906175719, 0.9178580177962128, 0.3090917322162811, -0.24899590406821148
0.0025437419515956464, 0.01086516700136593, 0.06682511641840577, -0.16560627149823118, -0.27093754178293944, -0.9482443837392721, -0.3605546128871826, 0.91158981045009, -0.1974952875623688, 0.9179188057591086, 0.30918742848988345, -0.24865277013857134
0.0025347466831015446, 0.010850262047357275, 0.06677337073652133, -0.16276011500892085, -0.27705755458970743, -0.9469679278661205, -0.3616801752339521, 0.9097110227096314, -0.2039933969601325, 0.9179850738465309, 0.30929753734125937, -0.24827089557499832
0.002525911385679383, 0.01083501822825515, 0.06672170124250303, -0.15984619539279327, -0.2831938598285786, -0.9456481542169055, -0.36279479816310617, 0.9077763685663816, -0.2105279057470147, 0.9180572576066484, 0.30942414648476324, -0.2478458580003623
0.002517243889233011, 0.010819423562112794, 0.06667011283286808, -0.15774415639340214, -0.2869668256018475, -0.9448633880766746, -0.36348806379104653, 0.9065347630442799, -0.21464191313368222, 0.9181466160723842, 0.30958805596510014, -0.2473095772479912
0.0025087520236662803, 0.010803466066983463, 0.06661861040413367, -0.1565890385424129, -0.2879000498890468, -0.9447716307564739, -0.3636945629178589, 0.9061637463223635, -0.2158553445134191, 0.9182625647996059, 0.30980772444357096, -0.2466029926070365
0.00250044361888304, 0.010787133760920397, 0.06656719885281696, -0.1562087687178077, -0.2863041704891901, -0.9453193865229694, -0.36347997553718137, 0.9065703198883485, -0.21450539033093688, 0.9184122864809445, 0.31009704458126386, -0.24568006631147177
0.0024923265047871405, 0.010770414661976842, 0.06651588307543516, -0.1564276350552348, -0.2824836899906669, -0.9464319097960947, -0.3629027495024442, 0.907641117445021, -0.2109246223813616, 0.9186032818331278, 0.3104683024278172, -0.24449426126802437
0.002484366777587247, 0.010753407777625278, 0.06646464130186838, -0.15706833755335886, -0.276737880770398, -0.9480219842835571, -0.3620164713868429, 0.9092512916922014, -0.20544138580306168, 0.9188436274921012, 0.3109312366147413, -0.2429982598999106
0.0024760923469714954, 0.010737399959003222, 0.06641316399613434, -0.15795311038080978, -0.2693631807614597, -0.9499969956642478, -0.36087161457744077, 0.9112717885416006, -0.19838196793172336, 0.9191422592359132, 0.31149190079079336, -0.24114373935153238
0.00246744034173904, 0.010722642433864622, 0.06636138489250412, -0.1589043437131159, -0.26065608415124714, -0.9522645721353084, -0.3595156752759177, 0.9135756500718117, -0.1900736984087155, 0.919509591456231, 0.31215050438979663, -0.23888108721535656
0.0024585126777172386, 0.010708955371219702, 0.0663093405352898, -0.1597450083872192, -0.25091580458828056, -0.9547370273029024, -0.35799763855160216, 0.9160415855908508, -0.18084663187263536, 0.919956098456249, 0.3129042544869211, -0.23616033629113173
0.0024494112707334472, 0.010696158940078677, 0.06625706746880344, -0.16029907218073386, -0.24044621090676302, -0.9573347518598582, -0.3563710226562027, 0.9185569022280681, -0.1710348256354466, 0.9204911198208097, 0.31374964068466404, -0.23293188124702052
0.002440238036615025, 0.010684073309451774, 0.06620460223735719, -0.16031758461684462, -0.22976250027900408, -0.9599518037527517, -0.3547318433617893, 0.9209686279497955, -0.16118965735250582, 0.9211208342925308, 0.3146839363517177, -0.22915154120018538
0.0024310948911893298, 0.010672518648349212, 0.06615198138526308, -0.15877718022117931, -0.22159346374708644, -0.9621258461685663, -0.35356325335583155, 0.9226221253719084, -0.15414746073374938, 0.921836662819098, 0.315697245155531, -0.22483864544103038
0.0024220837502837173, 0.01066131512578121, 0.06609924145683321, -0.15539289139608636, -0.21675697831493423, -0.9637787410268724, -0.353002795117095, 0.9233962882706929, -0.15075915046001664, 0.922627810085455, 0.3167896891625212, -0.22000503834510438
0.002413306529725547, 0.010650282910757996, 0.0660464189963797, -0.15016887423807232, -0.21526013195382648, -0.9649416483919073, -0.3530297943398635, 0.9233401617799171, -0.15103943178054588, 0.9234821457496749, 0.31797173024572123, -0.21465019274652097
0.0024048651453421753, 0.010639242172289785, 0.06599355054821462, -0.14350314457404828, -0.2167896118208997, -0.9656133344687735, -0.35354035540043777, 0.9225581210462311, -0.1545824388311289, 0.924346290413226, 0.3192002153792995, -0.20903386783274347
0.0023968615129609603, 0.0106280130793868, 0.06594067265665003, -0.13716289361442305, -0.2199170420865083, -0.9658275390644229, -0.3542204415625488, 0.9214579140048808, -0.1595092207272251, 0.925048225442626, 0.3202371110875418, -0.20428894558383226
0.0023893975484092604, 0.010616415801059266, 0.06588782186599806, -0.13162319529762573, -0.2241047225464153, -0.9656357531657769, -0.35498349297788157, 0.9201668803288942, -0.16516546872458818, 0.9255604000673676, 0.3210451458567546, -0.2006687821983026
0.0023825751675144316, 0.0106042705063174, 0.06583503472057078, -0.1270835636824861, -0.2290144816644107, -0.9650917754440459, -0.35578264022702744, 0.9187597098044995, -0.17117040793617772, 0.9258879417914704, 0.32160995449135776, -0.1982386350266308
0.0023764962861038325, 0.010591397364171426, 0.0657823477646803, -0.12374294475192725, -0.23431015521278942, -0.9642543413375332, -0.3565693898509847, 0.9173207003839625, -0.17714683984867766, 0.9260377712844213, 0.3219029105355139, -0.19705979382752575
0.0023710428187374913, 0.010577783210238072, 0.06572978217288217, -0.12180006259125727, -0.23965753907841106, -0.963186902275797, -0.3572967166074794, 0.9159433835421398, -0.18272048173888783, 0.9260150112467295, 0.3218881515499702, -0.19719081326842555
0.002365342949315815, 0.010564014013408202, 0.06567729661199068, -0.12145381591870853, -0.2447236090419062, -0.9619559895215002, -0.35792197817003835, 0.914728703672819, -0.18751868232229674, 0.925819003986001, 0.3215303311579611, -0.19868924984462763
0.002359237071707504, 0.010550197518381533, 0.0656248780294651, -0.12290349213207119, -0.24917511048728466, -0.9606281777750388, -0.35840990935254063, 0.9137816764762059, -0.19116847181017624, 0.9254388518425438, 0.32080338534682584, -0.2016137878478812
0.0023527168448062062, 0.010536334729925005, 0.06557252119000478, -0.1263149638760828, -0.25275957280772066, -0.9592482099305907, -0.35873217642274186, 0.9131886870071881, -0.1933847137730658, 0.9248544509813351, 0.31968581494358855, -0.20602238767635656
0.0023457739275055726, 0.010522426652805571, 0.06552022085830919, -0.1316478040746451, -0.2557296453043244, -0.957742765148789, -0.3589184687648682, 0.9128957594077427, -0.19441930262924773, 0.9240380882094668, 0.3181566924769698, -0.21196681478549584
0.0023383999786992507, 0.010508474291790172, 0.06546797179907766, -0.13837834192337437, -0.2588352175239127, -0.9559580349868326, -0.359067263750372, 0.9126830621901842, -0.19514181533943292, 0.922996280918487, 0.3162498350363163, -0.21923482216596932
0.0023305866572808902, 0.010494478651645758, 0.06541576877700961, -0.14460286344270903, -0.26393364774376504, -0.9536398908774943, -0.3594997457515368, 0.9119237517793, -0.19787623340195748, 0.9218730632189822, 0.3142198283518017, -0.22675086500786426
0.002322325622144141, 0.010480440737139272, 0.0653636065568044, -0.14971950823191327, -0.2720066597168398, -0.950576901636307, -0.36042287860660716, 0.9102742290830151, -0.20370610310996914, 0.9206950729919875, 0.31211088564324346, -0.2343232332298043
0.0023136278160984236, 0.01046631784721343, 0.06531149527780673, -0.15339674410026605, -0.28382140012214596, -0.9465277870892869, -0.3620121597978124, 0.907412506918552, -0.2134238469485358, 0.9194654072111471, 0.30991604527757777, -0.24194092217222313
0.002304622715218705, 0.010451798632361635, 0.065259539583348, -0.15583769969654826, -0.2973875021146376, -0.9419529101496024, -0.3639905965068306, 0.903787686379974, -0.2251192208642687, 0.9182730841138109, 0.307779940109732, -0.2490904483479038
0.0022954848016200086, 0.010436469739620141, 0.06520787999909335, -0.15868762939692221, -0.3072788120471501, -0.9382952456147677, -0.3654265089401045, 0.9011283169054509, -0.23330500002142499, 0.9172140986924662, 0.30585533858025366, -0.25528573994981707
0.0022863886439200114, 0.010419917619972203, 0.06515665711967465, -0.16258912670752734, -0.31719718432748756, -0.9343183194881697, -0.3668293443297458, 0.8984774072083822, -0.24119407305054502, 0.9159699820491348, 0.3035198428287956, -0.26243989215454816
0.002277508810736391, 0.010401728724401062, 0.06510601153972377, -0.16728053684502803, -0.3270952369669045, -0.9300677007328034, -0.368197626259389, 0.8958312124219788, -0.24883116136753988, 0.9145751636742552, 0.3008241094130122, -0.2702908159484476
0.0022690194479048015, 0.010381491467482023, 0.06505608314693352, -0.1725221437416067, -0.336589417569608, -0.9257125222761938, -0.36948041993855835, 0.8932956054691449, -0.2559437057861367, 0.9130828709382446, 0.2978766946735948, -0.2784764722009869
0.0022607806524016947, 0.010360252849562584, 0.06500648670397534, -0.17829188703674456, -0.34480858926091534, -0.9215850692089006, -0.37053686768495436, 0.8911743193099446, -0.2617456060541978, 0.9115450799072415, 0.2948141268229087, -0.286653445684064
0.0022518537136021967, 0.010340909789393053, 0.06495623387317695, -0.18465510993440243, -0.3507038655022645, -0.9181009144407184, -0.37118092366312033, 0.8898651469606279, -0.26526353336509134, 0.9100149516814032, 0.2917992785229423, -0.29449273126816516
0.0022419062324481667, 0.010321492534960851, 0.06490616345244908, -0.191682021838739, -0.35322549240707746, -0.915690861599913, -0.37118890093648677, 0.8897822930219154, -0.26553016937106283, 0.9085575393586123, 0.28899692479062816, -0.3016686512320825
0.0022310734963385003, 0.010302030651356936, 0.06485625860457524, -0.19944002070665867, -0.35130812088773544, -0.9147711639196198, -0.37030033026554765, 0.8913241764645743, -0.2615700247638759, 0.907249328214551, 0.286572532961686, -0.3078552254001376
0.002219498314550326, 0.010282693117735628, 0.06480644652216704, -0.20797799544469664, -0.3438643691801631, -0.9156977934991076, -0.36822221214917933, 0.8948240212135083, -0.2523932913911373, 0.9061774417247268, 0.28468801637514585, -0.3127222049065499
0.0022073234963607786, 0.010263648913251254, 0.06475665439783619, -0.21676196092700586, -0.33249282371879474, -0.9178577092722934, -0.36524642914170596, 0.899547344786441, -0.23960304774125157, 0.9053227591827746, 0.2833074242994105, -0.3164294629811229
0.00219469185104699, 0.010245067017058143, 0.0647068094241943, -0.2238636125918545, -0.3222749202551668, -0.919795607040961, -0.36257659283483495, 0.9035487867373168, -0.22833704104635563, 0.9046675064826891, 0.28238000240818867, -0.3191210380942394
0.002181746187886093, 0.010227116408310614, 0.06465683879385306, -0.22843156160585307, -0.30959836273953356, -0.9230210590508278, -0.35951669742916914, 0.9079012765487603, -0.2155528155945882, 0.9047467965856164, 0.2826024165327175, -0.31869908728757584
0.0021686293161552184, 0.010209966066162994, 0.06460666969942414, -0.23055327262531042, -0.29539843944617067, -0.9271380428256227, -0.35627382811586017, 0.9122708984246702, -0.20206624479886703, 0.9054911086705544, 0.283727985683845, -0.31556977399357816
