0.003095424734055996, 0.012512780725955963, 0.07265056669712067, -0.15660984500987857, -0.23841778196882638, -0.9584520424554621, -0.8357771910537404, 0.549068744882183, -1.7544904444503717e-05, 0.5262602429979879, 0.8010496080983808, -0.2852537151469361
0.0030848721967305726, 0.012498420351763746, 0.07258990798765598, -0.16336629825426294, -0.23736765092394266, -0.9575844875986392, -0.8347698116405099, 0.5505670694312682, 0.00593831891470917, 0.5258049202588037, 0.8003327435215396, -0.28809145332501396
0.0030772864017171472, 0.012482075207988108, 0.07252927187796065, -0.17264598654701632, -0.23521645430255506, -0.9564865827362877, -0.833255236878826, 0.5526987482934743, 0.014484607307012317, 0.5252419190651286, 0.7994981633876096, -0.291416563010101
0.003070273172324686, 0.012465063954756059, 0.0724687145311783, -0.18340548277801463, -0.23227814052784274, -0.9552011800243397, -0.8313502764680922, 0.5552033893713897, 0.02461532544874477, 0.5246133306573424, 0.7986213507435478, -0.29493184201296624
0.0030614389603105347, 0.012448704917412507, 0.07240829210386729, -0.19464023647322595, -0.22885053655566723, -0.9538042829972142, -0.8292045101903701, 0.5578249707258305, 0.03537205556190821, 0.5239609323466732, 0.7977836385592961, -0.29833908128419145
0.003049203147994327, 0.012433883363281254, 0.07234805223412238, -0.205350316352168, -0.22524238510831532, -0.9524164611790276, -0.8270115692378357, 0.5603162297278662, 0.045799421943096524, 0.523338429623544, 0.7970643579123748, -0.3013391733991721
0.0030343855315293333, 0.012420207121376618, 0.07228801601790097, -0.21453598950844535, -0.22177564702666933, -0.9512044320710109, -0.8250016468124526, 0.5624539825097569, 0.05493450933298138, 0.5228255846478571, 0.7965306522317999, -0.30363189571059596
0.0030179730757944074, 0.012407237148623976, 0.07222815743432234, -0.22580341780742885, -0.2155528393688371, -0.9500262048735899, -0.8221676489075889, 0.5652698789183359, 0.06715892403409575, 0.522544901033635, 0.796245525844687, -0.30486044180258365
0.0030006208209210983, 0.012394761780486633, 0.07216839956562641, -0.234393219994819, -0.2090605397062543, -0.9493963920082013, -0.8196763425958663, 0.567575794014574, 0.07738482691968586, 0.522676297347722, 0.7963362410354407, -0.3043978965177325
0.002982964215488463, 0.012382582773236655, 0.07210866248991155, -0.2356544924498947, -0.20479834867298405, -0.9500129454744295, -0.8188689481257466, 0.5682912194399127, 0.08061473626409947, 0.5233742504017711, 0.796933326124787, -0.3016233872365808
0.002965638708075558, 0.012370501883146114, 0.07204886628527615, -0.22699958716726085, -0.20470036617372375, -0.9521391429377518, -0.8205404626874155, 0.5668084134075295, 0.07376700877195184, 0.5245803432445932, 0.798013773426739, -0.29663020901891
0.0029492797472614424, 0.012358320866487084, 0.07198893102981867, -0.21279445325916896, -0.20904979523313116, -0.9544719502296112, -0.8236711506221644, 0.5638703815757579, 0.060133421774989905, 0.5256275832705996, 0.7989670680914172, -0.29217677493345345
0.0029345227816251727, 0.012345841479531631, 0.07192877680163745, -0.19533501531371103, -0.21698459139756981, -0.9564318683985923, -0.827521252923131, 0.5598618111734952, 0.04199200340618425, 0.5263580604046296, 0.7996702067012146, -0.28891997639746725
0.002922003259745806, 0.01233286547855182, 0.07186832367883092, -0.17551942732213285, -0.22768932009283033, -0.9577841636549308, -0.8316733182570364, 0.5548867519941741, 0.020498394100169993, 0.5267944782662787, 0.800161399954422, -0.28675653731194856
0.0029123566302024007, 0.012319194619819732, 0.07180749173949749, -0.15423189838243742, -0.2403754671104394, -0.9583486611524992, -0.8357651515778993, 0.5490776460257136, -0.003217148245272935, 0.5269811504497296, 0.8004582271713492, -0.2855827264110705
0.00290569225715948, 0.012304527700924417, 0.07174634066385847, -0.13237434767868805, -0.2542715589172134, -0.9580307961659958, -0.8395029363048457, 0.5426320222186429, -0.02802335451812075, 0.5269837303107031, 0.8005600931777178, -0.28529228030057147
0.0028999913626734106, 0.01228824490093451, 0.07168547100011113, -0.11086650927843453, -0.268633475657112, -0.9568409862024069, -0.8426821736072528, 0.5358169503994171, -0.052791570816035825, 0.5268732023978546, 0.8004600248738524, -0.28577679607340567
0.002894732387107098, 0.012270405769641947, 0.07162499181876608, -0.09064368241149076, -0.2827506496345361, -0.9549009335895179, -0.8451995439309321, 0.5289622778555768, -0.07639790275121466, 0.5267081295915502, 0.8001568463351966, -0.2869278088388843
0.002889980711300627, 0.012251280044330388, 0.07156483320518044, -0.07265148483584227, -0.2959465793814768, -0.9524376010550774, -0.8470429824395115, 0.5224624103162002, -0.09773032132641259, 0.5265357990214197, 0.7996553332273785, -0.28863714312244276
0.0028858017160940815, 0.012231137462283487, 0.07150492524471136, -0.057835080551485146, -0.30757291418373095, -0.9497652372655732, -0.8482729422545112, 0.5167664822578034, -0.11569536833326668, 0.5263916022283013, 0.7989689013193335, -0.2907930120001154
0.0028822607823275476, 0.012210247760784903, 0.07144519802271602, -0.046274744774407135, -0.31680529536172997, -0.9473610994899624, -0.8490246393202963, 0.512161344924042, -0.12979953232826938, 0.5263229140205701, 0.7983264755702166, -0.2926756371489299
0.0028794232908411085, 0.012188880677118286, 0.07138558162455157, -0.03462611720061698, -0.32218418119831777, -0.9460435430746191, -0.849502952168714, 0.5081274489586152, -0.14195502763709986, 0.5264463564925196, 0.7987514312978597, -0.2912908936705223
0.002877354622474849, 0.012167305948567297, 0.07132600613557515, -0.021949856035229344, -0.3233596078239519, -0.9460215472429646, -0.8497888855426908, 0.5045119805179661, -0.15273019191355341, 0.5266659793722623, 0.8005661906062356, -0.2858613661026555
0.0028761201580688534, 0.012145793312415588, 0.07126640164114391, -0.009162827072891636, -0.3204217763775567, -0.9472306624170711, -0.8498990304568447, 0.5016009296934321, -0.16145632647623304, 0.5268659038394378, 0.8035710252079374, -0.2769222396589279
0.0028757852784632057, 0.012124612505946819, 0.07120669822661502, -0.003086340820191071, -0.3143235544935212, -0.9493108961720075, -0.849903277489122, 0.501049364007358, -0.16313783663231138, 0.5269296854548909, 0.8063189430482088, -0.26869102826114105
0.00287641536449799, 0.012104033266444644, 0.07114682597734563, -0.004272784949032507, -0.30640166591019474, -0.9518927263280441, -0.8499043402089898, 0.5026928791754621, -0.15799519524405115, 0.5269196862926085, 0.8083426800273147, -0.2625600042724662
0.002878075797013292, 0.012084325331192719, 0.0710867149786929, -0.010305787970720343, -0.2979020320360448, -0.9545408163316527, -0.8498636771917808, 0.5056121671251298, -0.14862054583769505, 0.526901813362193, 0.8096979163637666, -0.2583868481788648
0.002880831956849195, 0.0120657584374747, 0.07102629531601395, -0.01880736177644297, -0.29005551462845963, -0.956825000497285, -0.8497180265563373, 0.508968256524686, -0.13758847769862492, 0.526901849008156, 0.8104437749059714, -0.25603774961506276
0.002884166534862589, 0.012048538301764389, 0.07096551959085834, -0.02750525837323374, -0.28408718891629053, -0.958403844866798, -0.8494727027142195, 0.5120225700478783, -0.1273931517192541, 0.5269151621515754, 0.8106339228376799, -0.2554076252573005
0.0028838337529104616, 0.012032315801094342, 0.0709045231159341, -0.035549921300598655, -0.28061692043332437, -0.9591612727075872, -0.8491795372269351, 0.514509752890634, -0.11905388584782549, 0.5269063642152841, 0.8102677694114063, -0.25658492785527054
0.002879553102739715, 0.012016527954368037, 0.07084346082580503, -0.04321898870896177, -0.2797581005302329, -0.9590972443932319, -0.8488905299769888, 0.5164798291143443, -0.11239863982008218, 0.526798810866503, 0.8093108125471534, -0.25980573812736457
0.002872900148206446, 0.01200063414566508, 0.07078246424934831, -0.050826412310693986, -0.28159761753908097, -0.958185502712255, -0.8486413015177378, 0.5179894151516022, -0.10721430477870526, 0.5265212409484572, 0.8077064736568691, -0.2653029122397304
0.002865450540482998, 0.01198409376023079, 0.07072166491430971, -0.058684688802052694, -0.28621135366333783, -0.9563676951541212, -0.848435623731683, 0.5191214471842569, -0.10329528283688817, 0.5260352646764628, 0.8053545704269162, -0.2732963889429227
0.0028587196815851082, 0.011966392702616778, 0.07066118758759138, -0.06618578022463804, -0.293577056324467, -0.9536414181944473, -0.8482972870707424, 0.5197721792359365, -0.10113651388466952, 0.5253676381777569, 0.802277628811988, -0.28344214764805076
0.002853305715036593, 0.011947420618443592, 0.07060105410616717, -0.06685988810413601, -0.3029221918923851, -0.9506670821175074, -0.8486021909194001, 0.5184045821515523, -0.10550360548847847, 0.5247895548974812, 0.7996842094623274, -0.29172090807330914
0.0028490925325960086, 0.011927381538833525, 0.07054120615743097, -0.060453978438606816, -0.3130219026329432, -0.9478199222230965, -0.8493083751411209, 0.5150136071909622, -0.11591491846739269, 0.5244240654337801, 0.7979838800879412, -0.2969867450134787
0.0028459451763292666, 0.0119064877918013, 0.07048158331356313, -0.04968578059517959, -0.32261672795182333, -0.9452247193404893, -0.850108269122149, 0.5104292097865527, -0.12952973622616187, 0.5242587662374293, 0.797107564035328, -0.29962022191580134
0.002843728688302284, 0.011884951705361656, 0.07042212514674409, -0.03726149338552334, -0.330487555425586, -0.9430745234707069, -0.8507518881280952, 0.5055805985341129, -0.14356003354823138, 0.5242449865827634, 0.7969731702477245, -0.3000015999092836
0.0028423081105809723, 0.011862985607529325, 0.07036277122915421, -0.025775891526177458, -0.3355090361400798, -0.9416842836558257, -0.8511322922967528, 0.5014358557184738, -0.15535734166609863, 0.5243180565512748, 0.7974934289812279, -0.2984875312405156
0.002841548485231248, 0.01184080182631904, 0.07030346113297392, -0.016388995908802575, -0.33720680203358927, -0.9412879333526915, -0.851303699742862, 0.49846619438781575, -0.1637481720711509, 0.5244172114044469, 0.7986382320643108, -0.29523475857015175
0.002841314854319025, 0.011818612689745541, 0.07024413443038362, -0.00913658857299549, -0.33558920020659033, -0.9419641242924004, -0.8513647489425308, 0.4967069656301062, -0.16870167323578633, 0.5244946015044095, 0.800413692411139, -0.29024702236801175
0.002841472259910217, 0.011796630525823557, 0.07018473069356368, -0.003957482301377016, -0.3306355580408384, -0.9437502138240063, -0.8513822866198051, 0.49614782777448563, -0.17025138773205747, 0.5245307811405031, 0.802818448189678, -0.28346075368990853
0.002841885744070738, 0.011775067662567818, 0.07012518949469448, -0.00047769024882751763, -0.32217896210311664, -0.9466786615268058, -0.8513908187154358, 0.49669405860142346, -0.16860808390200513, 0.5245316440588558, 0.8059129782601868, -0.2745374762263064
0.0028424203488665025, 0.011754136427993063, 0.07006545040595646, 0.0018440587515567487, -0.3108285752130659, -0.9504642004191091, -0.8514093039880773, 0.49803083373221746, -0.16452199164406597, 0.5244986144212953, 0.8095374515629329, -0.2637239427642732
0.0028429411163634257, 0.011734049150114022, 0.07000545299953001, 0.0036728456378594594, -0.2986604674339022, -0.954352364379679, -0.8514516519846143, 0.4995544546058329, -0.15961024784186043, 0.5244202461171686, 0.8131711210290439, -0.2524601619796208
0.0028433130886274215, 0.011715018156945436, 0.06994513684759551, 0.005687269789423956, -0.2879363121184801, -0.9576326723362938, -0.8515027436052021, 0.5007270957118342, -0.15561315257009994, 0.5243193040458799, 0.8163118618417846, -0.24233078966826171
0.002843440917791778, 0.011697274262004557, 0.06988443657437948, 0.008567274949179483, -0.2809585660222741, -0.9596816586653371, -0.8515222994441912, 0.501098688920802, -0.15430449608203473, 0.5242483908885391, 0.8185123017649527, -0.23494943394317164
0.0028434255704015616, 0.011681133415112111, 0.06982326419810785, 0.01233312201127437, -0.27937492161371313, -0.960102883692569, -0.8514743798501057, 0.5004773618897012, -0.15656880498618816, 0.5242511559933207, 0.8194339896594824, -0.23170813975864188
0.0028434735432794783, 0.01166640439475536, 0.06976168312845402, 0.012537847464685595, -0.28013313851907945, -0.9598792773491897, -0.8514331274421477, 0.5003656634118261, -0.15714907690637767, 0.5243132955352513, 0.8192433262357975, -0.2322411258650605
0.0028438705160544102, 0.011651957188788285, 0.06970003548200573, 0.00799077372742386, -0.2816348188651803, -0.959488393018912, -0.8514385808626911, 0.5012652902202017, -0.15422532813705908, 0.5243934501438435, 0.8181778154064273, -0.2357892529845291
0.002844910178858603, 0.011636566791205233, 0.06963869157697755, 0.00015707213222642712, -0.28407780952521305, -0.9588012168659894, -0.8514415411410093, 0.5028048386238902, -0.1491126965614488, 0.5244494993302675, 0.8163866071854441, -0.24179667131801308
0.0028468862218243053, 0.011619008196000563, 0.06957802173158414, -0.009547623224387156, -0.2877072082191242, -0.9576708230021016, -0.8513997628581171, 0.5046164577873694, -0.14311070657106667, 0.5244304402834633, 0.8139943444944109, -0.249771736662112
0.0028496788868815678, 0.0115984695382055, 0.0695182753520796, -0.020024950288685613, -0.2929081050353915, -0.9559308779250264, -0.851303849463161, 0.5063820424993377, -0.13732801215849164, 0.5242907182614809, 0.8110376495815562, -0.259494072583721
0.00285034124718261, 0.011577111124272088, 0.06945882863509467, -0.030342994224940384, -0.29926455229781346, -0.9536875958297112, -0.8511601754302159, 0.5079559928763511, -0.13231426628525206, 0.5240282992960108, 0.8077260903542671, -0.2701349745922229
0.0028479911795234844, 0.011556149036818583, 0.0693993085675236, -0.03883358536599817, -0.3055878023570958, -0.95137166643651, -0.8510148603118738, 0.509103753373687, -0.12879082199126718, 0.5237037904922819, 0.8046300164369864, -0.27983008500272355
0.0028434147815309995, 0.011535646681569296, 0.06933966774147277, -0.04139368490494066, -0.31250814865832033, -0.9490127606476847, -0.8510606613180065, 0.508625487645475, -0.13036818658844723, 0.5234331988009052, 0.8022710080387749, -0.2870172748346345
0.002837407000281918, 0.011515661333331225, 0.06927986048143212, -0.03625638700650039, -0.31879919030876663, -0.9471285819041202, -0.8513403718455551, 0.5061942607687279, -0.13779311169529915, 0.5233593848084764, 0.8013329187193522, -0.2897593962404276
0.002830762782853002, 0.011496250266911357, 0.06921984111189158, -0.028403515531388413, -0.3182462100771656, -0.9475824977683889, -0.8514952086756276, 0.5042508680714259, -0.14382966193265811, 0.5235925418757486, 0.8027766886380882, -0.2853076204228666
0.002824277768610132, 0.011477470227932477, 0.06915956416943707, -0.016983168816709034, -0.31331788436753205, -0.9494964324906108, -0.8516076207259146, 0.5021218921672042, -0.15045951524570794, 0.5239046022879452, 0.8060431184135749, -0.2753515188983522
0.002819299104874081, 0.011458956390602331, 0.0690991531556306, -0.0028304787787417902, -0.3078728723361025, -0.9514232932135943, -0.8516982120775267, 0.4993157334406686, -0.15904073026288457, 0.5240249459079477, 0.809875356346966, -0.2636280775032268
0.002818714662860549, 0.011439166241942049, 0.06903920369145611, 0.013292828400426207, -0.30353488811806784, -0.9527275961198294, -0.8516630700504689, 0.49580537388505497, -0.1698441825289017, 0.5239210969462166, 0.8136606190063846, -0.25191879892699615
0.0028239468083418573, 0.01141770913358778, 0.06897993554416346, 0.03262608416444177, -0.3005421881035878, -0.9532103292568762, -0.8513239011386583, 0.49130007171370527, -0.18404307888145124, 0.5236250127545006, 0.8174953410900981, -0.23982955054336724
0.0028317208498798, 0.011397678857779567, 0.06892037745223854, 0.042044347940892034, -0.29186702804519526, -0.9555343587471308, -0.8511536560457352, 0.49038638546545704, -0.18723954376707538, 0.5232300895458933, 0.8211789274513743, -0.227805712183885
0.0028395973671562886, 0.011379607880428945, 0.06886027451433573, 0.03718264472842983, -0.27831343153415883, -0.9597703291718704, -0.8515749923142264, 0.49374606737020726, -0.17616711787811026, 0.5229125007073598, 0.8238667700448513, -0.2186459737105615
0.002846151655568374, 0.011362189383866161, 0.06879990843407333, 0.02874008067529503, -0.26979137216404353, -0.9624898042413852, -0.8519500213823062, 0.49702685756972703, -0.16475880529140208, 0.5228337870006733, 0.8247283906597401, -0.21556417329957633
0.002851721909099884, 0.011344427874564343, 0.06873948052688741, 0.01406013935367993, -0.2621752771688404, -0.9649178392603158, -0.8522579806966036, 0.5015446640175585, -0.14869191079027155, 0.5229327364205676, 0.824449558212603, -0.21638918444030691
0.0028579226819504516, 0.011326215707608781, 0.06867900381771919, -0.009784961692268125, -0.25230370185213685, -0.9675986236846293, -0.8522120096668921, 0.5083083682462369, -0.12392454700488036, 0.523105099482119, 0.8233865706960225, -0.21999002271295467
0.0028572482765311393, 0.01131229031118297, 0.06861767286214293, -0.037561765735844715, -0.24493357235229102, -0.9688119832503882, -0.8514044330729285, 0.5154068764526963, -0.09729461983604343, 0.5231630769641248, 0.8211962596359168, -0.2278971216610891
0.002847650204302949, 0.011302372389951465, 0.068555725021436, -0.06538800796315707, -0.24087912210731835, -0.9683499661524327, -0.8499418744098649, 0.5218749147662943, -0.07242501958797376, 0.5228032311867015, 0.8183054575587778, -0.23885761363260732
0.002837336320935543, 0.011289510799102339, 0.06849462044525378, -0.0910207915856702, -0.2380539221473493, -0.9669775310985161, -0.8480726034625066, 0.5275122863859804, -0.0500364563909308, 0.5220039030078646, 0.8155127944196211, -0.24990159539798207
0.0028275286625600556, 0.011274724870271433, 0.0684339877477987, -0.11499680554760824, -0.23484543365960917, -0.9652063805233966, -0.8458204649056705, 0.5326877413475009, -0.028835938771844746, 0.5209255953210604, 0.8130752686604902, -0.25989446248827763
0.0028178168173511133, 0.011259557148976288, 0.06837341548949004, -0.13980633426057093, -0.2309737710763761, -0.9628630774805831, -0.8429100780369796, 0.5380131087477822, -0.006670469191905711, 0.5195736610378885, 0.8106744179325662, -0.269907759920645
0.002808163876306247, 0.011244099229517785, 0.06831288689654805, -0.1540358935788713, -0.23411789118566306, -0.9599279954851493, -0.8413997837116142, 0.5404036066266611, 0.003216506637007229, 0.5179955091112352, 0.8081786652539618, -0.2802282954466187
0.002798543160854962, 0.011228402969718469, 0.06825239600360652, -0.1544418782483492, -0.2438712632304024, -0.9574312054730251, -0.842207547365308, 0.5391514387916259, -0.001474181071706068, 0.5165599223749696, 0.8061281120388543, -0.2886577793454352
0.002788927992426763, 0.011212520227400892, 0.0681919368452992, -0.15391461845386684, -0.24887069776405005, -0.9562288774245608, -0.8427849036815261, 0.538232298195511, -0.004427110310290822, 0.5157750443291353, 0.8052138653634905, -0.292586285860539
0.0027792916924511565, 0.011196502860387605, 0.06813150345625993, -0.1544175521086814, -0.2506124765315328, -0.955692736295246, -0.8429349808670565, 0.5379933109419753, -0.00488010372285338, 0.5153793143223906, 0.8048332647128988, -0.29432563323665784
0.0027696075823576477, 0.011180402726501159, 0.06807108987112244, -0.1553654479699214, -0.2514817330465838, -0.9553106905719166, -0.8429210593521816, 0.5380180666042742, -0.0045439749113286194, 0.5151171374335178, 0.8045455226096816, -0.2955686667612331
0.0027598489835757418, 0.011164271683564098, 0.06801069012452055, -0.15674274340415426, -0.2515427467626641, -0.9550696094742172, -0.8427526454844005, 0.5382898708956108, -0.0034631517770616414, 0.5149754274906558, 0.8043446160957882, -0.2963613463974939
0.002749989217534945, 0.011148161589398976, 0.067950298251088, -0.1585492588902921, -0.2507953495955141, -0.954967970733366, -0.8424480155393648, 0.5387751823876059, -0.001626024903987594, 0.5149208420904378, 0.8042530668045138, -0.2967044504492789
0.002740001605664762, 0.01113212430182834, 0.06788990828545863, -0.1607844767570684, -0.2492385742078584, -0.9550018246897697, -0.8420146266327809, 0.5394538162264906, 0.0009740098224143026, 0.5149366180127553, 0.8042821105094342, -0.2965983245806966
0.0027298594693946987, 0.011116211678674742, 0.06782951426226617, -0.16344696121824556, -0.2468716133018651, -0.9551646441395618, -0.8414464389896673, 0.5403231357263149, 0.004335817165246622, 0.5150271654778313, 0.8044285646001245, -0.2960434145108684
0.002719536130154261, 0.01110047557776073, 0.06776911021614444, -0.1664649388383236, -0.24381219181805877, -0.9554292434599368, -0.8407573180596083, 0.5413479075870659, 0.008341167803157554, 0.5151859433901201, 0.8046726403152898, -0.2951023308299212
0.0027090049093729538, 0.011084967856908854, 0.0677086901817272, -0.16962836966040443, -0.2404145207225951, -0.9557337884746349, -0.8400035516900206, 0.5424336727181372, 0.012638981353875253, 0.5153835943785018, 0.8049637065900783, -0.29396119083691696
0.0026982391284802827, 0.011069740373941664, 0.06764824819364826, -0.1727119730257926, -0.23706234305232543, -0.9560188386637993, -0.839250554149362, 0.5434837428958387, 0.01685018005597691, 0.5155861535510111, 0.8052495679691307, -0.29282085231759314
0.002687212108905753, 0.01105484498668171, 0.06758777828654136, -0.1754999566677794, -0.23412764201824646, -0.9562342874278162, -0.8385660179805773, 0.5444100570104775, 0.020608816415473935, 0.5157584693418089, 0.8054824250527286, -0.29187542588126514
0.0026758975070876397, 0.011040332965285527, 0.06752727455436824, -0.1778713332499418, -0.2318279663359265, -0.9563564099395354, -0.8379929348218538, 0.5451659612261701, 0.023704765533588478, 0.5158775339133742, 0.8056363129507599, -0.2912395942494099
0.002664312485997831, 0.011026179261575154, 0.06746673879581999, -0.17976517686962895, -0.23028178340055694, -0.9563758578189279, -0.837557411246377, 0.5457290030196502, 0.026027641642030464, 0.5159283516645489, 0.8056985512566333, -0.29097728511288307
0.00265256035152139, 0.011012207717111384, 0.06740618806494776, -0.18112136039665147, -0.22960576276392147, -0.9562825139641863, -0.8372852405645289, 0.5460758950272215, 0.027468942517286824, 0.5158958022128745, 0.8056564469895444, -0.29115152529794147
0.0026407545405793065, 0.010998224401784282, 0.06734564120994448, -0.18187929539219785, -0.22991618258699859, -0.9560640516682235, -0.8372012582402557, 0.546181757911549, 0.027920252964163197, 0.5157654264378047, 0.8054961429512075, -0.2918252706366561
0.002629003427437055, 0.010984044127914207, 0.0672851165341279, -0.18197761975958424, -0.23132866293215906, -0.9557045545631012, -0.8373284906047184, 0.5460193879300661, 0.027273188777623435, 0.5155241456306972, 0.8052017621133821, -0.29306138872469095
0.002617357426016033, 0.010969581796453735, 0.06722462610275383, -0.18135442833259474, -0.23395685575363062, -0.9551831033733965, -0.8376872603299064, 0.5455582959361311, 0.0254204566489382, 0.5151607760739685, 0.8047548293618, -0.29492209041325956
0.0026058299761888707, 0.010954816156871692, 0.06716417800169526, -0.18001614125393745, -0.23779317426085045, -0.9544886563825634, -0.8382727594132137, 0.5447919117702024, 0.02237305735755577, 0.5146775395466553, 0.8041493512679824, -0.29740687810049765
0.0025944339201796314, 0.010939726990684384, 0.06710378025250238, -0.17810639950582077, -0.24259196320068768, -0.9536389515144131, -0.839034130146301, 0.5437684000110296, 0.018375407453581287, 0.5141010006844114, 0.8034084058185359, -0.3003915687155778
0.0025831821002123842, 0.010924294079408111, 0.0670434408767254, -0.1757854315414834, -0.24808004441363005, -0.9526572172725642, -0.8399151385278448, 0.5425448386020373, 0.013698838565381956, 0.5134608477084944, 0.8025592748638699, -0.30373766345393166
0.002572087358511194, 0.010908497204559175, 0.06698316789591449, -0.17320606277573403, -0.253999081654156, -0.9515692966550434, -0.8408626429092865, 0.5411802478990209, 0.008599711830301112, 0.5127861889494864, 0.8016285959238229, -0.30731403908683036
0.002561162537300127, 0.010892316147653881, 0.06692296933161991, -0.17042764710101982, -0.2602469418350184, -0.9503820002341852, -0.8418515654006038, 0.5396997750170682, 0.0031772124698823106, 0.5120940918778142, 0.800622059471288, -0.3110690581716389
0.0025504204788032495, 0.010875730690208531, 0.0668628532053918, -0.1674495663664445, -0.2668203630747512, -0.9490877391328726, -0.8428774299880855, 0.5380994776307887, -0.002567136566782469, 0.5113885809639963, 0.799534768488607, -0.31500138608822004
0.0025398740252446286, 0.010858720613739435, 0.06680282753878043, -0.16427022505450448, -0.27371737810914465, -0.9476782629572116, -0.8439389936995586, 0.5363697196231751, -0.00863126785199183, 0.5106684522015422, 0.7983647792785025, -0.31911034319443365
0.0025295360188483298, 0.010841265699762887, 0.06674290035333597, -0.16117575085005165, -0.2801626959093018, -0.9463251244465373, -0.8449295027341174, 0.5346841128214966, -0.01438870757803803, 0.5100161887111029, 0.7972589060757623, -0.3228958406908946
0.00251941930183842, 0.010823345729795196, 0.06668307967060862, -0.15914963113967492, -0.2834412221545387, -0.9456915292481195, -0.8454833939036823, 0.5337090613667498, -0.017676777085592076, 0.5097344657183936, 0.7967532311817533, -0.32458444673184733
0.002509536716438965, 0.010804940485352667, 0.06662337351214859, -0.15808157501906403, -0.28367091505737757, -0.9458017908578954, -0.8456424552703159, 0.5334239654837711, -0.018647007587286574, 0.5098029555464384, 0.7968624002913418, -0.3242086697144874
0.0024999011048740323, 0.010786029747951596, 0.0665637898995061, -0.1577399451482247, -0.2812652682413549, -0.9465769691819855, -0.8454841989773523, 0.5337072867575959, -0.017691843925100825, 0.5101711271566237, 0.7975251600689247, -0.32199229815754316
0.002490525309367687, 0.010766593299108292, 0.06650433685423132, -0.1578899898671208, -0.2766299697553154, -0.9479169852539481, -0.8450789812877473, 0.5344253626726408, -0.015200234138970366, 0.5107957189380348, 0.7986647554295792, -0.31815458813159797
0.0024812394140735455, 0.010747099024054933, 0.06644490469639956, -0.1582961163176461, -0.2701651748838477, -0.9497121236662878, -0.8444908475018804, 0.5354452038056472, -0.011560372272748592, 0.5116420116099791, 0.8001932341637917, -0.3129109137664988
0.0024714345616083594, 0.010729242409192695, 0.06638508190393021, -0.15872294476285875, -0.2622694191162712, -0.9518517629348701, -0.8437781996011746, 0.5366442367445716, -0.007163312546344921, 0.5126844806346365, 0.8020147847547762, -0.3064749718184884
0.0024611968527966967, 0.010712933750807289, 0.06632487997777804, -0.15893582246242682, -0.25334359882930324, -0.9542308029352276, -0.8429971464918211, 0.5379126603925024, -0.0024043286188913664, 0.5139019511004401, 0.8040317100224826, -0.2990615219875058
0.002450684930280283, 0.010697893174077499, 0.06626435590106063, -0.15870123380037077, -0.24379394400225207, -0.9567541122242783, -0.8422127989134813, 0.5391402527129632, 0.0023214760223034176, 0.5152586920533802, 0.80615897983737, -0.2908886032332842
0.0024400574367008402, 0.010683840804182098, 0.06620356665689553, -0.15778734244981288, -0.2340332951699403, -0.9593391325879108, -0.8415011840142398, 0.5402147204848207, 0.006619144517202461, 0.5167000211585616, 0.8083294331665813, -0.2821783400818272
0.0024294730147000924, 0.010670496766299872, 0.06614256922840028, -0.1556837561672192, -0.2252616527105392, -0.9617794736236485, -0.8410401965505374, 0.5408899823932155, 0.009455936384116004, 0.5180868226966396, 0.8103673332290632, -0.27366188880316766
0.0024190903069197635, 0.0106575811856096, 0.06608142059869249, -0.1512124925037377, -0.22065562868675126, -0.9635589632397499, -0.8412336073387723, 0.540609393662237, 0.00821592161260632, 0.5190961375261843, 0.8118205325150399, -0.2673698243863617
0.002409067956001577, 0.010644814187290066, 0.0660201777508897, -0.1450309520488338, -0.21993412352384414, -0.9646735221087014, -0.8419374240182601, 0.5395634053165526, 0.003564502868864694, 0.5197185747934217, 0.8127117034674745, -0.2634241637771496
0.002399564604587257, 0.010631915896520046, 0.0659588976681095, -0.13913835214370415, -0.22143863350373355, -0.9651971045101274, -0.8427497684549584, 0.5383017551196663, -0.0020120149604414637, 0.5200128332376508, 0.8131396878932219, -0.26151577627566797
0.0023907388953185275, 0.010618606438478326, 0.06589763733346943, -0.13394022387074717, -0.22461453339776746, -0.9651985950134601, -0.8435805195364641, 0.5369447287468818, -0.007890838328510253, 0.5200306947556493, 0.8131658315850714, -0.2613989419537041
0.0023827494708371123, 0.010604605938343685, 0.06583645373008708, -0.1297037188070809, -0.22900562235423388, -0.9647452359342147, -0.8443690092562399, 0.5355890265885771, -0.013615094767802751, 0.5198248950706857, 0.8128350506271556, -0.2628331389621561
0.0023757549737683987, 0.010589634521307267, 0.06577540384107888, -0.12669466550331288, -0.234157754112575, -0.9639079872695104, -0.8450581819959483, 0.5343460888432866, -0.018733029108637694, 0.5194469470260715, 0.8121849564765635, -0.2655757249796306
0.00236942639573707, 0.01057378338483735, 0.06571450958631497, -0.12517817506783943, -0.2396195682591447, -0.96276315207531, -0.8455948387922116, 0.5333382215606709, -0.0227971496129281, 0.5189410304597806, 0.8112538467889084, -0.2693833754624426
0.002362647643554829, 0.010557806030971074, 0.06565371420348007, -0.12541937479796442, -0.24494188173530548, -0.9613914161241796, -0.8459301541143686, 0.532690321562763, -0.02536130267554727, 0.5183359478034765, 0.8100891900805293, -0.2740134108567388
0.002355318518580066, 0.010541765638727031, 0.06559300515045877, -0.1275927556432243, -0.24990215720945377, -0.9598275889603455, -0.8460405956946312, 0.5324757912448861, -0.026169489387570143, 0.5176247667413549, 0.8087140678634162, -0.27936742346910093
0.0023474260642485055, 0.010525663829754395, 0.06553237447529299, -0.1315935030861424, -0.2549706101452446, -0.9579525760222575, -0.8459674336523241, 0.5326219256377248, -0.025553581542761022, 0.5167419579879479, 0.8070339969865729, -0.2857864177364949
0.0023389573239958766, 0.010509502225702343, 0.06547181422602469, -0.1372610691337434, -0.2607480431537209, -0.9555992135261346, -0.8457485135893622, 0.5330432396719594, -0.023965733900854408, 0.5156247188233378, 0.8049070521690859, -0.2936933548904817
0.002329899341257904, 0.010493282448220053, 0.06541131645069578, -0.14365750552381595, -0.2684232768937732, -0.9525289840882972, -0.8455657181605742, 0.5333850103198943, -0.022782603837986033, 0.5141800631862997, 0.8021529624626809, -0.30359428096404883
0.0023202391924301985, 0.010477006044216013, 0.06535087322357451, -0.14859739214830198, -0.28022052555737526, -0.9483645249075232, -0.8458748305604495, 0.5328002950185579, -0.024892100202036967, 0.5122641760567046, 0.7984987806405756, -0.3162042239510086
0.0023100250104634975, 0.010460536107172725, 0.06529052520190082, -0.1522515517853881, -0.2934193552137494, -0.9437820442055935, -0.8464865051184347, 0.5316345529263359, -0.0287280139792716, 0.5101765004695136, 0.7945248794850686, -0.32931771019475703
0.0022994925339047613, 0.010443310311263004, 0.06523046232151952, -0.1566629534680491, -0.303303425238404, -0.9399275244662856, -0.8467497552322572, 0.5311302765164895, -0.03025692287114095, 0.5084009943192289, 0.7911432623780408, -0.3400305388770986
0.0022889134153959586, 0.010424684890927535, 0.06517090309528008, -0.16222312869543415, -0.31337429592227317, -0.9356709930159661, -0.8468793283683921, 0.5308822994633405, -0.03097397776872056, 0.5064376167886483, 0.7873757265573632, -0.3515116008465419
0.0022785593075790554, 0.010404016080606987, 0.06511206603603195, -0.16855996652158597, -0.3232364761820507, -0.9311851148679582, -0.8468730667445092, 0.5308915295030285, -0.03098697669481373, 0.5043744110370706, 0.7833724301807828, -0.36322732430760585
0.002268700908682078, 0.010380664551959231, 0.06505416806346712, -0.17530691989169875, -0.3324864790822759, -0.9266715842549381, -0.8467362770411923, 0.5311442884502396, -0.030387859238681904, 0.5022998715712625, 0.779319245286654, -0.37464163269094003
0.002259099871027653, 0.010356354963315316, 0.06499657740894667, -0.18219902703534574, -0.34050883615317784, -0.9224192360575432, -0.8464604152559917, 0.5316577884880983, -0.029064778419913458, 0.5003081849740494, 0.7754957952442766, -0.38509478262684854
0.002248418899071017, 0.010334005257857723, 0.06493836532186524, -0.1892684985662509, -0.3460202593189856, -0.9189382000936185, -0.8459230566443682, 0.5326542186615817, -0.026337531764936233, 0.49858962854027183, 0.7723661459973774, -0.3935211796450503
0.00223642592051382, 0.010311459493421228, 0.0648804333578389, -0.19660756918392325, -0.34760857228716047, -0.9167953665960964, -0.844935696662349, 0.5344380872140022, -0.021438270470110356, 0.4974224886806987, 0.7704182055270504, -0.39878146439770695
0.002223342709545279, 0.010288970409945796, 0.0648226725111031, -0.20430260958474744, -0.34383790756615035, -0.916534744042687, -0.8432780486286584, 0.537305550563782, -0.013596986224649176, 0.49713436455138, 0.7701157306885001, -0.3997238858614943
0.002209391570143794, 0.010266801082463793, 0.06476496964627246, -0.2124107452718632, -0.33323829622967627, -0.9186043289790192, -0.8407084498103296, 0.5414842271207374, -0.002033272478117569, 0.4980873193633465, 0.7718465324825916, -0.3951733196763612
0.002194794806287764, 0.010245214586007589, 0.06470721162796168, -0.2201973859624808, -0.3182608540992599, -0.9220754524242037, -0.8375894735816859, 0.5461790278049636, 0.011504057161676157, 0.49995698310999187, 0.7748538561135476, -0.38683913543683895
0.002179774721955587, 0.010224473995609547, 0.06464928532078545, -0.22538406686880522, -0.3045031982785503, -0.9254619520216981, -0.8350052291716924, 0.5497834177552383, 0.022460205192708988, 0.5019644306697512, 0.7778277417266004, -0.37817418545280107
0.0021645536211256627, 0.010204842386302034, 0.06459107758935842, -0.22740605951073675, -0.2899355502085755, -0.9296364132407088, -0.8328742568465148, 0.5525708120693542, 0.031400158142593455, 0.5045859256659512, 0.7814108230465362, -0.36713780688669245
0.00214935380777639, 0.010186582833117418, 0.06453247529829527, -0.22646989415143048, -0.2763214905256426, -0.9340009747943131, -0.8313948136865679, 0.5544106481162288, 0.037569895267624366, 0.5074387163176622, 0.78503201662673, -0.35528957492846963
0.002134397585886169, 0.010169958411088071, 0.06447336531221072, -0.22320111635937875, -0.2643454394156085, -0.9382445045488388, -0.8305398658933643, 0.5554416718785438, 0.04108625442408558, 0.5102791322577865, 0.7884199628376599, -0.34352462703757264
0.002119896552460927, 0.010155134672452002, 0.06441366170706955, -0.2185591096501095, -0.2537557425235066, -0.9422525875397187, -0.8301041869876208, 0.5559616763949295, 0.04282117613705441, 0.5129902088096541, 0.7915267762473254, -0.3321541933333736
0.002105980764711623, 0.010141534476900107, 0.06435348578902432, -0.21350901728308297, -0.24426775118208502, -0.9459107596762283, -0.8298794798691816, 0.556230242344758, 0.043680274645979546, 0.5154744886324334, 0.7943180617570891, -0.32147296672596376
0.002092742769240854, 0.010128239024578045, 0.06429305419596588, -0.20901608334455216, -0.2355975877297216, -0.9491080304998157, -0.829656007889615, 0.5564928559878846, 0.04457140122449259, 0.5176709239236547, 0.7967493193535743, -0.31178091127207574
0.0020802603217247675, 0.01011436989014518, 0.06423257704593748, -0.20604763596847112, -0.22746312573264088, -0.9517378305729689, -0.8292367080835228, 0.5569670877025837, 0.04641276961036461, 0.5195294541011191, 0.7987791870398473, -0.30338252532628507
0.0020683641590459765, 0.010099762731364719, 0.0641721455443337, -0.2054970249511215, -0.21966320518608354, -0.9536870812921893, -0.8284477990632803, 0.557827591072277, 0.05002622178125445, 0.5210040469741525, 0.8003602032371906, -0.2966114092726003
0.0020566790394168266, 0.010084848650120094, 0.06411175174025062, -0.2073502487384059, -0.2128066434861487, -0.9548398854448218, -0.8273518991243505, 0.5589762341921946, 0.05508543023017422, 0.5220102579101792, 0.8014105702425394, -0.2919698418331527
0.0020448234217933007, 0.01007007695821504, 0.06405138465037845, -0.21087105322733898, -0.20695538358764737, -0.9553548388504046, -0.8260654796414875, 0.5602670037004669, 0.060964808776705744, 0.5226367976477279, 0.8020413666193227, -0.2891027913665608
0.0020324157651313754, 0.010055896967453262, 0.06399103329140726, -0.21524909591568142, -0.2016344575627213, -0.9555162856963083, -0.8246619823377589, 0.5616126892807362, 0.06725921591586552, 0.5230682953441544, 0.8024554397362177, -0.2871668951037255
0.0020190745283870317, 0.010042757989638494, 0.06393068668002726, -0.21964802970082628, -0.1964373607803281, -0.9555977743476615, -0.8232392231944521, 0.5629152418688043, 0.07350926381062904, 0.5234805865003401, 0.8028317344010791, -0.28535816406021264
0.0020044640181292616, 0.010031058650807058, 0.0638703339281204, -0.2228609181876093, -0.19209479680601843, -0.9557366793132039, -0.8221145955451332, 0.5639032194453051, 0.07836294335259507, 0.5238898767262427, 0.8031891110686664, -0.28359592543703405
0.0019888042381733446, 0.010020583238766667, 0.06380996530134389, -0.22443025807778308, -0.18952569736523128, -0.9558823511799778, -0.8215012550734463, 0.5644287859608914, 0.08096810169114108, 0.5241819790606048, 0.8034302431555194, -0.2823704963539403
0.001972684797846425, 0.010010707432506167, 0.0637495718327543, -0.22503969721192024, -0.18844944129808378, -0.9559518516919183, -0.8212459209702107, 0.5646487368675429, 0.08201793245186559, 0.5243207720170524, 0.8035288495308233, -0.2818317157509315
0.0019567019845966654, 0.01000079952817228, 0.06368914456927367, -0.22412173373808628, -0.1886706834260644, -0.956123852689481, -0.8214341844880182, 0.5644991662940673, 0.08115769715687807, 0.5244190395292099, 0.8035820209965159, -0.2814970808204169
0.0019414520858722277, 0.009990227821911737, 0.06362867455782412, -0.2209260870635829, -0.19002277944857188, -0.9565997111359661, -0.8221788096237176, 0.563877782362061, 0.07787073625034674, 0.524608109983539, 0.8036996888447099, -0.28080801464775773
0.001927523359460623, 0.009978366353531002, 0.0635681534760496, -0.21476787391367178, -0.192252576103723, -0.9575561118368382, -0.8235480717188652, 0.5626920161890016, 0.07173749706600614, 0.5250174605693986, 0.8040003991905966, -0.2791774063183147
0.0019148348158481779, 0.009965069579272734, 0.06350762528166176, -0.20584140727213784, -0.19411930849089934, -0.9591386808607194, -0.825310432976019, 0.5610905367090605, 0.06356177181666983, 0.525825070031053, 0.8046708045446619, -0.2757043562229017
0.0019025791927700783, 0.009950964328526789, 0.06344714805162734, -0.19495283641238934, -0.19385112320542777, -0.9614650974459541, -0.8270778457557548, 0.5593981686247012, 0.05491744713067288, 0.5271960058979811, 0.8059127936515988, -0.26938622903536025
0.0018907410513480452, 0.009936629788950999, 0.06338662959788595, -0.18324535563451438, -0.19129020017988915, -0.9642765158156235, -0.8286316385568654, 0.5578339609830907, 0.04680683236964507, 0.5289524999666272, 0.8076071639659059, -0.2607295945802886
0.0018794164776642758, 0.009922629024574608, 0.06332595816630149, -0.1721087933998262, -0.18747768064366932, -0.9670732560126591, -0.8298899663725052, 0.5565050001657372, 0.039809904606454186, 0.5307176339153412, 0.8094160265592739, -0.25136525018446515
0.0018687015578009668, 0.009909525099426868, 0.06326502200273786, -0.16294412491212484, -0.18349289229840182, -0.9694222870517207, -0.830803025560265, 0.5554962626953266, 0.03449978045487253, 0.5321799929314627, 0.811020505664001, -0.2429613025071619
0.001858692377840315, 0.009897881077537026, 0.06320370935305897, -0.15592489777460547, -0.18033833605247207, -0.9711670869648562, -0.8314797168872665, 0.5547177669579089, 0.03049064489810521, 0.5332250056580712, 0.8122599852085889, -0.23644197971149955
