0.00030954249086789787, 0.0012512780958786607, 0.007265056483447552, -0.1119931081633283, -0.25668886781856975, -0.9599835253075637, -0.9165610780105976, 0.3998947239912666, -1.332244766321605e-17, 0.38389234688903123, 0.8798835348283144, -0.28005647847900633
0.0003080001064386283, 0.0012477429416233399, 0.0072518354588142295, -0.16659755057939288, -0.24710497444629625, -0.9545597874124185, -0.908904960641683, 0.4138100635116083, 0.05150731848445771, 0.3822787316368611, 0.876185119104641, -0.293534680059612
0.0003057092516579401, 0.0012443450428542798, 0.007238709468396955, -0.22027192352645358, -0.21870564133472745, -0.9506040827570233, -0.8971820852652451, 0.4278844230001001, 0.10944965250277308, 0.38281142300754634, 0.8769736387156898, -0.29046970825320234
0.00030267607074460005, 0.001241333429906447, 0.007225619492544379, -0.2572808364285177, -0.1906700878939202, -0.9473391624910094, -0.88638142394266, 0.43702453641157235, 0.15276624582555173, 0.38488250479337843, 0.8790076633094702, -0.2814444622784396
0.0002991227948291028, 0.0012387001073452953, 0.007212535900790658, -0.2607949298765863, -0.18575974677287704, -0.9473538520687732, -0.8850222643299732, 0.4380074141901856, 0.15775010857262287, 0.3856443908459106, 0.8795696797828493, -0.2786316245794484
0.0002955240941241124, 0.0012361368146770416, 0.0071994633959803515, -0.22991391986022383, -0.20538463066679555, -0.9512921438445555, -0.8940223223745295, 0.43078892369164373, 0.1230649841370328, 0.38453046244811284, 0.878770764597036, -0.2826628145670762
0.00029236893999257964, 0.0012333182808257827, 0.00718640862600483, -0.16421413225656636, -0.24806501127936403, -0.9547237657805487, -0.9094950773581781, 0.41279557570963155, 0.04917841941131994, 0.38190630137307857, 0.8763923566836506, -0.2934007738878894
0.0002901275741925786, 0.0012299324307480943, 0.007173377559995691, -0.09076455176340284, -0.2922258338159387, -0.9520324879928038, -0.9205244051412121, 0.38939175085218247, -0.03176293292014284, 0.3799955469247058, 0.8734861913154961, -0.3043439795667766
0.0002888867267417692, 0.0012259373944271265, 0.0071603622686417165, -0.03727350410799236, -0.3194771219398496, -0.9468606309529096, -0.9244277260794492, 0.37088671078430235, -0.08874923672449231, 0.37953137570837303, 0.8719962249463192, -0.3091577567072806
0.00028837417193689765, 0.0012215442058119005, 0.007147341814097584, -0.005085087287045634, -0.3306107499314156, -0.9437535027310203, -0.9251414008777207, 0.3598027391720454, -0.12105939561348265, 0.379588632955851, 0.8724898400062205, -0.30769132067159166
0.00028830387241590705, 0.0012169736299215454, 0.0071342947579842685, 0.006200877655966549, -0.32673561841624166, -0.9450954368604537, -0.9251228216317153, 0.3569139831127013, -0.12946108896035136, 0.3796173257538035, 0.8751321296334529, -0.30005739729383135
0.00028838979081674115, 0.0012124464317751907, 0.007121199661922742, -0.003172570584206525, -0.3080757151349188, -0.9513565517407216, -0.9251921554814099, 0.3619341425009495, -0.11411902526645266, 0.37948571808640064, 0.879825568073701, -0.28617749655107094
0.0002883458897773433, 0.001208183376391967, 0.007108035087533984, -0.0325295313255411, -0.2749025344440128, -0.9609216545317307, -0.9246321683949521, 0.373304059563666, -0.07549458445832997, 0.37946960716372224, 0.8860432696372934, -0.2663271326197636
0.00028789724383107026, 0.0012043919320436232, 0.007094782095946824, -0.06078220668706485, -0.25149847516908586, -0.965947224406114, -0.9230635504790189, 0.38240427044947856, -0.04148078734872269, 0.37981469840873566, 0.889109380745489, -0.2553924508341122
0.00028706067373812357, 0.001200930456815661, 0.0070814873736366685, -0.06508094936045117, -0.2654510789961429, -0.9619252542116388, -0.9231644945773807, 0.3819974233602254, -0.042956774760661294, 0.37885589078438753, 0.8852195734426189, -0.2699157661420242
0.000286166294859441, 0.0011972824793243873, 0.007068268057712536, -0.05050753706358349, -0.30549455427405586, -0.9508533356983435, -0.9250357586549017, 0.3732285380967692, -0.07077643364778355, 0.37650741547746613, 0.8759985934115673, -0.3014442409989519
0.000285472297855408, 0.0011930848423430454, 0.007055202891509347, -0.03542563758895983, -0.33540657930730505, -0.9414071652365879, -0.9262571122530594, 0.3647017023607788, -0.09508117740001618, 0.37522364824466903, 0.868616770994276, -0.32359251991577076
0.00028498486847709667, 0.0011884699071842148, 0.007042249856912954, -0.02321731238119686, -0.3492369109941976, -0.9367467835039652, -0.9267777694686067, 0.3588868508645406, -0.11082957319834393, 0.3748918809798207, 0.8655829297506762, -0.3319973935133349
0.00028466502826314516, 0.0011836588417818898, 0.007029345292993793, -0.013878263003247897, -0.3473404862786462, -0.9376363796311052, -0.9269158246367423, 0.35616223437071615, -0.11821809018101734, 0.375012596927091, 0.8674693362879017, -0.3268983064291197
0.00028447379875219127, 0.001178872814070064, 0.0070164255388222895, -0.007378721853959365, -0.3297144172643494, -0.9440518828495775, -0.9269088343259207, 0.35649596945434897, -0.11726310848415553, 0.37521402867212306, 0.8741847784140572, -0.30824569076760955
0.0002843722014828731, 0.0011743329919827314, 0.00700342693346888, -0.0035429303525966868, -0.2961002609273908, -0.9551502934738846, -0.9269182359271304, 0.3593938330045806, -0.10797525968485676, 0.3752466276334183, 0.884963676247227, -0.27573403883586806
0.00028432345870186144, 0.001170259316031043, 0.006990286206174058, 0.009454102476439012, -0.25485499908983666, -0.9669330635495327, -0.926964105593568, 0.3604285297471803, -0.10406162542168214, 0.3750308879112247, 0.8972960516926426, -0.23283390803169793
0.000284453579463219, 0.001166751640225752, 0.006976977902532923, 0.019116549344128788, -0.24160091099565104, -0.970187382595365, -0.9268975172727267, 0.3595032069479238, -0.10778885224276942, 0.3748273602804747, 0.9013248271296147, -0.21706682377770542
0.0002847167181132295, 0.0011634260119224291, 0.006963623306286621, -0.00477543045844912, -0.27684317373046274, -0.960903248211172, -0.9268903332871009, 0.3618624441259445, -0.0996487912125617, 0.3753018855839437, 0.890176066118407, -0.25833131050473535
0.00028465112467455206, 0.0011596234027341362, 0.00695042471637208, -0.04168931392940611, -0.3216656834398529, -0.9459350872027465, -0.9263284595848451, 0.36722122354293174, -0.08404854515576268, 0.3744029728344362, 0.8727426660114679, -0.3132772779119673
0.00028407803234167545, 0.0011552015468781955, 0.00693742118873445, -0.06718126628133982, -0.3336766058372212, -0.9402906998252123, -0.925232517642294, 0.3735361219374806, -0.06644963434970705, 0.3734052299555241, 0.8655233609353704, -0.3338230757706884
0.0002831524765691491, 0.0011506044869270433, 0.0069244668112234415, -0.077833988222856, -0.3127972942654646, -0.9466254396420628, -0.9239765314826659, 0.3792523257011957, -0.04934615202319559, 0.37444524238743704, 0.8708188825183103, -0.31853608006468437
0.00028207911295324996, 0.001146290879947854, 0.006911412446054756, 0.008507604094048556, -0.30331503442306973, -0.9528523550716086, -0.9260003116214838, 0.3572684133004061, -0.12199468732172414, 0.3774268717904092, 0.8833794602268847, -0.27783031817957493
0.0002821957980344253, 0.001142130796918355, 0.006898343707409831, 0.1277560069212337, -0.30991726813838577, -0.9421410136519807, -0.9174149748659911, 0.3240258268034407, -0.23099140125982945, 0.37686624495591886, 0.8938448134178475, -0.242926496987955
0.0002839567456873331, 0.0011378589971096746, 0.006885357539113873, 0.10178947533489925, -0.286241676874842, -0.952735327953637, -0.9214006584211163, 0.333933490815618, -0.19876933961964285, 0.37504630297095226, 0.8980835852700874, -0.22975235471317068
0.0002853580733372355, 0.0011339183306012814, 0.006872241307266645, -0.025305453773166, -0.21839395906190046, -0.9755325277276012, -0.9274551094563124, 0.36931114717704955, -0.05861993273751987, 0.37307727611409663, 0.9032792232837201, -0.21189617936915606
0.0002850100641188243, 0.0011309149024991754, 0.006858825451714225, -0.0917075977297872, -0.20984044138406566, -0.9734252440112554, -0.923459033534782, 0.38367302587563096, 0.004292155454307379, 0.37257634103850185, 0.8993119583187905, -0.22896478271381393
0.0002837457815555415, 0.0011280220384652147, 0.0068454057940944835, -0.11983307119228816, -0.23085850520408038, -0.9655798183597053, -0.9214572818240172, 0.38787760508113833, 0.02162038968229824, 0.369535536616058, 0.8923313925058662, -0.25920681535488993
0.00028209619413282425, 0.0011248441070075383, 0.006832113901396182, -0.14299898279547138, -0.24611433052084258, -0.9586339380763326, -0.919341049035548, 0.3917594089430795, 0.036559555013529324, 0.366556034567266, 0.8865395094505638, -0.28228420378312846
0.0002801284111605236, 0.0011214573725051623, 0.006818922314273397, -0.16151198192321403, -0.25539084016711233, -0.9532520120377256, -0.9172319446227626, 0.3952646805110847, 0.04951153506018206, 0.3641420594476569, 0.8823499028725547, -0.2980926188989128
0.0002779054297068213, 0.0011179422828234145, 0.006805802163568592, -0.1754230667080266, -0.2587927681309985, -0.9498700178602578, -0.9152615059219709, 0.39828885869546204, 0.06051744225025207, 0.36266116892244965, 0.879995618285774, -0.30673211170929093
0.0002754902468398998, 0.0011143792858276233, 0.006792724580124239, -0.18478233630448687, -0.2563941474673667, -0.9487452394264424, -0.9135315240164187, 0.4007660016045507, 0.06961872295683776, 0.36237500302600234, 0.8795729947550593, -0.3082786143726506
0.00027294585962794085, 0.001110848829383117, 0.006779660694782808, -0.1896141049696671, -0.24821937843964514, -0.9499650684965149, -0.9121158456006073, 0.4026654095976124, 0.07684563824886957, 0.3634434968476409, 0.8810492086601198, -0.3027558695030298
0.0002703352651391266, 0.0011074313613552238, 0.006766581638386768, -0.189904482623429, -0.23424100939892517, -0.9534502802953598, -0.9110619279461232, 0.4039895580373607, 0.08221070759865265, 0.36592683821581184, 0.8842644324592903, -0.29012749363138346
0.00026772145896830776, 0.0011042073163649861, 0.006753458545178132, -0.18631896659790734, -0.22077607803460264, -0.9573626094921124, -0.9107185324525293, 0.4043990024076972, 0.0839833406049719, 0.36861497166203017, 0.8875355599745389, -0.2764120700101252
0.0002651576773632536, 0.001101169398873083, 0.0067402850680362185, -0.18129989592430354, -0.2290260352818118, -0.9563876948711391, -0.9121651983568415, 0.4026191191878459, 0.0765016063297192, 0.36753911172072673, 0.8862533046637951, -0.2819043833076061
0.0002626638558830002, 0.0010980190934445485, 0.006727129736838922, -0.17607482977049646, -0.24943239377469875, -0.9522505632747688, -0.9144686460873195, 0.39949194827952483, 0.06444593534936394, 0.36434152884967097, 0.8821505904298048, -0.29843858021346925
0.0002602420577932716, 0.0010945883083882894, 0.00671403213170088, -0.17163406045744167, -0.2644102856092258, -0.9490147259947755, -0.9162011514452376, 0.3969104208409673, 0.05511413537620844, 0.36210109000293283, 0.8789478475381198, -0.3103763552959441
0.0002578806990437749, 0.001090950524956981, 0.006700975491191087, -0.1680962223718874, -0.2729260958223836, -0.9472354544903037, -0.9173172150959779, 0.39513844339662274, 0.04893605458814074, 0.36093321669369877, 0.8771413550672691, -0.3167810857956871
0.0002555673339850057, 0.0010871944756847673, 0.006687939496854478, -0.1654909222261094, -0.27503506529803523, -0.9470841924122994, -0.9178541500217339, 0.3942560188957724, 0.04589064013867063, 0.36077210805248294, 0.8768796407837064, -0.317687868245556
0.00025328951696745964, 0.0010834088931057917, 0.0066749038302359905, -0.1638244906939925, -0.27075393387363994, -0.9486062637052332, -0.917839659748509, 0.394279974556052, 0.04597456532497543, 0.36156865909754315, 0.8782002100637575, -0.3131014145646376
0.0002510348023416323, 0.0010796825097541993, 0.006661848172880566, -0.16308222063323047, -0.26005649722398916, -0.9517220222128537, -0.9172915612118459, 0.3951646874417856, 0.04920428364045369, 0.3632910417872545, 0.8810309234360763, -0.3029919650857199
0.000248790744459292, 0.0010761040581597624, 0.006648752206334055, -0.16265753807115096, -0.24484891600908204, -0.9558198227897398, -0.9164236842506709, 0.3964971755084429, 0.0543840119727646, 0.3656639936513559, 0.8847818929787186, -0.2888786001141944
0.00024655277027177126, 0.001072735228406351, 0.006635601262844498, -0.16028741399928492, -0.23285059583804069, -0.9592124607881674, -0.916041512993859, 0.39705733744505317, 0.05668701132505363, 0.3676627413613507, 0.8877646483155965, -0.27694410594150937
0.0002443472839206802, 0.001069531303667965, 0.0066224029091042965, -0.1554430086363872, -0.2260020119824565, -0.9616447169542136, -0.9163316364238135, 0.39663849930821365, 0.05490203052150388, 0.3690173480406091, 0.889719613949479, -0.26874747514844904
0.00024220830762737843, 0.0010664213989504117, 0.006609170179821788, -0.14813640581523527, -0.2243196106523003, -0.9631906963571358, -0.9172543087177233, 0.3952746537689463, 0.04901511222685633, 0.36972981812523, 0.890751738906324, -0.26431269591989776
0.0002401698636132258, 0.0010633346292594989, 0.00659591610970532, -0.1383629555127582, -0.22779756963309772, -0.9638277645985451, -0.9187386387011258, 0.39293336112934923, 0.03902162822326587, 0.36983105102110725, 0.8909049561995076, -0.2636538501895558
0.00023826597409958198, 0.0010602001096010343, 0.0065826537334632285, -0.12662393041238457, -0.23626883693555298, -0.9634020017313855, -0.9206151531268028, 0.3896413681132196, 0.02544295753587332, 0.36936989601243, 0.8901441686311155, -0.2668505929762704
0.00023652354940995087, 0.0010569489022382065, 0.006569396717760195, -0.12019835734278157, -0.24775881319659163, -0.9613365307609576, -0.9219072754021161, 0.38710026085252935, 0.015503664358809241, 0.36829245234289537, 0.8881266568070796, -0.27493946791236784
0.00023486948119256072, 0.0010535394548252266, 0.006556167616823207, -0.12447375925151938, -0.2608436189433278, -0.9573227719606083, -0.9220399086652921, 0.38682362463407644, 0.014487589635796598, 0.3665360692841768, 0.8844931259662243, -0.2886576173119323
0.0002331568121813382, 0.0010499504350541063, 0.006542995547022041, -0.1393819743990659, -0.2755395400724717, -0.9511312354608427, -0.9209344074627099, 0.38908245608525505, 0.022240942380509623, 0.36394021811820365, 0.8790294672098975, -0.30798492400239
0.00023123921061427843, 0.0010461595929735004, 0.006529909990188291, -0.15951450729995678, -0.29496959148600693, -0.9420976924180582, -0.91920822073843, 0.39240526898116185, 0.032777306214998955, 0.36001578977559007, 0.8712123994608894, -0.33373280650523107
0.0002290443544110374, 0.0010421009286639082, 0.006516947100484632, -0.17849078504789695, -0.3227773432698833, -0.929492241132018, -0.9179908419416084, 0.3946562850250327, 0.03923303202120676, 0.35416642100052675, 0.8602680997002482, -0.36674915524620033
0.0002265870713587505, 0.0010376572522294836, 0.006504150778642286, -0.19519550562909865, -0.3508695873486021, -0.9158543810322808, -0.9170677014328006, 0.3963390470288953, 0.043614112268701606, 0.347685987021278, 0.8484137507572876, -0.3991347666578181
0.00022389646454652623, 0.0010328208083837103, 0.006491526491885944, -0.20825505815219397, -0.35957231274239837, -0.9095809929099823, -0.9152703222638949, 0.39951906973691736, 0.051621217532078156, 0.34483339156318993, 0.8432628681648631, -0.4123077336618811
0.0002210246262313023, 0.0010278623043550943, 0.006478983365349592, -0.2176571483761625, -0.34618250194961897, -0.9125694719333203, -0.9123533946544095, 0.4043351265603145, 0.064221403690904, 0.3467515667208048, 0.846564103168423, -0.4038472114591244
0.0002180271477812325, 0.001023094831303431, 0.006466415860231018, -0.22324176254780037, -0.3102687948144839, -0.924065144034185, -0.9083008910636139, 0.4102655072540147, 0.08168050471594293, 0.35376914329488474, 0.8575636935656581, -0.3734058177511829
0.00021495962056447104, 0.001018831480388517, 0.006453718437728011, -0.22423552053115875, -0.2520026193717693, -0.9413889266195388, -0.9033027004563239, 0.4162743148338054, 0.10373006390607661, 0.3657357826087476, 0.8736191244698189, -0.32097813427109617
0.0002118799313426706, 0.0010153704330535258, 0.006440789240230821, -0.21420514236921143, -0.21177678830719773, -0.9535547959697304, -0.9019455604504423, 0.41764307482565793, 0.10985657938379242, 0.37498048344723683, 0.8835863590982256, -0.28047242832267544
0.00020893134820507435, 0.0010124552767690862, 0.006427663338765187, -0.19241614970960472, -0.22775993434613034, -0.9545163370197377, -0.9073488152517654, 0.4117664933542098, 0.08465507906791762, 0.37375680969334707, 0.8823682719009246, -0.2858882298214238
0.0002062815706610268, 0.0010093187772581306, 0.006414518621135827, -0.1886633314394757, -0.23227032759915964, -0.9541785169909967, -0.9083486720505067, 0.4105564725321482, 0.07966224228604399, 0.373240990988717, 0.8817561328275174, -0.2884393954833875
0.0002036851327311601, 0.0010061222075592939, 0.006401386947511299, -0.2123256590575476, -0.2033083153290978, -0.9558156430106289, -0.9017867855138126, 0.417548169128813, 0.11150838502032573, 0.3764284898602165, 0.8856180075942565, -0.2719969423474033
0.00020076716991905064, 0.0010033281688823098, 0.0063882513024182035, -0.24502092924759517, -0.16313828924264137, -0.9556938018076863, -0.8914042513625735, 0.4255524797125593, 0.1558959514009957, 0.38126526839377173, 0.8901072888104423, -0.24969142861369745
0.0001973965472659408, 0.001001083962173114, 0.006375104330901519, -0.24866026682337894, -0.1623410373856596, -0.9548892392753591, -0.890488139322761, 0.42615750463218016, 0.15943856174451768, 0.3810497938968253, 0.8899635772469687, -0.2505312071279061
0.0001939736067812707, 0.0009988492516731634, 0.006361959773963466, -0.2211351955654453, -0.20139926269152986, -0.9542209190064638, -0.9003244088063785, 0.41824276115175235, 0.12037006127606373, 0.3748535503228926, 0.8857264418156808, -0.2738128668979168
0.00019093027902848206, 0.0009960775356468066, 0.006348827504368487, -0.186976569119872, -0.22515698276849264, -0.9562134153580729, -0.9087389076181569, 0.4093700944725938, 0.08130020622642059, 0.37313986704869884, 0.8841495681512763, -0.2811515263284036
0.00018835513596674255, 0.0009929765511506863, 0.006335658012845071, -0.15979274899911378, -0.20534325072976345, -0.965557055148498, -0.9116487964114913, 0.4058681868263199, 0.06455607580851623, 0.3786327367896042, 0.8905645200107902, -0.25205572068327553
0.00018615615769870103, 0.0009901507324031394, 0.0063223705577250796, -0.1396936626124598, -0.14851300448915603, -0.9789941614348474, -0.9111143465415639, 0.40644670137618477, 0.06835002901650933, 0.3877580794155751, 0.9015236915567014, -0.19209035741005373
0.0001842343768310556, 0.000988107622892756, 0.006308902428865136, -0.13116124190756745, -0.13760497929711463, -0.9817645330189441, -0.9115830031477065, 0.40596350760604927, 0.06488496639747682, 0.38963207900976676, 0.9034702541671386, -0.17868503810250339
0.00018243031488577452, 0.0009862149303334247, 0.006295398713838602, -0.13291721507832102, -0.19575551150054346, -0.971603207926458, -0.9146288004290254, 0.40187629873553465, 0.044154251668319856, 0.38182086292080136, 0.8945251367243896, -0.23245990709502298
0.00018060452011880928, 0.000983525967972216, 0.006282052451267922, -0.1333149953371469, -0.2450586459401815, -0.9602985848517227, -0.9173199597913009, 0.397303591860834, 0.02596049427430107, 0.37516823344566724, 0.884361982416954, -0.27776371373671677
0.00017877012503375936, 0.0009801539963907385, 0.0062688388814082265, -0.1309025476270981, -0.2732802117264552, -0.9529860696271899, -0.9191330558071279, 0.39372103076434306, 0.013348245447041288, 0.37156284629573305, 0.8776683176534329, -0.3027199620771753
0.00017696504347057467, 0.0009763855970683977, 0.006255697673575081, -0.12593271983964838, -0.28103509154492634, -0.9513990894436065, -0.9201167190122869, 0.3915964710700341, 0.00611778060741844, 0.37084521497230244, 0.8761686374014029, -0.30789989504109283
0.00017522718926920523, 0.0009725073514846012, 0.006242568497084064, -0.11844546075086046, -0.2685267409906429, -0.9559623748874537, -0.9203577174283458, 0.3910551545198684, 0.00418785070497095, 0.37270946432523233, 0.8803233812051035, -0.2934593663627254
0.0001735944762696009, 0.0009688058411187545, 0.00622939102125074, -0.10829206350792886, -0.2354034847677498, -0.9658457580485583, -0.9199773057124901, 0.3918973017012954, 0.007632947872963061, 0.3767155239105262, 0.8893827658991621, -0.25900523115638835
0.0001721048183117117, 0.0009655676474502642, 0.006216104915390681, -0.09540238332420944, -0.18221618606843848, -0.978619255272822, -0.9191656540284516, 0.3935324290363011, 0.016331801836835053, 0.382142493986876, 0.9010713006368924, -0.20503079148759473
0.00017079346546944608, 0.0009630629960444852, 0.006202653310753753, -0.08648128587721597, -0.15027643887862202, -0.9848542933403819, -0.9188049590935262, 0.3941773276844293, 0.020534884579798, 0.38512132418001327, 0.9066648919294945, -0.1721636994383873
0.00016960328041181833, 0.0009609948402550259, 0.006189099408866373, -0.08761132856670341, -0.1782898008929137, -0.9800698964891954, -0.9197179340733247, 0.3924304967266029, 0.010827141026478243, 0.382678947488195, 0.902336440656409, -0.19835768453188407
0.00016839806922742395, 0.0009585422252152255, 0.00617561723458525, -0.08721994315866363, -0.20920367160898148, -0.9739745917120841, -0.9208727778890231, 0.3898611305064531, -0.0012750934021327454, 0.37998158963080475, 0.896795474289178, -0.2266536318616909
0.00016719793832711458, 0.0009556636199139198, 0.006162215517485945, -0.08188097392035038, -0.22559292474625658, -0.9707746074214573, -0.9218578253079994, 0.3873344209401614, -0.012255458920659976, 0.37877916525102195, 0.893912679549507, -0.23967992263091065
0.0001660707752999327, 0.0009525581365300124, 0.006148851958250843, -0.07173653252060358, -0.22774600028805067, -0.9710744715286853, -0.9226360756629448, 0.3850354665721812, -0.022144104561341638, 0.3789413434651876, 0.89435979831069, -0.23774778522304005
0.0001650832885741253, 0.0009494231069399554, 0.0061354846666253435, -0.06016297417848651, -0.22081495415364835, -0.9734583568700415, -0.9231439962114268, 0.3832906424254231, -0.029890561853262547, 0.3797177620243699, 0.8968439326054611, -0.22690390422373818
0.00016425534058245542, 0.000946384306077488, 0.006122088173141599, -0.05158913426325181, -0.21151857823790954, -0.9760115021280136, -0.9233729974014477, 0.3823898191679399, -0.03406367370933792, 0.3804219616371198, 0.8994653507817428, -0.21503770331558664
0.00016354548694732252, 0.0009434738631362643, 0.006108658498024709, -0.04632096756183066, -0.2003207289762412, -0.9786347497951231, -0.9233959543609475, 0.38229107110802657, -0.034546322827660236, 0.38104367129499866, 0.9020671496587741, -0.20268344301526936
0.00016290814024734598, 0.0009407175788384573, 0.006095193113748534, -0.04436006865807809, -0.1872229046513695, -0.9813153256127995, -0.9232550436742161, 0.38290893700970574, -0.031318848769052, 0.38161801403860923, 0.9046150175251357, -0.189840357746256
0.00016229771306114512, 0.0009381412539062398, 0.006081689492786925, -0.045874798058371004, -0.17282554445393458, -0.9838835470152475, -0.9229568563017974, 0.3841266866379722, -0.024440335882237204, 0.3821598413080673, 0.9069608700471781, -0.17713225537619814
0.00016166627780495277, 0.0009357624283515202, 0.006068147007896147, -0.05908445537382613, -0.1861299885127111, -0.9807469880195587, -0.9225656212720015, 0.38543992616755585, -0.017570935175884487, 0.3812895246137564, 0.9037652851776324, -0.1944906366065176
0.00016085353638517036, 0.0009332021009325605, 0.006054656256488739, -0.08999869245422905, -0.23847049530285241, -0.9669705570629032, -0.9218665253809304, 0.3873852667207049, -0.009734706457763066, 0.376911587429492, 0.8905416767326169, -0.25470213439160627
0.00015961509857738518, 0.0009299205990643583, 0.006041350142097235, -0.12326289654851207, -0.2573903338035044, -0.9584135195201451, -0.9192488885521435, 0.3934766458777438, 0.012554283908271685, 0.37388198569885617, 0.8825680399908674, -0.2851068493680205
0.000157916845811259, 0.0009263744074803896, 0.006028145613758269, -0.15559616098833923, -0.26273722473005223, -0.9522389329505704, -0.9152906153266863, 0.4009071957299737, 0.038942392155909604, 0.3715278242347226, 0.8776346455975168, -0.30286053666058
0.00015577142906166307, 0.000922751690575951, 0.006015015795237087, -0.1869190214213375, -0.26225470446417437, -0.9467226359485117, -0.9102403178657016, 0.40870580183438543, 0.0664991073523438, 0.3694913302942791, 0.8741750611481208, -0.31510969408135214
0.0001531930207237207, 0.0009191340827396099, 0.006001956463341988, -0.21728728881527626, -0.25597387594268234, -0.9419467123750616, -0.9040285129050019, 0.4167141363567502, 0.09529835473510981, 0.3681286215089472, 0.8722538067531309, -0.3219543673109502
0.00015019579319255528, 0.0009156032183599325, 0.005988963394881267, -0.24673911132471427, -0.24388230106365405, -0.937891909641291, -0.8965810333381553, 0.42474888334545713, 0.12542263254721223, 0.36778018108780147, 0.8718427664003898, -0.32346240751336086
0.00014679391886329016, 0.0009122407318254864, 0.005976032366663227, -0.27527880944866834, -0.22592812012193997, -0.9344399721794279, -0.8878214002126308, 0.43259566058270993, 0.15695271826092275, 0.3687746444551299, 0.8728215619375905, -0.3196682383719368
0.00014300157013104868, 0.0009091282575248378, 0.005963159155496164, -0.3015125367173257, -0.20330293793894627, -0.9315353485658375, -0.8782043169071948, 0.4396605637107067, 0.18829701666025137, 0.37127801977473796, 0.8748522756117039, -0.31110468959688276
0.0001388514237306388, 0.0009063299096840941, 0.005950337107976032, -0.2692237225034907, -0.23254417086242363, -0.9345810803987374, -0.8902316100810375, 0.43031934341179073, 0.14937517564230393, 0.3674319905150983, 0.8722089607906774, -0.3228703471403956
0.00013514550965206245, 0.0009031288963830513, 0.005937472427437429, -0.2601953423471088, -0.3046270038773153, -0.9162427474908605, -0.9002749282282967, 0.4195330502431341, 0.11617690543833216, 0.34900349199457315, 0.8550990634203866, -0.38340859968599017
0.00013156533360642107, 0.0008989373597771341, 0.0059248653211496334, -0.3855063258077084, -0.34573928315909874, -0.8554818647071798, -0.8652808088004997, 0.45742987327587603, 0.2050537318762309, 0.3204278306948293, 0.819281550576753, -0.4755036763272786
0.00012627614152019688, 0.0008941937761885886, 0.00591312800944862, -0.4858946987127871, -0.3637094409683943, -0.7947463647688285, -0.8244448353963739, 0.49261142283137516, 0.2786120950071875, 0.2901672882167384, 0.7906006758449592, -0.5392156490704234
0.00011955424390500135, 0.0008891621970617814, 0.005902133438591648, -0.5302905544008737, -0.3699852255863238, -0.7628255768922874, -0.8026804044864058, 0.5087578526175999, 0.31123884020711284, 0.2729397299162475, 0.7773521597369918, -0.5667693742480094
0.00011220504580476855, 0.0008840346406789126, 0.005891561580892165, -0.5553621633586392, -0.36653670146518336, -0.7464741884275939, -0.7879899168446968, 0.5188313680503251, 0.33149042592225175, 0.2657908171113139, 0.7723113737386309, -0.5769665358868303
0.00010451700990664865, 0.0008789605691904972, 0.005881227927041956, -0.570684670843953, -0.3534198461573032, -0.7412242702488074, -0.7763876285178899, 0.5262306658880432, 0.34684800210379435, 0.2674719737619179, 0.7734181912918617, -0.5747025705795383
9.66318642115221e-05, 0.0008740773699022136, 0.005870986437017295, -0.5763794716235104, -0.33062929380582373, -0.7473091560849936, -0.768221730979902, 0.531014290316058, 0.3575740420253918, 0.27860738816701586, 0.7801974708736217, -0.5600623444770754
8.869132687481997e-05, 0.0008695224293095557, 0.005860691073375634, -0.5719732891386594, -0.2977979320690006, -0.7643055332570414, -0.7636864913032938, 0.5334051445846494, 0.363678284657599, 0.2993818623643854, 0.7917040756406755, -0.5325177528507158
8.083711605197375e-05, 0.0008654331339080172, 0.005850195798674417, -0.5564253987222669, -0.254367088071223, -0.7910045260066045, -0.7628068045115867, 0.5338083943031529, 0.3649306470581934, 0.32941850987397225, 0.8064403156326304, -0.49105749426595185
7.321094989841447e-05, 0.0008619468701930921, 0.0058393545754710985, -0.5286764285974018, -0.2022726967452908, -0.8243706629889761, -0.7657447614902747, 0.5326969737447897, 0.36037327094742383, 0.3662460840687567, 0.8217783705565207, -0.4365135915292566
6.595076800492939e-05, 0.0008591691095610309, 0.005828033698206282, -0.5005519761404501, -0.21628186023058638, -0.83825406418167, -0.7832174125013409, 0.5256469058966455, 0.3320629685405878, 0.3688064586427339, 0.8227499542731559, -0.43250931643945567
5.9063072424816924e-05, 0.0008561930277877553, 0.0058164991541667325, -0.4887105618943627, -0.2887982166743253, -0.8232603335146336, -0.8046694452523117, 0.5138603537437954, 0.2974132154555994, 0.33714843996411054, 0.8078014155075685, -0.48351608301455246
5.2328018669793546e-05, 0.0008522130206724662, 0.005805153578619712, -0.4983019816320904, -0.3287118494085612, -0.8022740524035008, -0.8079509136667137, 0.5117181011064534, 0.2921641766287033, 0.3145003278323481, 0.7937840418264963, -0.5205731828810783
4.5450415322264454e-05, 0.0008476761137381206, 0.005794080528718578, -0.5311591789631179, -0.33354007688802273, -0.7788587443899943, -0.7919074169492799, 0.5222799816027072, 0.3163957392219358, 0.3012516715039866, 0.784840517510792, -0.5415466669544245
3.8132523808120305e-05, 0.0008430808620791912, 0.0057833500282922935, -0.5861059844139099, -0.3029964973598146, -0.7514472021518781, -0.7537230625126486, 0.5441902990229499, 0.3684541538453141, 0.2972899595861852, 0.782336271073377, -0.5473286388379912
3.008275726235452e-05, 0.0008389194115347641, 0.005773029412721647, -0.637993465613959, -0.2581400256859495, -0.7254847103645586, -0.7089912160522447, 0.5645663444895893, 0.42260655251713936, 0.3004925845917824, 0.7839825060602562, -0.5432086494127564
2.1310699324798134e-05, 0.0008353701286919683, 0.0057630543984697295, -0.6569444557607576, -0.23280445427539162, -0.7170955780889596, -0.6887758621709545, 0.5721296863881962, 0.44525883892855256, 0.3066134271943425, 0.786428450669787, -0.5362075141596379
1.2257386443116053e-05, 0.0008321618642088414, 0.005753172146511317, -0.6432768330908182, -0.230371693007072, -0.7301532709436446, -0.6977431126162186, 0.5689967009484617, 0.43519800448347395, 0.31519750126750484, 0.7894122100467046, -0.5267626579626721
3.3971233920621318e-06, 0.0008289888076108726, 0.005743115278744038, -0.5985436720317054, -0.24782230844713526, -0.7617936571715042, -0.7317139906250435, 0.5562276434843096, 0.3939612221367297, 0.32609831124122074, 0.793218073457624, -0.5142615864964047
-4.835821543548952e-06, 0.0008255800213942618, 0.005732636836610482, -0.5608529852818639, -0.24965795399768265, -0.7893762315310187, -0.7544365653010796, 0.5468005779805413, 0.3630903425552046, 0.3409829876066125, 0.7991745953956727, -0.4950258258283418
-1.255665086250837e-05, 0.0008221431734117767, 0.00572177010448632, -0.5609990328465699, -0.21136558474792666, -0.800377832482497, -0.7449776857388313, 0.5504852412774155, 0.37679470124586545, 0.36095475186846954, 0.8076450883401154, -0.466284332123286
-2.02795396064984e-05, 0.0008192334484394645, 0.005710751852062507, -0.5994115511089327, -0.14867467426136996, -0.7865123226183166, -0.7056574149083547, 0.5619616072232138, 0.4315631643131291, 0.3778272160419915, 0.8136921980948191, -0.44175966495095537
-2.8534792899719323e-05, 0.0008171858617821102, 0.005699919797809563, -0.6797792020905077, -0.17078040029830666, -0.7132561189917287, -0.6559517023774881, 0.5765879336117065, 0.4871075024688676, 0.3280664575254046, 0.7989871148443712, -0.5039761797539635
-3.782537741517036e-05, 0.0008148517954592886, 0.005690171682194556, -0.7470117839727872, -0.22698867859940444, -0.624859611747703, -0.6159760620121184, 0.5899005961423952, 0.5221022674715076, 0.2500937536881653, 0.7749151091948995, -0.5804822890559369
-4.806266162382172e-05, 0.0008117410712848853, 0.005681608409735923, -0.7811542218673544, -0.2696155482837122, -0.5631212460762614, -0.594245723767318, 0.5977182779910112, 0.5381494959021301, 0.19149439010859928, 0.7550101431630794, -0.6271280429687403
-5.887196518503688e-05, 0.0008080102378276259, 0.005673816160369265, -0.7901239116034263, -0.30088293050791887, -0.5340165413556661, -0.5924270115432644, 0.5984130389412844, 0.5393811924965254, 0.15727186749834776, 0.7425438013706827, -0.6510716264279671
-6.987701455907607e-05, 0.0008038194628650942, 0.005666378240420422, -0.7779738674951802, -0.32263070437595504, -0.5391345751187425, -0.6104603059833817, 0.5911573398821591, 0.5271349109308978, 0.14864345365090206, 0.7392174430418459, -0.6568582005192656
-8.070140183321227e-05, 0.000799330520708288, 0.00565887695833655, -0.7433553487238622, -0.32712428766836715, -0.5834488203271035, -0.646227637633041, 0.5763746922982163, 0.5001820213056002, 0.17266344686367302, 0.7488537337127993, -0.6398479660212695
-9.095942280709124e-05, 0.0007948163300056475, 0.005650825586611876, -0.6785597427780916, -0.29838537218844113, -0.6712099858799, -0.694853219498741, 0.5570605374770196, 0.4548214605073606, 0.23819252472142066, 0.7750159529001837, -0.5853328915387004
-0.0001002550783580535, 0.0007907287199302934, 0.005641630616091578, -0.6195290389418177, -0.25336838116101623, -0.7429591060991673, -0.7258026592243617, 0.5453973237961279, 0.41922817064084167, 0.29898874522408503, 0.7989657205561873, -0.5217849246628918
-0.00010878472759862367, 0.0007872403549237945, 0.0056314015869795, -0.6551238214313212, -0.23799056314845085, -0.7170587635929887, -0.6969782632017579, 0.5566918723955186, 0.4520126766286899, 0.29160603426109594, 0.7958986437110286, -0.5305763561651252
-0.00011780057649476586, 0.0007839651161279188, 0.005621533386113159, -0.7145981488017497, -0.24227471972219877, -0.6562411492070902, -0.6508594903703391, 0.5740901181296303, 0.496792169886734, 0.2563813751503314, 0.7821275448732369, -0.5679305362688187
-0.0001276400656215978, 0.0007806291720390485, 0.005612497429802567, -0.7514813802552957, -0.25815927395958355, -0.6071486839302681, -0.6218245523403297, 0.5846805490816928, 0.5210401919547848, 0.22047666823576695, 0.769091961207625, -0.599906320994757
-0.00013801329592791426, 0.000777065616540728, 0.005604116526038263, -0.7680258538457271, -0.28644619765636464, -0.5727869269394622, -0.6129165136375379, 0.5880583769143983, 0.5277505970164407, 0.1856599987475704, 0.7563966692080382, -0.6272116418530812
-0.0001486218972352289, 0.0007731089873573269, 0.0055962047244869015, -0.7668799818656357, -0.3255155952793566, -0.5531136326684495, -0.6231671186351474, 0.5837823011199752, 0.5204430489026006, 0.1534856203874828, 0.7437995846523395, -0.650541576077407
-0.00015919110876439055, 0.000768622701023214, 0.005588581660746062, -0.7619149484549238, -0.35420226317098275, -0.5422419829610068, -0.6340369317876087, 0.5788169599775536, 0.5128041497216053, 0.13222246575482627, 0.7345145904656334, -0.6655866103992903
-0.00016967430560829532, 0.0007637492278686213, 0.005581120946848878, -0.7619976048436523, -0.3608310881102184, -0.5377365303433763, -0.635160847682483, 0.578285703621721, 0.5120120531374244, 0.12621548155359852, 0.7317011485845344, -0.6698381008693567
-0.00018015267276908373, 0.0007587873741827145, 0.005573726434366306, -0.7670884789401627, -0.3475607489032815, -0.5392372310023275, -0.627415439382312, 0.5818395979387363, 0.517506085660053, 0.13388477098597792, 0.7352987203118743, -0.6643874321551788
-0.00019070079802170658, 0.0007540081154492337, 0.005566311459419285, -0.7722162150460853, -0.3331268184368212, -0.5410255447370849, -0.6191958364597896, 0.5854341717092755, 0.5233195455034485, 0.1424030664373478, 0.7391166034079032, -0.6583524992251527
-0.00020132367830904936, 0.000749425504719483, 0.005558868920034388, -0.7751472925468467, -0.3273061567058114, -0.5403863013065413, -0.6148977955726097, 0.5872620972917231, 0.5263306281079145, 0.14507713761043922, 0.7402661067933596, -0.6564744589668087
-0.0002119905122433454, 0.0007449214311674973, 0.005551432641804651, -0.7759938682471681, -0.33022369100913906, -0.5373879700357066, -0.6145988400509168, 0.5873893806405402, 0.5265377301948931, 0.14178075416241906, 0.7388680730732811, -0.6587656551021103
-0.00022267020358244838, 0.0007403766953942584, 0.005544036787424652, -0.7746856434319724, -0.34184685982307544, -0.5319801483979393, -0.6183119629623005, 0.5857607096270538, 0.5239987667112558, 0.13248573628167523, 0.734864011560175, -0.6651484151643071
-0.00023333165608421176, 0.0007356720980007471, 0.005536715519588967, -0.771218747498436, -0.3612898284706664, -0.5241100107330331, -0.6255957478477576, 0.5823872528727481, 0.5190905970696624, 0.11769283657788349, 0.7282133942293085, -0.6751693481514702
-0.00024394727395614371, 0.0007306990410405774, 0.005529501286772606, -0.7685584868192479, -0.37929654922970796, -0.5152203218823417, -0.6314059814141189, 0.5795451139696867, 0.5152222311860546, 0.10317140578949902, 0.721291611358609, -0.6849044257494034
-0.00025453130204960864, 0.0007254756450314905, 0.005522406047497199, -0.769016643325261, -0.3899569992343912, -0.5065046308148204, -0.632482001294241, 0.5790003598848547, 0.51451443254008, 0.09262785934901127, 0.7160252244169321, -0.6919016965372335
-0.00026512553444548906, 0.0007201034660154091, 0.005515428269038155, -0.7728112541308442, -0.3932708943452588, -0.498097148305019, -0.6287743255663393, 0.5808975434640854, 0.5169147816671394, 0.08605587137033163, 0.7126682591909588, -0.6962028004428176
-0.0002757722499823551, 0.0007146855281701174, 0.0055085661812781985, -0.7799793850146558, -0.38925874311643405, -0.49000998955079805, -0.6202180382802668, 0.5852219815396452, 0.5223454961178365, 0.08343706576777965, 0.7113317532840955, -0.6978863752974678
-0.0002865137274987768, 0.0007093248556733986, 0.005501818014100058, -0.7904120471235598, -0.3778497423105761, -0.4821601061864977, -0.6066755128835457, 0.5918270464835267, 0.5307405855199625, 0.08481519810405644, 0.7120184824050686, -0.6970194135633189
-0.00029739224583332456, 0.0007041244727030373, 0.005495181997386465, -0.803841123485236, -0.35889649575491106, -0.47437617301972357, -0.5879512629218658, 0.6004252079912095, 0.5420358678512851, 0.09029263880614323, 0.71462079100986, -0.6936601216978424
-0.0003084500838245681, 0.0006991874034368171, 0.005488656361020146, -0.8198176447384263, -0.3322121847741621, -0.4664055034657261, -0.5638227056687661, 0.610573781015493, 0.556150712045572, 0.10001492862513761, 0.7189121797716483, -0.6878679319666572
-0.0003197295203110779, 0.000694616672052522, 0.005482239334883829, -0.8328199682167853, -0.30152433925387184, -0.4642132843606576, -0.5412987750336196, 0.6190321065694074, 0.5690297770621013, 0.11578659977085312, 0.7251774430260209, -0.6787570547992459
-0.00033119815574717313, 0.0006904644268446934, 0.005475846725284993, -0.7870429859780778, -0.3107836862433771, -0.5328947725280194, -0.5975198896600186, 0.5988557714132157, 0.5332370453238987, 0.15340573549704914, 0.7380957020671917, -0.657024668415539
-0.0003420130305502523, 0.0006861939019592138, 0.005468524138906888, -0.7472887646886679, -0.3531836792789568, -0.5628683601527659, -0.6475644967584919, 0.577078669399071, 0.4976348378706205, 0.14906282134726237, 0.736370489641985, -0.6599536175190023
-0.0003522971586882549, 0.0006813334164473391, 0.005460777989608029, -0.7724384817876571, -0.3935760995539518, -0.49843419396493793, -0.6284188109966503, 0.5871183735989259, 0.510276212818223, 0.0918073517706275, 0.7073824066531835, -0.7008434496507864
-0.0003629134377684713, 0.0006759241653410272, 0.0054539275845194475, -0.7967458660434984, -0.41291979163789344, -0.44124060399776716, -0.6023744927124214, 0.6011165761283936, 0.525170288985516, 0.04838383482165062, 0.6842193417153567, -0.7276694970593143
