0.00030954249086789787, 0.0012512780958786607, 0.007265056483447552, -0.10287879749989337, -0.2568339417453056, -0.9609642445963038, -0.9282955864098744, 0.37184311779559337, -1.3336057877404216e-17, 0.3573279408007768, 0.8920588669564478, -0.27667258737983985
0.00030859785928802786, 0.00124891985046706, 0.007256232924126959, -0.13928307649625873, -0.25475327830943206, -0.9569226676133942, -0.9240331408412594, 0.3808769569763061, 0.033098312215374195, 0.35603789015886306, 0.8888382928491921, -0.2884501862300651
0.0003073209980853671, 0.001246584429786338, 0.007247460448252942, -0.17563046920979852, -0.24406916238356582, -0.9537212287972469, -0.9180558477055809, 0.39037179326820687, 0.06916157541693085, 0.355425658582401, 0.8877162311200293, -0.29263030298880127
0.00030571166126764124, 0.001244347975651343, 0.007238721311506022, -0.21173318339898312, -0.22476230838152425, -0.9511314124655652, -0.9101644770658139, 0.39988960267530493, 0.10811535672465909, 0.3560473054739302, 0.888577633301219, -0.2892405674547721
0.0003037696998438415, 0.001242286514498234, 0.007229997782759507, -0.2434173103056664, -0.20177110655305366, -0.9487025000514709, -0.9015042285217638, 0.40791549285595147, 0.14455129416738421, 0.35782417330434, 0.8904456026329978, -0.2811911978540993
0.00030153217783393505, 0.0012404318095419237, 0.007221277192091354, -0.2609957408773745, -0.1876027670812852, -0.9469352802738503, -0.8960076670474175, 0.41211928811538395, 0.16531168426797077, 0.35923736419826174, 0.8916069168342707, -0.27565489659567327
0.00029912940864863205, 0.001238704707994959, 0.0072125595520859285, -0.26337517175963, -0.18429865479280774, -0.9469253005079897, -0.8950925526598883, 0.41276599353770294, 0.16862252741445372, 0.3597816574999212, 0.8919967715302531, -0.2736766678148047
0.00029670607628817634, 0.0012370089638928708, 0.007203846829818586, -0.250599457699532, -0.19189777600514807, -0.9488810016882931, -0.8989267719562348, 0.40995187651497667, 0.15449957152753788, 0.3593474230616437, 0.891692044657867, -0.27523576626744706
0.00029440686475281155, 0.0012352483312711878, 0.007195140992364676, -0.22225998847822503, -0.2103676729747411, -0.9520220268926826, -0.9068896297109865, 0.4031244948408664, 0.12264518409609919, 0.3579828166886353, 0.8906380206495166, -0.2803787066258462
0.0002923764580427816, 0.0012333265641654401, 0.007186444006799554, -0.17777560260832317, -0.23939447640418546, -0.9545083131038793, -0.9174539198061702, 0.3911287785097094, 0.07277763154841117, 0.355913107583215, 0.8886554806496546, -0.28916655505398664
0.00029075866791973055, 0.0012311480311510256, 0.007177757808588702, -0.12521112213690144, -0.2723044306792306, -0.954029596986214, -0.9268291712262429, 0.37520129101276267, 0.014549178204698986, 0.35399133076573197, 0.8860441796292194, -0.29935906448258737
0.00028961995420948353, 0.0012286715994787943, 0.007169081529968007, -0.08008858558756249, -0.2982005720245445, -0.9511373388227478, -0.9321901228106786, 0.36032349165042155, -0.034475444871105314, 0.35299772434506677, 0.8838797430697704, -0.3068374266580289
0.0002888897298008746, 0.0012259526934729516, 0.007160409336600472, -0.04439212668952769, -0.31636561542300384, -0.9475980880447179, -0.9347092289192726, 0.34796453037387937, -0.07238330591251357, 0.35263011281103024, 0.8825154293153802, -0.31115674596442633
0.0002884833577746539, 0.001223056636317025, 0.007151734884984879, -0.018187387057651057, -0.32727145102072064, -0.9447553208629245, -0.9356073700785716, 0.33877667839840675, -0.09934390382907858, 0.352573493057368, 0.8821132350895403, -0.3123590441674317
0.00028831620121157165, 0.0012200487511945413, 0.00714305183162001, -0.0013644010478825414, -0.33132504598326856, -0.9435156873703614, -0.9357698984933728, 0.3331154043925089, -0.11562363266269604, 0.3526086151577743, 0.882755821991903, -0.31049850765489423
0.00028830362319237797, 0.001216994361289028, 0.007134353833004647, 0.00621304700071853, -0.3287824795584138, -0.9443852387571441, -0.935749387730695, 0.3311018628718608, -0.12142750826897884, 0.3526109490764521, 0.8844623437649591, -0.3056008525073171
0.00028836098679782323, 0.0012139587897840125, 0.007125634545637575, 0.0046220135552716545, -0.31971148694550044, -0.9475036686503076, -0.9357830021478639, 0.3326630900710703, -0.11681370380010206, 0.35254618120442877, 0.8871977421181053, -0.297643001763371
0.00028840365510865744, 0.0012110073598630214, 0.007116887626017573, -0.006147569801714098, -0.30399029086884966, -0.952655294659619, -0.9358036377175967, 0.3375421861620676, -0.10167017357831831, 0.35246809645703586, 0.8908732657445753, -0.2865502841763543
0.0002883469912056311, 0.0012082053947095827, 0.007108106730643429, -0.026140004944737404, -0.28137111423445715, -0.9592429286765419, -0.935438875345246, 0.3452690582008777, -0.07578514327954101, 0.35252065277698375, 0.8953321023639993, -0.272230813542755
0.0002881066088025545, 0.0012056179175939884, 0.007099285572391278, -0.04963540492009497, -0.2583306764176046, -0.9647805907044571, -0.9343628003722373, 0.35327303243677005, -0.046522272445350885, 0.35284909502359346, 0.8991459426447699, -0.25890942425195623
0.00028765100065630535, 0.0012032466755180673, 0.007090429758740203, -0.06374391580626508, -0.2502145306180726, -0.9660897483491175, -0.9334569961302618, 0.35735051405345913, -0.030962016749511483, 0.3529798146823021, 0.8998295942973349, -0.2563434252200387
0.0002870665145889705, 0.0012009523874257657, 0.007081571407467569, -0.06671451554078212, -0.25935984629331055, -0.9634737378604924, -0.9334955888441681, 0.35720114235741984, -0.0315171303743584, 0.35232819788464104, 0.897295834175811, -0.2659417736010961
0.00028645542562075643, 0.0011985767134126545, 0.0070727462190119834, -0.05907257288856857, -0.28456487653214935, -0.956835023489717, -0.9345860705413733, 0.3525966925509222, -0.04716406632369287, 0.35079810130951394, 0.8914585820139896, -0.2867791635932551
0.0002859146744478091, 0.00119597180248293, 0.007063987337589209, -0.04784390944835362, -0.3117375082423239, -0.9489629530616908, -0.9357599271456299, 0.34629517212888133, -0.06658087194257749, 0.34937704429041017, 0.8848160146126965, -0.3082795828591335
0.0002854765290612008, 0.001193116969910843, 0.007055296916075996, -0.037778615007391436, -0.3317363838506229, -0.9426153764276475, -0.9365250056131152, 0.3407809058225575, -0.08239713640723062, 0.34855944989266585, 0.8796700210058709, -0.3235536493907196
0.0002851302337123373, 0.0011900761287695308, 0.0070466564902541325, -0.028988812986355087, -0.34455917301251954, -0.9383169107580714, -0.9369792199557874, 0.3363450912951858, -0.0945617308041543, 0.3481803987772522, 0.8764422147834743, -0.3325950301083165
0.0002848642548838378, 0.0011869147214628654, 0.007038047223196452, -0.021478474958937205, -0.35034302486432195, -0.9363751598810999, -0.9372154633095499, 0.3331478366081452, -0.10314889382236923, 0.3480888542411321, 0.8753697983665131, -0.3355024078316968
0.00028466705905832193, 0.0011836981903947182, 0.007029450277975792, -0.015240494078570877, -0.3491642691035365, -0.9369375862466156, -0.9373113391331471, 0.33126870149831167, -0.10820582673797684, 0.34815970598658835, 0.8765531133873268, -0.3323243273344832
0.00028452711271840906, 0.0011804919779689611, 0.007020846817664989, -0.010265196626866124, -0.3410227335926965, -0.9399990004841369, -0.9373293768031472, 0.3307115359653, -0.10974296953015181, 0.3482933607177081, 0.8799621441587342, -0.3230454452976047
0.0002844328823467185, 0.0011773615265894656, 0.007012218005336881, -0.006545528201321325, -0.32584319899552355, -0.9454011665578425, -0.9373175777330979, 0.3314051393923244, -0.10773296643512727, 0.34841485980526715, 0.8854359622540288, -0.3075877796892432
0.0002843728344258698, 0.0011743722786601034, 0.007003545004064301, -0.004079048218616084, -0.3034939935940517, -0.9528246203882244, -0.9373098174255224, 0.3331998785755074, -0.10211829941298967, 0.3484733383249916, 0.8926753255073206, -0.2858270380965298
0.0002843354354384823, 0.001171589676584746, 0.0069948089769200856, -0.0005664298739477205, -0.27511920025936465, -0.9614099566812513, -0.9373290504878101, 0.3351446861362982, -0.0953535026426532, 0.3484450175692261, 0.9011034707530816, -0.25806705471239844
0.00028433024244224424, 0.0011690673997104626, 0.00698599482618776, 0.013153477018470206, -0.24885603049932475, -0.9684511666193829, -0.9372898788419495, 0.33430380224409834, -0.09863392330016328, 0.348302553913646, 0.9090168556683963, -0.22885298129579562
0.0002844509046804301, 0.001166784541300938, 0.006977110826529424, 0.0205947302518916, -0.23920723808447317, -0.9707500988070257, -0.9372231531160545, 0.3334633276761827, -0.10205376209786358, 0.34812155685773377, 0.9119112381932384, -0.2173229746433236
0.0002846398634921519, 0.0011645897897838823, 0.006968204092481158, 0.01232258288336928, -0.25207294681398035, -0.9676297760174594, -0.9372665301684501, 0.3342575388938048, -0.09901186352478472, 0.3483957597001957, 0.9081470845502798, -0.23214061998226573
0.00028475278380004547, 0.0011622798718847471, 0.0069593370348789456, -0.01070964591236223, -0.2853338989389025, -0.9583683371234444, -0.937206987227996, 0.336998601788234, -0.08986103429072169, 0.3486091888855697, 0.8972271220315955, -0.27102605947665953
0.0002846547757924366, 0.0011596686737959296, 0.006950566644891684, -0.036125030047139545, -0.31670358235199636, -0.9478363904859876, -0.9368334813036959, 0.340920334962412, -0.07820711935312842, 0.3479051745986123, 0.8851396308687852, -0.30901427694037054
0.0002843239779340673, 0.0011567686106916714, 0.006941887281922349, -0.05601152820052591, -0.3326149926281092, -0.9413978836749342, -0.9361975371339623, 0.3451731502954892, -0.06625456798886391, 0.346982535832778, 0.8776233605562755, -0.33072701255410697
0.0002838102855694249, 0.0011537181354133153, 0.006933253543110527, -0.0702963588576909, -0.3332626764970779, -0.94020976935222, -0.935358592077844, 0.3495591373255204, -0.05396956307393435, 0.3466449569191858, 0.875639422345889, -0.33629284243982044
0.0002831647387408709, 0.0011506577114115029, 0.006924619391290381, -0.0790242385590508, -0.3188038130293574, -0.9445206713027009, -0.9343801970314258, 0.35387924738864435, -0.04126894308266827, 0.3474029607180631, 0.8792801641488276, -0.32584900769947844
0.00028243846929106145, 0.0011477277563229388, 0.006915938807702498, -0.06205383226306342, -0.299904243848662, -0.9519489305750756, -0.9349668389648826, 0.35123526172158004, -0.049707151994339165, 0.3492654176088477, 0.8869561632036477, -0.30219601687908093
0.00028186902596196627, 0.0011449756544011272, 0.006907203151121978, 0.03406579200546925, -0.3054415337209682, -0.9516012774756151, -0.9357926263770624, 0.32455768996618806, -0.13767522036347518, 0.3509012428495514, 0.8951914741338829, -0.27477362028521923
0.0002821802892714254, 0.0011421847977371462, 0.006898508253822511, 0.11997977858853937, -0.3111640343254822, -0.9427522455407547, -0.9290197864312275, 0.2996295185244138, -0.21712758472406124, 0.35003869664527304, 0.9018864093504892, -0.25312806142298877
0.00028328127488052657, 0.001139329423874213, 0.006889857157216909, 0.1370445874605569, -0.30458593663731404, -0.9425742348751827, -0.9272018109596396, 0.29541794297609425, -0.23027166721274664, 0.3485908530081227, 0.9055140231771915, -0.24192720191935047
0.0002845420262392421, 0.0011365273640440744, 0.006881185878990389, 0.08816187727791348, -0.2794598047216651, -0.9561013026556145, -0.9335844671427049, 0.31151548342405366, -0.17713877694324884, 0.3473435275123261, 0.9082182122882182, -0.2334355430590787
0.0002853502053299287, 0.0011339655586715385, 0.00687242130744039, -0.005426364737265013, -0.2271462429113203, -0.9738455416014439, -0.9383730981635883, 0.337709438696866, -0.07354089785905814, 0.34558136988067933, 0.9134313982704554, -0.2149804582865009
0.00028530051616767256, 0.0011318855830218402, 0.006863503814519809, -0.0702863007620274, -0.20245350336062987, -0.9767663051632143, -0.9357513205041367, 0.3526136587060378, -0.005750988498205948, 0.34558544833362764, 0.9136061441731604, -0.21423004277900953
0.00028465459654546, 0.001130025068398243, 0.006854527491737407, -0.096646947195204, -0.21330628403235533, -0.972193291887038, -0.9339420451672381, 0.35713075430897673, 0.014487256315049239, 0.3441099008553577, 0.909372340418934, -0.2337313043096848
0.00028376700008946645, 0.0011280660835855528, 0.006845598960154544, -0.11523954577101982, -0.22758057154210826, -0.9669161962378416, -0.9325906785073976, 0.3599672197511686, 0.026423986560051717, 0.3420445489283536, 0.9047821197178807, -0.25372197852613765
0.0002827097331610024, 0.0011259781422435198, 0.00683672797311586, -0.1317599031297589, -0.23914802925801687, -0.9620018440882758, -0.9311524335684687, 0.36271043121121915, 0.0373669446180745, 0.33999187253044055, 0.9006938232232852, -0.27047396070724905
0.0002815014362542131, 0.0011237850484634444, 0.006827905988392688, -0.14620631256607797, -0.24803548297862213, -0.9576544853700587, -0.9296834384895687, 0.365307410677444, 0.04732018493575067, 0.3381011954489997, 0.8972340245931956, -0.28400473015119726
0.00028016074986324377, 0.0011215106063366268, 0.006819124463756355, -0.15858889714545862, -0.25427540704178253, -0.9540406590266072, -0.928233203540407, 0.3677147218513866, 0.05629390001475207, 0.3365006412286619, 0.8944998047554249, -0.29434234786249525
0.0002787063144822394, 0.0011191786199543667, 0.006810374856978193, -0.16892350588978172, -0.2578996491508225, -0.9512899768870623, -0.9268445148548042, 0.3698980668422995, 0.06430136413710259, 0.3352970242061021, 0.8925599089776621, -0.3015173534712724
0.00027715677060534497, 0.001116812893407964, 0.006801648625829533, -0.17722672621539168, -0.25893470652471134, -0.949496448267152, -0.9255535654682465, 0.3718317586148119, 0.07135643442908793, 0.3345762767501471, 0.8914560903613693, -0.30555646612963544
0.0002755307587267058, 0.0011144372307887187, 0.006792937228081703, -0.1835120370071143, -0.25739850351825266, -0.9487198441373846, -0.9243902038715355, 0.37349819374133797, 0.07747160936949152, 0.33440407183501913, 0.8912043029847433, -0.30647806949541656
0.0002738469193404669, 0.0011120754361879307, 0.006784232121506034, -0.1877870738528046, -0.25329859249037673, -0.9489867427610333, -0.9233782053547722, 0.3748874137291435, 0.08265662044430622, 0.3348263800383737, 0.8917955203239518, -0.3042894102010954
0.0002721238929407733, 0.0011097513136969, 0.006775524763873856, -0.19005196490822238, -0.2466317115934002, -0.9502910340895749, -0.9225354963853152, 0.3759968102995614, 0.08691752730983464, 0.3358697791460613, 0.8931960576945386, -0.29898544107583314
0.00027038032002177023, 0.0011074886674069273, 0.0067668066129565, -0.1902987098334124, -0.2373846682974793, -0.9525937855628885, -0.9218742854629557, 0.3768310007775717, 0.09025629426881487, 0.33754140907139646, 0.89534737175594, -0.29054927473980496
0.00026863484107760276, 0.0011053113014093115, 0.006758069126525297, -0.18855793192584433, -0.2259538797800399, -0.9557147851321521, -0.9214204857000637, 0.37737914271777917, 0.09257035796545732, 0.33975019476095597, 0.8980700567628015, -0.27935636435555067
0.0002669056707395953, 0.001103239191566555, 0.006749304744983949, -0.18564972575886912, -0.21975392912312214, -0.9577277222470938, -0.9215183183545392, 0.37726354133196704, 0.09206633108083122, 0.3410838141317743, 0.8996557291634468, -0.2725461442044416
0.0002652034548695891, 0.0011012242754436222, 0.006740523372852695, -0.18230492673515436, -0.22519211084010426, -0.9571068001552743, -0.9224557233546274, 0.37612514315333784, 0.08720845795089054, 0.34035327549236416, 0.8987871772022893, -0.2762992181645825
0.00026353233193221416, 0.001099160021292732, 0.006731749923029363, -0.17869457765355506, -0.23924609523956922, -0.9543739067209646, -0.9239852757681164, 0.3741338433935194, 0.07921538607689435, 0.33811160595421075, 0.8959827973461391, -0.28791555841748473
0.0002618945728934027, 0.001096967299722083, 0.006723002962082577, -0.17534214220348815, -0.25220558500868073, -0.9516551245372037, -0.9253684664592576, 0.37219521097449965, 0.07186046347254908, 0.3360778696229991, 0.8932318107960984, -0.2986446010420909
0.0002602874390341016, 0.0010946556584356323, 0.006714280374609874, -0.17237069407698796, -0.26226686393490845, -0.9494758743144376, -0.9264795324503208, 0.3705404470054624, 0.06584415755120014, 0.3345504741799847, 0.8910195672457146, -0.3068551955095548
0.00025870724775346304, 0.0010922513529136898, 0.006705576148489521, -0.16979713630026802, -0.26945325597287517, -0.9479260917127686, -0.927330544126424, 0.3692124738107492, 0.061157265412519264, 0.3335071130192258, 0.8894251469506376, -0.31256345521736595
0.0002571503164506384, 0.0010897806386365638, 0.006696884271599784, -0.16763281735095373, -0.273784581843604, -0.9470698185940173, -0.9279321460745371, 0.3682418095508373, 0.05779188507246251, 0.33292817668152636, 0.8885043457650884, -0.3157829265936754
0.0002556129625247799, 0.0010872697710845641, 0.006688198731818934, -0.16588415218773092, -0.2752742714512549, -0.946945892609466, -0.9282933007732111, 0.3676469640370108, 0.0557427804647863, 0.33279722924407623, 0.888290372182064, -0.3165220669970991
0.00025409150337503915, 0.0010847450057380002, 0.006679513517025241, -0.1645530924135981, -0.2739276321135913, -0.9475684313767333, -0.9284211459266197, 0.3674347180634196, 0.055008215367867985, 0.3331012692461922, 0.8887943408496121, -0.3147827252253202
0.0002525822564005681, 0.0010822325980771807, 0.006670822615096974, -0.16363742696497094, -0.26974123572511344, -0.9489270036445231, -0.9283209500088454, 0.3676002388203577, 0.055590270676537545, 0.33383080485623035, 0.8900054663701257, -0.3105595974371694
0.00025108153900051854, 0.0010797588035824151, 0.006662120013912399, -0.16313090781160344, -0.2627034090288105, -0.9509864487999835, -0.9279961556273657, 0.36812701660445557, 0.057494650070533296, 0.33497976365355614, 0.8918909230004219, -0.3038406480576016
0.0002495856685740424, 0.001077349877734013, 0.006653399701349789, -0.16299610139039403, -0.25288848249151974, -0.9536664439701485, -0.927457888536447, 0.3689721858882726, 0.06067446771373924, 0.3365325183738534, 0.8943751681838927, -0.2946844458280514
0.0002480912101898984, 0.0010750312252650947, 0.0066446558430567956, -0.16252508262059454, -0.24267001384629266, -0.9563978575357689, -0.9269476999404461, 0.3697427598186687, 0.0637044200726366, 0.33816203082884044, 0.8968843604063539, -0.285034883767233
0.0002466011120538952, 0.0010728063247791779, 0.006635887186294329, -0.16098105659010384, -0.23459963867067954, -0.9586699687351848, -0.9267219591439547, 0.3700734400905516, 0.06505428025837479, 0.33951658259873563, 0.8988930183704463, -0.2769834501650676
0.0002451251120779863, 0.001070655332181907, 0.0066270973517589486, -0.1583368710056291, -0.22881399676787503, -0.9605069443597261, -0.9267899416699424, 0.3699753551021129, 0.06464240586867256, 0.3405728105700329, 0.9004234512162467, -0.27064325079383034
0.00024367327725475355, 0.0010685572729841927, 0.006618290196350852, -0.15459797410710807, -0.22532048201735919, -0.96194082291243, -0.9271425386893812, 0.36946587402887565, 0.06246343635030254, 0.34133001531448603, 0.9015129773395079, -0.2660228793428656
0.00024225567457677864, 0.0010664911726969463, 0.00660946957697023, -0.14976629472204775, -0.22412167409482311, -0.9629846998608869, -0.9277646764764509, 0.3685496407478598, 0.058513822189035294, 0.34179344939272205, 0.9021865868574845, -0.26312848657389293
0.00024088237103664327, 0.0010644360568310787, 0.0066006393505172786, -0.14384046744935158, -0.22521599632440953, -0.9636325414407484, -0.9286353213906732, 0.3672185607851309, 0.0527917463296898, 0.34197420924624305, 0.9024568042928707, -0.2619644185684501
0.00023956343362692921, 0.0010623709508975007, 0.006591803373892192, -0.13681638147657627, -0.22859768822715706, -0.9638591052103287, -0.9297274002453101, 0.3654518997285149, 0.0452975740842321, 0.34188922035178726, 0.9023236702658415, -0.26253334090211866
0.00023830892934021823, 0.0010602748804071239, 0.006582965503995166, -0.12874570014807296, -0.234240638718557, -0.963616037572074, -0.9310000312256842, 0.3632303695643552, 0.03609211110363565, 0.3415603702878274, 0.9017732651830307, -0.264842390205907
0.0002371283980248234, 0.0010581270152044235, 0.006574129644567922, -0.12202952624224497, -0.24148962373363184, -0.9627001383370016, -0.932116854755761, 0.36110667206606595, 0.027570645070404454, 0.3409794184482705, 0.9007134577757566, -0.26916222464588085
0.00023600938341651297, 0.001055912547730569, 0.006565301653905375, -0.11989487767897285, -0.2494897202212223, -0.960926687011179, -0.9327067936150882, 0.3599059005185716, 0.022929891325024848, 0.3401224124497024, 0.8990120256569722, -0.2758516309060764
0.00023490995403297537, 0.0010536247408232861, 0.006556490009441678, -0.12256820500978427, -0.25818468423316016, -0.9582889459594652, -0.9327774805668504, 0.35975738637276716, 0.022378442698153596, 0.3389737554266385, 0.8966132342195597, -0.2849236763666765
0.00023378611514278166, 0.0010512574222436395, 0.006547703371949304, -0.13004325929204721, -0.26755988892525046, -0.9547253304228442, -0.9323052960914371, 0.36074431804698953, 0.02589154063918235, 0.33748420050805245, 0.8934625021986767, -0.2963598683565651
0.00023259387201450272, 0.0010488044197526929, 0.006538950402200721, -0.1420900758228452, -0.2777088033004921, -0.9500990637412852, -0.9312401683742787, 0.3628906089073255, 0.03319871643777255, 0.33556245195030865, 0.8894876202265432, -0.31017674687961005
0.00023129119682611693, 0.001046258398395741, 0.0065302399382948005, -0.15572175505125294, -0.29039537626106954, -0.9441510792505348, -0.9299814884806734, 0.365309951137089, 0.041025244465923975, 0.33299424332415833, 0.8844315491016869, -0.3269490309919296
0.00022986342834046284, 0.0010435958457776515, 0.0065215832855605275, -0.16874257716161187, -0.30690087376195124, -0.936663117848145, -0.9289227263776351, 0.36727752455168344, 0.047008386255316684, 0.32958839644623256, 0.8780199733738058, -0.34706255240901845
0.00022831596395653437, 0.0010407813920722995, 0.006512993557710033, -0.18106095055075175, -0.32716269853832947, -0.9274597030980788, -0.9281290715252324, 0.368731703784738, 0.05112100560155605, 0.32525891037044374, 0.8700583309808155, -0.37041212441753213
0.00022665467726562733, 0.0010377795795048204, 0.006504483846165811, -0.19232526994156396, -0.3471408388263834, -0.9178802909752554, -0.9274468914569198, 0.36997609935387865, 0.05440541732020249, 0.32070742752359355, 0.861748759166965, -0.39311044504743853
0.00022488847034196345, 0.0010345916336191449, 0.0064960545507044935, -0.20192394094013608, -0.358256998325546, -0.911525449576683, -0.9264221705446395, 0.3718207527829827, 0.05908713669873369, 0.3177556986091095, 0.856388493004586, -0.40697673772682763
0.00022303290588726599, 0.0010312994586118406, 0.006487678158009741, -0.2098707082128438, -0.3595398907640656, -0.9092223890685949, -0.9249714387761466, 0.37435435873797046, 0.06547252509463904, 0.3168313798894053, 0.8547455065943587, -0.4111301444483592
0.00022110443308881456, 0.0010279956964756138, 0.006479323439716783, -0.2162049925366072, -0.3510273488504078, -0.911062677076226, -0.9230785219588808, 0.3775024021570317, 0.07360691994560564, 0.3180903071463412, 0.8568965729449062, -0.4056437103848912
0.00021911950113388882, 0.0010247729892031716, 0.006470959167460847, -0.22088433009413722, -0.33259157467937944, -0.9168385665814648, -0.9207353229002231, 0.381134734899014, 0.0835630242229198, 0.3216466662079465, 0.8626234162748824, -0.3904155015000874
0.0002170945592097683, 0.0010217239787872199, 0.006462554112877165, -0.22377618146107017, -0.30397597993593134, -0.9260252827178599, -0.917945901260799, 0.3850575918478635, 0.09542522370329413, 0.32756608946776183, 0.8713950049101237, -0.3652002224102333
0.00021504605650373275, 0.0010189413072204656, 0.006454077047600962, -0.22465835300752623, -0.26488821990195593, -0.9377434912496694, -0.9147332619381979, 0.3890050124207032, 0.10926188638071811, 0.335844731874493, 0.8823317580529116, -0.3296952908420263
0.00021299044547797824, 0.0010165175952234107, 0.006445496748519549, -0.22199442417280954, -0.2239158374981157, -0.9489890269933052, -0.9120774249434825, 0.3917826320274496, 0.1209179066561687, 0.3447219844231706, 0.8923945690999926, -0.29120214026718605
0.00021095641796770606, 0.001014465962732397, 0.006436801621175502, -0.21186701700238322, -0.2098456015388935, -0.9545036357297398, -0.9130166040893932, 0.39086490145103303, 0.11672750091879178, 0.3485872168677219, 0.8962083755067537, -0.2744038992214974
0.0002090125260863343, 0.001012540617452398, 0.006428043996253573, -0.19572491817688592, -0.22375530929779297, -0.9547907194593486, -0.9171591704148139, 0.38642209095264873, 0.09745267440041536, 0.34714667293330326, 0.8947689809022393, -0.2808516659849222
0.00020721639762943586, 0.0010104872596982837, 0.006419282072643757, -0.1865748948203482, -0.23481008716415916, -0.9539675212441648, -0.9195797665271109, 0.38349769526624045, 0.08545508012649718, 0.3457786309428625, 0.8931930030466214, -0.2874776472907728
0.00020550442340916828, 0.0010083326889224519, 0.006410528655926491, -0.18965882015815227, -0.23106164394626486, -0.9542746190867004, -0.918782536007562, 0.38448252612685413, 0.08950887459144, 0.3462198484543179, 0.8937470021208253, -0.28521590547567066
0.00020376540630192566, 0.0010062140415992476, 0.006401778733902219, -0.20496322728799202, -0.21238245925856947, -0.9554495101568544, -0.9146543721548753, 0.38905881234022294, 0.10972975912844306, 0.3484213755751243, 0.8963966373987006, -0.2739992947119406
0.00020188803663699878, 0.0010042687151538634, 0.006393027252231717, -0.23017611991132522, -0.18113118591373298, -0.9561435286148476, -0.9071255282825101, 0.39566881233181955, 0.14342059435835738, 0.3523382320452102, 0.9003541994334298, -0.2553822347028931
0.00019977984652796388, 0.0010026097290925457, 0.00638426990446419, -0.24827356222477315, -0.15924314185366964, -0.9555113081867708, -0.9011624936169632, 0.3998032433886812, 0.16752172000653467, 0.3553398350850613, 0.9026621673408401, -0.24276452222937855
0.00019750335209559985, 0.0010011495811711418, 0.006375508535941275, -0.2513822406716974, -0.15776542097995933, -0.9549434752999222, -0.9002913111758487, 0.40035586054368694, 0.17085297758480833, 0.3553625248899326, 0.9026767178072891, -0.242677191001775
0.00019519720553091776, 0.0009997022626070046, 0.006366748014079651, -0.2395296040850196, -0.17677853718001027, -0.9546595820287823, -0.9048094070050803, 0.39719845954888805, 0.15347091166441054, 0.35205895211170063, 0.9005457970167237, -0.25509167315599546
0.0001930005785848725, 0.000998081099746007, 0.006357993225834602, -0.21604868234219507, -0.20798389421030442, -0.9539736194504113, -0.9125679292924714, 0.390443287316596, 0.1215475784055818, 0.3471926573029048, 0.8968259246579167, -0.27415418941978764
0.00019101894625609772, 0.0009961734389162186, 0.00634924323048815, -0.19304646779653506, -0.22489299345408842, -0.955068690077599, -0.91827340659603, 0.3843556161966689, 0.09510368571512431, 0.34569786231592986, 0.8953736101725013, -0.2807117493031921
0.00018924723835324935, 0.0009941094555740433, 0.00634047796912239, -0.17321202279641784, -0.2223506479173328, -0.9594570258899121, -0.9214748270104355, 0.38048961563641676, 0.07817797374542235, 0.3476805118853533, 0.8976568619264235, -0.2707959008026978
0.00018765775039377393, 0.0009920690447992003, 0.006331673468339678, -0.1565032786280125, -0.20034364590380632, -0.967144842991293, -0.9226948684414622, 0.378973156630819, 0.07080625893990884, 0.3523363499987979, 0.9034609953391697, -0.244166595525026
0.00018622277789511802, 0.0009902321016714098, 0.006322805754742393, -0.1427767788296831, -0.1596255686284944, -0.9767980698522338, -0.9223995812251975, 0.379306347789187, 0.07284028474964045, 0.3588785365309552, 0.9113980317988724, -0.20139469618274888
0.00018491411035710786, 0.0009887690010074726, 0.006313852590679688, -0.13352357637859238, -0.1291335629061101, -0.9825965486822371, -0.9220544483681642, 0.37964445806099345, 0.07540344626112917, 0.36330021854597144, 0.9160756564797191, -0.16975966190382535
0.00018368942349911087, 0.0009875845796363057, 0.006304840151734282, -0.1308048140320953, -0.14130701300483398, -0.9812861095020557, -0.9229967617325423, 0.3786604796875244, 0.06850707229224143, 0.36189373917943024, 0.9146849562545923, -0.17995652904039067
0.00018249080190868157, 0.000986289721813832, 0.006295848198907921, -0.13252793359274512, -0.18377864220843085, -0.9739926886202291, -0.9249416730518758, 0.3761258256010723, 0.05488410305278465, 0.3562572781988234, 0.9081601037173661, -0.2198317032332434
0.0001812777546976545, 0.0009846075695057583, 0.006286933103935398, -0.1335381479804591, -0.22188017934827653, -0.9658865094028003, -0.9267489492360717, 0.373283413724933, 0.04237780229905529, 0.3511466191262366, 0.9007933609048399, -0.25547479880797735
0.00018005470850818476, 0.0009825754183042119, 0.006278086764274029, -0.13320887942418685, -0.25046736761730864, -0.9589168327865605, -0.9282246900084178, 0.3706293352305168, 0.032137528302001755, 0.3473533061615064, 0.8943712839897316, -0.2818611130915892
0.00017883288184189475, 0.0009802780661298438, 0.006269291328398301, -0.1316566760763782, -0.2697338192754364, -0.9538921251292548, -0.9293661875049892, 0.36837122841291614, 0.024106588311091286, 0.3448840517724195, 0.8896888809109876, -0.2991800227561889
0.0001776234932004069, 0.000977800310903306, 0.006260528944782701, -0.12895909802819114, -0.27987622706727805, -0.9513352976518535, -0.9301811296753774, 0.36664815839797876, 0.018226188279764542, 0.3437042580934867, 0.8872645746709129, -0.30761820086342384
0.00017643776108534353, 0.0009752269505452497, 0.0062517817619017185, -0.12515085363370482, -0.281017322508518, -0.9515075030103014, -0.9306845238062379, 0.3655371122323981, 0.014454643833571203, 0.34374929960992096, 0.8873623183519475, -0.307285754610828
0.00017528690399832704, 0.000972642782976326, 0.006243031928229838, -0.12022492030156146, -0.2731677840256934, -0.9544240830516459, -0.9308972385566809, 0.36505762441468764, 0.012777406006336705, 0.3449294127586529, 0.8900069059435421, -0.29818015961289907
0.00017418214044097983, 0.0009701326061171865, 0.006234261592241549, -0.11413750730104802, -0.25622339979004644, -0.959855300984025, -0.9308460250763517, 0.36517283983359405, 0.013208885169625248, 0.3471286606240679, 0.8949851207969317, -0.2801844508987649
0.00017313468891492432, 0.0009677812178884832, 0.0062254529024113395, -0.10681699692976529, -0.22999715697585946, -0.9673114477508928, -0.930564729497868, 0.3657869325099947, 0.01578620345392078, 0.3501991053407569, 0.9018321505623706, -0.2530995038133877
0.0001721557679217828, 0.0009656734162108666, 0.006216588007213695, -0.09817852208497349, -0.1942925264395398, -0.9760181309642516, -0.9300963016447316, 0.36674026689473177, 0.020553498601785354, 0.35395175867341444, 0.9098087660644525, -0.21671677767140066
0.00017125659145907941, 0.0009638939713491645, 0.006207649060976806, -0.08961739978617711, -0.15791755374623054, -0.9833772256231943, -0.9296406352734985, 0.3675706024180797, 0.02569321868307197, 0.3574031489842398, 0.9164899881923514, -0.17974729661202965
0.00017043515573499213, 0.000962446494403648, 0.0061986353963836794, -0.08591397798801954, -0.14952848627263712, -0.9850177765803457, -0.9296751984422729, 0.36751060713154643, 0.025297807160363048, 0.35822173829570264, 0.9179200321590198, -0.17058722335974996
0.000169647192918072, 0.0009610750890745917, 0.00618960127411246, -0.0871908933796968, -0.17053453151384096, -0.9814864857312122, -0.9302563241139246, 0.3664193755999553, 0.018973998813849525, 0.35639994326276125, 0.9146883702913763, -0.1905892591307467
0.00016884787154778592, 0.0009595117159959707, 0.0061806035096409395, -0.08816562978183037, -0.19473936951209422, -0.976884537541262, -0.9309795012670681, 0.36489710839198214, 0.011281334481844018, 0.3542654230173959, 0.9104541055150458, -0.2134697444723807
0.0001680396570135118, 0.000957726539740501, 0.006171648406802087, -0.0869210253553418, -0.212458751632145, -0.9732964677867102, -0.9316655016207748, 0.36329627462712966, 0.0038999912511955633, 0.3527663935820506, 0.9071257331246644, -0.22951857411145193
0.00016724260915118927, 0.0009557783368387538, 0.006162723479077361, -0.08348626108775332, -0.2237412483823576, -0.9710663715637009, -0.9322989118304135, 0.36167475775298746, -0.0031794031114128, 0.3519215583186323, 0.9050586850456838, -0.23878859565306615
0.0001664768172927053, 0.000953726032373494, 0.006153816208447414, -0.07787938681992257, -0.22863926793412556, -0.970391099643386, -0.9328670006979168, 0.3600828970383537, -0.00997327776306982, 0.3517015213464762, 0.9044691218715061, -0.24133306334516338
0.00016576237076994674, 0.0009516285514274856, 0.006144914076892897, -0.07019646898272434, -0.2273148896363327, -0.9712880091363115, -0.9333568377355783, 0.35857213932619353, -0.01646312094586362, 0.3520191318587652, 0.905402651779118, -0.23733640461745975
0.00016511848886947408, 0.0009495434900951158, 0.006136004871368857, -0.062259223526259705, -0.22253394832976794, -0.9729349571922429, -0.933724644384246, 0.35731680882147426, -0.02197695618486703, 0.35253663292687865, 0.9070850786857879, -0.23003169883774063
0.00016454752275658872, 0.0009475026785291109, 0.006127082291562444, -0.05572610591583055, -0.21681223423380436, -0.9746214938149085, -0.9339561268403437, 0.35644840463481087, -0.025893782471513346, 0.35301636542353326, 0.9088107558341529, -0.22235659608681357
0.00016403653628211285, 0.0009455145956122513, 0.006118145395777458, -0.05065972296898506, -0.21024460675331166, -0.9763353920655806, -0.9340775650729425, 0.3559560708064541, -0.028184713648247164, 0.35345819398637335, 0.9105451559297738, -0.21441740628203507
0.00016357204037289026, 0.0009435868756396646, 0.006109193436132488, -0.047061505544316505, -0.2028331033848604, -0.9780817690086901, -0.9341094787399571, 0.3558195184077675, -0.02884357897747934, 0.3538710166488179, 0.9122780291617962, -0.206213726712363
0.00016314054595576471, 0.0009417271529064766, 0.006100225664746124, -0.04493195906185876, -0.19457819286800587, -0.979857359984138, -0.9340650471145567, 0.35601412706769137, -0.027864477154807048, 0.3542648822755997, 0.9139985055723291, -0.1977451010715681
0.00016272856395757994, 0.0009399430617078137, 0.006091241333736952, -0.044270772591162855, -0.18547911883038626, -0.9816504444923789, -0.9339500991864896, 0.35651095726955956, -0.025241821968480436, 0.3546509705664539, 0.9156950550399657, -0.1890112569442004
0.00016232260530517969, 0.0009382422363388026, 0.00608223969522356, -0.04507673998663459, -0.17553435448641708, -0.9834407851554735, -0.9337631230630746, 0.357276733008031, -0.020970599862703717, 0.35504157153729315, 0.9173554526170022, -0.1800123774471749
0.0001619091809254077, 0.0009366323110945693, 0.006073220001324535, -0.04884265417088504, -0.1700194727934257, -0.9842295331906012, -0.9335084614164195, 0.35821783457205697, -0.015554274603972773, 0.35521310166925524, 0.9180268851539981, -0.1762109262700679
0.0001614611915364285, 0.0009350728765997769, 0.006064192556058217, -0.061777546340301276, -0.19082455783945068, -0.9796782751972968, -0.9332369597428424, 0.3590900511042675, -0.011095592272200937, 0.35391003339564747, 0.913586516605468, -0.20026823247479617
0.00016089498614104151, 0.0009333239257167836, 0.006055213579746912, -0.08299869015733836, -0.2305678750300722, -0.9695100166766113, -0.9328008000726857, 0.3603450458156514, -0.005840833833764751, 0.35070484002352137, 0.9038749376767968, -0.2449820651064955
0.00016013412389627197, 0.0009312102731924538, 0.00604632592662592, -0.10532434209268557, -0.2516741924846898, -0.9620638667988328, -0.9314938755795952, 0.36369276266119827, 0.0068362376765980165, 0.34817516097569134, 0.8968766220752131, -0.27273866989209067
0.00015916764580798076, 0.0009289008584114834, 0.006037497828312431, -0.1273594206335578, -0.25850349071780226, -0.9575779463117328, -0.9293439603051518, 0.36842472288315864, 0.024145952306839885, 0.34655357655090063, 0.8929944954226644, -0.2871610170698666
0.00015799821153703682, 0.0009265272386219129, 0.0060287051967038196, -0.14893292732753383, -0.2622308342567761, -0.9534432194539152, -0.9267109869259563, 0.3734141422313507, 0.04205502457905218, 0.3450010577786272, 0.8898296847973886, -0.2986258565245291
0.00015662994993908655, 0.0009241180978982976, 0.006019945819134238, -0.17005226745583257, -0.26336542944950403, -0.9495898466727667, -0.9235995023487013, 0.37857028926545616, 0.0604027759850524, 0.3435784999012039, 0.8873123388392314, -0.3076209156564151
0.0001550670545497332, 0.0009216975914177909, 0.006011218445983939, -0.1907349988063585, -0.2619212766711712, -0.9460535952351126, -0.9199924591992148, 0.383848526416901, 0.0792097455124996, 0.34239456077297675, 0.8854702443303883, -0.3141789476692588
0.00015331371890457994, 0.0009192898743575473, 0.006002521827633181, -0.21099700652496733, -0.25790391877376273, -0.9428498459026438, -0.9158716538081054, 0.38920052156961515, 0.09849907492329889, 0.341554354368831, 0.8843124576138662, -0.3183270336000622
0.00015137413653923, 0.0009169191018947207, 0.005993854714462221, -0.2308502607900709, -0.25131014722945955, -0.9399741310231167, -0.9112178454143482, 0.3945735075473753, 0.11829533101603948, 0.34116007282738875, 0.8838297104314092, -0.32008568800735543
0.00014925250098928668, 0.0009146094292064651, 0.005985215856851316, -0.25030069269269273, -0.24212849000501074, -0.9374024522932781, -0.9060110472581187, 0.39990948336322285, 0.13862318479391264, 0.3413115079861874, 0.8839944566817451, -0.3194687075006583
0.00014695300579035305, 0.0009123850114699343, 0.0059766040051807195, -0.26934616368678693, -0.23034048869008478, -0.935091387714176, -0.9002310092783803, 0.4051444100878895, 0.1595059149629406, 0.34210637825220297, 0.8847605700100729, -0.3164837432074698
0.00014447984447803235, 0.0009102700038622826, 0.005968017909830692, -0.2879745204630133, -0.21592279534840222, -0.932978039405553, -0.8938579147288428, 0.41020746736043096, 0.18096370353843289, 0.34364036992283425, 0.886062740538543, -0.3111335982960128
0.00014183721058792792, 0.0009082885615606639, 0.005959456321181487, -0.30480559371960037, -0.20013040913774552, -0.9311505621410539, -0.8874087876369213, 0.4146800390960864, 0.20136064362242612, 0.34583116352059917, 0.8876870419881249, -0.3039942792625575
0.00013904171395976675, 0.0009064530838152924, 0.005950916358955038, -0.28544747703892487, -0.21558837213620557, -0.9338315649258025, -0.894556649652248, 0.4095974589517077, 0.1788807484981247, 0.3439304267072887, 0.8864262944091659, -0.3097745731414657
0.00013642451785967637, 0.0009044764082719217, 0.005942354292282675, -0.2420757291169311, -0.2688430704817283, -0.9322675285702398, -0.9108206551332472, 0.3940955907051752, 0.12285926733210498, 0.3343726597004438, 0.87886976784999, -0.3402687990459244
0.0001342002182440177, 0.0009020061584020714, 0.005933788203013609, -0.2662552322379247, -0.3121012717144989, -0.911976396350323, -0.9088575332006565, 0.3964375056518005, 0.12967377705995986, 0.321070297054004, 0.8633829395504473, -0.38920915205437107
0.000131760024153068, 0.000899145791405283, 0.0059254300596082955, -0.35646363722143165, -0.3399362623306, -0.8702741021606751, -0.8842197742560644, 0.42363170517490306, 0.1967017264417339, 0.30180965218730543, 0.8396305830085667, -0.45158766360837654
0.00012850319425803536, 0.000896039963865078, 0.005917478800582599, -0.440953131922633, -0.3560002023053304, -0.8239078779852665, -0.8527898336195677, 0.4523956000040357, 0.26093623890157286, 0.2798389449714445, 0.8176809139606673, -0.5030786099822934
0.00012445569468083338, 0.0008927722454523931, 0.005909916167399207, -0.49483196958495007, -0.3651564607553501, -0.7885442796985502, -0.8286169159459461, 0.471645088887713, 0.3015707491391203, 0.26179252946733966, 0.8026279768963501, -0.5359598886282111
