0.009791972115635872, 0.02104261890053749, 0.03755344823002815, -0.1539804352214562, -0.2375384425596831, -0.959096196361622, -0.8391127308652842, 0.5439575579798249, -4.05344386703954e-06, 0.5217085876893498, 0.8047892043404569, -0.28308035274147614
0.009783971680991358, 0.021032534643606944, 0.03750976754616204, -0.15280743932766316, -0.24018887188290075, -0.9586235926106462, -0.8394769712256853, 0.5433902507480758, -0.002334560706682431, 0.5214674498642005, 0.8043856918267275, -0.28466709946280194
0.009777856886667336, 0.02102122967230922, 0.03746609051325154, -0.1555192830268711, -0.24107598660104745, -0.957964572043841, -0.8391920107140491, 0.5438348861450225, -0.0006211001061165688, 0.5211242862892875, 0.8038196223631034, -0.2868858535088802
0.009772733941715097, 0.02100919647538328, 0.03742243803925164, -0.16111072345750427, -0.2407100116747592, -0.9571321878750797, -0.83840331750601, 0.5450352661820833, 0.004054110598176475, 0.5206949317805161, 0.8031159622977014, -0.28962309838947736
0.00976770905518594, 0.02099692754156808, 0.0373788310321173, -0.1687116143581547, -0.23949166664934893, -0.9561276759858917, -0.8372209443567552, 0.5467585695206629, 0.010777615047011349, 0.5201898514110482, 0.80230842464805, -0.2927519602457276
0.009761888436131155, 0.020984915359602594, 0.03733529039980353, -0.1777595162454325, -0.23759461631202416, -0.9549609168357267, -0.8357026829352213, 0.5488531819721862, 0.01900553534839782, 0.5196177249854578, 0.8014418150674123, -0.2961223344200653
0.009754424030191852, 0.02097362802984388, 0.03729183657857421, -0.1877283906303317, -0.23516938186075834, -0.9536526690502021, -0.8339132136953294, 0.551172666036508, 0.02823905519906077, 0.5189863229177368, 0.8005648343822234, -0.29958161254471216
0.009745193197649927, 0.020963146835674643, 0.03724848252333952, -0.2022044368070891, -0.22963183095673603, -0.9520412742875095, -0.8309475552608059, 0.5547105317601012, 0.042689417430035195, 0.5183044724306534, 0.7997283589856513, -0.30297693920907465
0.009734652766780736, 0.02095324418132891, 0.03720523509144357, -0.21866436557710905, -0.22221512157667508, -0.9501612152521403, -0.8271848968601584, 0.5587508574296036, 0.05968773515666224, 0.5176398763940134, 0.7990105875796305, -0.3059918941776795
0.009723199121702825, 0.020943736630452205, 0.03716208904678775, -0.23462174232245997, -0.21418947620126094, -0.9481959219033811, -0.8231512570986103, 0.5626335555174422, 0.07658648799089099, 0.5170828231207751, 0.7984775203413248, -0.30831640167694363
0.009711085717869774, 0.02093453919469078, 0.03711901692452233, -0.24765153091269834, -0.2068580940760174, -0.9465085568296963, -0.819541130867467, 0.5657838849989174, 0.0907795697941183, 0.5167407996791721, 0.798184392475053, -0.30964596163386415
0.009698550396746114, 0.020925577640468467, 0.037075988831457005, -0.2554655226942431, -0.20149540921612186, -0.9455881591789232, -0.8171466112604896, 0.5677268293770898, 0.09978809002548851, 0.5167289254725881, 0.7981765764981232, -0.3096859220398633
0.009685830999796377, 0.020916777734209135, 0.037032974874401485, -0.2573203759978544, -0.19848409181434437, -0.9457220994525599, -0.816315913683258, 0.5683802696863706, 0.10282119479327498, 0.5171214104673977, 0.7984659882098196, -0.30828154746647696
0.009673165368485101, 0.020908065242336623, 0.03698994516016548, -0.25368091230464107, -0.19746761577104593, -0.9469173857596995, -0.8169358201506473, 0.5679175672612075, 0.1004266028047411, 0.5179400163021528, 0.7990470433696696, -0.3053882152197678
0.00966079134427681, 0.02089936593127477, 0.036946869795558675, -0.2448591136952618, -0.19817490036631627, -0.9490894179713372, -0.8188490659349745, 0.5664274186102564, 0.0929848733071206, 0.519163001048602, 0.7999291770596458, -0.3009702477503171
0.009648946768636044, 0.02089060556744745, 0.036903718887390795, -0.23090427610298075, -0.2005590091259082, -0.9520815611783437, -0.8219121581394774, 0.5638902104473262, 0.08054958016139283, 0.5207145279131985, 0.801126653170461, -0.29504654886988774
0.009637869483027335, 0.020881709917278498, 0.036860462542471537, -0.21332628628032663, -0.2048785009449074, -0.9552573974758907, -0.825681315664053, 0.5604739216211787, 0.06418214818666534, 0.5222473174130456, 0.8024299240638676, -0.28872817046788696
0.009627797328915215, 0.020872604747191766, 0.036817070867610595, -0.19458065792007484, -0.21146051207441527, -0.9578219142390807, -0.8296030672986273, 0.5564821065812731, 0.045677300528575236, 0.5233518112055218, 0.8034999171674473, -0.2837089438488067
0.009618968147764216, 0.020863215823611104, 0.036773513969617685, -0.17538505590223802, -0.21999326326560342, -0.9596056722862364, -0.833446570495253, 0.5519983985953785, 0.02577948947979424, 0.524029480369063, 0.8043013937983003, -0.2801649007963729
0.00961161978103887, 0.02085346891296036, 0.03672976195530251, -0.156211601472839, -0.23007670286779186, -0.9605533021976327, -0.8370510142326266, 0.5471012426414444, 0.005082309742476957, 0.5243505841871658, 0.8048260315730805, -0.2780494987675842
0.009605967937761339, 0.020843285467784807, 0.03668579079478423, -0.1375395835324084, -0.24131812724815405, -0.9606500010009762, -0.8402945293663735, 0.5418993155811309, -0.015818839706082877, 0.5243929508285524, 0.8050532238517809, -0.27731090834508815
0.009601537625386711, 0.020832452594981656, 0.036641759370042465, -0.11985497948538135, -0.25333552466985987, -0.9599249428120958, -0.8430982930332973, 0.5365309809896597, -0.03632870383889015, 0.524232822491018, 0.804956904671623, -0.2778926581336409
0.009597423889602528, 0.020820734469543, 0.036597925647569286, -0.1036491340897837, -0.26575966351044666, -0.9584511767707588, -0.8454279519042892, 0.5311609134678029, -0.05585393578762326, 0.5239355257484999, 0.8045122032976649, -0.27973501676368634
0.009593534226330446, 0.02080819014874108, 0.03655429912036112, -0.08941644359311059, -0.2782345574436495, -0.9563421096340454, -0.847287902774344, 0.5259807653486928, -0.07380680385613095, 0.5235531581677395, 0.8036975584928325, -0.28277610409164
0.009589893037605594, 0.020794920059765114, 0.03651085378623292, -0.07765050648549396, -0.29041605134010307, -0.9537446807015852, -0.8487095710807103, 0.5212120556538897, -0.08961058529572899, 0.5231275779372973, 0.8024939315440767, -0.28695126247568253
0.009586524725463083, 0.02078102462980431, 0.03646756364299962, -0.06878836497690355, -0.30195752252044356, -0.9508363767952508, -0.849740612202905, 0.5170934057965467, -0.10273899773095077, 0.5226940336533762, 0.8008970372495106, -0.29215557997087716
0.009583453691938032, 0.020766604286047877, 0.036424402688476146, -0.06171770388583779, -0.3121747104797843, -0.9480178664792783, -0.850488688952666, 0.5135488249734057, -0.11373915039250812, 0.5223599477282264, 0.7992587531615136, -0.29719611455075845
0.009580704339065561, 0.020751759455685026, 0.03638134492047744, -0.05437483099464949, -0.32029611763089455, -0.9457556633638943, -0.8510726202322573, 0.5102279626437644, -0.12386614237713757, 0.5222248297862744, 0.7981715499608901, -0.3003388153198437
0.009578301068880789, 0.02073659056590496, 0.036338364336818446, -0.04650237123688323, -0.3262382169726993, -0.9441430798643928, -0.851526730460851, 0.5070888771251175, -0.13327827282284388, 0.5222449203008108, 0.7977653141635461, -0.30138139746430687
0.009576268283418838, 0.020721198043896917, 0.036295434935314105, -0.03810050854408429, -0.33001123120741643, -0.9432077918071115, -0.851868334717469, 0.5041447857427638, -0.14198019338650378, 0.5223683485380488, 0.798079333328052, -0.3003342906833712
0.00957463038471482, 0.02070568231685008, 0.03625253071377936, -0.029167916333722683, -0.33162023055268597, -0.9429619585884322, -0.8521118082038149, 0.501410120295314, -0.1499778569825021, 0.5225463606000659, 0.7991344780158233, -0.2972026027308708
0.009573411774803852, 0.020690143811953676, 0.03620962567002913, -0.019702377935224658, -0.33106454119894546, -0.9434023986955032, -0.8522766061360494, 0.49888834139748905, -0.15727367691663977, 0.5227201956466909, 0.8009411291589377, -0.29198785023471635
0.009572636855721059, 0.020674682956396913, 0.03616669380187837, -0.009701537606577125, -0.3283376842496754, -0.9445105850490129, -0.8523773582821461, 0.49658713781540087, -0.163872064868476, 0.5228371823579671, 0.8034896263536129, -0.28468526671767436
0.009572330029501558, 0.020659400177369, 0.03612370910714201, 0.000832611410487622, -0.3234282349305505, -0.9462523361175642, -0.8524155417632028, 0.49453233827414345, -0.16978077206107212, 0.5228642758104485, 0.8067415591444492, -0.27528350083213954
0.009572515698180465, 0.02064439590205915, 0.036080645583634996, 0.010148682860682514, -0.3165133783434485, -0.9485337556280273, -0.8523999452384284, 0.49319845772956816, -0.17369402594994363, 0.5227918683316695, 0.8102928869382925, -0.26479067163231035
0.009573218263792897, 0.020629770557656572, 0.036037477229172256, 0.013584644324824199, -0.30827513254536804, -0.951200241848531, -0.8524311164443005, 0.49367849302717765, -0.1721706631222008, 0.5226630359572901, 0.8131715613427162, -0.2560768686690734
0.009574462128373977, 0.020615624571350476, 0.035994178041568736, 0.011247107135324726, -0.29940067982790736, -0.9540611801659648, -0.8525333924934249, 0.49573822226039455, -0.16562134425778485, 0.522551736447922, 0.8152317755759344, -0.2496734563916855
0.009576271693958818, 0.02060205837033008, 0.03595072201863937, 0.004390266706233479, -0.290526142271499, -0.956856983156359, -0.8526293306950891, 0.4988777654411231, -0.1553840390352759, 0.5224977990352615, 0.8165265064927854, -0.24552090379027813
0.009578669715629718, 0.02058917220208234, 0.03590708322139716, -0.005745685450134422, -0.28227716424474464, -0.959315688209389, -0.8526175250421892, 0.5026456380714163, -0.14279607319079426, 0.5225039168175105, 0.8171089064951651, -0.24356250088352221
0.00958088083275137, 0.02057697921332507, 0.035863266341192704, -0.017933619111468967, -0.2752903833091062, -0.961193835895284, -0.8524250485926189, 0.5066352707694105, -0.12919844791744745, 0.5225417895608313, 0.8170287065152189, -0.24375022234376015
0.009580810535318203, 0.020565275373094764, 0.035819346167482294, -0.03094573154443853, -0.2702250769161065, -0.9622997295566822, -0.8520457856682747, 0.5104653307912222, -0.11594449182751346, 0.5225517589905443, 0.8163354420003411, -0.24604086105766215
0.009578532944109085, 0.020553852137767756, 0.03577537840317783, -0.0437754780535526, -0.26765797130006735, -0.9625190480820186, -0.8515487839840732, 0.5138250069335291, -0.10415628039155901, 0.5224446152621627, 0.8150724339893303, -0.2504167552986015
0.009574636517777351, 0.020542507531521592, 0.03573141219307091, -0.05633926451295158, -0.2677500537700709, -0.961839797461232, -0.8509993094087932, 0.5166884566684882, -0.09398518038123196, 0.5221360576132399, 0.8132299474636063, -0.25696495848353224
0.00956970971497636, 0.02053103957853384, 0.035687496681953194, -0.06878264263973305, -0.27054377613673286, -0.9602473708712627, -0.850434586241062, 0.5191127853708581, -0.08534008782221136, 0.5215649169532862, 0.8107576587724514, -0.26578573352481716
0.009564340994359459, 0.02051924630298205, 0.03564368101461626, -0.07952057396720501, -0.27591117950540484, -0.9578880411299969, -0.849985409152847, 0.5207816305415641, -0.07944367512733098, 0.5207698940445707, 0.8078734519183101, -0.2759333309739882
0.009559118814579817, 0.020506925729043866, 0.035600014335851776, -0.08410202267645522, -0.28333248031413377, -0.9553269363839638, -0.8500244369829377, 0.5206945519271656, -0.07959673438783682, 0.519985871263411, 0.805356994873956, -0.28463099707168604
0.009554524778696213, 0.020493922926436103, 0.03555653379607329, -0.08278785632706152, -0.29218636550696836, -0.9527713779583211, -0.8505560867766229, 0.5189310608284079, -0.08523436721617153, 0.519326981864035, 0.80332912428178, -0.29148208176260293
0.00955061459038278, 0.02048027047650102, 0.035513228739136045, -0.07697865845995183, -0.30181399854961416, -0.9502539641702106, -0.8514036845460016, 0.5158593205434817, -0.09487321724232836, 0.5188314293517682, 0.8017465133618674, -0.29667570886220257
0.009547337857860006, 0.020466047671451264, 0.03547007659984185, -0.0680767280709478, -0.31155165123319184, -0.9477874907958144, -0.8523612274682315, 0.5118815166026666, -0.10704041699005001, 0.5185035168675368, 0.800570347673723, -0.3004017666751818
0.00954464418934839, 0.020451333803499464, 0.03542705481299255, -0.05747942003346064, -0.32074951090659126, -0.9454183558223309, -0.8532500677782534, 0.5074411018528614, -0.12028237604387336, 0.5183246454771594, 0.7997645149689604, -0.3028469621565334
0.00954248319306843, 0.020436208164858288, 0.035384140813389975, -0.046581066137098975, -0.32878058038470115, -0.9432568760626293, -0.8539538601429095, 0.5030216425189058, -0.13316167581029523, 0.518259596172184, 0.799295037592178, -0.304194730158107
0.00954080447724062, 0.020420750047740372, 0.035341312035835994, -0.03654636915977479, -0.3351421791755219, -0.9414584869439118, -0.8544385591302751, 0.49905735744352453, -0.1444870328190935, 0.5182654836786037, 0.7991379566251177, -0.30459713509554615
0.009539557650085457, 0.02040503874435836, 0.03529854591513241, -0.027613883375206327, -0.33975004245944307, -0.9401103031526392, -0.8547464343919734, 0.4956662858492543, -0.1540242382438979, 0.518310723735433, 0.7993027222030538, -0.30408740838719356
0.009538692319823436, 0.02038915354692491, 0.035255819886081084, -0.019787710559290076, -0.3426209213356446, -0.9392653250141494, -0.8549270515290488, 0.4928767469666761, -0.1617783943034252, 0.5183707004400123, 0.7998021108765975, -0.3026687964800298
0.00953815809467505, 0.020373173747652656, 0.03521311138348384, -0.013069479597954048, -0.3437684583906772, -0.9389634900882653, -0.855022402869699, 0.49070874122078795, -0.16775464786537542, 0.5184263489580414, 0.8006423535544489, -0.30034304120593175
0.009537904582860803, 0.020357178638754258, 0.03517039784214253, -0.00745933482127011, -0.3432022516866804, -0.9392319057406517, -0.8550667793516011, 0.48917439104166727, -0.17195702369573143, 0.5184642332633029, 0.8018233156913103, -0.29710975958471825
0.009537881392601182, 0.020341247512442345, 0.035127656696858967, -0.0029567068139564013, -0.34092728020144997, -0.9400850214205406, -0.8550871470421586, 0.48827761557626903, -0.17438733064777073, 0.5184758710375229, 0.8033390067347628, -0.29296622912937725
0.00953803813211669, 0.020325459660929586, 0.03508486538243502, 0.0004391393498509068, -0.3369436808131611, -0.941524701278044, -0.8551037146747359, 0.48801344392135637, -0.17504432496223626, 0.5184567911659557, 0.8051781383719355, -0.2879074871930305
0.009538324409627817, 0.02030989437642861, 0.03504200133367251, 0.0027316081324871688, -0.33124558395333825, -0.9435406199143853, -0.8551289865519267, 0.48836899190118854, -0.1739256855904027, 0.5184080966532885, 0.8073240308951721, -0.28192366779588746
0.009538689833355063, 0.020294630951152078, 0.034999041985373285, 0.004026441623612873, -0.3237759773225984, -0.9461252053912568, -0.8551670595390534, 0.4893046381181618, -0.1710855674666446, 0.5183368480507448, 0.8097839759002712, -0.27491239391480393
0.009539084011518921, 0.020279748677312623, 0.03495596477233916, 0.004558392434855107, -0.31441502387845005, -0.9492746777502935, -0.8552148146634027, 0.49074954326144893, -0.16665085228981363, 0.5182536462376814, 0.8125934275812186, -0.2666553573681864
0.00953945655233989, 0.0202653268471229, 0.03491274712937201, 0.004596121585651775, -0.30334233283513545, -0.9528705603472635, -0.8552655019648047, 0.49256661000868485, -0.16093183604695147, 0.5181696602612514, 0.815696980388361, -0.25717433653078475
0.009539757064038465, 0.020251444752795555, 0.03486936649127363, 0.004478306578713621, -0.2915733742867384, -0.9565379826108489, -0.8553105436615315, 0.4944719196865008, -0.15473006993781876, 0.518096341110032, 0.818829950629917, -0.24717138442749623
0.00953993644226596, 0.020238182286281298, 0.03482580013215988, 0.004555809145635543, -0.2802796547099319, -0.9599075787588667, -0.8553448099233042, 0.496187758672322, -0.14893946515616394, 0.5180390919035891, 0.8217305052749466, -0.2374752112543243
0.009539992285604731, 0.02022564109567101, 0.03478201949708926, 0.00518062018314082, -0.27065198626089654, -0.9626633178362775, -0.8553698579266051, 0.4974657615428227, -0.14446529771276856, 0.5179918602884966, 0.8241816052458651, -0.2289303698708663
0.009539981012346812, 0.02021394999945938, 0.03473798875785395, 0.0067056024495463825, -0.2638954321791286, -0.9645279859966632, -0.8553812484112497, 0.4980913592717737, -0.14222488419826051, 0.5179555528828709, 0.8259928563212806, -0.22239120158857864
0.009539974650377323, 0.02020309851709628, 0.03469371349435042, 0.009482797014975989, -0.26121584506620504, -0.9652338363563108, -0.8553621035572959, 0.49786284063976305, -0.1431372198561349, 0.5179437694951166, 0.8269817858915964, -0.21871300245923964
0.00954007741529604, 0.020192693447952242, 0.03464931291509036, 0.013390124743411533, -0.2633281818937408, -0.9646133801580263, -0.8552924200344688, 0.4967165696008049, -0.14747042318916143, 0.5179725676046344, 0.827001159675454, -0.21857150112610013
0.00954039892979861, 0.020182277299658442, 0.034604925316638814, 0.015572377555711526, -0.2681827114361822, -0.9632421992126381, -0.8552138833550332, 0.4955477618434071, -0.15179469506143378, 0.5180412288361479, 0.8261419061025336, -0.22163672125170636
0.009541048816580697, 0.02017139257984611, 0.0345606889955609, 0.014286897460550948, -0.2742975966454139, -0.9615387215476564, -0.8551735815010528, 0.49496600839492116, -0.15390515272810437, 0.5181447964262634, 0.8244813393935297, -0.22750052951199337
0.009542136698337941, 0.020159581796146405, 0.03451674224842165, 0.009959105744083119, -0.2818126204427439, -0.9594177730123474, -0.8551575006501414, 0.49488892124545103, -0.1542420328908993, 0.5182725781811939, 0.8219894175643065, -0.23606552505122516
0.009543772197766004, 0.02014638745619054, 0.03447322337178617, 0.0030886259589774662, -0.29062442327219734, -0.9568322240536153, -0.8551381600238531, 0.49525030212798987, -0.15318572228884017, 0.5183909602420788, 0.818696880927146, -0.24699439163563644
0.009545850374785286, 0.02013156650002735, 0.03443020791617454, -0.005893627322114883, -0.2997926516816365, -0.9539861797503574, -0.8550914595101594, 0.4961161811451614, -0.1506231412457158, 0.5184436912816796, 0.8148577181346659, -0.2592740599570118
0.009547020479436848, 0.020116134648434342, 0.03438740278014016, -0.016571064017800282, -0.3082502581542217, -0.951160963341733, -0.8549989622059548, 0.49755245455801633, -0.14635002422286636, 0.5183649047380219, 0.8108164609275942, -0.27179862439827185
0.009546490615164303, 0.020100867551123617, 0.03434457781708248, -0.028532056744866318, -0.3149429457231257, -0.9486816445347449, -0.8548326483709708, 0.499618000225568, -0.1401534770516825, 0.5181187750091478, 0.806965175698335, -0.283478641511447
0.009544512125778112, 0.020085818204000544, 0.034301707011395094, -0.04136828419363532, -0.318822577980373, -0.9469112043020843, -0.8545259085502898, 0.5024018160214353, -0.13182521334959293, 0.5177587630153414, 0.8037067742829551, -0.29322565421959706
0.009541382135920106, 0.020071007879683116, 0.03425877330883771, -0.054589477820899346, -0.3189036487166984, -0.9462137452745115, -0.853985016058996, 0.5059701534179393, -0.12125921077156679, 0.5174259186182675, 0.8014328834565024, -0.2999595840386478
0.009537397770232124, 0.020056457850789335, 0.034215759655170014, -0.06616247062531357, -0.31553216556634545, -0.9466055038788688, -0.8532606812780116, 0.509695249872634, -0.11025861436757085, 0.517270468194095, 0.8004062748069168, -0.3029538875538263
0.009532856153355989, 0.020042189389937185, 0.03417264899615174, -0.07057154951304324, -0.3125017424565055, -0.9472920971701262, -0.8528609676110267, 0.5114345273400159, -0.10518029363943569, 0.5173469110035466, 0.8004857183024208, -0.30261326552044304
0.009528054409933545, 0.02002822376974468, 0.034129424277542585, -0.06413356389923777, -0.3125877802122306, -0.9477213544304953, -0.8531867237454731, 0.5097868851236793, -0.11040718355416199, 0.5176478536669965, 0.8015024712487709, -0.29939019385421595
0.009523289664606619, 0.02001458226282981, 0.03408606844510226, -0.04935261569682337, -0.3136918087170704, -0.948241408327908, -0.8538644635039079, 0.5057826660585112, -0.12287950471876104, 0.5181503616606526, 0.8036052164206984, -0.2928119854998723
0.009518894853245911, 0.020001258747420057, 0.03404257543362661, -0.030039446388105538, -0.31290610235364386, -0.9493089079801933, -0.854395398022366, 0.5009411255182411, -0.1380814708884606, 0.5187544076910566, 0.80693727133797, -0.28239352794767114
0.009515689559464897, 0.0199878748325211, 0.03399908851067132, -0.0085647683541006, -0.3102444979620748, -0.9506182179125859, -0.8545847406482542, 0.49590743049384844, -0.15414519594247833, 0.5192413367541117, 0.8110636053141881, -0.26937754609572456
0.009514844322472592, 0.019973783657864046, 0.033955858638050215, 0.013181958531446854, -0.3067823035413995, -0.9516884228586098, -0.8544326023626093, 0.4909321946127552, -0.17008970666258158, 0.5193949980401568, 0.8153957312413014, -0.2556533541425364
0.009517257344761092, 0.019958551682524518, 0.033913065098834315, 0.03349268196006208, -0.30361893075418095, -0.9522046970808377, -0.8540469898896367, 0.4861657520031507, -0.1850583708986485, 0.5191165373165961, 0.8194256564612185, -0.2430218389724024
0.009522034896219896, 0.01994314806332797, 0.0338704133735883, 0.05266805073421514, -0.3014984101083413, -0.9520109164993859, -0.8534564678269548, 0.48139691981402366, -0.19967238947312801, 0.5184960308008116, 0.8230162296672605, -0.23196153075044768
0.009527700761269704, 0.019928857921345047, 0.03382749133958436, 0.07205216695736172, -0.300815350728942, -0.9509566814542985, -0.8525164080603365, 0.4763153669388353, -0.2152659871085643, 0.5177105940819161, 0.8262165551377837, -0.22213046794981403
0.00953346790413688, 0.019915643212991715, 0.0337842729234118, 0.08728643891685395, -0.29882754783852106, -0.9503068842400495, -0.8515691463203194, 0.47262594638153893, -0.22683629304464736, 0.5169246237281571, 0.8290517543915887, -0.21321848401049132
0.009538789560401394, 0.01990300526934979, 0.03374086646604954, 0.0860364072096986, -0.2888662863568665, -0.9534956765716558, -0.8520896297621685, 0.4746031573710691, -0.22066967590764028, 0.5162760884315849, 0.8314494041249925, -0.20530681648200896
0.009543208463709993, 0.01989046185191105, 0.033697376032225175, 0.0668009252228939, -0.2716661098135534, -0.9600703938608542, -0.8540220026181463, 0.4819817616512393, -0.1958060276898008, 0.5159302815627868, 0.8330012642333375, -0.199812007527589
0.009547176159700937, 0.019877702741421057, 0.03365386076717152, 0.03943251962656258, -0.2559231348220683, -0.9658925537857439, -0.8556690051195007, 0.49054654263470276, -0.16490798399999787, 0.5160190210386674, 0.8329870578658382, -0.19964200799007775
0.009551646769702014, 0.019864532886999603, 0.033610351088388876, 0.010880735817535566, -0.24653648191165473, -0.9690724290137932, -0.8562892240768532, 0.4981735477206972, -0.13635204832064265, 0.5163820042545341, 0.8312898889304492, -0.20568603803873461
0.009555418673014265, 0.019851903569747843, 0.03356668248477484, -0.01752146210105832, -0.24096021428515751, -0.9703768203628382, -0.8560212229300275, 0.5051081947968921, -0.10996989334542931, 0.5166436530716518, 0.8287363191514391, -0.21511729140192976
0.009553990821782508, 0.01984244469990327, 0.03352241130684759, -0.044818425214712694, -0.23691532848896407, -0.9704959741741537, -0.8550843930556918, 0.5114146055332682, -0.0853567923473617, 0.5165481483016392, 0.8260304040253106, -0.22550339711838027
0.009547552766790162, 0.01983536449370594, 0.033477759353005405, -0.06999225299648679, -0.23331967733228043, -0.9698778338997321, -0.853705405892926, 0.5169612348678145, -0.06275477346894587, 0.5160311661805614, 0.823597601874547, -0.2353695513800053
0.00953984779091198, 0.01982736973503929, 0.03343342767873474, -0.09401225275479391, -0.2294810790137287, -0.9687621641593275, -0.8519051233743992, 0.522088690624237, -0.04100073036812392, 0.5151886616574735, 0.8214388799521024, -0.2445788408726659
0.009532593584110181, 0.01981746077127933, 0.03338959119649122, -0.11890393856226471, -0.2249208974429786, -0.9670948471002346, -0.8494488846285937, 0.5273566078375594, -0.018209903165600234, 0.5140996457863195, 0.8193324099921275, -0.253763583161322
0.009525537301873624, 0.019806802809450144, 0.03334593226231047, -0.14212277845716803, -0.2217070926457629, -0.9647005135865627, -0.84667267840318, 0.5321084426661219, 0.0024455856189922335, 0.5127830842463508, 0.8171331411183844, -0.26333806826359596
0.009518530166614131, 0.01979594980472414, 0.03330230323837842, -0.1540908527791586, -0.22586997103915885, -0.9618933232290166, -0.8454922523079642, 0.5338926106600819, 0.010076287499278611, 0.5112718067495974, 0.8148260160705056, -0.2732392782117364
0.009511558993960983, 0.01978493381387422, 0.03325869844507779, -0.1551843899220536, -0.2356350708746777, -0.9593716268987768, -0.8461851301790584, 0.5328552680260079, 0.005999066659185425, 0.5097926348902759, 0.812736966497044, -0.2820817128082092
0.009504613871208349, 0.019773774301032488, 0.0332151156280337, -0.15357652992716958, -0.24352087635845363, -0.9576595596730291, -0.8471236428836597, 0.5313953432661774, 0.0007230646855244401, 0.5087197490987029, 0.8113671005978936, -0.28790214473727116
0.009497684885650406, 0.0197624907303311, 0.03317155253287134, -0.1529930460146968, -0.24723148114660146, -0.9568018199194661, -0.8475760635540417, 0.5306715317198758, -0.0015943375790086669, 0.5081416577701339, 0.8107183975660961, -0.29073653964798035
0.009490762124581328, 0.01975110256590219, 0.03312800690521587, -0.15293196484040483, -0.24930156477143148, -0.9562743037081823, -0.8477899587609888, 0.5303254069622292, -0.0026736780634297524, 0.5078031114064722, 0.8103108616653623, -0.2924590698081429
0.009483835675295293, 0.019739629271877897, 0.03308447649069247, -0.15309899633321786, -0.2509210638543432, -0.9558238943633739, -0.8479059711354018, 0.5301360149912046, -0.003357040687353681, 0.5075590226118462, 0.8099348278247146, -0.2939207601409902
0.009476895625086475, 0.01972809031239034, 0.03304095903492629, -0.15348741175310554, -0.2521187759149842, -0.955446354990411, -0.8479489815079028, 0.5300652628785376, -0.0036526496159968356, 0.5073698248743642, 0.8096091278639569, -0.2951422045155863
0.009469932061249041, 0.019716505151571664, 0.0329974522835425, -0.1540973690628014, -0.25289526196670326, -0.9551429146063511, -0.8479303251991458, 0.5300957748007348, -0.003554313728348725, 0.5072160924651283, 0.8093469317994609, -0.29612392596885034
0.009462935071077183, 0.01970489325355401, 0.03295395398216629, -0.1549289500069887, -0.25325085661954505, -0.9549141448691597, -0.847849763455952, 0.5302276883655979, -0.0030622047875153765, 0.507097425607169, 0.8091493076756237, -0.29686629790301344
0.009455894741865062, 0.0196932740824695, 0.03291046187642279, -0.1559821595451275, -0.2531856629506972, -0.9547599624931149, -0.847705444111061, 0.5304627603466229, -0.0021771334158001867, 0.5070158241397473, 0.8090156240528716, -0.2973695917713099
0.009448801160906857, 0.019681667102450277, 0.03286697371193719, -0.1572569229079089, -0.25269955164793845, -0.9546796304491193, -0.8474960875808039, 0.5308008787145769, -0.0008992725189418435, 0.506972032495646, 0.8089458348695319, -0.29763399421851966
0.009441644415496747, 0.019670091777628473, 0.032823487234334654, -0.15875308027735757, -0.2517921644191338, -0.9546717579564081, -0.8472203871772128, 0.5312410190806292, 0.0007714904201174309, 0.506966542341548, 0.8089398528835766, -0.29765960317609935
0.009434414592928902, 0.019658567572136226, 0.03278000018924035, -0.1604703790952682, -0.25046292168073, -0.9547342993190165, -0.8468767413156276, 0.5317816709912054, 0.0028353864683577333, 0.5070000418655254, 0.8089972677710068, -0.29744642927324183
0.009427101780497497, 0.019647113950105665, 0.032736510322279436, -0.16240846400970313, -0.248711034556944, -0.9548645517075307, -0.8464631943476314, 0.5324209310072795, 0.0052927157627920786, 0.5070735167929923, 0.8091172804451505, -0.29699440239208336
0.00941969606549671, 0.019635750375668927, 0.03269301537907708, -0.16456686447608296, -0.24653552123890105, -0.955059152034037, -0.8459774077499188, 0.5331565472765056, 0.008143811940546235, 0.5071883010216602, 0.8092986672815288, -0.29630338243614956
0.009412187535220717, 0.01962449631295815, 0.03264951310525846, -0.16694446431747617, -0.24393611494027384, -0.9553139367043676, -0.8454168231757251, 0.5339856785822057, 0.011388158787357399, 0.5073459775392092, 0.80953966357242, -0.2953736484147452
0.00940456627696369, 0.01961337122610546, 0.03260600124644872, -0.16949967519675688, -0.24098194597331588, -0.9556137095202788, -0.8447906139595184, 0.5348879300931271, 0.014957299441739692, 0.5075417999279409, 0.8098287497709648, -0.2942426165094077
0.009396822378019806, 0.01960239457924301, 0.032562477548273065, -0.17212243044352243, -0.2378608634209813, -0.9559268165455136, -0.8441292762707304, 0.5358146221404565, 0.018666966629117814, 0.5077594252014114, 0.8101388154835597, -0.29301103352267704
0.009388945925683238, 0.019591585836502914, 0.03251893975635662, -0.17469649922778135, -0.2347731302640712, -0.9562231488850117, -0.8434673217004724, 0.5367165319388966, 0.022321325384375323, 0.5079803247971221, 0.8104424357408075, -0.2917859625984733
0.009380927007248161, 0.01958096446201732, 0.03247538561632458, -0.17710625712031006, -0.23191989505174856, -0.9564761031871212, -0.8428414007361511, 0.53754686668193, 0.02572429446189317, 0.5081847566524968, 0.8107135920900953, -0.2906746027887839
0.009372755941108766, 0.019570549510877052, 0.03243181291537319, -0.17923721295231237, -0.2295021076304207, -0.9566623250062074, -0.8422899544709038, 0.5382611415470042, 0.02868058747512941, 0.5083518998592315, 0.8109276947383847, -0.28978374663841866
0.00936444113772245, 0.019560328015668694, 0.03238822269516319, -0.18100665935053672, -0.22766832802478354, -0.9567673289181431, -0.8418431193378733, 0.5388285716577155, 0.031047267009919794, 0.5084650938798434, 0.8110677547404445, -0.28919257515720637
0.009356021795205852, 0.01955023251558373, 0.032344621535548686, -0.18237978390219506, -0.22648650966105333, -0.95678705852731, -0.8415164634866715, 0.539237178838582, 0.032761358932323195, 0.5085151483531971, 0.8111270713641363, -0.28893808678601934
0.009347540109099136, 0.01954019024444813, 0.032301016555570876, -0.18332559437079288, -0.2260175707533473, -0.9567171913158826, -0.8413238165297977, 0.5394757126707054, 0.03376671701794385, 0.50849381725674, 0.8110992622048119, -0.28905367090296386
0.009339038274942483, 0.01953012843608789, 0.03225741487427104, -0.1838127592246354, -0.22632208559281064, -0.9565517148168973, -0.8412781641560908, 0.5395317942494454, 0.034007256698115856, 0.5083934697263368, 0.810977038248861, -0.28957265646590624
0.009330558245492705, 0.01951997474829916, 0.0322138235839136, -0.183809996740795, -0.22745926870586503, -0.9562824719600072, -0.8413911857241355, 0.5393917425542539, 0.033427842437387154, 0.5082073963293748, 0.8107520145791058, -0.2905278182412817
0.00932212799385357, 0.019509681251408666, 0.032170248234933536, -0.1833255543722106, -0.22941782912607106, -0.9559075273232251, -0.8416601874064629, 0.5390560908817135, 0.03204153270746564, 0.5079368760476437, 0.8104233403366458, -0.29191460975523975
0.009313754155808969, 0.019499237276894812, 0.032126692024452216, -0.1824355246510278, -0.23206702301725848, -0.9554382115936181, -0.8420591237998821, 0.5385515711118375, 0.029977279368649534, 0.5075960119727883, 0.8100043839886786, -0.29366509249218326
0.009305441569839121, 0.019488635294849704, 0.032083157951364585, -0.18122258705598493, -0.235264397526784, -0.9548869237753208, -0.8425592160683824, 0.5379075791188185, 0.027375239629363425, 0.507200494241645, 0.8095097896769943, -0.29570518943390156
0.009297195074424253, 0.01947786777536547, 0.032039649014565665, -0.17976955928569324, -0.23886770136339783, -0.954266800637848, -0.8431317141915414, 0.5371543112844245, 0.024375364468833215, 0.5067660387976491, 0.808954551945857, -0.2979609283235259
0.009289019508044583, 0.01946692718853423, 0.03199616821295042, -0.17815899078363012, -0.24273606155486888, -0.9535924592947395, -0.8437485627472137, 0.5363230935160032, 0.021116397027799782, 0.506307946673731, 0.8083543429599767, -0.30035898413860546
0.009280919709180333, 0.019455806004448094, 0.03195271854541383, -0.1764422740199045, -0.24678179124153837, -0.9528729566160973, -0.8443922546325561, 0.5354334430733644, 0.01768469267900791, 0.5058357878355718, 0.8077188716070834, -0.30285372739087485
0.009272900516311725, 0.019444496693199188, 0.03190930301085089, -0.17462287333188797, -0.2509976992204316, -0.952106615403635, -0.845060580736537, 0.5344849565297307, 0.014087090850794213, 0.5053508355534224, 0.8070476976173476, -0.3054415603286434
0.009264966767918976, 0.01943299172487963, 0.03186592460815657, -0.17270019643134643, -0.25538330874609283, -0.9512907062336267, -0.8457526399204057, 0.533475295263591, 0.010323827346902743, 0.5048535572027187, 0.8063395531395705, -0.3081223958469088
0.009257123302482318, 0.01942128356958154, 0.03182258633622588, -0.1706736401469893, -0.25993807788439693, -0.9504223820095681, -0.8464675092137168, 0.5324019695608591, 0.006395205488839361, 0.5043443906741726, 0.805593159400875, -0.310896119502985
0.00924937495848196, 0.019409364697397027, 0.03177929119395377, -0.16854259454796108, -0.26466139149852264, -0.9494986791318392, -0.847204194018692, 0.5312624176340703, 0.002301574839388248, 0.5038238258163069, 0.8048071765706792, -0.3137625871262401
0.009241726574398134, 0.01939722757841823, 0.03173604218023526, -0.16630644731824798, -0.2695525529359222, -0.9485165189843082, -0.8479608652633999, 0.5300552240886605, -0.0019571402775831193, 0.5032936881803, 0.8039794031080938, -0.31672161722216596
0.009234182988711055, 0.019384864682737243, 0.0316928422939653, -0.16396458838847974, -0.27461077543018925, -0.9474727097770291, -0.8487347619874749, 0.5287802757307574, -0.006381519581460893, 0.5027573147639532, 0.8031066815907676, -0.31977295138207806
0.009226749039900946, 0.019372268480446205, 0.0316496945340389, -0.16151641483034712, -0.2798351732347309, -0.9463639487855818, -0.8495243158884278, 0.5274353678157642, -0.010971303083417271, 0.5022159739142612, 0.802187140633492, -0.3229162537680822
0.009219429566448029, 0.01935943144163722, 0.03160660189935102, -0.15896133601766646, -0.2852247525089659, -0.9451868250286172, -0.8503295776738028, 0.5260155242378804, -0.01572506260210262, 0.5016681203590386, 0.8012206367892349, -0.32615117384195064
0.009212229406832523, 0.019346346036402413, 0.03156356738879666, -0.1566701378505059, -0.2897884779085876, -0.9441806532530348, -0.8510185352329972, 0.5247604212492567, -0.019848248793951664, 0.5012204311436111, 0.8004056086520925, -0.32882965353277654
0.009205153399534654, 0.019333004734833906, 0.03152059400127081, -0.1552590795913456, -0.2918387869943937, -0.9437821467955881, -0.8513737509137395, 0.5240977836580325, -0.022005667901884816, 0.5010562388190752, 0.800094766618542, -0.32983482225214317
0.009198206383034643, 0.019319400007023816, 0.03147768473566844, -0.15463169551166608, -0.2915392195968171, -0.943977712756009, -0.8514319098355132, 0.5239884093578548, -0.022357320333070325, 0.5011514158984666, 0.8002755964638082, -0.3292510107007392
0.009191393195812705, 0.019305524323064257, 0.03143484259088453, -0.15466724162149767, -0.2891026217585494, -0.9447209738655803, -0.851232620541852, 0.5243640477644994, -0.02110381807828, 0.5014788829997218, 0.8009132409345989, -0.3271955231982682
0.009184718676349068, 0.019291370153047348, 0.03139207056581408, -0.1552427465739005, -0.2847373566671907, -0.9459515459865653, -0.850810929401386, 0.5251481539151495, -0.018443938046419042, 0.5020163862338971, 0.8019626264095426, -0.3237830968333077
0.009178018693132912, 0.01927738150228574, 0.03134926266113128, -0.15623405604322843, -0.2786483532610892, -0.9476001345278315, -0.850197532529323, 0.526262002749204, -0.014576012604546582, 0.5027475265114015, 0.8033700266298712, -0.31912618961687794
0.009171019312226684, 0.019264321662897984, 0.03130623305749012, -0.1575164624744095, -0.27103881377060607, -0.9495928208866001, -0.8494184309373599, 0.5276307795364701, -0.009699982971657854, 0.5036634722048657, 0.8050737369431198, -0.3133358978013514
0.00916377046407498, 0.019252110300031964, 0.03126299726509272, -0.1589651107913179, -0.26211213576119036, -0.9518546747470494, -0.8484973383790452, 0.5291843965852293, -0.004017608044951027, 0.5047597055181606, 0.8070074985385416, -0.3065233057824247
0.009156331358895887, 0.019240642672875195, 0.03121957664397323, -0.1604553197582569, -0.25207371206674817, -0.9543128072315522, -0.8474614782553763, 0.5308520434468827, 0.002269546536507463, 0.5060268107862349, 0.8091075031497107, -0.29880079503300017
0.009148761206907477, 0.01922981404061518, 0.03117599255416583, -0.16186291065420222, -0.24113236189683843, -0.9568989404323749, -0.8463435873028674, 0.5325619706446042, 0.00895989143066543, 0.5074474656413838, 0.8113155560379622, -0.29028285885485694
0.009141119218327828, 0.01921951966243942, 0.031132266355704666, -0.16270402681103985, -0.23050487725625574, -0.9593721390683341, -0.8453167789748561, 0.5340535251305979, 0.015045779446613183, 0.5088879472369598, 0.8134213753379367, -0.2817422994516318
0.009133464603375016, 0.019209654797535423, 0.031088419408623894, -0.16227080879340178, -0.222132252095542, -0.961418455820616, -0.8446490791010958, 0.5349846797868482, 0.018955884759999042, 0.5101334313561563, 0.8151372000910805, -0.27443619885224296
0.009125856572267122, 0.019200114705090702, 0.031044473072957674, -0.1605524373239948, -0.21608277862528583, -0.9630841851317571, -0.8443527823799328, 0.5353900721496013, 0.020636121993009085, 0.5111666007835316, 0.8164959910650024, -0.26840827635933506
0.009118354335222222, 0.019190794644292745, 0.031000448708740157, -0.15755458137985143, -0.2123639076865186, -0.9644055809659812, -0.8444274678823913, 0.5352933745204833, 0.0200812021603889, 0.5119753952798441, 0.8175344481467344, -0.26366384037531965
0.009111017102458393, 0.019181589874329077, 0.030956367676005514, -0.15327916021838325, -0.21097796180022585, -0.9653982591021022, -0.844863557303985, 0.5347024442828572, 0.01728773026149574, 0.5125534787535866, 0.8182796561766403, -0.2602063329456763
0.009103904084193712, 0.019172395654387185, 0.0309122513347879, -0.14772446633338693, -0.21192291300172497, -0.966057017463969, -0.845640879098838, 0.5336116209012021, 0.012253229620640516, 0.5129025108570442, 0.8187474073144019, -0.25803817037888893
0.009097074490646258, 0.019163107243654595, 0.030868121045121474, -0.14102878492994453, -0.2150814051943323, -0.9663595971277021, -0.8467021836179603, 0.5320421854703551, 0.005150255965105806, 0.5130363477159892, 0.8189451153890349, -0.25714315838201685
0.009090587532034108, 0.0191536199013188, 0.030823998167040387, -0.13452958876937396, -0.21938962522197722, -0.966317743855769, -0.8477816501975927, 0.5303400902743934, -0.002379545333619115, 0.5129990870691581, 0.8189063322460687, -0.25734093275944603
0.00908450241857534, 0.0191438288865673, 0.030779904060578803, -0.1288729548970497, -0.22424609495030054, -0.9659738352541666, -0.8487614646055096, 0.5286906205578598, -0.009497575209247216, 0.5128311005553517, 0.818657386599355, -0.25846536647972956
0.009078878360488032, 0.019133629458587615, 0.030735860085770884, -0.12419933627024497, -0.22941675646285062, -0.9653716780204894, -0.8496192398343027, 0.5271547584657668, -0.015968967727470442, 0.5125638225366793, 0.8182150160446606, -0.26038916134436807
