0.0003356345114298165, 0.0012399428524076939, 0.007265004329383373, -0.2502602137113374, -0.1244146648911088, -0.9601514550284184, -0.4451645015412423, 0.8954488073405075, 0.0, 0.8597664752714501, 0.4274253438818244, -0.27948020217326874
0.0003336361584981701, 0.0012389493888177853, 0.007257337423619464, -0.23206129505674933, -0.16510614529506323, -0.9585862069331008, -0.4559526575439027, 0.8889773685626836, -0.042736544806749835, 0.8592175099561443, 0.4271524306019716, -0.2815778251489114
0.0003317885331623626, 0.0012376348469116476, 0.007249705353126829, -0.2160591746865436, -0.19935124398046736, -0.9558124892243298, -0.4644651561178224, 0.8820626765637595, -0.07897818284579414, 0.8588309215359077, 0.4268776360230375, -0.2831694405778394
0.0003300698478180874, 0.0012360490680994804, 0.007242102154051908, -0.20251440665649817, -0.22709981270178814, -0.9525825896831095, -0.4709742677024235, 0.8754389049977104, -0.10858159502685427, 0.8585867191255246, 0.4266525503114011, -0.284247158392208
0.00032845831486103786, 0.0012342418937914843, 0.0072345218625411425, -0.1915978964773942, -0.24841312009057692, -0.9495162809727393, -0.47573662203532513, 0.8696972813527386, -0.1315344261479624, 0.8584666053608936, 0.42651794871320503, -0.2848113883004399
0.00032693214668690735, 0.001232263165397859, 0.007226958514740973, -0.18341333969024165, -0.2634016703769092, -0.9470898092928284, -0.4789714549533065, 0.8652827576152703, -0.14789217259079743, 0.8584555271903053, 0.4265035866395119, -0.2848662816481581
0.00032546955569138955, 0.0012301627243288056, 0.007219406146797847, -0.17801770316125518, -0.2721774109488272, -0.9456369040653948, -0.4808475127719801, 0.8625006723786244, -0.15772843626759703, 0.8585425829987652, 0.42662869935766656, -0.28441621975934156
0.0003240487542701772, 0.0012279904119945222, 0.007211858794858192, -0.17543714075581437, -0.2748210096736487, -0.9453545484554358, -0.48147609404061525, 0.8615262747764098, -0.16110012022737566, 0.8587214801731802, 0.4269026710057441, -0.28346345263074796
0.00032264795481896404, 0.0012257960698052106, 0.00720431049506846, -0.17567715160212471, -0.27136316690782786, -0.9463083905634138, -0.48090798850394767, 0.8624122787988605, -0.15802711150319596, 0.8589907129870794, 0.42732551178546657, -0.2820068473977858
0.0003212453697334435, 0.0012236295391710702, 0.007196755283575089, -0.17872657509540912, -0.2617787557065012, -0.9484348656683922, -0.4791328106108968, 0.8650917800149224, -0.1484855614082251, 0.8593535716751096, 0.427887947027454, -0.28004168196513746
0.00031981921140930873, 0.0012215406615023005, 0.007189187196524517, -0.18455536721541776, -0.24599327146429611, -0.9515390831838046, -0.4760801237420684, 0.869375726325372, -0.13241435818659852, 0.8598180227290652, 0.42857106396783845, -0.2775604635385879
0.0003183476922422532, 0.0012195792782091022, 0.007181600270063185, -0.19310628749223333, -0.22390202254923255, -0.9552894043321793, -0.47162267594613816, 0.8749458524640119, -0.109735166603179, 0.8603964279704857, 0.42934559454405313, -0.2745548163504743
0.00031680902462797027, 0.0012177952307016755, 0.00717398854033754, -0.20427947190448228, -0.1954070990231438, -0.9592111149323621, -0.4655837871370587, 0.881345016075349, -0.0803909186056296, 0.8611048917022479, 0.4301709291554954, -0.2710190716461813
0.0003151814326724144, 0.0012162383291713186, 0.007166346048021554, -0.21472035729536287, -0.16934357346902684, -0.961882488814352, -0.4597424218354891, 0.8864432821241962, -0.05343419449867168, 0.8617030078442288, 0.4307447755941133, -0.26819184284870806
0.00031346948035401473, 0.001214888163183994, 0.007158677017578909, -0.21450504941603282, -0.17360507210464385, -0.9611705690014476, -0.46058565318020334, 0.8857704738919916, -0.057197234773389845, 0.8613062404624682, 0.4304322786695931, -0.2699622448041782
0.0003117601057924068, 0.0012135047174570534, 0.007151017521802515, -0.20199747227384163, -0.21168948993433148, -0.9562345847365704, -0.46899171663836314, 0.8780449684368509, -0.09530898765242966, 0.8597928767555475, 0.42921392481380694, -0.2766434814456106
0.000310152513050473, 0.001211819990991265, 0.007143407348463689, -0.18364756732288598, -0.2557256474715946, -0.9491459130405714, -0.4783472835122885, 0.8667805284186514, -0.14098011175587094, 0.8587534264110976, 0.42813071459487384, -0.28150780423938937
0.00030869019663118256, 0.0012097837439634244, 0.007135849656994238, -0.16501065455788302, -0.2849586139756365, -0.9442298831341143, -0.4844097215307534, 0.8573458908328684, -0.1740840175274382, 0.8591383506565616, 0.4286684170697436, -0.2795079294725705
0.0003073742951491252, 0.0012075113000205757, 0.007128319758358613, -0.14647511874623595, -0.2992583148623187, -0.9428623974759207, -0.48766799551548173, 0.8511151368687637, -0.19437836799082808, 0.860653801326752, 0.4313322208908476, -0.27060589328981893
0.00030620488782517695, 0.0012051221238372903, 0.0071207922669831395, -0.12810379260728588, -0.298887709599118, -0.9456508633582602, -0.4887218885875695, 0.848721503688308, -0.20204634318011458, 0.8629833914595512, 0.4362773730411087, -0.2547974094007249
0.0003051820538802133, 0.0012027356800881376, 0.0071132417972941415, -0.10996124942313655, -0.28452176639675747, -0.9523423166444782, -0.4882128306966641, 0.850061800866699, -0.19759343777164032, 0.8657694586715642, 0.44321811690603724, -0.23238103467755974
0.00030430482005339984, 0.0012004658612268812, 0.007105644330920768, -0.0939296033520109, -0.26657994027532855, -0.9592248772091642, -0.4874064895975247, 0.852436532914347, -0.18917418230611088, 0.8681083708341671, 0.4497633742266813, -0.2100018183061237
0.00030355597010768266, 0.0011983405634860152, 0.007097996949567131, -0.08159701241872727, -0.2534612321645867, -0.9638979880433133, -0.48692127395674417, 0.8539871318581952, -0.18334026177835275, 0.8696261268687133, 0.45438241868521173, -0.19309846466789315
0.0003029055259702988, 0.0011963201173001974, 0.007090313312914584, -0.0730531571395573, -0.24550296484086567, -0.9666392969904999, -0.4866943818207253, 0.8547618937263762, -0.18030719269469356, 0.8705123864346133, 0.45728590541109393, -0.1819279686476789
0.00030232316603701157, 0.0011943630343235723, 0.007082607526901355, -0.06831806638952433, -0.2427659267611799, -0.967676261261266, -0.48667923089267257, 0.8548157956833948, -0.18009242534843423, 0.870905257776363, 0.4586443723125251, -0.17654849680339013
0.0003017785687035839, 0.0011924278262102832, 0.007074893697465677, -0.06739800603857174, -0.24527510604647496, -0.9671078694416229, -0.48686263817859526, 0.8541578754746019, -0.18269946718721666, 0.8708744343060043, 0.4585351089269012, -0.17698382285845238
0.000301241412365779, 0.0011904730046144747, 0.007067185930545773, -0.07029255144584573, -0.2530268795861554, -0.9649022517426965, -0.4872650091182706, 0.8527505830373695, -0.18812031793083406, 0.8704204547804497, 0.45693964736748294, -0.18323315901734483
0.0003006813754193601, 0.0011884570811902908, 0.007059498332079882, -0.07699397503613119, -0.2659855957409482, -0.9608972841393967, -0.4879402174386511, 0.8505104435495003, -0.19633219200924287, 0.8694747103936131, 0.45374403386883794, -0.1952692492800065
0.00030006813626009025, 0.0011863385675918757, 0.007051845008006228, -0.08701746685037355, -0.28358660729164753, -0.9549903646779673, -0.4889490605973184, 0.8473768164313855, -0.20707811838919582, 0.8679612759817941, 0.4489222283864131, -0.2123959892668249
0.0002993750563143633, 0.0011840798464694997, 0.0070442386653479325, -0.09456991624250155, -0.29972291906900717, -0.9493275002477488, -0.4900343202538829, 0.8440863815729419, -0.21767991505054596, 0.8665580741734517, 0.4446170849482185, -0.22669969531727985
0.00029862153332865327, 0.001181691686282454, 0.00703667452528283, -0.09575748536341197, -0.3103742243521754, -0.9457792262756999, -0.49093416679474855, 0.8412722741215883, -0.22637271184450894, 0.8659180953591523, 0.4426384547823163, -0.2329314287027439
0.0002978582705838871, 0.001179217758719667, 0.007029135918296124, -0.0905324394463515, -0.31553916970818874, -0.9445839876833397, -0.4915969411666159, 0.8390280675589158, -0.2331616376764806, 0.8661041073932855, 0.44324590717593604, -0.23107734836686616
0.00029713657019380996, 0.0011767023648646504, 0.007021605947420042, -0.07889265085795887, -0.3152212495392694, -0.9457333204870737, -0.49201280552238513, 0.8374041682012019, -0.23807070017380277, 0.8670059681701136, 0.4465308756605246, -0.22115792601498468
0.0002965077342721672, 0.0011741898058009134, 0.007014067715686804, -0.061324716800376065, -0.3094184263966361, -0.9489465298506462, -0.4922002110845245, 0.8364737326273955, -0.24093701839431386, 0.8683191989802502, 0.4522962878806568, -0.20359232955019418
0.0002960189893667757, 0.001171723806976526, 0.0070065048143616625, -0.04658326101136668, -0.29931674891651355, -0.9530159933661111, -0.492100078099554, 0.8371265834706835, -0.2388652263957933, 0.8692913855134881, 0.4578521235778529, -0.18628988165568944
0.00029564771710553176, 0.0011693382289000727, 0.006998909201792325, -0.04204839391236262, -0.2860329518862485, -0.9572967580664994, -0.49170748166947564, 0.8400027532589388, -0.22938859384822255, 0.8697446090891585, 0.4610645561660987, -0.17596530910297453
0.0002953126055015644, 0.0011670586421578563, 0.006991279867536729, -0.0478203069841524, -0.2697105131199398, -0.9617533245861541, -0.49094301313362154, 0.8448723470781245, -0.21252217530879422, 0.869878253605194, 0.4620031993993981, -0.17281454698461568
0.0002949315522153183, 0.0011649094698952538, 0.006983616193085347, -0.0583172148713178, -0.2550619196689062, -0.9651645038978925, -0.48996010094585724, 0.8496699602080677, -0.1949360361789115, 0.8697920452216025, 0.4615239710511611, -0.17452054954757937
0.00029446683485425025, 0.0011628769362346694, 0.006975925004433116, -0.06598567135360776, -0.2486194864376567, -0.9663509932418394, -0.48935762218218165, 0.8520606613438985, -0.18580028795026024, 0.8695832385621373, 0.46063106750812444, -0.177887635484063
0.0002939409317103715, 0.0011608954489380346, 0.006968223225925585, -0.07030325311560634, -0.2509051842010423, -0.9654553542978587, -0.48935770103299864, 0.8520603799349594, -0.18580137078286318, 0.8692447831543549, 0.4593905718298251, -0.18268500067823032
0.0002933806114954186, 0.0011588957228867644, 0.006960528501603823, -0.071270265442926, -0.2619138855524229, -0.9624560591624571, -0.49005416008913594, 0.8496196421940331, -0.19491891590457497, 0.8687735432453192, 0.4577636728191912, -0.1889046066247672
0.00029281264292112784, 0.001156808472962274, 0.006952858475508891, -0.06892633862249804, -0.2813401573824585, -0.9571294978675091, -0.49142837656482014, 0.8445084189096, -0.21284661401505256, 0.8681862188211479, 0.4556898575070779, -0.1964674100562661
0.0002922633119281383, 0.0011545662405862125, 0.0069452303190161635, -0.06521925582061128, -0.30168103573179905, -0.9511755891264212, -0.49285141116225245, 0.8385664659665963, -0.23217185159202566, 0.8676657969434903, 0.4536461559807182, -0.2033746050477685
0.0002917432708817191, 0.0011521607160285832, 0.00693764589716906, -0.062520570061544, -0.31419758772635575, -0.9472967086325796, -0.49368706594971895, 0.8346353995664588, -0.24424747839946148, 0.8673893354389005, 0.4523976410830151, -0.2072971661875436
0.0002912445108323687, 0.001149654193707915, 0.006930088804316548, -0.06098751947291837, -0.3184959893060794, -0.9459602672757891, -0.49397731917299, 0.8331568354494753, -0.24866864636797714, 0.8673332292788087, 0.45211723296038814, -0.20814196369073631
0.00029075792855621087, 0.0011471131081749557, 0.006922541563438678, -0.06062539752070045, -0.3146218758486163, -0.9472790699751341, -0.4937754140162185, 0.8342240096931206, -0.2454712654561512, 0.8674735740577745, 0.4528613219176817, -0.2059277092146679
0.000290274420829369, 0.0011446038939804534, 0.006914986697515495, -0.06142860290011248, -0.302528532077508, -0.9511587743509327, -0.49310507760845107, 0.8377389817979958, -0.23460771686545334, 0.8677983113503412, 0.45460959696764597, -0.20063949053566404
0.0002897848844279667, 0.0011421929856751552, 0.006907406729527046, -0.06337974560643304, -0.282089340543681, -0.9572923335107698, -0.49196143536160564, 0.8434071992921207, -0.2159588902989864, 0.8683069468591235, 0.457263490926022, -0.1922320106078469
0.0002892802161281274, 0.0011399468178098092, 0.006899784182453379, -0.06644477249763028, -0.25313835670665513, -0.9651456183248167, -0.4903132173286292, 0.8507238039754967, -0.1893725383003278, 0.8690098049622839, 0.46064083808680595, -0.1806432317195927
0.0002887513127059747, 0.0011379318249351623, 0.0068921015792745375, -0.07168535335694781, -0.21933046414080662, -0.9730135444143971, -0.4882234829065784, 0.8583848268752459, -0.15752244198502022, 0.8697695331825894, 0.4637560096539262, -0.16861590274113547
0.00028818027330895546, 0.0011361846572066688, 0.006884350636555078, -0.08400515445387516, -0.1973759077857548, -0.9767220101190152, -0.48624344597030206, 0.8636865755441426, -0.1327132641289413, 0.8697760891609442, 0.4637760777040806, -0.16852686573158623
0.0002875105221031891, 0.0011346110305275902, 0.00687656348648996, -0.10481012423716637, -0.1919373494952366, -0.9757944925680474, -0.48475605360546803, 0.8665997257442621, -0.11839123207747437, 0.8683469389306572, 0.4606136876046055, -0.1838712169999548
0.00028667485883148954, 0.0011330806917878174, 0.006868783363872028, -0.13306630793013813, -0.20226707222014254, -0.9702481070269261, -0.4842159964261468, 0.8674340429778892, -0.11442486568953192, 0.8647706207422149, 0.4545835595119178, -0.2133671973912562
0.00028561439359305437, 0.001131468734544049, 0.0068610510204549415, -0.15081053258285354, -0.2166614468360286, -0.9645278641475294, -0.48490700043617824, 0.8664574850271446, -0.11881341493461013, 0.8614646737911336, 0.44978799905661593, -0.2357315670727646
0.0002844125690046892, 0.00112974213727197, 0.006853364599066177, -0.1515462282307537, -0.2268920532654619, -0.9620570341066144, -0.48625962402222067, 0.864494043635603, -0.1272856102013609, 0.8605726690726363, 0.44851983755854885, -0.2413392561554214
0.0002832049248095774, 0.0011279340759678918, 0.00684569814239372, -0.1509899741426109, -0.2353196925298143, -0.9601180500418098, -0.48745262830382124, 0.8626841229186418, -0.13478144985045373, 0.8599953272362069, 0.4476614193469964, -0.24496385602803178
0.0002820016942386863, 0.001126058826636985, 0.006838047015913074, -0.1509416107933546, -0.24224141725180118, -0.958402695060352, -0.48840186221666954, 0.8611926109882303, -0.14075122650465338, 0.8594650959255978, 0.4468404441711981, -0.24830095919768325
0.0002807987733999875, 0.0011241282970283733, 0.006830409078516662, -0.15140596825421773, -0.24766458085281573, -0.9569422595789161, -0.48911105780285613, 0.8600504752314498, -0.14520176716944033, 0.858979979925012, 0.4460666266883865, -0.25135226007113953
0.0002795920584014528, 0.0011221543948911794, 0.006822782189096909, -0.15238668209207473, -0.2515955272385893, -0.9557604248944949, -0.4895816135275708, 0.8592814444492766, -0.14813926866602667, 0.8585383758555639, 0.4453482793260812, -0.2541195924846991
0.0002783774453510536, 0.0011201490279745259, 0.006815164206546239, -0.15388630324482575, -0.2540390114292345, -0.9548733875994758, -0.489812508318992, 0.8589021461580271, -0.14956874680023427, 0.8581390984962164, 0.4446923475811029, -0.25660476152033623
0.0002771508303567616, 0.0011181241040275358, 0.006807552989757071, -0.1559063499545781, -0.25499779622282676, -0.9542899632529634, -0.48980024315764814, 0.8589222119872556, -0.1494936639380704, 0.8577814009679561, 0.4441044445582837, -0.25880940956045034
0.00027590810952654837, 0.0011160915307993325, 0.006799946397621835, -0.15844729981015027, -0.25447242119250046, -0.9540116561317785, -0.48953880799927535, 0.8593443383127526, -0.14791573165984098, 0.8574649897491565, 0.4435888806792209, -0.2607349157520622
0.00027464517896838564, 0.0011140632160390384, 0.0067923422890329484, -0.16150852078606248, -0.25246114167193906, -0.9540326879406172, -0.489019673784609, 0.8601642949983211, -0.14483488620368992, 0.8571900351527033, 0.4431486856075987, -0.2623823280618668
0.00027335793479024494, 0.0011120510674957772, 0.006784738522882838, -0.1650881409299762, -0.2489600372601882, -0.954339984267499, -0.4882318113343634, 0.8613708807027379, -0.14024943592954736, 0.8569571775330732, 0.4427856205036421, -0.2637523272878436
0.000272042273100098, 0.0011100669929186716, 0.0067771329580639285, -0.1691828572131213, -0.24396329138901393, -0.9549131234200543, -0.48716174099264575, 0.8629458287637805, -0.13415638163056742, 0.8567675291105628, 0.4425001797444056, -0.26484522270176947
0.0002706940900059163, 0.0011081229000568442, 0.006769523453468641, -0.1737876851501963, -0.23746364521511834, -0.9557242581891936, -0.48579361890204037, 0.8648636733394833, -0.12655191176665312, 0.8566226709142103, 0.4422915822609379, -0.2656609793268869
0.00026930928161567156, 0.0011062306966594182, 0.006761907867989399, -0.17889565227529988, -0.22945303011582566, -0.956738027135778, -0.48410936768603424, 0.867091591378234, -0.11743207517450159, 0.8565246439628127, 0.4421577536715009, -0.2661992771450539
0.00026788374403733533, 0.0011044022904755169, 0.006754284060518626, -0.18386164669787655, -0.22149571676037352, -0.9576714166823366, -0.4823999756987117, 0.8692151346682553, -0.10842192172032918, 0.8564374806834575, 0.442046035069262, -0.2666648543773949
0.0002664184906882673, 0.0011026371189641322, 0.006746652065070949, -0.1860615608716992, -0.22010624318838323, -0.9575668839697221, -0.48198114096509653, 0.8697142754040208, -0.10626033555585544, 0.8561981519017492, 0.44175821539384585, -0.26790745381954895
0.00026493570795353466, 0.0011008830235148758, 0.006739020915271657, -0.1848247973448275, -0.22696893390773465, -0.9562033765508412, -0.4832321119389796, 0.8682109558066101, -0.11267857919039466, 0.8557607844937959, 0.44124238152987855, -0.270145591236289
0.0002634630386696385, 0.0010990745531030783, 0.006731401962825698, -0.18109886591674448, -0.23941828660487602, -0.9538773950581145, -0.4856033056861363, 0.8652010164137354, -0.1249665183292554, 0.8552149614397342, 0.4405747215125088, -0.27294923427958073
0.0002620202815216342, 0.0010971671836526207, 0.006723802724569438, -0.17736082794712119, -0.2507358915277766, -0.951669401320481, -0.4877453460365865, 0.8622823717674588, -0.13628495426398463, 0.8547792780183445, 0.4400007091344933, -0.2752303795578913
0.00026060728295229944, 0.0010951696204921958, 0.00671622096303782, -0.1740155250694492, -0.25988550178105957, -0.9498305759443685, -0.4894691621260538, 0.8597838712001248, -0.14557346651002756, 0.8544814429596601, 0.4395807329582749, -0.2768216805986177
0.0002592207638391918, 0.0010930989074607281, 0.006708652912731761, -0.17107510516659194, -0.2668824052684298, -0.9484234761699949, -0.4907939800283575, 0.8577647417382084, -0.15284278523603584, 0.854315268247129, 0.4393329370635923, -0.2777264712822924
0.0002578574450598685, 0.0010909720883971413, 0.00670109480815217, -0.16854826655510594, -0.2717405034037071, -0.9474959528415775, -0.4917368297985473, 0.8562700292622185, -0.15810290069114524, 0.8542753490888892, 0.4392706862484446, -0.27794764280683704
0.0002565140474918873, 0.001088806207140361, 0.006693542883799965, -0.166440683872759, -0.27447070183586, -0.9470814814923258, -0.4923122469279375, 0.8553309944507127, -0.1613615240902258, 0.8543571561570336, 0.439402689756999, -0.27748716359064385
0.0002551872920128056, 0.0010866183075293107, 0.006685993374176059, -0.16475535075217848, -0.2750797970727384, -0.9471994402663821, -0.49253208078102007, 0.8549654413505587, -0.16262301035758508, 0.854557092182872, 0.4397331001171797, -0.276345756003759
0.0002538738995001806, 0.0010844254334029149, 0.006678442513781366, -0.16349282963891337, -0.2735698431920916, -0.947855281966881, -0.49240539429340646, 0.8551779290268167, -0.16188773077710356, 0.8548725181729825, 0.44026157066141874, -0.2745227259651274
0.0002525705908315701, 0.001082244628600098, 0.006670886537116799, -0.16265140396944522, -0.26993798746676007, -0.9490405701070759, -0.4919384431440686, 0.8559598384162692, -0.1591518871247977, 0.8553017531513416, 0.4409832626537992, -0.27201594275970675
0.00025127408688453137, 0.0010800929369597842, 0.006663321678683269, -0.16222713181586074, -0.2641767713725867, -0.9507328705635223, -0.49113472703148847, 0.8572892871870108, -0.1544077652778267, 0.8558440498166152, 0.44188879997296054, -0.26882196869294783
0.00024998110853662205, 0.0010779874023208987, 0.0066557441729816974, -0.1622136542916294, -0.25627534852063344, -0.9528954171901467, -0.4899951859822075, 0.859130785406776, -0.14764488233798737, 0.8564995318595439, 0.44296415126617655, -0.2649364312762936
0.00024868837784902643, 0.0010759450649544568, 0.0066481502552363, -0.1623278664123784, -0.24704786587074404, -0.9553099056090205, -0.48865835610117436, 0.861221132944918, -0.13968239395704057, 0.8572413165489068, 0.44414582305565237, -0.26052219303490104
0.0002473948053354795, 0.0010739763682920552, 0.006640537498023835, -0.1617240496049148, -0.2390357823020661, -0.9574482892347901, -0.4875534631433088, 0.8628919546734085, -0.13307552418409083, 0.8579842378251208, 0.4452857165227104, -0.2560931047578266
0.0002461060246610566, 0.0010720714895960353, 0.006632907582405598, -0.16024684099787734, -0.23273602264638404, -0.9592470451937514, -0.4867653897133285, 0.8640558077954527, -0.1283238730407532, 0.8587085683323724, 0.44636476650570184, -0.25175005440888754
0.000244828956292493, 0.0010702167272126013, 0.0066252629758010205, -0.15790128861171465, -0.22815585460661766, -0.9607351815476957, -0.48629281811757075, 0.8647457244208292, -0.1254357490636806, 0.8594105410698843, 0.44739215248439407, -0.2474950177141945
0.0002435705206965238, 0.0010683983794879555, 0.006617606145629529, -0.1546904459365034, -0.22529930291117223, -0.9619309175006829, -0.48612930911661284, 0.8649847491968149, -0.12441735600280195, 0.8600867169964727, 0.4483766360602024, -0.2433294710501925
0.0002423376383398844, 0.0010666027447683015, 0.006609939559310557, -0.15061534291774176, -0.22416773752542418, -0.9628415466370901, -0.4862633895696153, 0.8647858187323342, -0.12527331592847316, 0.8607339510220564, 0.44932651064919266, -0.23925457652003518
0.00024113722968931002, 0.0010648161213998432, 0.006602265684263532, -0.14567510537119518, -0.22476016688860148, -0.9634633522118522, -0.48667858213452714, 0.8641517216498136, -0.12800687349197146, 0.8613493608093162, 0.4502495634088625, -0.23527135244970054
0.0002399762152115358, 0.0010630248077287826, 0.006594586987907881, -0.13986722143919705, -0.22707323447311759, -0.9637815657880137, -0.48735338066868655, 0.8630751280848575, -0.13261977843485123, 0.8619303003826244, 0.451153044395384, -0.23138082853835534
0.00023886151537329717, 0.001061215102101324, 0.006586905937663036, -0.13318795602931713, -0.23110091978717487, -0.963770373710592, -0.4882611809661364, 0.8615386896273258, -0.13911184506282845, 0.8624743402155722, 0.4520436385447232, -0.2275841851292862
0.00023780005064132927, 0.0010593733028636705, 0.006579225000948427, -0.12599536233791817, -0.23673954593876756, -0.9633688577372858, -0.4893401389946912, 0.8595745250358234, -0.147234045920415, 0.8629434495017579, 0.45286424378409995, -0.22414856605354913
0.00023679586166610878, 0.0010574864775264583, 0.006571546905754606, -0.12111695042056034, -0.24324768746998324, -0.9623727172261944, -0.4903407875302834, 0.8576257136391551, -0.155061431017231, 0.8630739229086957, 0.45311002840969583, -0.2231472736771831
0.0002358305115813672, 0.0010555476970758528, 0.006563876413879593, -0.11988470471321312, -0.2502866455201425, -0.9607206944008756, -0.4911793366280213, 0.8559198011434532, -0.16169153744153858, 0.8627690982212348, 0.4525018111398297, -0.22554732113171128
0.00023487500213215757, 0.001053552853318448, 0.0065562192427354735, -0.12230619596213842, -0.25785555928899717, -0.958411031328954, -0.4918797750242225, 0.8544734057592887, -0.16712117092769074, 0.8620298610555155, 0.4509830477899148, -0.2313413263010484
0.00023390027387471912, 0.0010514978544036392, 0.006548581115270809, -0.1283772548420533, -0.26594451882693704, -0.9554019014766129, -0.4924531172722933, 0.8533040485726796, -0.17135380934859623, 0.8608189169204052, 0.44849271297913307, -0.24051003861917597
0.00023287726736529105, 0.0010493786084808205, 0.0065409677544341635, -0.13806992070018032, -0.2745414453287065, -0.9516111032321297, -0.4928991651044381, 0.8524265707361772, -0.17441145186686838, 0.8590617614800429, 0.44496734295876816, -0.2530157182133558
0.0002317770650807393, 0.0010471909406396063, 0.0065333848956589035, -0.1499496925747973, -0.28447209058006434, -0.9468847445057563, -0.4934169936439926, 0.8514547287509218, -0.17766405171282834, 0.8567699575032076, 0.4405683540254589, -0.26803873852719506
0.0002305821325482467, 0.0010449240139805153, 0.006525839275749303, -0.16157025512054618, -0.29718085321211773, -0.9410518546522286, -0.49441563021788626, 0.8496508869595347, -0.18342997270109979, 0.8540774187721697, 0.43563391829952086, -0.28420916939900875
0.0002292944617029529, 0.0010425555636727822, 0.006518339349254533, -0.1726719299716325, -0.31277508836322754, -0.934000079603448, -0.49599938892332873, 0.8468536344396, -0.19189457528581896, 0.8509812047205014, 0.43012866207196143, -0.301364104160778
0.00022791796527622858, 0.001040062200729708, 0.006510893739696885, -0.18321714836015154, -0.33111103241156103, -0.9256332755266118, -0.49821551466904934, 0.8429721440398753, -0.2029267486455888, 0.8474743521132828, 0.4239851985484468, -0.31941160580355504
0.0002264566132979107, 0.001037421237443311, 0.006503510828050816, -0.19286541306693764, -0.3480278881723479, -0.9174309355460034, -0.5003907193587246, 0.8391546364548069, -0.21313991671214272, 0.844045058289057, 0.41796660772207217, -0.33599383090635115
0.00022491708466498657, 0.001034643140062463, 0.00649618752849418, -0.2012264641550472, -0.357822908498907, -0.9118501391550259, -0.5014490204859094, 0.8372963581924803, -0.21790752261299298, 0.8414611042569821, 0.41339759882102944, -0.3479161325831669
0.00022330988416340014, 0.0010317852000771167, 0.006488904559988147, -0.20833681541826932, -0.3601844636169222, -0.9093200336022317, -0.5012332804285143, 0.8376702578343026, -0.2169648306308732, 0.8398577081459956, 0.4105797015304132, -0.35505399414589395
0.00022164580566369756, 0.0010289082470977381, 0.006481641417781484, -0.21422983378791552, -0.3551538211126286, -0.9099293058607911, -0.4996827195638999, 0.8402852657977427, -0.21032796260231748, 0.8392989682374374, 0.4096174256941664, -0.3574784000233539
0.0002199356430364249, 0.0010260731107347926, 0.006474377597122948, -0.21889350618299397, -0.3426757329693311, -0.9135967244823326, -0.49675449509124237, 0.845019156869635, -0.19793331233012804, 0.8398336767226952, 0.4105069628608787, -0.3551949167501933
0.00021819019015212825, 0.0010233406205987455, 0.006467092593261305, -0.22226535795565575, -0.3226097448769921, -0.920065792844863, -0.49242646863779277, 0.8516116599623218, -0.1796489732815967, 0.841495266556953, 0.41313500593222674, -0.34814534785865214
0.0002164202408813538, 0.0010207716063000635, 0.006459765901445322, -0.2242306974818119, -0.2947636444158703, -0.9288891151464176, -0.48670454267258073, 0.8596508121725922, -0.15530347476111597, 0.8442981004649331, 0.4172707455138414, -0.3362229059561958
0.00021463658909464756, 0.001018426897449211, 0.006452377016923758, -0.2246224341324775, -0.2589730667804011, -0.9394028490305715, -0.4796386956850161, 0.8685523676115694, -0.12475378277997706, 0.8482284383855433, 0.4225514588765386, -0.31930985095253733
0.0002128500546066441, 0.0010163671552108453, 0.006444905476539096, -0.22205807784910273, -0.22349040436216372, -0.9490744171138522, -0.4730247313712527, 0.8758501892474861, -0.09557222141551903, 0.8526064822490597, 0.4277130874233092, -0.30020609799553477
0.00021108158582198996, 0.0010145872793891118, 0.006437347055349302, -0.21369136493731683, -0.20947742218381288, -0.9541777665332867, -0.47116178924892843, 0.8777283043623274, -0.08717563921751237, 0.855770161260005, 0.43094342240769634, -0.28626071644668083
0.00020937758845723464, 0.0010129168844460047, 0.006429738341725531, -0.1998006040044217, -0.2189600758530724, -0.9550582201216243, -0.47416895930640923, 0.8745852907792354, -0.10131321326893768, 0.857463420018455, 0.43261652110733956, -0.2785667406479778
0.0002077839289119792, 0.0010111704041655678, 0.006422120558704525, -0.18856718777639073, -0.23241202982792142, -0.9541630175632299, -0.4774794294094614, 0.8707204994778518, -0.11772513019680891, 0.8581700357067467, 0.4333941164578793, -0.27516127931592355
0.00020627988542440949, 0.0010093166468707936, 0.006414509994589057, -0.18639824929003174, -0.2350128775105348, -0.9539521162332151, -0.47810185835097335, 0.8699438758689984, -0.12089774968695959, 0.8582973294278371, 0.43355115066419014, -0.2745161089167623
0.00020479366983005076, 0.0010074428105833733, 0.006406903815256271, -0.19349177135149492, -0.2264064556403049, -0.9546208940012028, -0.47600989494427143, 0.872477548493389, -0.11044232562794871, 0.857890152836833, 0.43303931024718856, -0.27658893948644203
0.0002032521914757993, 0.0010056391129470623, 0.006399298698850851, -0.2097787402936541, -0.20645078339180828, -0.9557044282400894, -0.47085651609778667, 0.8779779726271266, -0.0863065514883732, 0.8569054915036212, 0.4318943778500354, -0.28138980971682065
0.00020158235970855175, 0.0010039957716056174, 0.006391691323517485, -0.23246852130247928, -0.17826939102713107, -0.956126775499073, -0.462903715559661, 0.8848564658123728, -0.052432671409129335, 0.8553820998387208, 0.43040569133417966, -0.2882228376493572
0.00019973157638455548, 0.0010025764912047984, 0.0063840791811000715, -0.24795006202930717, -0.15956601117611394, -0.955541445891808, -0.4571591274415399, 0.8888852494106761, -0.029808481628726815, 0.8541231169664902, 0.4294434787692841, -0.29334621116691256
0.0001977555567136137, 0.0010013048416866771, 0.006376464064257474, -0.25206431602917895, -0.15633582014231054, -0.954998791583096, -0.4559704739478663, 0.8896356269752691, -0.025285926996617265, 0.8535540448457265, 0.4290775717242176, -0.29552991383402866
0.00019574566908606045, 0.0010000582652747623, 0.00636884918133486, -0.2449037419699255, -0.16860185336621553, -0.9547751422249142, -0.4594901523600755, 0.887333603630839, -0.03883137586570609, 0.8537511095472983, 0.42919982631518655, -0.29478221119628467
0.00019379330354384421, 0.0009987141761799276, 0.006361237741537123, -0.22689491019863783, -0.19486565182531113, -0.9542253808533123, -0.4668934370696395, 0.8816159685786048, -0.06902030403082314, 0.8547100199174285, 0.42986121212073247, -0.2910156699678628
0.0001919848374593805, 0.0009971609993279459, 0.006353632087286453, -0.20567190202798016, -0.21790416925922906, -0.9540528505987695, -0.4733276455587778, 0.8754284565782106, -0.09790790245366418, 0.8565395546418023, 0.431442684991341, -0.283191103146772
0.0001903446749408696, 0.000995423288695029, 0.006346023844688406, -0.18668209983689113, -0.22636541619337583, -0.9559856128373945, -0.47641565561942767, 0.8718743972069766, -0.11341586562594434, 0.8591728095564942, 0.43427380055279763, -0.27060737142995384
0.00018885540679183774, 0.0009936174444031892, 0.006338397409559514, -0.17009721060232547, -0.22016324740928686, -0.9605181327989103, -0.4767533362827535, 0.8714402413653729, -0.11531765724434649, 0.8624228633846461, 0.43831501254150307, -0.25319311699209
0.00018749883986950307, 0.0009918615885729164, 0.006330737042157582, -0.1558571551189217, -0.19923489112267712, -0.9674781678971217, -0.4748795032907975, 0.8739467453710772, -0.10347242922434541, 0.8661397142219736, 0.4433086333635255, -0.2308234195935098
0.00018625678103108346, 0.0009902738433247007, 0.006323027002740413, -0.1438399077077763, -0.16372132396111094, -0.97596383592377, -0.4712715899384155, 0.8785393696639504, -0.07792088595098624, 0.8701799638393982, 0.44873589563449195, -0.20352623050008575
0.00018511089046435185, 0.0009889695688455973, 0.006315252055085912, -0.13495913872845558, -0.13197890841495727, -0.9820221986326325, -0.4681459229228356, 0.8819875407677988, -0.054197534824906024, 0.8732842754363553, 0.4524152358884112, -0.18081766675751934
0.00018403504073371315, 0.0009879174765278335, 0.006307423698089607, -0.13093705161691807, -0.1315283103021104, -0.9826269852303773, -0.4683366324870775, 0.8817973969345451, -0.05562507914713054, 0.8737941904044297, 0.45291682939424127, -0.17705947720168833
0.00018299158237375675, 0.000986869306332607, 0.006299592986081083, -0.13155039674363542, -0.16220475737469275, -0.9779489300580113, -0.4720639652431056, 0.877734623760976, -0.08208253754687411, 0.8716938142694074, 0.4508564593484217, -0.19203735893897528
0.00018194467290310164, 0.0009855784421399904, 0.006291810234967911, -0.13308914493546162, -0.1997225351763454, -0.9707719549116987, -0.4766847902967889, 0.8716538654691678, -0.1139787239460253, 0.8689412466905079, 0.4475828948422754, -0.21121236243306074
0.00018088578326874648, 0.000983989401032634, 0.0062840865369842985, -0.1335765452218186, -0.23016528477254591, -0.9639404796211104, -0.480478519985097, 0.8657381003022345, -0.14013541136347005, 0.8667743064947959, 0.44443389088890495, -0.22623177988473403
0.00017982208063751096, 0.0009821565386942267, 0.00627641044367896, -0.13307906720736876, -0.2534535849842883, -0.9581499058758126, -0.48341016904565487, 0.8605554533683513, -0.16049585708435854, 0.8652193769989598, 0.44182076901907136, -0.23704395737695663
0.00017876091945196777, 0.0009801355213218776, 0.006268770237661714, -0.1316689253991141, -0.26972244697631087, -0.9538936500896491, -0.48549057998832407, 0.8565122661699185, -0.17517315617146242, 0.8642697442505107, 0.44004152019733545, -0.24372375689615225
0.00017770965415468985, 0.0009779820151126974, 0.006261154201542384, -0.12939546069298613, -0.27910082374736306, -0.9515038333793476, -0.4867491834168904, 0.8538844181137965, -0.18427325618616966, 0.8639051146943398, 0.43929959103783234, -0.2463408657104075
0.00017667563918825007, 0.0009757516862637961, 0.006253550617930796, -0.1262834630686752, -0.2816747459298437, -0.9511634057619861, -0.48722941693904076, 0.8528270818378769, -0.18786554700938013, 0.8640948919098094, 0.43971047973552924, -0.24493817951908975
0.00017566622899522127, 0.0009735002009722836, 0.0062459477694367695, -0.12233360983415015, -0.277467235417561, -0.9529146977430255, -0.48698659729534133, 0.8533817135036454, -0.18596694628962232, 0.8647997120487789, 0.44130667831715154, -0.23952009041629688
0.0001746887780181764, 0.0009712832254352704, 0.00623833393867013, -0.11752455448568218, -0.2664334621692711, -0.9566614810524345, -0.4860880080107456, 0.855477958585466, -0.17853826156482294, 0.8659713780264838, 0.44403904401633354, -0.2300497768483451
0.0001737506406996882, 0.0009691564258498658, 0.006230697408240697, -0.1118166291656664, -0.2484707029448906, -0.9621638900000872, -0.4846147959729271, 0.8589299851249752, -0.16549253813186934, 0.8675514630073228, 0.447774039478934, -0.21645523463887864
0.00017285917148232964, 0.0009671754684131804, 0.006223026460758295, -0.10515749798813981, -0.2234439756919401, -0.9690277035997754, -0.4826650977453568, 0.8634284952148058, -0.14671617862240424, 0.8694689781903318, 0.45228754501763124, -0.19864458861641493
0.0001720217248086735, 0.0009653960193223241, 0.006215309378832745, -0.09749124329853241, -0.19123460775794765, -0.9766907301063988, -0.48035791684971163, 0.8685307895303378, -0.12210871941681177, 0.8716373840077719, 0.4572565936467971, -0.17653520432654804
0.0001712456479773501, 0.0009638737005641799, 0.006207534454425608, -0.08994925885839337, -0.15899243622094045, -0.9831737059418116, -0.4782452459091404, 0.8728095270478798, -0.09739103788214919, 0.8736078156679528, 0.4614378990925936, -0.15454594684067863
0.00017052907122653692, 0.0009626070944264858, 0.0061997020450358, -0.08608558760694539, -0.1481842872108646, -0.9852059117921366, -0.4775896582843011, 0.8739894084480566, -0.08972531538256417, 0.8743554139514728, 0.4628000982545532, -0.14600917488063708
0.0001698428202914571, 0.0009614258095158582, 0.006191848250957046, -0.08642695416454627, -0.1619357031328321, -0.9830092622375004, -0.4786661007707238, 0.8721009992944494, -0.10158056409852353, 0.8737328799849474, 0.4617539118193783, -0.15288616468703456
0.00016915405169907877, 0.0009601352835754179, 0.0061840142839684935, -0.0878593459713718, -0.18462278265623333, -0.9788744370192491, -0.4804726423246445, 0.8686627044541021, -0.1207110014375642, 0.8725977167647513, 0.45971679762083373, -0.16502633329922942
0.00016845404432520473, 0.0009586643266975165, 0.006176215235199868, -0.08775538446197755, -0.20289727050660528, -0.975259806471537, -0.48197288609357686, 0.8654590114995325, -0.13668517287869955, 0.8717804365598936, 0.45805392371992787, -0.1737396713368023
0.00016775475865762402, 0.0009570475238753718, 0.00616844380089969, -0.08605419376499661, -0.2163654410813479, -0.9725125560326355, -0.4831187173247565, 0.8627496226838803, -0.14919582276090834, 0.871315660771651, 0.457000092411912, -0.17877341756974235
0.00016706882498921375, 0.000955322885781342, 0.006160691952024594, -0.08277391271007932, -0.22506915460435797, -0.970820454574554, -0.48391348727852573, 0.860683641643416, -0.15827635906023338, 0.8711924105526863, 0.4566919581655751, -0.18015615210780986
0.00016640887361285076, 0.0009535284230877848, 0.00615295165953121, -0.07792414048744724, -0.22903935489512162, -0.9702931527319563, -0.4843774232018871, 0.8593590450895339, -0.16395286979831913, 0.871381856720458, 0.4572122106112557, -0.17790630749463687
0.00016578753482141223, 0.0009517021464670588, 0.0061452148943761725, -0.07153875891848273, -0.22833872519350462, -0.9709498609863478, -0.4845492884444016, 0.8588173132413892, -0.16626728344706265, 0.8718338104480851, 0.4585785091495751, -0.17208009154380924
0.00016521717178577736, 0.000949881651249875, 0.0061374737213598434, -0.06470946564295624, -0.22465456177365295, -0.9722875155685642, -0.4845442876999188, 0.8588346821276354, -0.16619212385700435, 0.8723700581253242, 0.46036215814183895, -0.16442981796926956
0.000164701351207014, 0.0009480908553450639, 0.006129723295606489, -0.05875564091803189, -0.22002323700132378, -0.973723548980803, -0.48446649517369544, 0.8591283621796018, -0.16489594401534197, 0.8728344572222313, 0.4620478681674166, -0.15707252403752425
0.00016423305498561487, 0.0009463372186065682, 0.006121962490830124, -0.05375724585648927, -0.21456732099589787, -0.9752287030633215, -0.4843328815205127, 0.8596704947972293, -0.16244476062072294, 0.8732306787991144, 0.46360274496138426, -0.15013552700246446
0.0001638046363893768, 0.0009446272234422879, 0.006114190401592278, -0.049715260428693134, -0.20828745419460096, -0.9768033217109979, -0.48415240540737753, 0.8604463584024974, -0.1588348596817825, 0.8735701696021664, 0.46502516140206135, -0.14362018675739582
0.00016340844868609704, 0.0009429673522601242, 0.006106406122454491, -0.04663017111209691, -0.2011835277130703, -0.9784430567585325, -0.4839306416234491, 0.8614382561169664, -0.1540625359913198, 0.8738631250029798, 0.46631461383392664, -0.13752788693549559
0.00016303684514357272, 0.0009413640874679793, 0.006098608747978302, -0.044502026674871666, -0.19325486839275777, -0.9801388296891043, -0.48366978097390695, 0.862625504197465, -0.148124213013006, 0.8741184774356862, 0.4674717054010514, -0.13186012306588657
0.0001626821790296008, 0.000939823911473754, 0.0060907973727252485, -0.04333042586990509, -0.1845004841588705, -0.9818767975357575, -0.4833686369038714, 0.8639844131459851, -0.14101664688426369, 0.8743438883251978, 0.4684981378681565, -0.12661856010255312
0.00016233680361197854, 0.0009383533066853497, 0.006082971091256871, -0.04311443727573076, -0.17491936958538543, -0.983638327558584, -0.483022660311502, 0.8654882676461099, -0.1327372147987714, 0.8745457420421168, 0.4693967114401071, -0.12180505886545279
