0.003356344997882843, 0.012399429455399513, 0.07265004515647888, -0.24370713611479858, -0.1377498397116711, -0.9600165693706187, -0.4921023214869152, 0.8705373656647969, 1.29840068093723e-05, 0.8357285067495974, 0.47242954674830046, -0.2799431841736526
0.003344724146105267, 0.012394178676795787, 0.07260589924325268, -0.2394121453438322, -0.1483908337432552, -0.9595113262087349, -0.4948652375516554, 0.8689013470504305, -0.010901640100961587, 0.8353383873166655, 0.472218815333452, -0.28145900078033353
0.003333583308137187, 0.012387766601294078, 0.07256189217096301, -0.23443638802013855, -0.16048873304245365, -0.9587924418446878, -0.49796310398488147, 0.8668838959358312, -0.023346478039677234, 0.8349085740617431, 0.4719699964336113, -0.28314659705644313
0.0033228873451302057, 0.012380291796062976, 0.07251801063970671, -0.2288410579671399, -0.17381391495521836, -0.957820699899736, -0.5013146983347389, 0.8644692842111263, -0.03710026804556615, 0.8344551176798127, 0.47167953063859275, -0.2849615359211256
0.0033126011182359285, 0.012371852828271076, 0.07247424134958069, -0.22269024622273118, -0.18813498223483416, -0.9565637891415073, -0.50483961244386, 0.8616491451049382, -0.05193954608448636, 0.8339940167320103, 0.47134486228177763, -0.28685885179959064
0.00330268948860596, 0.012362548265086966, 0.07243057100068188, -0.21605174233316057, -0.20321916973918558, -0.9549992741805209, -0.5084600296603542, 0.8584249700999877, -0.06763851673881428, 0.8335406665979754, 0.4709655398851929, -0.2887930355255325
0.0032931173173919026, 0.012352476673679235, 0.0723869862931071, -0.20899756537117878, -0.21883305018130786, -0.9531170514775533, -0.5121023567139044, 0.8548101163852899, -0.08396928708421877, 0.8331093529165213, 0.4705441117193075, -0.2907181539039195
0.003283849465745359, 0.012341736621216468, 0.07234347392695321, -0.20265845792851617, -0.2322571349078319, -0.9513076120343203, -0.5151593849319096, 0.8514578662176748, -0.09813414376566719, 0.8327907045270212, 0.4701873300509588, -0.2922045809239451
0.0032748507948179373, 0.012330426674867268, 0.07230002060231716, -0.19706078679963623, -0.24350264942584118, -0.9496702090876096, -0.5176704407530082, 0.8484621322419922, -0.11013321443578371, 0.8325769400340695, 0.46991325781889576, -0.2932527392021045
0.003266086165761237, 0.012318645401800214, 0.0722566130192958, -0.1922245430186757, -0.25258462499944506, -0.9482883170614046, -0.5196729472399982, 0.8459000515926178, -0.11997137417942985, 0.8324600608846983, 0.46973834198359454, -0.2938641473578365
0.003257520439726863, 0.012306491369183896, 0.07221323787798596, -0.18816435179010937, -0.259519108478454, -0.9472296495834346, -0.5212005577957293, 0.8438329010740433, -0.1276558405181081, 0.8324326731146661, 0.46967634324022783, -0.29404077494738545
0.0032491184778664205, 0.01229406314418691, 0.0721698818784846, -0.1848903719145737, -0.26432089816513205, -0.9465463608120146, -0.5222816540151338, 0.8423070536678859, -0.13319422367558337, 0.8324886931679654, 0.4697374693746531, -0.29378442030337515
0.0032408451413315125, 0.012281459293977844, 0.07212653172088856, -0.18240904751782572, -0.2670018108719245, -0.9462753153151321, -0.5229381696034772, 0.8413548673687321, -0.136593037621645, 0.8326239308087443, 0.4699276754417176, -0.29309617823939504
0.0032326652912737426, 0.012268778385725286, 0.07208317410529472, -0.18072368758837132, -0.26756947239362294, -0.9464383372346341, -0.5231853447260552, 0.8409950634741353, -0.13785644082165285, 0.8328361446337087, 0.47024874338495937, -0.2919761557670885
0.003224543788844715, 0.012256118986597822, 0.07203979573179994, -0.17983485861308934, -0.2660266194711533, -0.9470423756941186, -0.5230328490978738, 0.8412322729905097, -0.13698504167894118, 0.8331242778794595, 0.4706995863732734, -0.2904235475918894
0.0032164454951960327, 0.012243579663764052, 0.07199638330050115, -0.1797405829419504, -0.2623709034562418, -0.9480795493328835, -0.5224835398600834, 0.8420578144267751, -0.13397607151308547, 0.8334892161383761, 0.4712750218103632, -0.28843644082999864
0.003208335271479302, 0.012231258984392559, 0.0719529235114952, -0.18043634117042692, -0.2565951916914434, -0.9495270582694633, -0.5215319092282353, 0.8434505315732188, -0.12882417647944117, 0.8339347662987682, 0.47196409650489934, -0.2860117080969468
0.0032001779788461233, 0.012219255515651936, 0.07190940306487895, -0.18191488170842687, -0.24868836951614626, -0.9513469770175389, -0.5201644236877224, 0.8453764613020914, -0.12152205975037349, 0.8344674638010932, 0.4727501809029314, -0.283145401364064
0.003191938478448104, 0.01220766782471077, 0.07186580866074932, -0.18416392020058647, -0.23867788724440017, -0.953476017861436, -0.5183690876524162, 0.8477782327412132, -0.11209619554912208, 0.8350910965054973, 0.4736084186653936, -0.279853401456033
0.003183581631436844, 0.012196594478737652, 0.07182212699920316, -0.18713192681925298, -0.22741054758986282, -0.9556495617169468, -0.516271022906623, 0.8504162094090184, -0.10127438808181374, 0.8357307418492292, 0.47442250538868347, -0.2765454998890087
0.003175072298963951, 0.012186134044901174, 0.07177834478033737, -0.19074160704805293, -0.21649769176641906, -0.9574687403777413, -0.5141292066407014, 0.8529314567281162, -0.09043831600962383, 0.836234894165347, 0.4750122941392846, -0.2739973032655699
0.0031663753421810274, 0.012176385090369928, 0.07173444870424885, -0.19492732001474777, -0.20759908257263734, -0.9585958276702791, -0.5122212136069149, 0.8550243971173899, -0.08101054662884032, 0.8364405347918809, 0.4752219494605058, -0.27300426829635666
0.003157455622239676, 0.012167446182312497, 0.07169042547103442, -0.19962498515950242, -0.20238052187766278, -0.958745007634769, -0.510842221700992, 0.8564471082942221, -0.07442160453832905, 0.83617587254576, 0.4749110180433697, -0.27435275670812437
0.003148278770117742, 0.012159396811170224, 0.07164626571369002, -0.20374127214883728, -0.20129712076392298, -0.9581069685558747, -0.5102185054139045, 0.8570617508397503, -0.07156977001991427, 0.8355636246010084, 0.474262189531968, -0.27732436752649153
0.0031388257028510946, 0.012151937670268774, 0.07160203815883782, -0.20557540488950218, -0.20322742456365145, -0.9573073523219922, -0.5103771743528714, 0.8569048943949255, -0.07231280565432517, 0.8350173009010627, 0.47372208716424336, -0.2798812093168407
0.003129091388961397, 0.012144421249212181, 0.07155788331952637, -0.20511694159114133, -0.20793199842209453, -0.9563949625047647, -0.511277376039825, 0.8560083445933421, -0.07645363782317649, 0.8345792263303273, 0.47330117052333626, -0.28189274016744775
0.0031190713193330593, 0.012136187093162007, 0.07151394437745832, -0.20246406492737626, -0.2152372263984683, -0.9553435187331192, -0.5128513694281438, 0.8543773596263354, -0.08380214933764654, 0.8342612152610002, 0.4729823080520308, -0.28336541952223654
0.003108764055601341, 0.012126578256197293, 0.0714703632193531, -0.19770798625194416, -0.22496372213202065, -0.9540979383148819, -0.5150139724502305, 0.851993568346601, -0.0941677634706223, 0.8340696375922304, 0.4727560504324962, -0.28430539288981643
0.003098642741258401, 0.012115492566935981, 0.07142707890109437, -0.19093828293343662, -0.23688100809853047, -0.952591182046451, -0.5176614559244189, 0.8488283234809153, -0.10731772596728516, 0.8340079071331649, 0.47262867587441454, -0.28469799012384306
0.0030894590464665564, 0.012103550045939934, 0.07138382584230936, -0.18228615375959234, -0.2499296105713759, -0.950950549664479, -0.5205465207981304, 0.8450278240534017, -0.12230820193484505, 0.834148115044622, 0.4727189083749598, -0.28413686109389347
0.003081181727972124, 0.012090958214482564, 0.07134056457311559, -0.17193113752950212, -0.2623121909499293, -0.9495430471689312, -0.5233176925454416, 0.8409611530447955, -0.137560647492234, 0.834612650645032, 0.4732617178143779, -0.28186001815556977
0.0030737259258116403, 0.012077891595932876, 0.0712972721333344, -0.160065554821127, -0.27224009997028364, -0.9488226104641345, -0.525670922731904, 0.8370887697374435, -0.15150073456469454, 0.8354933268159558, 0.47451840801766937, -0.2770977829185633
0.003067006780021632, 0.012064524713659855, 0.07125392556278703, -0.14685372638237312, -0.27819921113785345, -0.9492308370306388, -0.5274093829111303, 0.8338688572526229, -0.16279456907865691, 0.8368233540388987, 0.47672626089453146, -0.26918162327433737
0.0030609394306386336, 0.012051032091032502, 0.07121050190129484, -0.1334421639647941, -0.28012784103554456, -0.9506427202441292, -0.5285385272281901, 0.8315410274883182, -0.17084070018332315, 0.838355660869448, 0.4796539505523091, -0.25902099067008877
0.003055439017699176, 0.012037588251419807, 0.07116697818867906, -0.12156235549369743, -0.27953535115871664, -0.9524088309016233, -0.529241146010363, 0.8300043277590332, -0.1760585847691414, 0.8397180497622172, 0.48265184486734153, -0.24883889074999938
0.003050420681239792, 0.012024367718190768, 0.07112333146476107, -0.1112455379821751, -0.2770325509681974, -0.9543989710719043, -0.5296375562718021, 0.8291353720360132, -0.17893740197380684, 0.840897430882917, 0.4855795511991369, -0.23896445382473674
0.0030458003964273553, 0.012011539862705561, 0.07107953973906446, -0.10240254983320764, -0.27315461268165664, -0.9565041951598495, -0.5298118711732653, 0.8288016183302216, -0.17996460378943693, 0.8419103865326409, 0.48833844311495683, -0.22959195548738076
0.0030415132504083707, 0.01199915615246861, 0.07103560321277647, -0.09494262049731891, -0.2684342999821657, -0.958607805834162, -0.5298301269878277, 0.8288631830220676, -0.17962700344488514, 0.8427727661411256, 0.4908450370774987, -0.2209190218773035
0.0030375133891171868, 0.011987150479274377, 0.0709915442169848, -0.0887749794210247, -0.26340336250864055, -0.9605923545645876, -0.5297518057764177, 0.8291760835712845, -0.1784097719016841, 0.8434939402896866, 0.49303721061652944, -0.21314849669197933
0.0030337557829801173, 0.011975451648537833, 0.07094738604012688, -0.08380965390603104, -0.25859354783749366, -0.9623436594735632, -0.5296316202017892, 0.8295979815849828, -0.17679800856500158, 0.8440771817758014, 0.4948702516487939, -0.20648763943267998
0.003030195402423476, 0.011963988465673947, 0.07090315197064012, -0.07995771401099763, -0.25453722528935574, -0.9637518170733228, -0.5295160001373056, 0.8299940161026335, -0.17527903135403908, 0.8445232794711608, 0.49630709664059525, -0.2011459575916416
0.003026787217873574, 0.011952689736097689, 0.07085886529696202, -0.07713301489989247, -0.2517565548938783, -0.9647119440954479, -0.529444839023203, 0.8302387836740835, -0.174332224545759, 0.8448305513202915, 0.49731498987195627, -0.19733002915042733
0.0030234861997567248, 0.01194148426522402, 0.0708145493075299, -0.0752929448108073, -0.2505209046355491, -0.9651788688125652, -0.5294372361936033, 0.8302707066646744, -0.17420323356993356, 0.8450012931311972, 0.49788535828554775, -0.19514862185389967
0.003020247318499243, 0.011930300858467916, 0.07077022729078128, -0.07443715447270775, -0.2508450745539161, -0.9651610531958107, -0.5294953527817252, 0.830086628544095, -0.17490243135775438, 0.8450406980829755, 0.498029053052468, -0.19461058783914997
0.0030170255445274396, 0.011919068321244338, 0.07072592253515356, -0.07456607768345036, -0.252729855839701, -0.9646592766496104, -0.5296218355708271, 0.8296827999422883, -0.17642891703604796, 0.8449500644094263, 0.497749004466276, -0.19571744226649226
0.003013775848267628, 0.011907715458968259, 0.07068165832908417, -0.07566355140649912, -0.2561553835924453, -0.9636697808093617, -0.5298189479727196, 0.8290547799315676, -0.17877375154563555, 0.8447288969590402, 0.4970438525213114, -0.19844520481265376
0.0030104532001461208, 0.011896171077054648, 0.07063745796101055, -0.07754098277639691, -0.260905787752586, -0.962245065410716, -0.5300827850766563, 0.8282168406911856, -0.1818491291177575, 0.8443930583297367, 0.49596878401035877, -0.20252241439366683
0.003007012570589231, 0.011884363980918468, 0.07059334471937012, -0.07990331636365854, -0.2666449381863948, -0.9604769320361957, -0.5304044602952132, 0.827196371019963, -0.18551892698683695, 0.8439707154475401, 0.4946176712481848, -0.20752539785768356
0.0030034089300232714, 0.011872222975974688, 0.07054934189260029, -0.08245436830839022, -0.27303632502668435, -0.9584635842653528, -0.5307733174972913, 0.8260228404636314, -0.18964691525388402, 0.8434933091493875, 0.49308967972197204, -0.21302958755041285
0.002999597248874555, 0.01185967686763828, 0.07050547276913852, -0.08489870285571063, -0.2797459155205209, -0.9563129367539703, -0.5311768449034474, 0.8247285670121475, -0.1940977851303528, 0.8429966605460764, 0.4914926383005907, -0.21861293832819703
0.0029955396162288403, 0.011846662462783058, 0.07046175781173046, -0.086941815915099, -0.28644281318657266, -0.95414445207167, -0.5316008179592754, 0.8233492786834997, -0.19873735339988352, 0.8425210329661893, 0.48994538477785776, -0.22385671520966832
0.002991276589239524, 0.011833204767334751, 0.07041818633588473, -0.08829018538145224, -0.2927994468522697, -0.9520889281408086, -0.5320298567313797, 0.8219242078203753, -0.20343261327829434, 0.8421098946762806, 0.4885786328953134, -0.2283458884378045
0.0029868973859287686, 0.011819383482620929, 0.07037472834158894, -0.08865113030266172, -0.2984911670002979, -0.9502862728245951, -0.5324483585248017, 0.8204957494462266, -0.20805160572540532, 0.8418074141989395, 0.4875343560852665, -0.23166900750039854
0.0029824919515042715, 0.011805279127334443, 0.07033135354018044, -0.08773244639635575, -0.3031951299836951, -0.9488813050131617, -0.5328412309569364, 0.8191090231157888, -0.21246324586289012, 0.8416550602483225, 0.4869631622663755, -0.23341730474393768
0.002978150231173736, 0.011790972220168163, 0.07028803164299671, -0.08529344553864183, -0.30659523597797095, -0.9480107538544903, -0.5331927487310308, 0.8178175661103823, -0.21651771581544638, 0.8416831475375961, 0.48700491767219656, -0.2332288346545139
0.00297396217014486, 0.011776543279814934, 0.07024473236137511, -0.08143870920953407, -0.3084342072705483, -0.9477531727341636, -0.5334798416174608, 0.8167141577884237, -0.21994827359121233, 0.8418830056665202, 0.48769490898853374, -0.23105557884754016
0.002970017713625346, 0.011762072824967627, 0.0702014254066531, -0.07657300100964665, -0.30865947177071307, -0.9480853896156195, -0.5336874421739789, 0.8158826447498265, -0.22251567149714296, 0.8422079847532751, 0.48894257380826733, -0.22720226657226494
0.002966406806822893, 0.01174764137431909, 0.07015808049016803, -0.07120699698390241, -0.3073351350691222, -0.9489334425198528, -0.5338088534140849, 0.8153894313466264, -0.22402719313727362, 0.8426017277440596, 0.4905967692517651, -0.22211964884371616
0.002963219394945201, 0.011733329446562187, 0.07011466732325734, -0.06585328639454104, -0.30452748959554066, -0.950224369689431, -0.5338402665816602, 0.8152968061155732, -0.2242892946927417, 0.8430171495569119, 0.4924978436687652, -0.2162590102968106
0.0029605217513397684, 0.011719214317592744, 0.07007115839381887, -0.06102307647712689, -0.30030603355094787, -0.95188889601159, -0.5337799313932038, 0.8156601367900632, -0.22310877637036602, 0.8434187388119458, 0.494484405683852, -0.21007142489247393
0.0029582285030732122, 0.011705352489353716, 0.07002754397690594, -0.05709282103203587, -0.2948767139665818, -0.9538281466526738, -0.5336368774744947, 0.8164706183657624, -0.2204708877487012, 0.8437843876168101, 0.4964105688900067, -0.20397169977333862
0.002956194464604938, 0.011691792270087039, 0.06998382136321474, -0.054215614620747615, -0.2886704340225761, -0.9558922782680652, -0.5334325651831958, 0.8176235425101095, -0.2166597358423912, 0.8441032907964346, 0.49815772929307917, -0.19831417299878779
0.002954274304801907, 0.011678581948090006, 0.06993998786051851, -0.0525241027709057, -0.2821413162978217, -0.9579339728111974, -0.5331830117654004, 0.8190094894235793, -0.21198899074929528, 0.8443678668642526, 0.49961958915945287, -0.1934506953599581
0.0029523226925310805, 0.01166576981165992, 0.06989604077659052, -0.05215167690077177, -0.27574608957324825, -0.9598147199754229, -0.5329002766110233, 0.8205252564987859, -0.20677426976172927, 0.8445694156103052, 0.5007019048622281, -0.18973693547383963
0.002950195152482209, 0.011653403281994584, 0.0698519776015029, -0.053180528370840925, -0.2699363998003767, -0.9614084311389253, -0.5325968824221473, 0.8220690292692888, -0.2013531026591308, 0.8446966273381276, 0.5013350687704385, -0.18748535031978406
0.002947808917030733, 0.011641467259517795, 0.06980780896968515, -0.05536146304803658, -0.26511781822878105, -0.9626253948794369, -0.532295588501104, 0.8235109960123458, -0.1961913502400591, 0.844746420454946, 0.5015398108867982, -0.18671181865160708
0.0029451833509716303, 0.011629843166490994, 0.06976356727079877, -0.05831462544088649, -0.2616779373799722, -0.9633919563439651, -0.5320279364986582, 0.8247160044772153, -0.1918066389469291, 0.8447163306369002, 0.5013663022658197, -0.18731297794768498
0.002942347409004293, 0.01161840270891028, 0.06971928693725132, -0.061660081578478576, -0.2600045734145305, -0.9636366826471808, -0.5318315953950911, 0.8255548441122137, -0.18871765551312542, 0.8446023848410846, 0.5008560882792447, -0.18918242612453706
0.0029393300458281126, 0.011607017592771766, 0.06967500240145039, -0.06501813866990634, -0.26045419780725493, -0.9632944785933739, -0.5317485691011136, 0.825904718844491, -0.18741626036531678, 0.8444028072565954, 0.5000450042096025, -0.19219493453834738
0.002936160216142481, 0.011595559524071566, 0.06963074809580354, -0.06801242973822923, -0.2630610323253555, -0.9623789288388543, -0.5318072368997594, 0.8257071292358205, -0.18811910990163472, 0.8441299498194255, 0.49900564125173813, -0.1960561088484518
0.00293286687464679, 0.011583900208805778, 0.06958655845271827, -0.07040157478837794, -0.26753136746848816, -0.9609737695107797, -0.5320097611548159, 0.8249849593387322, -0.1906972231073812, 0.8438063950357999, 0.4978220407789427, -0.20040953922250437
0.0029294789760404326, 0.011571911352970516, 0.06954246790460224, -0.07216665979412497, -0.2733418793270151, -0.9592060207380554, -0.5323284854435328, 0.8238396440522796, -0.194716780153144, 0.8434561973212087, 0.49656062861828754, -0.20496142394767275
0.0029260254750227994, 0.01155946466256189, 0.06949851088386293, -0.07330999653196074, -0.27994908981687994, -0.9572116545044698, -0.5327264110154215, 0.8223841307800884, -0.19971708101138108, 0.843106289512249, 0.4952906707699822, -0.20942525166060816
0.002922535237100781, 0.011546445768468848, 0.06945471791733976, -0.07383466565030629, -0.2868123302798107, -0.9551372306364003, -0.5331630413465679, 0.8207397366562986, -0.2052399961397087, 0.8427844407025947, 0.4940900442963959, -0.21351677834961844
0.0029190361962498257, 0.011532885733933367, 0.06941107874190161, -0.07374476959565257, -0.29339480033957055, -0.953142801520836, -0.5335983647731879, 0.8190380654820448, -0.2108303403279745, 0.8425167618918119, 0.49304780541559373, -0.2169547591231932
0.002915555731964402, 0.01151890218875885, 0.06936755881476142, -0.07304541458625022, -0.2991638120728142, -0.9514017978509315, -0.5339955716668572, 0.8174210952151156, -0.21603583623442515, 0.8423260039011672, 0.49226391970505295, -0.21946101364139345
0.002912121216379078, 0.011504613911789434, 0.06932412327085621, -0.07174241245403387, -0.30359001252295903, -0.9500979583977565, -0.5343220178846346, 0.8160397436919437, -0.2204067102401352, 0.842230970375091, 0.4918457492054764, -0.22075948797172049
0.0029087600216284194, 0.011490139681869268, 0.06928073724512306, -0.0698417467980043, -0.30614546177390095, -0.94941934182923, -0.5345496423234719, 0.8150502236484889, -0.223494547634605, 0.8422462883836603, 0.49190251998317047, -0.22057447843790745
0.002905499519846995, 0.011475598277842494, 0.06923736587249907, -0.06734861967296144, -0.306330701196572, -0.9495397121408684, -0.5346583567847311, 0.8145989649121481, -0.2248754497145212, 0.8423803208458743, 0.4925342910584738, -0.21864438520833002
0.0029023670831693736, 0.011461108478553254, 0.06919397428792129, -0.06426418122067121, -0.3039551216378788, -0.9505163854674674, -0.5346520400000817, 0.8147374651120768, -0.22438818833998042, 0.8426252495242401, 0.4937754013444269, -0.2148686619573977
0.0028993900837301235, 0.011446789062845698, 0.06915052762632681, -0.06058661368358001, -0.2990085460450992, -0.9523251291624896, -0.5345394487166122, 0.8154576235909266, -0.2220280205135806, 0.8429690623078032, 0.49560342363570736, -0.20923767938033674
0.00289659589366381, 0.011432758809563962, 0.06910699102265264, -0.05647007901329344, -0.29150250283041457, -0.9549017860596117, -0.5343151648424235, 0.8167612627341823, -0.21773457308447408, 0.8433969615760103, 0.49792301668076006, -0.20187678089340855
0.002894011885105003, 0.011419136497552195, 0.0690633296118359, -0.05360598599943177, -0.2816884136740797, -0.9580073255809735, -0.5339424218583194, 0.8188011066209016, -0.21087967644241917, 0.8438198198697997, 0.5002163385957795, -0.19429803446440558
0.0028916654301882694, 0.011406040905654538, 0.06901950852881364, -0.05412032112905178, -0.27004305664744527, -0.9613260312700332, -0.5333796775018207, 0.8216984813457928, -0.20079274235407898, 0.8441428258706829, 0.5018848008363298, -0.18850606414790871
0.0028895839010481777, 0.011393590812715137, 0.06897549290852292, -0.057882068429887086, -0.2574657108529682, -0.9645522660225591, -0.5326365798026991, 0.8251338798859744, -0.18828795532481976, 0.8443624458787594, 0.5028573237005644, -0.18489611134457387
0.0028877946698192955, 0.011381904997578133, 0.06893124788590083, -0.06403735334379061, -0.24499177209570233, -0.967408005436243, -0.531738856098042, 0.8287010301953577, -0.17466651501847394, 0.8444838697644073, 0.5032232448511897, -0.18333946533458434
0.002886253339074822, 0.011371091366512417, 0.06888674876639218, -0.07173826060510459, -0.2336699254620062, -0.9696659156121424, -0.5307363752563663, 0.8320572834602306, -0.16124384335693334, 0.8444954244666383, 0.5030696204059256, -0.18370747148537583
0.0028842118858225505, 0.011361151231545958, 0.06884207056664433, -0.08025493928515468, -0.22442753879010668, -0.9711804284235507, -0.5297129577345694, 0.8349558424819585, -0.14917413821885175, 0.8443715575079673, 0.5024748958284961, -0.185891505813772
0.002880725783131261, 0.01135198601193954, 0.0687973345669208, -0.08972030382764036, -0.21714133365896568, -0.972008183246356, -0.5286836874783498, 0.8374782789210535, -0.13828843382483108, 0.8440638753526717, 0.5014775902792027, -0.18993788661663497
0.002875880425632978, 0.011343294437542591, 0.0687526103075994, -0.10063204274703404, -0.211227399278305, -0.9722428594578016, -0.5276049297834386, 0.839814447987629, -0.1278465135208887, 0.8435082868832837, 0.5000946697829898, -0.19595686059403636
0.002870091115154334, 0.011334710817965839, 0.06870795062276892, -0.11289684076744516, -0.2068503552359389, -0.9718370408064801, -0.5264970421120609, 0.8419425588181849, -0.11804063833247522, 0.8426477128622499, 0.4983429122496409, -0.2039587551897828
0.0028637732957994076, 0.011325869435037807, 0.06866340833931331, -0.12573748178806562, -0.2048430511586822, -0.970685021036998, -0.5254913738347062, 0.8436621582611443, -0.10996808056641091, 0.8414564169931256, 0.4962594957380153, -0.21372321163350974
0.0028572901819438664, 0.011316468652024356, 0.06861902618640393, -0.13725105027819515, -0.2054469653997256, -0.9689962299233038, -0.5247902824190814, 0.8447589416360624, -0.10477351766749295, 0.8400936308983857, 0.49413952982327136, -0.22376062296571142
0.0028506091630139713, 0.011306692475759815, 0.06857477036731922, -0.1454212673897012, -0.20841341681533762, -0.9671693247214416, -0.5245950967178766, 0.8450706648662845, -0.10322575202931435, 0.8388400559643863, 0.49236106575745026, -0.23222390367025775
0.002843529210062977, 0.011296930658226916, 0.06853057413377317, -0.15046897038347148, -0.2130242895370598, -0.9653909783186132, -0.5248552320635758, 0.8447406133215265, -0.1045958009705043, 0.8377864133102352, 0.4909520834790319, -0.23891416324774417
0.0028361174322113552, 0.011287225415661859, 0.06848641442970799, -0.1533281853021258, -0.2184053655637193, -0.9637372898694617, -0.5253944273709337, 0.8440169633348737, -0.10768500959069001, 0.8369296047335915, 0.4898310544421989, -0.2441605513274368
0.0028286816206538764, 0.011277302355306149, 0.06844230871200987, -0.1549295658851719, -0.22368150484917387, -0.9622699278284867, -0.5260140180350705, 0.843161127892372, -0.11130393183470048, 0.836245228653194, 0.4889232013309168, -0.24829019464146218
0.002821349180525268, 0.011267055873726254, 0.06839826250041736, -0.156089346526707, -0.22811943645700314, -0.9610398735803863, -0.5265433883654528, 0.8424104193901986, -0.11444101306549863, 0.8356962223616268, 0.488166168444075, -0.2516060728939933
0.0028141089589393026, 0.011256512636049088, 0.06835427144124151, -0.15676758490098683, -0.23205576722644752, -0.9599864817908931, -0.52703142241641, 0.8416981871672597, -0.11739693993066519, 0.835261518394118, 0.4875390062510828, -0.25425167309903607
0.0028069466714185825, 0.011245702296842752, 0.06831033095764119, -0.15655862747880686, -0.2362795512012323, -0.9589897652457489, -0.5276230262649365, 0.8408130438118558, -0.12102630916818218, 0.8349271455144949, 0.48703736924386676, -0.25630306795477725
0.0027998480334857057, 0.01123465451067534, 0.06826643647277508, -0.1556402635886018, -0.24081788089798853, -0.9580098415934319, -0.528310590749333, 0.8397601938530672, -0.12526267010546158, 0.8346640210600679, 0.4866308303628749, -0.25792713484272567
0.0027927987606632754, 0.01122339893211496, 0.06822258340980204, -0.1547158738210367, -0.24500781129731036, -0.9570967405602709, -0.5289490129996617, 0.838759725971325, -0.1292093794396963, 0.8344315070959849, 0.48626463421866206, -0.25936608389246657
0.002785784568473893, 0.011211965215729714, 0.06817876719188086, -0.15409615200134463, -0.2485564467661142, -0.9562813752810322, -0.5294752915334128, 0.8379184020630737, -0.13247138234227357, 0.8342123779913518, 0.48591402969565417, -0.2607244985630327
0.0027787911724401577, 0.011200383016087702, 0.0681349832421703, -0.15378913698848146, -0.25145915162798627, -0.9555716594828833, -0.529888616645239, 0.8372465264543055, -0.1350418745796823, 0.8340065678962804, 0.4855785713998644, -0.26200476274895057
0.0027718042880846712, 0.011188681987757024, 0.06809122698382915, -0.1537957643344387, -0.25371751142506177, -0.9549734484628668, -0.5301896160010815, 0.8367503883555284, -0.13692245495716956, 0.8338140284004651, 0.48525891231707036, -0.2632070554894804
0.002764809630930036, 0.011176891785305784, 0.06804749384001621, -0.15411672907174084, -0.2553327587572308, -0.9544910770277789, -0.5303792154286316, 0.8364343106180404, -0.13811419862647206, 0.8336341653636425, 0.4849565200369465, -0.26433170829871705
0.002757792916498851, 0.011165042063302082, 0.06800377923389028, -0.15475250010135716, -0.25630572627989723, -0.954127370107636, -0.5304579488678396, 0.8363010607380432, -0.13861782097316444, 0.8334662729800792, 0.4846729933517631, -0.2653790898321453
0.0027507398603137177, 0.011153162476314019, 0.06796007858861011, -0.15570332715644966, -0.2566368149591945, -0.9538836507247683, -0.5304253092479706, 0.8363522343623528, -0.1384338520243321, 0.8333099454714352, 0.4844094190709963, -0.26634948750409404
0.0027436361778972376, 0.011141282678909698, 0.06791638732733454, -0.15696924026475734, -0.2563259774561944, -0.9537597448476379, -0.5302799129159526, 0.8365881620136241, -0.13756257171380606, 0.8331649726005976, 0.4841665420697643, -0.26724312520933546
0.0027364675847720114, 0.011129432325657223, 0.06787270087322232, -0.15855004167117467, -0.2553727165770964, -0.9537539829086444, -0.530019708167825, 0.8370077870146904, -0.13600394637827418, 0.833031207842637, 0.4839449763194208, -0.2680601922244942
0.0027292197964606402, 0.011117641071124692, 0.06782901464943225, -0.16044529021856194, -0.2537760987984084, -0.9538631980139196, -0.5296419759131651, 0.837608661000393, -0.13375764788574648, 0.8329085701308877, 0.4837452043129621, -0.2688008391109127
0.0027218785284857244, 0.011105938569880203, 0.0677853240791231, -0.162654278224498, -0.25153478294857107, -0.9540827211213307, -0.5291432807084242, 0.8383869652065759, -0.13082310595928162, 0.8327970786790702, 0.48356752324646757, -0.2694651669601912
0.0027144294963698666, 0.011094354476491868, 0.06774162458545373, -0.16517405881979155, -0.24865059387104085, -0.9544057902488724, -0.5285201154839941, 0.8393365059135401, -0.12720344873326098, 0.8326968342811095, 0.4834119485577788, -0.27005345798524766
0.0027068584156356656, 0.011082918445527777, 0.06769791159158284, -0.16794014049141184, -0.24523664789520777, -0.9548063132074729, -0.5277898219710957, 0.8404183197271436, -0.12302419148575572, 0.8326067577406779, 0.4832763540626901, -0.2705733774199327
0.0026991510018057243, 0.01107166013155604, 0.06765418052066925, -0.1708160589991373, -0.24153816799880573, -0.9552388117051066, -0.5269964286318377, 0.8415576919576505, -0.11855553684328819, 0.832524256822161, 0.4831562526830142, -0.2710413202742633
0.002691292970402643, 0.011060609189144754, 0.06761042679587179, -0.17366195532641515, -0.23780918011863716, -0.9556611947356175, -0.5261883810237562, 0.8426816304035112, -0.11407654209380029, 0.8324465826392734, 0.4830470615082777, -0.27147416713273775
0.0026832700369490217, 0.011049795272862024, 0.06756664584034919, -0.17633887050634012, -0.23430500653970202, -0.956036488142047, -0.5254172757493787, 0.8437215000310699, -0.10986681359456345, 0.8323708843374146, 0.4829442973012016, -0.2718887945679245
0.0026750687960506937, 0.011039246405677883, 0.0675228332856971, -0.17871085767961511, -0.23127832427810657, -0.9563329786567686, -0.5247368275058449, 0.8446137292531177, -0.10620221380104217, 0.8322942335535658, 0.48284364454370954, -0.2723018981153646
0.0026667035979519114, 0.011028939095478769, 0.06747899134456824, -0.1806900296533335, -0.22889835214435578, -0.9565336677657907, -0.5241854146410934, 0.845319948125524, -0.10326585291666543, 0.8322143739815016, 0.4827418872302878, -0.2727260641228074
0.0026582215207509204, 0.01101878910652461, 0.0674351299896197, -0.18223529041889375, -0.22725147284529584, -0.956633193557272, -0.5237846242597202, 0.8458241509375924, -0.10114926139030679, 0.8321297773274583, 0.48263679281665284, -0.2731698371061677
0.0026496715245451323, 0.011008708710042947, 0.067391259639744, -0.18330731602268016, -0.22642027416231159, -0.9566254686871059, -0.5235547513908236, 0.8461101776597953, -0.09993992974083171, 0.8320389715564135, 0.4825260891483208, -0.2736415960751814
0.0026411025694319562, 0.0109986101772613, 0.06734739071383344, -0.18386639503399455, -0.22648690813115485, -0.9565023937358405, -0.5235151370152262, 0.8461600316591701, -0.09972513293288368, 0.831940532786528, 0.48240738102535524, -0.27414971938545885
0.002632562658909864, 0.010988407519663302, 0.06730353346869303, -0.1838741701790644, -0.22752933939006942, -0.9562534649650578, -0.5236830152333537, 0.8459539965083166, -0.10058794832240202, 0.8318331497945147, 0.48227817233244735, -0.27470233962347446
0.0026240783922405427, 0.010978053687573062, 0.06725969453436462, -0.18335233177187696, -0.22951238775265476, -0.9558796923786437, -0.5240503261822855, 0.845498316519361, -0.1024883036798182, 0.8317170059954623, 0.4821375951230121, -0.2753001295076753
0.00261565529124421, 0.010967539975645304, 0.0672158769694996, -0.18239373401005246, -0.23226782484629657, -0.9553973955035885, -0.524579760706743, 0.844831565010275, -0.10524115838941375, 0.8315940117934512, 0.4819868092629294, -0.2759349837295264
0.002607297986506051, 0.01095685929988004, 0.06717208368173737, -0.18109526353361127, -0.23561971216724092, -0.9548234689008845, -0.5252318572520819, 0.8439940614587602, -0.1086532114107776, 0.8314661758924535, 0.4818271219644791, -0.27659830600747803
0.0025990111086112515, 0.010946004576277285, 0.0671283175787172, -0.1795539862561105, -0.23939243523523385, -0.9541758894311283, -0.5259674146387269, 0.8430272536209099, -0.11253145511651182, 0.8313354586193193, 0.481659954329328, -0.27728152415492024
0.002590799288144998, 0.010934968720837062, 0.06708458156807846, -0.17786521788986057, -0.24341476498962855, -0.9534742872516471, -0.5267488818347068, 0.8419736613518716, -0.11668748465713824, 0.8312036932971837, 0.4814868697843875, -0.27797628401421914
0.002582667155692476, 0.01092374464955938, 0.06704087855746048, -0.17607710681060998, -0.24760002951432664, -0.9527282287419165, -0.5275570789139823, 0.8408544705498902, -0.1210259800373884, 0.8310718265859766, 0.4813086169400759, -0.2786783707327859
0.0025746193418388717, 0.01091232527844426, 0.06699721145450259, -0.1741910707916756, -0.2519443165634823, -0.9519356765075092, -0.5283902291470108, 0.8396682334806291, -0.12554291467657192, 0.8309399717178245, 0.48112505550519763, -0.27938762386101096
0.002566660477169371, 0.010900703523491713, 0.06695358316684413, -0.17220653886382123, -0.2564471522649573, -0.9510939838248044, -0.529247266179848, 0.8384124156104996, -0.1302380612237607, 0.8308081843685102, 0.4809360450677, -0.28010405448857556
0.0025587951922691594, 0.010888872300701761, 0.06690999660212445, -0.17012293334274717, -0.26110799822814273, -0.950200400343081, -0.5301270743474672, 0.8370843841175087, -0.1351111354049174, 0.8306765150133077, 0.480741455595316, -0.2808276700708865
0.0025510281177234238, 0.010876824526074417, 0.06686645466798286, -0.1679396736388045, -0.2659262442856155, -0.9492520732757127, -0.5310284491907149, 0.835681431945489, -0.14016180097173786, 0.8305450331969941, 0.48054112925085196, -0.2815584680490359
0.002543363884117349, 0.010864553115609696, 0.0668229602720587, -0.1656561802848544, -0.2709012009931668, -0.9482460488891539, -0.5319494647876806, 0.8342011452885921, -0.14538987623387498, 0.8304142320827191, 0.4803342466446267, -0.2822963241964141
0.002535807122036121, 0.010852050985307615, 0.0667795163219913, -0.1632718791867879, -0.27603209190120004, -0.9471792743232205, -0.5328881425337993, 0.8326410182556642, -0.15079510026870152, 0.8302846024187682, 0.48012000474758193, -0.28304109247155235
0.0025283624620649264, 0.010839311051168192, 0.06673612572542002, -0.16078620610076505, -0.2813180456138674, -0.9460485997768383, -0.533843324442564, 0.8309979503525536, -0.15637682519467566, 0.8301560701915235, 0.47989849314396565, -0.28379276841089085
0.002521034534788951, 0.010826326229191443, 0.06669279138998419, -0.15820941087862486, -0.286729398424254, -0.9448576794357465, -0.5348100393410216, 0.8292769213441309, -0.16210493374988613, 0.8300289176465441, 0.4796728466416099, -0.2845451740325974
0.0025138279707933803, 0.010813089435377381, 0.0666495162233231, -0.15616831033385156, -0.29058946376312367, -0.9440175964447539, -0.5355071488369157, 0.8279979433073039, -0.16628740007418488, 0.8299659947202821, 0.47955934922461374, -0.2849197749880445
0.002506747400663401, 0.010799593585726026, 0.06660630313307617, -0.15500031248817742, -0.29193370961743703, -0.9437953233183397, -0.5357851605652802, 0.8274797912134373, -0.16796266505209742, 0.8300055209735682, 0.47963726327545503, -0.284673375697531
0.0024997974549841977, 0.010785831596237394, 0.06656315502688265, -0.15458512903836044, -0.2909813892757699, -0.9441574386591128, -0.5356937070696105, 0.8276591754280754, -0.16736947611717148, 0.8301419698378174, 0.4799063663099928, -0.2838206995427346
0.002492982764340958, 0.010771796382911498, 0.06652007481238192, -0.15479906882066538, -0.2879472720453505, -0.9450521767679793, -0.5352765745868252, 0.8284555332764642, -0.16474349177495395, 0.8303711441222231, 0.48036215286515893, -0.28237557455258033
0.002486303006717943, 0.010757494014937755, 0.06647706223401789, -0.1555165692002896, -0.28304183209466155, -0.9464152988982527, -0.5345723740589949, 0.8297774967819899, -0.1603174436146764, 0.8306906605934015, 0.480995454363877, -0.2803504936399901
0.002479475955650258, 0.010743686527082921, 0.06643393446601838, -0.15661111042451534, -0.27647256786228225, -0.9481750256736549, -0.5336152760230235, 0.8315283045811204, -0.15432244125635164, 0.8311002931574942, 0.4817920691544055, -0.27775655674248967
0.002472353843568729, 0.010730811170621921, 0.06639058337617208, -0.15795577090639745, -0.2684458377188462, -0.9502561794846653, -0.532434553625053, 0.8336110253060653, -0.1469901513512423, 0.8316029223995406, 0.4827312820810326, -0.27460351191662935
0.0024649969652565996, 0.010718761585143297, 0.0663470306180555, -0.15942360258357202, -0.2591687931128151, -0.9525836717137882, -0.5310589490283397, 0.8359302306015568, -0.13855339123725274, 0.8322022035516311, 0.4837894027806674, -0.2709009157624511
0.0024574656276365203, 0.010707431378333373, 0.06630329785288161, -0.16088795333193975, -0.2488510959073856, -0.9550854404388923, -0.529521209905579, 0.8383928926192803, -0.12924645397691817, 0.8328999668224218, 0.484943800528648, -0.2666592499727689
0.0024498201376311405, 0.01069671415787847, 0.06625940674186333, -0.16221226412156683, -0.23773521747175697, -0.9576894839885273, -0.5278649925635698, 0.8409028853003643, -0.11933518810218909, 0.8336940272032766, 0.48617312129238377, -0.261896859733758
0.002442120802163109, 0.010686503531464903, 0.0662153789462136, -0.162664157515269, -0.22773977213837562, -0.960039045063381, -0.5264237700117415, 0.8429749924795664, -0.1107753421150206, 0.8345168579642193, 0.4873681957621317, -0.2570094463888276
0.0024344279281550752, 0.010676693106778995, 0.06617123612714539, -0.1618088556503626, -0.22008090778245648, -0.9619679247577696, -0.5254098996145772, 0.84437046570094, -0.10479958987981583, 0.8353216934930638, 0.4884699690683426, -0.25225930646509837
0.0024268018225296886, 0.010667176491507061, 0.06612699994587158, -0.1596544808381651, -0.21477069808730873, -0.9635268517230778, -0.524826491440418, 0.8451455432525796, -0.10142073063552182, 0.8361026256570643, 0.4894921429026133, -0.24764862488205114
0.0024193027922096003, 0.010657847293335427, 0.06608269206360518, -0.15620552720856143, -0.21181491395942842, -0.9647457050922047, -0.5246713129719224, 0.8453344760568846, -0.10064609746011795, 0.8368511496161158, 0.4904529190595081, -0.24317912651416684
0.0024119911441174585, 0.010648599119950409, 0.06603833414155912, -0.15146267369625488, -0.21121440689876372, -0.9656332289203728, -0.5249330483231027, 0.8449515526880078, -0.10248008776508745, 0.8375585670596398, 0.49137088632572484, -0.2388520437770519
0.0024049271851759126, 0.010639325579038328, 0.06599394784094632, -0.14542322519617792, -0.21296551272299238, -0.9661768864779237, -0.5255900275574744, 0.8439918451625121, -0.10692468485486102, 0.8382166835047338, 0.49226360386464796, -0.23466856586367502
0.002398171222307613, 0.010629920278285503, 0.06594955482297973, -0.13860563895714936, -0.21665584884327835, -0.9663584842134305, -0.5265198735049503, 0.8425681582019038, -0.11338307452429898, 0.8387879944620164, 0.49309141337712437, -0.23085830805959395
0.002391783562435209, 0.010620276825378252, 0.06590517674887231, -0.1323999233242509, -0.22116164094823726, -0.9662079428760744, -0.5274691907082073, 0.8410240476025361, -0.12022813401145194, 0.8391939663494735, 0.4937267259601508, -0.2280074711830928
0.002385824512481349, 0.010610288828002894, 0.06586083527983697, -0.1270906859635245, -0.2261426776816263, -0.9657678017372007, -0.5283837593860197, 0.8394484634526884, -0.12703101992827293, 0.8394394322155814, 0.4941515623145438, -0.22617619924226742
0.0023803543793686835, 0.01059984989384575, 0.06581655207708667, -0.12281955242436002, -0.23136288873360497, -0.965083712047365, -0.5292340869005885, 0.8379040745257414, -0.13352169544932077, 0.8395395397506781, 0.49435612225399045, -0.22535613056941106
0.0023754333907109425, 0.010588853690592396, 0.06577234879625433, -0.1197279262523546, -0.23658759474363136, -0.9642051305032213, -0.5299915862296016, 0.8364612873804012, -0.13943254010363842, 0.839508274051627, 0.49432663768741547, -0.2255372099488536
