0.0003356345114298165, 0.0012399428524076939, 0.007265004329383373, -0.24564828011005627, -0.13487568798877136, -0.9599299303951966, -0.4812861365541695, 0.8765635486151369, 1.3321703884394641e-17, 0.8414395862090949, 0.46200096756261705, -0.28024012691167743
0.00033269287239221234, 0.001238327715559051, 0.007253509165015237, -0.2199544555423925, -0.19112396387141842, -0.9566042378753747, -0.4957947446984231, 0.8664259192730244, -0.05910750833286935, 0.8401235674687834, 0.46127839408102733, -0.28533249821489554
0.0003300662595628284, 0.0012360453855454604, 0.007242085759394057, -0.1996475858116284, -0.2327648000598182, -0.9518200404134709, -0.5056095518670913, 0.8565424836710966, -0.10341157927093145, 0.8393448769965464, 0.4606034319451625, -0.28869474525870836
0.0003276809808438325, 0.0012332644407027922, 0.0072307139410097655, -0.18531799966049767, -0.25997082230451773, -0.9476668246552397, -0.5115958205486194, 0.8488965727474195, -0.13283194335275758, 0.839003549097986, 0.4602062367330523, -0.29031580093578296
0.0003254633441373917, 0.001230153459366914, 0.00721937353835227, -0.17723950413986542, -0.27311256790207133, -0.9455134496273393, -0.5144187133038206, 0.8447453246122744, -0.14757616321257638, 0.83902297082684, 0.4602334861780918, -0.29021645822603503
0.0003233396573456734, 0.0012268810198736947, 0.007208044379911491, -0.175505931582312, -0.2724517514480179, -0.9460273310599077, -0.5144639624635026, 0.8446751353354938, -0.14781998197915353, 0.8393595768833384, 0.46075368569211994, -0.28841210414154
0.0003212362283708447, 0.0012236157005590035, 0.007196706294177346, -0.18010751489194946, -0.2579968492719333, -0.9492096232367229, -0.5118117503219135, 0.8486534143930746, -0.13355191676421518, 0.8400059614740037, 0.4617629348537318, -0.2848946764743115
0.00031907936511507305, 0.0012205260797587092, 0.007185339109639753, -0.19093742434705002, -0.22950581510372944, -0.9543950863333734, -0.5062386987750128, 0.8560297210110835, -0.10457292483366992, 0.8409906538400391, 0.4631848416984944, -0.2796328352937908
0.0003167953754805257, 0.0012177807358086804, 0.007173922654788627, -0.20737373869584358, -0.18760375190934708, -0.960104663445004, -0.49745018034808575, 0.8653002481877071, -0.06163439427746151, 0.8423416471782486, 0.4648228832101844, -0.27276406778240836
0.00031431488876929655, 0.0012155367264345214, 0.00716243842889753, -0.21504508646851386, -0.1711905307995632, -0.9614829238994905, -0.4936380251822058, 0.8685417202752289, -0.044235508763413464, 0.8426607329643178, 0.46511190299315053, -0.2712817848918883
0.0003117420368808087, 0.0012134885611511756, 0.00715093501258085, -0.19725896959121883, -0.22384922746184804, -0.9544529439844294, -0.5052130839554682, 0.8575585921858516, -0.09671091338843539, 0.8401479862000598, 0.46312502019752094, -0.2822526828057267
0.00030938569728404693, 0.0012108145899778194, 0.007139533679248242, -0.16944497079846552, -0.27861460709166636, -0.9453371369973061, -0.5166921795307547, 0.8419272910959027, -0.15552372204803236, 0.8392363156363443, 0.46209559316560433, -0.2866183338414744
0.0003073582037659971, 0.0012074808273571263, 0.007128222249297845, -0.14162973638910023, -0.29982136295893935, -0.9434236418936075, -0.5215744902170502, 0.8326163779507713, -0.18630624874910343, 0.8413685690143045, 0.4656792001813936, -0.2743024126639052
0.00030566079919086303, 0.0012038875272057281, 0.0071169155022342175, -0.114230129609183, -0.28844119825847253, -0.9506593252247021, -0.5219737294771624, 0.8316211872422538, -0.18960386774928017, 0.8452780035143299, 0.47456071906237773, -0.24555492399426176
0.00030429261634554823, 0.0012004327442978432, 0.007105529051173004, -0.09048438009356785, -0.26286833636674267, -0.9605794161311514, -0.521030860513533, 0.8344961015672889, -0.17928496552004697, 0.8487281186290521, 0.48426903081322276, -0.21247137793973997
0.0003032098374267239, 0.0011972871373682273, 0.007094034303233439, -0.07490510713832535, -0.2471675397753886, -0.9660732023019672, -0.5205929597053023, 0.8359865706113841, -0.17352067330059207, 0.8505129012718559, 0.4899333230540652, -0.19129334471259452
0.00030231352283530713, 0.0011943295303252768, 0.007082474270270654, -0.06789683440472895, -0.24319739958736186, -0.9675975634073093, -0.5205973717488193, 0.8359707729594371, -0.1735835340284989, 0.8510983470821916, 0.49194297595508607, -0.18336769618014814
0.00030150111597102095, 0.0011914195973580992, 0.007070896662724286, -0.06948415968963817, -0.2510446237705496, -0.9654784039159694, -0.5210310311788525, 0.8344545462006473, -0.17947778378889517, 0.8507047761126809, 0.49057334538372044, -0.18878341213702687
0.00030067006023358863, 0.0011884170126558024, 0.007059349191033972, -0.07964680456587965, -0.2706338626145569, -0.9593819358987169, -0.52203688279306, 0.8312288847844717, -0.19114401404090212, 0.8491960194949983, 0.48560874529428405, -0.20748558255349148
0.00029971786287634445, 0.0011851815175199089, 0.007047879541386007, -0.09305842208953063, -0.2962189889322908, -0.9505758468813197, -0.5235876652333932, 0.8266096364081027, -0.2063309618373074, 0.8468743040697663, 0.4785089545590507, -0.23201959726099317
0.0002986049664947462, 0.001181639000533899, 0.007036511495413649, -0.09463579526186934, -0.31203692511228726, -0.9453449230950693, -0.5248956610328308, 0.8225236654727749, -0.21895059891705818, 0.8458892429178072, 0.4754868842604385, -0.24162700927718972
0.00029747262076394395, 0.0011779053849497974, 0.007025200159308318, -0.08176098255042442, -0.3154911397657357, -0.9453996416657383, -0.5257036739233242, 0.819536676071858, -0.2280247438253356, 0.8467294662145096, 0.4783565378485044, -0.23286097513684814
0.00029649434454961655, 0.0011741305100860626, 0.007013888382546036, -0.05682605192793507, -0.3068093006398765, -0.9500730776435851, -0.5259900782393785, 0.8180347619561767, -0.23270918723813572, 0.8485901469001488, 0.48650506808477456, -0.20786433390991535
0.0002958145252846281, 0.0011704601007196487, 0.007002522504407114, -0.042703613766157035, -0.2891292760617039, -0.9563371074549736, -0.5256463809012508, 0.8205197254885007, -0.22459577540482054, 0.8496306748327347, 0.4931040882088795, -0.18701891501920748
0.0002953036544508083, 0.001167001196394778, 0.006991081675577645, -0.0508103257533587, -0.2653176807551014, -0.9628212913493198, -0.5245304519384194, 0.8274843904830996, -0.20034317681441188, 0.8498741764438515, 0.49484958501098825, -0.18121195442999236
0.00029469591123601425, 0.0011638277268715455, 0.006979565352897149, -0.06439518876106615, -0.24975524432290305, -0.9661653986754202, -0.5233110296711723, 0.8328256477717866, -0.1804078896223816, 0.8497051405569607, 0.493987609507274, -0.18432963886571502
0.00029392554361904296, 0.0011608398739574245, 0.006968006996596038, -0.07073517137033342, -0.2535537830999536, -0.9647315764537362, -0.5233184180204927, 0.8327991786259751, -0.18050861874279045, 0.8491963076295954, 0.4920934943235919, -0.19159755727216018
0.0002930793195974283, 0.0011578065413468748, 0.006956465651341763, -0.06956054427833966, -0.2767700406194102, -0.9584151894117868, -0.5249021453018586, 0.8271462408020426, -0.2007656200263284, 0.848315429859205, 0.48910882321072435, -0.20281393078438364
0.0002922471874971575, 0.0011544956236767786, 0.006945000415513454, -0.06440555914735813, -0.3056024765345869, -0.9499784472749071, -0.5269317726663136, 0.8188402558434656, -0.22769177052529616, 0.8474637637714385, 0.48590921142342536, -0.21376951922154958
0.00029147619980487386, 0.001150837309840849, 0.006933628389550479, -0.06128329298312542, -0.3178290234274034, -0.9461654558629413, -0.5277407421463667, 0.8149233716243701, -0.23956128121875395, 0.8471918714671114, 0.4846489556860222, -0.2176725124412855
0.0002907422650706952, 0.0011470309582486183, 0.006922297019146983, -0.06079599384114622, -0.31161049578285316, -0.9482630152288086, -0.5274251800591764, 0.8165904677900382, -0.23452651737914823, 0.8474234635484273, 0.4858795188443437, -0.21399665089710246
0.0002900145935090601, 0.0011433012701267222, 0.006910947191871598, -0.06292296468419574, -0.2867864893345722, -0.9559258392001456, -0.5261074795243429, 0.8234624956126296, -0.21241572048217863, 0.8480870359249071, 0.4895539069955128, -0.20269521859563983
0.0002892623953344071, 0.0011398729467017965, 0.00689951979529296, -0.06767900010757602, -0.24322086855682, -0.9676069253797767, -0.5237796221357636, 0.8340965392177137, -0.17302563596285386, 0.8491610332438457, 0.49510258771642407, -0.18384495439566784
0.0002884536397669166, 0.0011369664878111134, 0.006887957013827522, -0.08110534437546049, -0.2015495493072756, -0.9761145948544013, -0.5207583737663086, 0.8436058859207244, -0.13091915594052497, 0.8498427144277979, 0.4977016057980363, -0.17337956142535504
0.00028748318374790605, 0.0011345548714773162, 0.006876277434742877, -0.11280274819097534, -0.19428461339108793, -0.9744378015040462, -0.5183600451720354, 0.8481740707137533, -0.10910366326620967, 0.8476900397962742, 0.49280242975084515, -0.19638574709447382
0.000286133379107504, 0.0011322300498136629, 0.00686461725192511, -0.14779279025666997, -0.21374445837836475, -0.9656451717171726, -0.5182607281105637, 0.8483180690695645, -0.10845400586605375, 0.8423556902202634, 0.4844272496491347, -0.23615065308171077
0.00028436548697471226, 0.0011296732461580942, 0.006853066238515171, -0.15136029327619438, -0.22940850239741672, -0.9614893658523317, -0.5200971525198154, 0.8456501997974731, -0.11989450163903978, 0.8405884924028667, 0.4819206144275925, -0.24731257111114957
0.00028255494574098755, 0.0011269291080227403, 0.006841565097066621, -0.15093651370271818, -0.240837902855356, -0.9587571503668191, -0.5216659145854305, 0.843234440248712, -0.1296933010536307, 0.8396921116641596, 0.48057547099979575, -0.25291179150508
0.00028074935645435215, 0.0011240480666726807, 0.006830095893248935, -0.151665638129068, -0.24888708646133517, -0.9565838972111598, -0.5226920755839273, 0.8415884997164654, -0.13609478780157236, 0.8389222421253764, 0.4793579198654976, -0.2577313646600943
0.00027893483854268835, 0.00112107039762426, 0.006818651385205382, -0.1535598674601298, -0.25357700095075614, -0.9550487273927166, -0.5231808384031764, 0.8407899369579467, -0.1391189859005652, 0.8382727345162653, 0.4783001008771297, -0.26177821923825284
0.0002770975114338784, 0.0011180363763938202, 0.00680722433107922, -0.15662593832074218, -0.25492003329236534, -0.9541929008703461, -0.5231251377914832, 0.8408807008701479, -0.13877945494478197, 0.8377400585239965, 0.4774258303970873, -0.2650588063314684
0.0002752234945558046, 0.001114986278497706, 0.006795807489013717, -0.16086526978426222, -0.2529176445551593, -0.9540204557816917, -0.5225053044528091, 0.8418677278118123, -0.13508121885611613, 0.837323457091651, 0.47675087198834426, -0.2675780900268918
0.0002732989073363493, 0.00111196037945226, 0.006784393617152135, -0.16627341698803208, -0.24755995990105828, -0.954498411238547, -0.5212890226647431, 0.8437229786018116, -0.1280206632873153, 0.8370250328707984, 0.476283110799736, -0.2693389921911892
0.0002713098692033947, 0.001108998954773826, 0.006772975473637741, -0.172838826892468, -0.23882730787918344, -0.9555565168683731, -0.519431611735081, 0.8463828957116368, -0.11758739123341698, 0.8368497718519925, 0.47602259490276966, -0.27034228025468404
0.00026924249958482327, 0.0011061422799787475, 0.006761545816613797, -0.18047268185799875, -0.22686161703266167, -0.9570597775584906, -0.5169089707149747, 0.8497066306011245, -0.10394112711948844, 0.8368002910476114, 0.47595425056386476, -0.27061563937219674
0.00026708373925464203, 0.0011034286290580158, 0.006750097753338321, -0.18571606923393483, -0.22015376088628397, -0.9576230277076262, -0.5153546942640168, 0.8516015644936058, -0.09583482901369907, 0.836611666622178, 0.47571745492431544, -0.27161336924384605
0.0002648620849104763, 0.0011007950090310846, 0.00673864205449462, -0.18374446873203393, -0.23067232329950535, -0.9555251171340244, -0.51725102346433, 0.8492984943000672, -0.1055625232018533, 0.8358763957281518, 0.47484981503971047, -0.27536939594164617
0.00026266455414032615, 0.001098036234675749, 0.0067272142501038626, -0.17809435050635228, -0.24854851607554396, -0.9521061062057976, -0.5206284251923209, 0.8448529305153096, -0.12316480293272736, 0.8350020629911548, 0.47375854710637, -0.27986495644181114
0.0002605347890863805, 0.0010950639340820316, 0.006715828362191752, -0.17310510713630523, -0.2621164327031194, -0.9493837988876361, -0.5231746126914908, 0.8411667384694987, -0.1368460548488503, 0.8344596733925713, 0.4730047502928242, -0.28274292154178865
0.00025846430562927864, 0.0010919287999041646, 0.006704472929168684, -0.1690339692362243, -0.2708431868555775, -0.947666336522598, -0.5248399088495719, 0.8385775404019202, -0.14605060360107674, 0.834248516524315, 0.47268560044429164, -0.2838974036682957
0.00025644201281067424, 0.0010886884794276306, 0.006693135215007192, -0.16590475732547744, -0.2747700060995739, -0.9470887261734322, -0.5256793134344474, 0.8372088419664542, -0.15080654614530756, 0.8343481712833453, 0.4728454278950246, -0.28333783791599154
0.0002544568196722202, 0.001085400619937913, 0.006681802483679795, -0.16372727243227883, -0.27391870922339884, -0.9477140502278487, -0.5257346246926199, 0.8371164030768766, -0.15112654333022504, 0.8347433645505644, 0.47350255378088446, -0.2810673351739476
0.00025249763525556995, 0.001082122868720495, 0.00667046199915902, -0.16249915109231292, -0.268287052521313, -0.9495346667414012, -0.5250337094588033, 0.8382897051842816, -0.14700331327551483, 0.8354242214744595, 0.47464979472393803, -0.27708111184690487
0.00025055336860237674, 0.0010789128730608602, 0.0066591010254173945, -0.16220615618023268, -0.25785080273953, -0.9524715882501766, -0.5235908856117747, 0.8406514448504826, -0.13841146186307604, 0.8363861233912909, 0.47625425121186715, -0.27136716971865316
0.00024861293414845173, 0.00107582826398442, 0.006647706829723788, -0.16218976540501737, -0.2444811207839351, -0.9559934422254664, -0.5217261471125689, 0.8435742247281535, -0.1272177455914427, 0.8375537638963482, 0.47813335896434367, -0.2643712987987437
0.00024667283371164814, 0.0010729038012229216, 0.006636271315958715, -0.16054951157544747, -0.23389139860733452, -0.9589153601806524, -0.520388211690965, 0.8455805965756681, -0.11911995562380294, 0.8387013553500224, 0.4798835987531167, -0.25747187842906843
0.00024475225336069364, 0.001070105865433429, 0.006624800250236251, -0.15695030230876955, -0.2271729265412835, -0.9611238546887982, -0.5197535585997666, 0.8465124551346755, -0.115208079685164, 0.8397754705443978, 0.4814656007946285, -0.2509343227288815
0.00024287460015331343, 0.0010673881135853883, 0.006613301978095967, -0.15140203803052024, -0.22433905038898536, -0.9626782501702078, -0.5197998725118417, 0.8464439053365383, -0.11550241406699112, 0.8407648395460399, 0.4829127308212094, -0.24476474213808685
0.00024106328114723287, 0.0010647042026482468, 0.00660178484507744, -0.14390461828657403, -0.22538993219720443, -0.9635822950324145, -0.520479375438985, 0.8453978401886566, -0.12001546378279246, 0.8416606683090517, 0.48425393159838603, -0.23896746463287888
0.00023934170340017734, 0.0010620077895914515, 0.006590257196720241, -0.13444948112666422, -0.23031351535958272, -0.963783700664979, -0.5217188195487702, 0.8433459423328126, -0.12875206747628606, 0.8424564145125898, 0.48551344594510626, -0.2335463197164534
0.0002377332739698722, 0.0010592525313844496, 0.006578727378563951, -0.12425739096911186, -0.23876252136915982, -0.9630953011924578, -0.5233170395891356, 0.840419887677191, -0.1408321286934226, 0.8430298789872234, 0.48650474898617296, -0.22937687840906823
0.00023624667940748612, 0.0010563960166676935, 0.006567205068086918, -0.12002822925213405, -0.24898300920992902, -0.9610414586829048, -0.5246806626085164, 0.8377097166961925, -0.15150126348474094, 0.8427950085680891, 0.48605544095046727, -0.2311853841728788
0.00023481066268878174, 0.0010534171860532076, 0.006555707176210685, -0.12402971572840522, -0.2603964222905779, -0.9575021320470248, -0.5256894452835983, 0.8356538354676293, -0.1591642999722715, 0.8415861433826926, 0.4836076617739917, -0.2405335584481691
0.00023332695731389605, 0.001050302194060486, 0.006544253057724325, -0.13622506427285969, -0.2729784275149915, -0.9523263673632573, -0.52636701950517, 0.834318988930539, -0.16385843123613528, 0.8392737888443196, 0.47895156625839086, -0.2573419991714042
0.00023169754224634602, 0.0010470370448364187, 0.006532862092776063, -0.15369561267529186, -0.2883751793710643, -0.9451018011659237, -0.5271160940974042, 0.8329348039030745, -0.16842872614385987, 0.8357788475355566, 0.47229161369820377, -0.2800256231891709
0.00022985902273560583, 0.001043587477314885, 0.006521556707600559, -0.17069721872234966, -0.3099257804896543, -0.9353119640570909, -0.5289617817548292, 0.8296849674276511, -0.17838802725332822, 0.8313013250098973, 0.46429394289873777, -0.30556380941520694
0.00022781656848460744, 0.0010398791027286258, 0.00651036536007131, -0.18639795740210152, -0.3369063555366133, -0.9229029792320325, -0.5320695662326225, 0.8243048786906855, -0.19345139869167005, 0.8259284340458035, 0.45498964226207556, -0.3329063641159104
0.00022558436807946532, 0.0010358444957307526, 0.006499313176705886, -0.19977452007968735, -0.3562466870190638, -0.912786086175108, -0.5342546300079092, 0.8205114534749858, -0.20330505412182526, 0.8213781902644133, 0.4470450231288874, -0.35424372380276536
0.0002231894876540849, 0.0010315738399083371, 0.006488370772592146, -0.21031586363053234, -0.35898002593971445, -0.9093407383822993, -0.5336911101490396, 0.8214795650744396, -0.20086095467510645, 0.8191099049903066, 0.4430628230188485, -0.3643546327485621
0.00022066823340200045, 0.001027270408387813, 0.0064774696490931235, -0.21810435756276944, -0.34501366834779956, -0.9129052841699001, -0.5301968748581605, 0.8272295747012609, -0.1859637185856728, 0.8193422746952411, 0.4434600313362702, -0.36334754368849476
0.00021805711337398643, 0.0010231399448361975, 0.006466540453098083, -0.22300088973261872, -0.31399924966901716, -0.9228624352446874, -0.5237210544885872, 0.8370615334130356, -0.1582537404473584, 0.8221842009329922, 0.44803176281097734, -0.3511134848573399
0.000215392635620817, 0.0010193881929205072, 0.006455513831496288, -0.22459904280846155, -0.2653612666897699, -0.9376239481318316, -0.5143598560727386, 0.8495256681860613, -0.11721807690735116, 0.8276407484110208, 0.45594905113820217, -0.3272938348576378
0.00021271139443993756, 0.001016220336338564, 0.006444320569448178, -0.21966826032814027, -0.21745132215539956, -0.9510314284487538, -0.5060307484824136, 0.8588446507738992, -0.07949054929604976, 0.8340735800843574, 0.4637895948918303, -0.29869796563641887
0.0002100841667380034, 0.0010136196231698273, 0.006432946253875695, -0.20236443716711514, -0.216704965076127, -0.9550327704751242, -0.5076240540859251, 0.8571810174312172, -0.08693976690187948, 0.8374762410262195, 0.4672040897369564, -0.2834676070552958
0.00020766136014149477, 0.0010110251247182588, 0.0064215121317118375, -0.187309810566725, -0.23392512752216957, -0.9540409160928028, -0.5119659690639038, 0.8521357630462972, -0.1084227275895731, 0.8383351843898211, 0.46812784156813564, -0.27937509295361834
0.00020541892226932427, 0.0010082246170266386, 0.006410090533049312, -0.19213264903537822, -0.2280594741578787, -0.9545019232151813, -0.5105360481918018, 0.8538743151982091, -0.10125017205658454, 0.8381157370383558, 0.4678541760972338, -0.28048971681156515
0.0002031209706189778, 0.0010054969721018984, 0.006398674465656689, -0.217405724367056, -0.19701559665064408, -0.9559914255310172, -0.5023284654312451, 0.8623435744336324, -0.0634797010903219, 0.8368995542058354, 0.4664208553542787, -0.2864449717845593
0.00020052353041019412, 0.0010031431415669033, 0.006387252822665659, -0.24558037977549585, -0.16241602226083343, -0.9556732248955663, -0.49200626160736893, 0.8703266318765814, -0.02148004621752028, 0.8352365626626175, 0.46492213279143213, -0.29364484472267094
0.00019758628966710457, 0.0010012005802012471, 0.006375822584078158, -0.25033920457740994, -0.15952855185293402, -0.9549245644527401, -0.4908007819643428, 0.8711086802442259, -0.016860000781511307, 0.8345327285821326, 0.4644570037655463, -0.29636939210787605
0.0001945900818904028, 0.0009992912480673746, 0.006364393481668862, -0.23013899182879674, -0.19013161681081656, -0.9544034852875015, -0.499554016550425, 0.8647321436000948, -0.051808342698092084, 0.8351537756535395, 0.464852974728236, -0.29398959658114976
0.0001918367257773479, 0.0009970165355326968, 0.006352975109451033, -0.1991349616584236, -0.22163517730721272, -0.9545800727153791, -0.5085255639368707, 0.8560451676480848, -0.09267373829219439, 0.8377034187992705, 0.46697378847892823, -0.2831756751658788
0.00018945265214960255, 0.0009943630859485643, 0.006341546733650124, -0.1727499336346389, -0.22140161628071506, -0.9597597536558381, -0.5107674027178924, 0.8532942878317514, -0.10490719076651729, 0.8421841370805118, 0.47209128636524444, -0.2604912600989958
0.00018738449729358844, 0.0009917124752177448, 0.006330056530711301, -0.15166101984171762, -0.18799046769469857, -0.9703909104667554, -0.5079983836495285, 0.856990848883076, -0.08662751953121728, 0.8479012780212307, 0.47981899606684336, -0.22547095986705237
0.00018557072663951497, 0.0009894642271583156, 0.0063184512641884915, -0.1363330768487023, -0.1369107637055116, -0.9811568350363459, -0.5033080043205427, 0.8626338678931461, -0.05043672025997491, 0.8532844455067948, 0.48694789530840343, -0.18651381265439204
0.0001839396283499216, 0.0009878262173835138, 0.006306712636465546, -0.1309618369720858, -0.14068497199488708, -0.9813545413925053, -0.5040960401101527, 0.8618121592616833, -0.056275967286031674, 0.8536604592003545, 0.48732693420691714, -0.18378324078742014
0.00018237383923900538, 0.0009861441777732562, 0.006294979491219667, -0.1328687381558553, -0.19389799179250117, -0.9719822360515165, -0.5106588543009751, 0.8538856404775382, -0.1005328180758891, 0.8494547856977946, 0.48299366638197183, -0.21247043391967335
0.00018078708435657271, 0.0009838285948194259, 0.006283371812994535, -0.1334670751386991, -0.23860279159561024, -0.9619018908894517, -0.5162384880438421, 0.8452477338854713, -0.13803655973575865, 0.8459813019896651, 0.47814744190914327, -0.23598868718566515
0.00017919102365477143, 0.0009809752728401281, 0.006271868947546696, -0.13190179050890952, -0.2672919044248743, -0.9545454182434001, -0.5198542820948111, 0.8385637260773324, -0.1629797616116473, 0.8440103334961205, 0.47472720075452246, -0.2495608980099708
0.0001776105320254877, 0.000977772491316929, 0.006260431263209857, -0.12837082564259852, -0.2804033511512676, -0.9512596342676254, -0.5216166667506837, 0.8348904651826332, -0.17570988621882508, 0.8434672394893259, 0.4736368564736757, -0.2534386397098735
0.0001760704843606076, 0.0009744085297313943, 0.006249019128317718, -0.12295047031244867, -0.2781994698449948, -0.952621770078719, -0.521708780572007, 0.8346826034119358, -0.1764225037673561, 0.8442174661329966, 0.47529991220221907, -0.24776372481972764
0.0001745957555520172, 0.0009710716675650896, 0.0062375929112039865, -0.11559913203785119, -0.26062233198742013, -0.9584950916627244, -0.5203730323957192, 0.8378358281743888, -0.16505463393258543, 0.8460784525251659, 0.4796948249635126, -0.23247392773351122
0.00017321122049160262, 0.0009679501842995799, 0.006226112980202361, -0.10618082116766882, -0.2273245461683232, -0.9680130081385918, -0.5179207087869703, 0.8436753964093351, -0.14131512623620196, 0.8488131553090833, 0.486349027142974, -0.207318236465876
0.00017194175407125, 0.0009652323594164318, 0.006214539703646551, -0.09471273665858805, -0.17912136034023415, -0.979257389956545, -0.5148206214739748, 0.8507418238731909, -0.10582096587192574, 0.8520500133324285, 0.49411930480682587, -0.17279145637857157
0.0001708098403210933, 0.0009630916765698709, 0.006202836579613402, -0.08661269498633768, -0.14951056545869165, -0.9849593046839172, -0.513067642744554, 0.8541746450833917, -0.0845415262767876, 0.8539671158983526, 0.4980283792244015, -0.15069140138496734
0.00016977351346977526, 0.0009613027723732629, 0.006191051473803446, -0.0870054918838111, -0.1700787674949106, -0.9815820175764572, -0.5146837352872838, 0.8513049272679429, -0.10188509920519101, 0.852954100179362, 0.4963397361251007, -0.16160497928739745
0.0001687328510279305, 0.0009592684802653169, 0.006179310886891459, -0.08778899086716638, -0.20026755492273793, -0.9758001842220532, -0.5171294993319271, 0.8464044852738865, -0.12718698136585374, 0.8513930784327737, 0.4934494439692031, -0.17786925603726253
0.00016768281049556628, 0.0009568730882245934, 0.0061676393807629515, -0.08499036795592259, -0.21974473841217587, -0.9718481811964672, -0.5187845028837567, 0.842496568260457, -0.14512812283291832, 0.8506698989163602, 0.4918452830001703, -0.18560425821654009
0.0001666658056366097, 0.0009542435965295907, 0.006156010129752325, -0.0786412140250239, -0.22851098994865976, -0.9703598749584372, -0.519672174215186, 0.8400567181315788, -0.15570979952611402, 0.8507387323985737, 0.4920238183205003, -0.1848138831424292
0.00016572455582328954, 0.0009515085684746787, 0.006144395977269031, -0.06906805015409437, -0.22711259261168829, -0.9714162211560546, -0.5199267205292417, 0.8392365537053293, -0.1592426205653176, 0.85141400606733, 0.49406667283070127, -0.17604633784995777
0.00016489802186624476, 0.0009487907232561264, 0.006132771087158216, -0.059596124340014156, -0.22069151115387742, -0.9735212164448536, -0.5198792511857959, 0.8394132214390527, -0.158464531866939, 0.8521583574372464, 0.4966696090742114, -0.16475871227927316
0.0001641850048131721, 0.0009461503366091135, 0.006121123731956174, -0.05224818851453359, -0.21236818744196448, -0.9757919244180925, -0.5196982297335895, 0.8401673610957019, -0.15502437021725973, 0.8527507706292168, 0.499017593188957, -0.1542645937316065
0.0001635599809728238, 0.0009436098623102608, 0.006109450729823076, -0.04705566357257025, -0.2021881936467485, -0.9782155687145907, -0.5194151497021915, 0.8414433389832794, -0.14893290281371738, 0.8532254489791049, 0.5010918494952148, -0.14461428554561892
0.00016299708684365717, 0.0009411912257732361, 0.006097749018299241, -0.04401929355498796, -0.1901500368445317, -0.9807676918021633, -0.5190426593818656, 0.8431754704959352, -0.14017790016888912, 0.8536140928644048, 0.5028897388513526, -0.1358119693594711
0.00016247045892412942, 0.0009389163524117073, 0.006086015534924988, -0.0431374916979142, -0.17625047865244348, -0.9833996774378141, -0.5185760041844489, 0.845282620445083, -0.12874866778955166, 0.8539426706132578, 0.5044135806540884, -0.1278626409770216
0.00016195423371269786, 0.0009368071676393421, 0.006074247217240638, -0.047641266247247446, -0.16894029558743204, -0.9844742181881606, -0.5181831611601195, 0.8467761739468571, -0.12023444899872822, 0.8539417551803312, 0.5044098410645388, -0.12788350556964825
0.00016138406472514352, 0.0009347852961636278, 0.006062465064655848, -0.07350391549502196, -0.21051492568987332, -0.9748233893730125, -0.520008164929406, 0.8421641510879103, -0.14265710998450543, 0.8509927630794826, 0.4964302656810588, -0.17137184279274395
0.00016050530067374103, 0.0009322685193669896, 0.006050810722907137, -0.08833112503611532, -0.23520497618623656, -0.9679236703000325, -0.5213023087016714, 0.8389385093752387, -0.15628845264305322, 0.8487882629326124, 0.49077570912228785, -0.1967172794732432
0.00015944866648227879, 0.0009294549514458426, 0.006039232230678645, -0.06746574036338893, -0.1922619422344096, -0.9790218176554966, -0.5196763967360108, 0.8444124632667553, -0.13001551659416238, 0.8516952603793778, 0.5000029374393947, -0.15688290537620964
0.00015864201935951957, 0.0009271561914873193, 0.006027526657923101, -0.04549110312252472, -0.1570875021366674, -0.9865364038945336, -0.5188965225140995, 0.8475950247391215, -0.1110363587311043, 0.8536257719044514, 0.5068591428690524, -0.12007019126568917
0.00015809739192494538, 0.0009252755124661505, 0.00601571567173268, -0.027134348988513725, -0.14002439077859904, -0.9897761853530584, -0.518760067561863, 0.8483486480130304, -0.10579491347732559, 0.8544891569868986, 0.5105856846813722, -0.09565845069973407
0.00015777211051557592, 0.0009235969267297526, 0.00600385042327331, -0.01239508709067415, -0.14116528363460773, -0.9899084424896957, -0.5188858544569522, 0.8471659522335849, -0.11431237649809385, 0.8547536673571476, 0.5122325761531807, -0.08374936457659064
0.0001576235014684307, 0.0009219044466255421, 0.00599198206371091, -0.001220006924833012, -0.1605228787102239, -0.9870313657598152, -0.5190450475238044, 0.8437640317491275, -0.1365814678771213, 0.8547460150384528, 0.5121471118116749, -0.08434800317046501
0.00015760889112052953, 0.0009199820845009362, 0.005980161744211407, 0.0064152212319287015, -0.19804200778646033, -0.9801725399583754, -0.5191575483850648, 0.8370837243897622, -0.17252906513562793, 0.8546544827539106, 0.509970784960935, -0.0974449259580675
0.0001576856058088919, 0.0009176138527033511, 0.005968440615940722, 0.01084276479074721, -0.2498475742509129, -0.968224469889409, -0.5192317433512856, 0.8261009585235023, -0.21898767778789638, 0.854564702727697, 0.5051073113383783, -0.12077157316371012
0.0001578152860680803, 0.0009146256574587117, 0.005956860580531767, 0.017060002366521006, -0.26760483698295423, -0.9633777076217722, -0.5190015880804129, 0.8211750700422601, -0.23729487122796966, 0.8546030118653127, 0.5040428112416799, -0.12487808673390426
0.0001580193816569561, 0.0009114241944332885, 0.005945335310117225, 0.028203139893568603, -0.22563365355587892, -0.9738039008358765, -0.5201328125863758, 0.8286072899039255, -0.2070551047162518, 0.8536196109340096, 0.5123469659333386, -0.09399013952416804
0.00015835613172902386, 0.0009087300919545365, 0.00593370793334202, 0.04045945767237199, -0.18233389689034618, -0.9824038794353562, -0.5216538913433454, 0.8347200412509412, -0.17640768231676401, 0.8521973069255749, 0.5196121657340287, -0.061342866659372317
0.00015883951510079034, 0.0009065516847554118, 0.005921970808649857, 0.05228798399487088, -0.16240000417059508, -0.9853386247250956, -0.5222598754518674, 0.8365547437643601, -0.16559221955860678, 0.8511818778749652, 0.5232613107527982, -0.041073244898733555
0.00015946536658394475, 0.0009046078675395019, 0.005910176977781296, 0.06373628172690546, -0.1660839935724852, -0.9840496905495387, -0.5216912035670288, 0.8350503469165498, -0.174726089166257, 0.85075024214655, 0.5245064586766922, -0.033421554332825135
0.00016022947244497302, 0.0009026167605989452, 0.005898379644838126, 0.07346333980652808, -0.19052224855357697, -0.9789302378160355, -0.5199344117421897, 0.8303139712738831, -0.2006163417912323, 0.8510413298957777, 0.5237174638232741, -0.03806143580770222
0.00016111143486427344, 0.0009003294501702689, 0.005886627120611153, 0.059722456935268606, -0.19153508866021926, -0.9796670546412883, -0.5203305209256255, 0.831566906697224, -0.19430035686863167, 0.8518740383007821, 0.5213547635707689, -0.04999833368408826
0.00016182707740526503, 0.0008980343225989699, 0.005874887961569704, 0.004326636675855544, -0.13234862508268627, -0.991193786125497, -0.522363930024728, 0.8449192143904942, -0.11509754890036203, 0.8527116774292447, 0.5182618668129778, -0.06547848947044434
0.0001618786812562479, 0.0008964557988544946, 0.005863065980602406, -0.05397178376071672, -0.054856131351900754, -0.9970345286953654, -0.5195801840774048, 0.8542132491584604, -0.018872129615824428, 0.8527153563011379, 0.517020821452337, -0.07460557159471455
0.00016123276169394783, 0.0008957992956618378, 0.005851133743764948, -0.04307907905442347, -0.05372769428862786, -0.9976259458405493, -0.5197876934139471, 0.8539709295220715, -0.02354581293176968, 0.8532086185237648, 0.5175393573416781, -0.06471527546979637
0.00016071772129055043, 0.0008951569436443987, 0.0058392064305339405, -0.05010438542883074, -0.07362217141521929, -0.9960267699398984, -0.5205044149507158, 0.8530625207184115, -0.036871259299935545, 0.8523876492404219, 0.5165889193756077, -0.08106283859284523
0.00016011838648088462, 0.0008942762955790711, 0.005827292233613356, -0.08293222445169755, -0.09762634477093313, -0.9917617369883556, -0.5208018756803323, 0.8527215774881012, -0.04038957259061028, 0.8496397191959314, 0.5131617757519275, -0.1215620807315656
0.00015912253157641774, 0.0008931039928356191, 0.00581538310183289, 0.004525459099848542, -0.13078323121808788, -0.99140065899317, -0.5218923028811341, 0.845372577604229, -0.11390184031967354, 0.8529993812502811, 0.5179198311195836, -0.06442906269456225
0.00015917626405336345, 0.0008915511543718825, 0.005803611829155805, 0.17199077373780766, -0.15824185427051796, -0.9723058620136455, -0.5057209398768302, 0.8328391711272067, -0.2250005466798754, 0.8453789119200725, 0.5304134525001939, 0.06321443417178396
0.00016122317544784353, 0.0008896678728007224, 0.005792040138973694, 0.24691042938368205, -0.16142317308642365, -0.9554987174519265, -0.49526461753113327, 0.8264970757746855, -0.2676108038880986, 0.832915480996305, 0.5393006053460394, 0.12412356178457562
0.00016419846145548973, 0.0008877227135403675, 0.005780526320090244, 0.22366021218567297, -0.1430326300074793, -0.9641150223070913, -0.50196678220509, 0.8309979661757566, -0.23973262142316756, 0.8354672100374303, 0.5375723643984125, 0.11406355240554686
0.00016689234732902454, 0.0008859999503467432, 0.005768913991667253, 0.12875574209238105, -0.1097306958037446, -0.9855866949572049, -0.5139929500129012, 0.8425586432701389, -0.16095396853702723, 0.8480761794881847, 0.5273083604962179, 0.05208345932746152
0.00016843528688033222, 0.0008846849967159635, 0.005757103250894224, 0.11682457733862914, -0.10596781569457187, -0.9874830834837486, -0.5151392042308718, 0.8436157458685714, -0.15147301273493718, 0.8491075423019364, 0.5263870205082335, 0.04396687669632278
0.0001698310637282949, 0.000883418932441261, 0.005745305168186968, 0.21223638242594386, -0.13811911199072, -0.9674083051522989, -0.4998805861628203, 0.8352923678328907, -0.22892369868066947, 0.8396875118472727, 0.5321745682978638, 0.10823636775464424
0.00017236334604259833, 0.0008817709747227796, 0.00573376260930123, 0.2605747308145279, -0.15692585803742867, -0.9526148669531423, -0.4890661785752461, 0.8292801962002955, -0.27038607427862327, 0.8324152104777651, 0.536347491155889, 0.1393423341847041
0.0001754876363120406, 0.0008798894341384043, 0.005722340759799383, 0.228806009949166, -0.1520676448614471, -0.9615213160390335, -0.4942132949428173, 0.832822823076088, -0.24931779813190016, 0.8386900672554232, 0.5322420283572765, 0.11540101532146997
0.00017822918177966388, 0.0008780673650300156, 0.0057108198456127515, 0.19560079933129085, -0.14346114780929262, -0.9701336126380737, -0.4994104730975036, 0.8367903471731007, -0.22443505572536868, 0.8439961532267122, 0.5283945627532157, 0.09203086108121716
0.0001805712777041762, 0.0008763495818166612, 0.0056992036048399124, 0.19314444833271222, -0.1394629092537168, -0.9712081749144936, -0.5003459868696138, 0.8374713660523788, -0.21976260934434402, 0.844007769811229, 0.5283860406793995, 0.09197323802837128
0.00018288177553292477, 0.0008746812514462919, 0.005687585490010449, 0.22167613216003898, -0.1401476992403182, -0.9649965361742031, -0.4968169771475514, 0.8353087803246886, -0.23544029546883136, 0.8390664953676403, 0.5316181561140727, 0.11554026329093757
0.00018552956169213975, 0.0008730072726797081, 0.005676059195107722, 0.272825220145847, -0.14397569012558822, -0.9512294149705584, -0.48837510535907763, 0.8311447541267408, -0.2658724396268057, 0.8288885062044714, 0.5370934726287968, 0.15644310768346387
0.00018878963291987997, 0.0008712868635305042, 0.005664692666584194, 0.2947718894602695, -0.1431311917207979, -0.9447872750733928, -0.4849510570724853, 0.829523016314615, -0.27697299082867666, 0.8233662644463287, 0.5398194395915057, 0.1751084441447955
0.00019231789241209776, 0.0008695736608681133, 0.005653384075804022, 0.27212675283027254, -0.1365376989464012, -0.9525253210075173, -0.4900958425831327, 0.8322057437590532, -0.25930612244443896, 0.8281021044996693, 0.5373928328707623, 0.1595488881263544
0.00019557547038164414, 0.0008679391938578897, 0.005641981575061713, 0.2413892853602546, -0.1374146029008463, -0.9606500090162224, -0.494131392103605, 0.8345778294112578, -0.24354468582366331, 0.8352037956397342, 0.5334764039437885, 0.13355727679233673
0.0001984652240227404, 0.000866294156678713, 0.005630481305456827, 0.22017724457666746, -0.15218939625244937, -0.9635145918142295, -0.49387817976879167, 0.8344031326083967, -0.2446543599479877, 0.8411933930547073, 0.529726155632898, 0.10855356060258538
0.00020110033110021068, 0.0008644727361411282, 0.005618949849856058, 0.20859358889340682, -0.18093334828506397, -0.9611200955920775, -0.49003346708078244, 0.8311403866208106, -0.2628171586266722, 0.8463781163365203, 0.5258029870647042, 0.08470716014882394
0.00020359524804910528, 0.0008623086539195632, 0.005607454219385645, 0.20448444129789783, -0.21632192598212596, -0.9546679724419742, -0.4842890184530199, 0.8251958490132545, -0.29071628330230276, 0.8506763543633368, 0.5217821720897312, 0.0639773789430692
0.0002060410027477296, 0.0008597213159121914, 0.005596035826551421, 0.1931024084140544, -0.2258444931500007, -0.9548328255660835, -0.48384657280376225, 0.824679066339564, -0.2929111324742686, 0.8535830093498495, 0.5185544353827516, 0.04997342988159295
0.00020835176117199697, 0.0008570187495930715, 0.0055846098271888816, 0.14995844879899417, -0.25561157443088395, -0.9550786285174453, -0.48330967143542225, 0.8237638910708691, -0.29635251519898664, 0.8625104203027253, 0.5060393016206806, -9.190771670372633e-06
0.00021014479211125782, 0.0008539624398948958, 0.00557319009362886, 0.14702031655767858, -0.27427273341065767, -0.9503470388372482, -0.4811089534828531, 0.819649175742407, -0.31098135568459195, 0.8642448735155529, 0.5029410466568017, -0.011449986456194052
0.00021190456970462168, 0.0008506794989923888, 0.00556181479894835, 0.1905886859263998, -0.26935358158594735, -0.9439939623131446, -0.47759125597619867, 0.8147026863380948, -0.3288861886558467, 0.8576610898320648, 0.5135252486103428, 0.026632199078565254
0.00021418776065029784, 0.0008474527300177605, 0.005550506055950045, 0.2357176022728487, -0.26624769675098203, -0.9346386338866676, -0.4724973780566731, 0.80901629124842, -0.349626755589759, 0.8492251996427735, 0.5240274844599745, 0.06489804174428299
0.00021701386682832223, 0.0008442605871594527, 0.005539300325058595, 0.2816447530750773, -0.26531488513191853, -0.922108586226544, -0.46551358636855056, 0.802554192991322, -0.3731003460442484, 0.8390311877228217, 0.5343358298294105, 0.1025274938196894
0.00022039382315480505, 0.0008410766019627796, 0.005528234304066932, 0.3282735560971814, -0.2664887220762439, -0.9062120245138449, -0.4563181125427399, 0.7952629445195374, -0.39916240960234034, 0.8270491234096934, 0.5445554242501728, 0.13946016415798562
0.0002243385645458565, 0.0008378743059730552, 0.005517344690767986, 0.3754480498117111, -0.2696866459518932, -0.8867400266638475, -0.44458844745332876, 0.7870746335296117, -0.42761505310882847, 0.8132526509539465, 0.5547816095090443, 0.17560606899231218
0.00022885902591758658, 0.0008346272307355933, 0.0055066681829546915, 0.4227369413021886, -0.27480324622799085, -0.8635836116561199, -0.4300752062913653, 0.7779447256442018, -0.45808003752161824, 0.7977021971838297, 0.5650532538663289, 0.21067991100996014
0.00023396358070165677, 0.0008313089774954338, 0.0054962403981418835, 0.4580817258662024, -0.281793362058146, -0.8430620579337016, -0.4165026881305043, 0.769827245373861, -0.4836233276633345, 0.7852939852103195, 0.5726766219953979, 0.23527610038513252
0.00023950965820296568, 0.0008278972547894611, 0.005486033294807054, 0.46424660899076126, -0.29125138628205466, -0.8364494700992765, -0.41048072173987604, 0.7660925690720694, -0.4945783584958678, 0.7848443559843504, 0.5729527079972117, 0.2361027981159315
