0.003095424734055996, 0.012512780725955963, 0.07265056669712067, -0.15593275647089544, -0.2385139435817638, -0.9585385094906013, -0.8369699933569453, 0.5472487825121637, -1.6094386993189426e-05, 0.524562871045467, 0.8022654602785974, -0.284963024907631
0.0030851680558169393, 0.012498947502530508, 0.07259196579394087, -0.16197440890848352, -0.2377898595925878, -0.9577161758755486, -0.8360913408162312, 0.5485655919986568, 0.005202027227921082, 0.5241331516617359, 0.8015807968945492, -0.2876676300507849
0.003077756044920907, 0.012483220140075798, 0.07253338420282245, -0.17069295254253186, -0.23591597359788236, -0.9566648155721398, -0.8346936443118924, 0.5505572604961769, 0.013161423185835644, 0.5235937701096576, 0.800768603478126, -0.29089380809162496
0.0030710300202396084, 0.012466787593080966, 0.07247487256313875, -0.1810726487468925, -0.23321392858124554, -0.9554182117750771, -0.8328879830727057, 0.5529687481932588, 0.022872935418540075, 0.5229821254391634, 0.7998980103971269, -0.29436859451010244
0.0030628313006447524, 0.012450838816035138, 0.07241648151426308, -0.19217392982514894, -0.22995961305513826, -0.9540376077802645, -0.8308046532765069, 0.5555586373400748, 0.033439924804674045, 0.5223340011809128, 0.7990451657074025, -0.2978154031778208
0.0030514948237083863, 0.012436299806783485, 0.072358256523239, -0.20306265294232442, -0.22643800919225904, -0.9526234234854146, -0.8286140912009597, 0.5580907235939679, 0.04397080965332359, 0.5216936331250677, 0.7982860215683397, -0.30095710811569093
0.0030375540117358133, 0.012422925593178926, 0.07230021981684437, -0.21280606124769313, -0.2229460119855942, -0.9513194290226403, -0.8265226008420264, 0.560348750500458, 0.05356928326856472, 0.5211275953099925, 0.7976868768835894, -0.3035155281927597
0.003021979464283726, 0.012410265021879635, 0.07224236031534924, -0.2250467180072087, -0.2166003043844581, -0.9499675167366219, -0.8235136423813643, 0.5633691262484876, 0.06663713980802395, 0.5207487451026286, 0.7973076794629385, -0.3051576784933682
0.0030053869633094475, 0.012398110003789419, 0.07218461252622603, -0.2353300062649731, -0.20971700078362124, -0.9490197931200646, -0.8206462537977514, 0.5660308997149702, 0.07841394452250226, 0.5207297900821928, 0.7972626920596397, -0.3053075262268712
0.0029883494534394114, 0.01238628179462488, 0.07212690438816696, -0.23930765258077083, -0.20463440367783048, -0.9491346628628099, -0.8191787472398135, 0.5673200435072746, 0.08422676715577868, 0.5212274239589575, 0.797667054018356, -0.30339618232071813
0.002971439879300051, 0.012374601650102603, 0.07206916383986423, -0.23350080703134327, -0.20325704955237012, -0.9508753571961872, -0.8201535450022321, 0.5664788753371238, 0.08031093584972744, 0.5223270390626767, 0.7986164633940704, -0.2989752642944968
0.002955231185517796, 0.012362890825939176, 0.07201131882001005, -0.22036438150955034, -0.20590723062634614, -0.9534368105636063, -0.8229795114001696, 0.5639352937312108, 0.06842301001732672, 0.5235878753155496, 0.7997369547920627, -0.29372868426911725
0.0029402963167190783, 0.012350970577851185, 0.07195329726729655, -0.20379044792825113, -0.21230510544121411, -0.9557175291563914, -0.8266468206639699, 0.5603323302445203, 0.05179491836943251, 0.5245231045619947, 0.8005961665448698, -0.2896917169929201
0.0029272082175303303, 0.012338662161555219, 0.07189502712041593, -0.18477516258551033, -0.2217066393500717, -0.9574467637208846, -0.8307242456958785, 0.5557853070673662, 0.03162151263060098, 0.5251241442787715, 0.801217110723511, -0.2868724012158669
0.002916539832577986, 0.012325786832767872, 0.07183643631806043, -0.16413824294366156, -0.23337346577095364, -0.9584338593129007, -0.8348556923030606, 0.550396002473949, 0.008956198405248762, 0.5254280257395346, 0.8016240178130583, -0.2851741991006633
0.0029088183986399952, 0.012312156901903392, 0.07177746492823579, -0.14271514237781074, -0.2465782408907029, -0.9585570193031439, -0.8387400306023143, 0.5443214157861427, -0.015144549573961575, 0.5254974302518616, 0.8018187871556863, -0.28449794966374387
0.002903035160113613, 0.012297293577095516, 0.07171845830333139, -0.12135811093651443, -0.26061486011001067, -0.9577849986295255, -0.8421507189818561, 0.5377843262337914, -0.03962555962519382, 0.525408769843313, 0.8017904421649753, -0.28474148174200054
0.002897707658423334, 0.01228086843820502, 0.07165982824682661, -0.10093501496089714, -0.27480574788709533, -0.9561871802545032, -0.8449532228116234, 0.5310651835404034, -0.06343360380310119, 0.5252296393151235, 0.8015307678183116, -0.28580107457022186
0.002892818427848561, 0.012263097334358252, 0.07160153501869689, -0.08232576943636265, -0.28850478673553837, -0.953932626403664, -0.8471022765253262, 0.5245031224060537, -0.08552314126544815, 0.5250144767454709, 0.8010377410690347, -0.2875731847559814
0.0028884264183169825, 0.012244223470052492, 0.07154351557803754, -0.06641509740988893, -0.30109479648561704, -0.9512785913523545, -0.8486262406340037, 0.5184950472092454, -0.1048636721027855, 0.5248071441429063, 0.8003154437774941, -0.2899528442829966
0.0028845905797562845, 0.012224490049785028, 0.07148570688394372, -0.054002265307126554, -0.31196223110099874, -0.9485585494360302, -0.8496077184556123, 0.5134652349393147, -0.12049969812976002, 0.5246431931154236, 0.7993954083400789, -0.29277380525322094
0.0028813698620941556, 0.012204140278053152, 0.07142804589551077, -0.04331318991031723, -0.31993632203578365, -0.9464484758411353, -0.8502242584791128, 0.5092780860285456, -0.13324616836796507, 0.5246357573340152, 0.7989221369653721, -0.29407608062072615
0.002878823215258283, 0.012183417359354146, 0.0713704695718339, -0.031792238780692116, -0.32403257130925495, -0.9455115791379946, -0.8506296507509816, 0.5054814120645548, -0.14462966265772267, 0.5248032496246325, 0.7996820835731762, -0.2917020987162918
0.0028770095891763534, 0.012162564498185292, 0.07131291487200837, -0.019312081060464937, -0.32420768125605925, -0.9457887834710683, -0.8508710197924587, 0.5020722834384928, -0.1547317998350664, 0.5250195722089372, 0.8017560736392505, -0.2855549810108685
0.0028759879337760547, 0.012141824899043889, 0.07125531875512946, -0.006885142594440074, -0.3205594644228824, -0.947203370232797, -0.8509565439973569, 0.4993644734951128, -0.16281303031091615, 0.5251909700666308, 0.8049079154660262, -0.27622036959755103
0.002875817198985074, 0.012121441766427214, 0.07119761818029237, -0.0011402813009824225, -0.31401908028750175, -0.9494159873174384, -0.8509586405364142, 0.4989685015519207, -0.16401166591266841, 0.5252314650275367, 0.8077267184354017, -0.2677862141160465
0.0028765563347311, 0.01210165830483256, 0.0711397501065924, -0.0024863302318132176, -0.3058340708011719, -0.9520815822707434, -0.8509696174473598, 0.5006920234805115, -0.15861339099989366, 0.525209032998741, 0.809798134574398, -0.2615003879468494
0.0028782642909418185, 0.012082717718757206, 0.07108165149312479, -0.008667375224108582, -0.2971650004333165, -0.9547868029692239, -0.8509432450995447, 0.503670346555598, -0.1490361554121013, 0.5251861291258374, 0.8111776282159358, -0.2572360496815882
0.002881000017544918, 0.012064863212698448, 0.07102325929898479, -0.017462865179026718, -0.289158192224839, -0.9571220341257441, -0.8508081174734492, 0.5071181585151299, -0.13768340693601783, 0.5251862484690785, 0.8119228492741701, -0.2548738732108271
0.002884200773900552, 0.012048269687840637, 0.07096453451533559, -0.026705362495962528, -0.2829750618084021, -0.9587554109409189, -0.8505587401165481, 0.5103314018390763, -0.12693183173780154, 0.525201535817737, 0.8120880338309968, -0.25431549713534213
0.002883878752198422, 0.012032598441099449, 0.07090560707119785, -0.03534423949950137, -0.2793094243306127, -0.9595504313032763, -0.850248284312855, 0.5129845012411343, -0.11800320550489794, 0.5251939068165665, 0.8116853743701968, -0.2556134059009135
0.0028798460053313046, 0.012017341826927225, 0.07084661606513751, -0.043597545383305694, -0.2782875075411546, -0.9595078515484292, -0.8499329107031851, 0.5151133469145824, -0.11078035536171853, 0.5250840897800677, 0.8106875495386549, -0.2589833888164431
0.002873523184655639, 0.012002012401161933, 0.07078768006922044, -0.05175676976999661, -0.2799918050800792, -0.9586061891470212, -0.8496516021419015, 0.5167720345190334, -0.1050657856619316, 0.5247984296476844, 0.8090434187527008, -0.2646419369870667
0.0028663309573785014, 0.011986122719853111, 0.070728917655307, -0.060112302960714056, -0.2844929495682906, -0.9567916558366787, -0.8494119645446869, 0.5180397811970657, -0.10066826503735818, 0.5242955516892117, 0.8066588787977421, -0.2727922794649343
0.0028596653414113054, 0.011969196188799694, 0.07067044462960993, -0.06793991883374147, -0.29175470692456745, -0.9540772287483986, -0.849248749670682, 0.5187865335404092, -0.09816870071417583, 0.5236035987382517, 0.803579320045312, -0.2830186350469987
0.0028542247087488485, 0.011951063292894895, 0.07061229852256858, -0.06894380557091812, -0.30102474113974725, -0.9511208424249505, -0.8495430266414028, 0.5175222567116614, -0.10221232652197136, 0.5229946439098246, 0.8009711724087313, -0.2914134235271572
0.0028499283706336603, 0.011931897432061531, 0.07055442945411546, -0.06299297171326651, -0.311159506810608, -0.9482677084221053, -0.8502531429517964, 0.5142626310681221, -0.11226548529037984, 0.5225911197248989, 0.7991956629063197, -0.29695927999711463
0.0028466546438328565, 0.011911890050542752, 0.07049678294460894, -0.052622250307109764, -0.3209802027177115, -0.945622867868535, -0.8510826736954138, 0.5097689859047698, -0.1256736390222245, 0.5223879605313293, 0.798190009003445, -0.30000588030736813
0.002844281845113552, 0.011891232592581688, 0.07043930451440729, -0.0403580848990307, -0.32934166691560685, -0.9433479164213657, -0.8517795891814594, 0.5048955484069243, -0.13982852589059003, 0.5223435233992539, 0.7978812891853779, -0.300903127153462
0.0028426882912428574, 0.011870116502421464, 0.0703819396838687, -0.0286709308216969, -0.33516582440204373, -0.9417228084095213, -0.8522194814720605, 0.5005552329047244, -0.15220517143378973, 0.5223982514569797, 0.7981906595322922, -0.2999862295341152
0.0028417522989878886, 0.011848733224305229, 0.07032463397335151, -0.018901687156245645, -0.33789681773242153, -0.9409933404594053, -0.8524346120105669, 0.4972835667968347, -0.16144437568466824, 0.5224920654603683, 0.7990837219967134, -0.29743444113087775
0.002841352185115759, 0.011827274202476116, 0.07026733290321395, -0.011123887817341612, -0.33752904983422427, -0.9412493822775306, -0.852521619308401, 0.49513423656581035, -0.16747828633041967, 0.5225735811649964, 0.8005724378832924, -0.293258629830382
0.0028413662663935835, 0.011805930881177254, 0.0702099819938143, -0.005336556514986628, -0.33407319478765785, -0.942532026877034, -0.8525518490607418, 0.49411576250594835, -0.17030841995120338, 0.5226154090989593, 0.8026485618049365, -0.28745159662940584
0.0028416728595884746, 0.011784894704651787, 0.07015252676551084, -0.0013706367532357211, -0.32745165907878815, -0.9448669389503688, -0.8525664691213276, 0.4941871075880006, -0.170027993059373, 0.5226170080325391, 0.8053288233140268, -0.2798516558013585
0.002842150281467547, 0.011764357117142847, 0.07009491273866184, 0.0012003959207115443, -0.3175636166658367, -0.9482362091903825, -0.8525829732171128, 0.495214943806004, -0.1669264305359824, 0.5225905020471587, 0.808650424349935, -0.27015487848411845
0.002842676848797914, 0.011744509562893565, 0.07003708543362554, 0.0029331728754870387, -0.3055825487440614, -0.9521610695675212, -0.8526125917084453, 0.4967778479224724, -0.16206029209440834, 0.5225353241237292, 0.8122998681008143, -0.25908639355687746
0.0028431308783466902, 0.011725543486147088, 0.06997899037076023, 0.00445849793983648, -0.2935773923334329, -0.9559249115421263, -0.8526602988114249, 0.49831364568558156, -0.1570156850583926, 0.5224466830471145, 0.8157792748251492, -0.24810005670862223
0.002843392543072117, 0.011707651197297225, 0.06992057283817474, 0.006410299700404442, -0.2836742082089559, -0.9588992917166916, -0.8527051651839926, 0.4993539909655778, -0.15342585497656358, 0.5223531461820545, 0.8186418846502855, -0.23868945383057366
0.0028434432137754294, 0.011691072228481132, 0.06986176546195089, 0.009422669452645966, -0.2780292770059145, -0.9605263840353135, -0.8527079845334226, 0.49949614703126466, -0.1529466972963772, 0.5223028876172662, 0.8204896831944262, -0.23237119735065215
0.0028434209402858107, 0.011676052565182324, 0.06980250098389813, 0.012905147417227496, -0.2775677273340837, -0.9606193907644855, -0.8526483979510509, 0.49878506088339997, -0.15557690224146192, 0.522325728489078, 0.8210783274341947, -0.2302307832941095
0.002843543718892464, 0.011662042747188446, 0.06974294850007966, 0.01230013713052723, -0.27886650293866033, -0.9602511026629089, -0.8526136687140362, 0.49878322283834114, -0.15577300323544327, 0.5223970123847972, 0.8206392448291514, -0.23163029011266684
0.00284407547439028, 0.01164794867343566, 0.069683438824207, 0.007351764347839049, -0.28101107735499675, -0.9596763652215042, -0.8526201458883422, 0.49967679265772436, -0.15284629437651265, 0.522479510015767, 0.8193630924584495, -0.23592219974095396
0.002845281009282563, 0.011632665834599416, 0.06962430586046763, -0.0005617209263163424, -0.2841968374847488, -0.9587657910215968, -0.85261728679424, 0.501125521229137, -0.14804382537767083, 0.5225355937438422, 0.8173771280972407, -0.24259262918373573
0.002847425126072622, 0.011615089721355163, 0.06956588351304899, -0.010229813492643984, -0.28870312137940707, -0.957364015733667, -0.852568922038458, 0.502807323713371, -0.1425167653098371, 0.5225146735643771, 0.8147608869637673, -0.2512829341279024
0.0028500280135647284, 0.011594859887705304, 0.06950828793516925, -0.02070371417131839, -0.2948211001792177, -0.9553281504847578, -0.8524721122834901, 0.5044472931100449, -0.13720140761986846, 0.5223625694844886, 0.8115500276403571, -0.26177069858656576
0.0028501840492850205, 0.011574275229162632, 0.06945085163731447, -0.031165820265854086, -0.3015443994129049, -0.9529426356449097, -0.8523281025264516, 0.5060120090539351, -0.13224466846288657, 0.5220780567030328, 0.8080982748873499, -0.2727850451056184
0.0028476198911525554, 0.011554073319548414, 0.06939333959689349, -0.04013780014190209, -0.30759295946735343, -0.9506710936416883, -0.8521614923293551, 0.50733873244451, -0.12817254601748487, 0.521737240371794, 0.8049807338363527, -0.2824823360168065
0.0028430522284521517, 0.01153430583334395, 0.06933571057969343, -0.0438376151388487, -0.3135238338765319, -0.9485679043117046, -0.8521445303237288, 0.5073339318128683, -0.12830425195856704, 0.5214671254626602, 0.8026923988818238, -0.28940792981370345
0.0028371978169694032, 0.01151502439895822, 0.06927792336451843, -0.03997251028932046, -0.3187105494522551, -0.9470088616739611, -0.852372000831265, 0.5054425876199241, -0.1341259215028227, 0.5214059556814404, 0.8018424884526368, -0.2918637577569487
0.0028307734124899072, 0.011496280644800206, 0.06921993673017257, -0.032233191603441666, -0.3181047198915676, -0.9475074714965382, -0.8525465221198113, 0.5035381584062922, -0.14004910085471395, 0.521656447272024, 0.8032799700051702, -0.2874297145530069
0.0028244960141592607, 0.011478126013267524, 0.06916170953005778, -0.019870079747373457, -0.31369257952829516, -0.9493166729177979, -0.8526972650924861, 0.5010820486195622, -0.1477300059399482, 0.5220273498913899, 0.8065443237045977, -0.2774413449096325
0.0028195391473675854, 0.011460263002537658, 0.069103340557958, -0.004621086297684276, -0.3084051937209621, -0.9512438604518639, -0.8528027960745458, 0.4979775837191665, -0.15730771475251104, 0.5222126353975612, 0.8104964914169317, -0.26531000891782697
0.0028184807415719214, 0.011441320659601753, 0.0690453591041372, 0.011792302566384541, -0.30392617492108354, -0.9526226019773107, -0.8527796882515262, 0.4944125432358052, -0.16829450495109147, 0.522137668537535, 0.814361785258212, -0.25335180639822813
0.0028229916416281984, 0.011420642838126443, 0.06898806606762052, 0.031240501629171556, -0.3010983499027603, -0.9530812214831392, -0.852469033086112, 0.48981851461067694, -0.18268653583069377, 0.5218434426982742, 0.8181794463505088, -0.24137484310173665
0.0028303408866366927, 0.01140093443988192, 0.06893062068989968, 0.046190923923887635, -0.2956067752928258, -0.9541923458863177, -0.8520540425708227, 0.486931861311502, -0.19209703531922317, 0.5214118401856409, 0.8218965852470085, -0.22938111533762048
0.002838045545834867, 0.01138321867082639, 0.06887263464869083, 0.04471534991987372, -0.28270311362640466, -0.958164645051924, -0.85238407535653, 0.4894080533728563, -0.18417694039261506, 0.5210008882527328, 0.8249598213487294, -0.21908757974868343
0.0028447536352136085, 0.011366359967501951, 0.0688143495575548, 0.03610917908920185, -0.2719144890835052, -0.9616437166705558, -0.8529008175680289, 0.4931145708518466, -0.17145907793227816, 0.5208227362330603, 0.8263779587090011, -0.21411012769753024
0.002850161219740682, 0.011349344964808798, 0.06875597722461169, 0.022081184247766356, -0.2639298465488063, -0.964289094308828, -0.8533415819546767, 0.49755257404383935, -0.1557227683077832, 0.5208844073393885, 0.8263065243377141, -0.214235762718601
0.002856167937461318, 0.0113316884106974, 0.06869759875877318, -0.000917039738503713, -0.2539725392534856, -0.9672109947386117, -0.8535205845199261, 0.5041725455642265, -0.13157756685716485, 0.521058318078583, 0.8254138317258953, -0.21723313641498987
0.0028588754588617614, 0.011316215125071786, 0.0686387272562388, -0.028480577793705275, -0.24586543841137765, -0.9688854642749667, -0.8529660196495614, 0.5113598956132003, -0.10469014510277865, 0.5211888582958395, 0.8234447421371018, -0.22427868965873995
0.002851694121831573, 0.011306160416009244, 0.06857889702209283, -0.056513446915500296, -0.24125338063386645, -0.9688152747817612, -0.8516949060796268, 0.5180015455621252, -0.07931069129231696, 0.5209817820958278, 0.8206529139215801, -0.23474832820762565
0.002841442231782297, 0.011295183669453054, 0.06851948667071545, -0.08279748653605486, -0.2382556225603033, -0.9676666959969812, -0.8499559313094114, 0.5238420759894952, -0.05625294885574706, 0.5203071122474332, 0.817816445017718, -0.2458795867967054
0.0028318529883991327, 0.01128133216715086, 0.06846081328451292, -0.10684789850586583, -0.2351937700941666, -0.9660576675818957, -0.8478752861646713, 0.5290378056607792, -0.03502141191905693, 0.5193178465025604, 0.8153544570863153, -0.25594156288774833
0.0028224358730651513, 0.011266824491502004, 0.06840227451512526, -0.13170080993886762, -0.23117802449355804, -0.9639562322287781, -0.8451436552186662, 0.5343885861087828, -0.01269019622732972, 0.518060902505756, 0.8130101844552207, -0.265758050239329
0.0028130856020462057, 0.011252022914737073, 0.06834377917613012, -0.151270207756372, -0.23085867355985995, -0.9611563853439908, -0.8427871105782615, 0.5382365455924908, 0.003362622757259084, 0.5165532019922916, 0.8105588774610051, -0.2759838685152926
0.0028037781208018293, 0.011236974193689886, 0.06828532188778462, -0.15493553821827022, -0.2398232643454923, -0.9583735080205875, -0.843073142441243, 0.537796175950333, 0.0017174479457078378, 0.5149977237728947, 0.8082450587611846, -0.2855122930748635
0.002794489374791557, 0.011221725085194275, 0.06822689727034588, -0.1538042596769266, -0.2472960852301314, -0.9566550558770305, -0.8439243252106624, 0.536453886188218, -0.002993544936461502, 0.513941614410587, 0.8068840525276293, -0.2912080746710662
0.0027851953094749217, 0.011206322346084048, 0.068168499944071, -0.15392974948570734, -0.24990578037789468, -0.9559564494039375, -0.8442055266101924, 0.5360032679953041, -0.0041863515334899185, 0.513441974388611, 0.8063793137426517, -0.29347868969288926
0.002775871870311458, 0.011190812733193032, 0.06811012452921712, -0.1545845103896901, -0.25123692078299914, -0.9555017733018902, -0.8442796056317498, 0.5358855661703127, -0.004313639370710608, 0.5131233542354868, 0.8060438385136385, -0.29495381627014533
0.0027664950027606995, 0.01117524300335505, 0.06805176564604132, -0.15563998967441967, -0.25181353418924596, -0.9551785893817281, -0.8442057581939922, 0.5360061372986599, -0.003749481334397755, 0.5129257562710742, 0.8057836960234998, -0.2960064252283302
0.0027570406522821806, 0.01115965991340392, 0.06799341791480078, -0.15709621703588134, -0.25163595522481075, -0.9549869761578491, -0.8439974540660304, 0.5363414192062558, -0.002485874871780503, 0.5128246056139215, 0.8056160550050604, -0.2966373135581725
0.0027474847643354353, 0.011144110220173467, 0.06793507595575256, -0.1589529466049719, -0.2507038067465941, -0.9549248986430102, -0.8436706351604984, 0.5368608730379583, -0.0005122194863300143, 0.5127902301462831, 0.8055606769720626, -0.2968470575613551
0.0027378032843799983, 0.01112864068049751, 0.06787673438915383, -0.1612096323151135, -0.24901601766956147, -0.9549882079862655, -0.8432225836176894, 0.5375601879419976, 0.002172283792032304, 0.5128227071083483, 0.8056178171340037, -0.29663581002688855
0.0027279721578754024, 0.011113298051209867, 0.06781838783526165, -0.1638647251880708, -0.24657199609035174, -0.9551704573441632, -0.842647557630353, 0.5384367275879067, 0.005566327696705539, 0.5129263548099657, 0.8057841777600537, -0.2960040766829323
0.0027179673302811813, 0.011098129089144364, 0.06776003091433318, -0.16684779403638172, -0.2434874151125806, -0.9554452848316259, -0.841959837024655, 0.5394556057706835, 0.009554173957024441, 0.5130939937892562, 0.8060406491513804, -0.29501360214914146
0.00270776474705687, 0.011083180551134823, 0.06770165824662552, -0.1699614605354969, -0.2400952751900268, -0.9557548643685085, -0.8412125135787814, 0.5405283471179737, 0.01380626525819934, 0.5132977780305593, 0.8063394848284045, -0.29384013727800057
0.002697340353662002, 0.011068499194015056, 0.06764326445239577, -0.17299551341677663, -0.23675381141524987, -0.9560440288595595, -0.8404667855992934, 0.5415650360433273, 0.017969252621655572, 0.5135057299018748, 0.8066318519099912, -0.2926720363174469
0.0026866700955561116, 0.011054131774618895, 0.06758484415190108, -0.17574561245796436, -0.23381522161417653, -0.9562656126010641, -0.839786826821724, 0.5424825547594123, 0.021697079951021346, 0.5136843049952712, 0.8068724310095213, -0.2916938718559416
0.002675730317200617, 0.011040124349807633, 0.06752639203598025, -0.17808753095827753, -0.23150148939142967, -0.9563952591511181, -0.8392163294095334, 0.5432330543069627, 0.02477501081166602, 0.5138100658507715, 0.807034639354395, -0.29102286355636653
0.0026645385508192515, 0.011026450720387881, 0.06746791008140647, -0.17996335433866287, -0.22992513869017067, -0.9564243941334216, -0.8387801814472972, 0.5437954493402676, 0.027098274632451153, 0.5138686586146466, 0.8071065232514989, -0.2907199026872113
0.0026531887654347706, 0.011012950593415586, 0.06740941378628723, -0.18131703213188202, -0.22919513641570816, -0.9563439356749595, -0.838502604176369, 0.5441483089689526, 0.028565724840736027, 0.5138458101885559, 0.8070763330005497, -0.2908440751709623
0.002641783235433701, 0.010999449105773778, 0.06735092011791241, -0.18209208402985627, -0.22942007307391835, -0.9561427210434756, -0.838406908168596, 0.5442687065997078, 0.0290763022314865, 0.5137278747243907, 0.8069312269871821, -0.29145439719469246
0.0026304214495675776, 0.010985776205568782, 0.06729244574516062, -0.18223131647351298, -0.23070792270888296, -0.9558062574055908, -0.838514723150878, 0.5441315615155901, 0.028528982137678276, 0.5135024891424935, 0.8066564932869242, -0.29260980072872744
0.0026191556477349214, 0.010971843446997477, 0.06723400227537414, -0.1816772061803567, -0.23316455947765918, -0.9553154876573965, -0.8388451300878085, 0.5437088555096473, 0.02682402222555798, 0.5131590791192026, 0.8062350579353261, -0.29436846107141557
0.00260799862164243, 0.010957630517396724, 0.06717559709000538, -0.1804392462601955, -0.2367771249821907, -0.9546613386401591, -0.8393927382105352, 0.5429962384089191, 0.023977408391742346, 0.5127002140125091, 0.805662260602377, -0.29672683126504595
0.0025969619534346624, 0.01094311919320461, 0.06711723744093226, -0.17865291846382894, -0.24131404183804075, -0.9538609269364926, -0.8401098115451522, 0.5420393770723608, 0.02021925440208081, 0.5121509926476034, 0.8049601523769953, -0.2995672108480485
0.002586057225256178, 0.01092829125085922, 0.0670589305800327, -0.1764677613221619, -0.24652034460448496, -0.952935910179709, -0.8409439537682646, 0.5408914384280741, 0.01580248258369132, 0.5115392417347309, 0.8041543207191608, -0.30275969453373686
0.002575296019251535, 0.010913128466798643, 0.06700068375918468, -0.17402934368286488, -0.25214990952389443, -0.9519108207518198, -0.8418453111266266, 0.5396073567383325, 0.01097144876409444, 0.5108916320232936, 0.8032710150882838, -0.30617873317331123
0.002564689917565295, 0.010897612617460974, 0.06694250423026613, -0.17140446609890064, -0.25808864012144284, -0.9507948058554039, -0.8427879493682264, 0.538214075342867, 0.0058379364952399326, 0.5102244421830953, 0.8023190530849228, -0.3097662919942426
0.0025542505023420157, 0.010881725479284298, 0.06688439924515496, -0.16859372764122596, -0.2643317763711739, -0.949581416730812, -0.8437661961525169, 0.5367107626254441, 0.00040436657450772213, 0.509543679413599, 0.801292873600205, -0.31352028560713197
0.0025439893557262566, 0.010865448828706705, 0.06682637605572916, -0.16559568176032732, -0.270877657898181, -0.9482633413951678, -0.8447774827200292, 0.5350912189002308, -0.005328428011724068, 0.5088507392856408, 0.8001891538301812, -0.31744014116207087
0.002533918059862577, 0.010848764442166287, 0.06676844191386666, -0.1624117238388741, -0.27771674678196545, -0.946834642647029, -0.8458208066441227, 0.5333463288782906, -0.011351498576643103, 0.5081432819663866, 0.7990088247503226, -0.32152029945796184
0.002524048196895537, 0.010831654096101127, 0.0667106040714454, -0.15977260970189897, -0.28287275233345455, -0.9457566913198874, -0.8466251815604205, 0.5319467128431246, -0.016077830798315658, 0.507640143346475, 0.7981326335156899, -0.3244777098360995
0.002514391348969695, 0.01081409956694932, 0.06665286978034331, -0.15820325745973807, -0.284820599819144, -0.9454358546447194, -0.8469989026444953, 0.5312788401536972, -0.018320833058654718, 0.5075082149563184, 0.7978847159355826, -0.32529277862910827
0.0025049590982296113, 0.010796082631148953, 0.06659524629243836, -0.15749168748172357, -0.2839483172884138, -0.9458169598200475, -0.8470182041978086, 0.5312437031533861, -0.0184469405971925, 0.5076972819817716, 0.7982189430030806, -0.32417586106828844
0.002495763026819844, 0.010777585065138115, 0.06653774085960845, -0.1574200518576928, -0.28063858127233177, -0.9468161986228236, -0.8467525993069279, 0.5317209034233563, -0.016820119785872632, 0.5081623390611337, 0.7990712531208357, -0.3213349803488795
0.00248681297425705, 0.010758593271285356, 0.06648035962047624, -0.15776846553808627, -0.275267229302971, -0.9483338356051751, -0.8462650087103052, 0.5325833666039158, -0.013801907454620886, 0.5088660396551383, 0.8003642358880765, -0.3169738847239482
0.002477672142491886, 0.010740294018189241, 0.06642281827243215, -0.15831661787156662, -0.2682061054461471, -0.9502638231076244, -0.8456126716713837, 0.5337078442580062, -0.009754306036646692, 0.5097794209405604, 0.8020108615092953, -0.3112933022193457
0.0024680344298332736, 0.01072360292774867, 0.06636488970737633, -0.15884454641393195, -0.25982681610824787, -0.9525011473513315, -0.844847328927809, 0.5349836971690266, -0.005043269465916557, 0.5108829620158603, 0.8039169542896891, -0.3044932342885326
0.0024580424731245804, 0.010708268716598154, 0.06630662505545942, -0.15913308284865527, -0.2505041975489811, -0.9549472807194249, -0.8440225175324557, 0.5363077367718455, -3.710574545204441e-05, 0.5121549100040519, 0.8059911032319166, -0.29677548697582756
0.0024478393122450244, 0.010694039042632124, 0.06624807570043834, -0.1589642853973992, -0.2406186839884371, -0.9575139711167492, -0.8432015578647654, 0.5375752589158642, 0.004896306360313094, 0.5135576781458211, 0.808155609964575, -0.2883453160713021
0.002437567987073827, 0.010680661563745036, 0.06618929302606999, -0.15811923333192285, -0.23056473353495188, -0.960124060577841, -0.8424591667902422, 0.5386784882699204, 0.009382886886447684, 0.5150348146888865, 0.8103489309705973, -0.2794168028827088
0.002427371537490207, 0.01066788393783133, 0.06613032841611136, -0.15567199100852513, -0.22273297317702628, -0.9623701231206025, -0.8421241232289225, 0.5391624745027622, 0.011436221577810605, 0.5163266333352952, 0.8122153955372802, -0.2715013056338026
0.0024173930033733852, 0.010655453822785451, 0.06607123325431938, -0.15091362436617844, -0.21907690641229183, -0.9639659677900895, -0.8424324713103726, 0.5387189870457173, 0.009454325905881219, 0.5172355452427475, 0.8135030190928958, -0.2658575345258838
0.0024077754246025805, 0.010643118876501843, 0.06601205892445097, -0.14456161360216502, -0.21904634374619153, -0.9649459255130122, -0.8432110539599172, 0.5375655064158661, 0.0042947399989893605, 0.5177808980182099, 0.8142739254104105, -0.2624136354006351
0.002398661841057012, 0.010630626756874954, 0.06595285681026308, -0.13854816743115186, -0.22104334291793215, -0.9653725943143067, -0.8440736461610813, 0.5362247545447899, -0.0016408746806250468, 0.518019386855171, 0.8146182254068745, -0.26086981748977317
0.0023901952926159006, 0.010617725121799225, 0.06589367829551268, -0.1332680253886297, -0.22453819565871586, -0.9653093970843462, -0.844934752516966, 0.5348132089076325, -0.007752133062211565, 0.5180008662136665, 0.814590345062013, -0.2609936250823801
0.002382518819158466, 0.010604161629169105, 0.06583457476395668, -0.12897057472435272, -0.22910551352356978, -0.9648198041750446, -0.8457389005700052, 0.5334232643142709, -0.013613711872461897, 0.5177763058676103, 0.8142298721868468, -0.26255935009190223
0.0023757754605639265, 0.010589683936879032, 0.06577559759935203, -0.12590412510814553, -0.2343220761872753, -0.9639716364561963, -0.8464334808021925, 0.5321623042523711, -0.018805438306276855, 0.517395896637997, 0.8135701853829771, -0.26533947990842155
0.0023696674542198998, 0.01057437487351062, 0.06571676670497267, -0.12431645356038472, -0.23976725343645078, -0.9628380359924039, -0.8469706880964185, 0.5311457138587488, -0.022910350389277436, 0.5169004477456447, 0.8126474603596698, -0.2691059870967776
0.0023631470988388597, 0.0105589428853698, 0.06565802904970408, -0.12445547526860505, -0.2450221947128421, -0.9614962084032197, -0.8473064074196742, 0.530491246289629, -0.025512537224690435, 0.5163164597620636, 0.8115067231441637, -0.27363141572303257
0.002356113965806767, 0.01054345201701152, 0.06559937271229282, -0.12653005753049776, -0.2497662297481638, -0.9600036328153745, -0.8474061938293899, 0.5302944392035055, -0.02627832584899732, 0.5156480264685548, 0.8101880264649849, -0.278751635998531
0.0023485563572668185, 0.010527903694884261, 0.06554079041183077, -0.13049414341967572, -0.25431000293683614, -0.9582785090668744, -0.8472968885891999, 0.5305115084535825, -0.025407124696931724, 0.5148390633200107, 0.808630918160177, -0.2847047190954218
0.0023404625753622108, 0.010512299345436482, 0.06548227486740976, -0.13619894029226137, -0.25921283208000484, -0.9561686861366713, -0.8470123589732829, 0.531061524391366, -0.023317827034982048, 0.5138286800187196, 0.8067108310889237, -0.29188648922832733
0.002331820922236144, 0.01049664039511666, 0.06542381879812169, -0.14276892471464273, -0.26558539894656147, -0.9534576183565898, -0.8467131355507719, 0.5316232198177651, -0.021298315341180356, 0.5125367306072853, 0.8042643520739857, -0.3007739213452642
0.002322619700031815, 0.010480928270373257, 0.06536541492305839, -0.14809851953907305, -0.27556506648961193, -0.9498056236098577, -0.8468266732829354, 0.5314081636809258, -0.022134791388739566, 0.5108340375571028, 0.801042606671981, -0.3120566108405115
0.002312872799414321, 0.010465106397510866, 0.06530707635307666, -0.15180232184547549, -0.28929808264480505, -0.9451257453166548, -0.847462611520598, 0.5302092250196783, -0.02617823100822894, 0.5086877010082027, 0.7969848160925476, -0.3256563000479456
0.0023027593641837597, 0.010448743632327694, 0.06524894789101207, -0.15535846828442018, -0.30005431843054337, -0.9411860349173807, -0.8479054930181688, 0.52936440622717, -0.028802783361541913, 0.5068727860537938, 0.79356205265306, -0.3366589481168252
0.002292524200060722, 0.010431259998233291, 0.06519122666638215, -0.1600861680456922, -0.31004490059793094, -0.9371470420449853, -0.8481396645724926, 0.5289166471550534, -0.03010464650376189, 0.5050064635025043, 0.7900122403959802, -0.3476336172541689
0.0022824122796724173, 0.010412075140318867, 0.06513410994171413, -0.16574167372434745, -0.320037643357458, -0.9327945135051215, -0.8482417756782991, 0.5287196120622828, -0.030683249743719124, 0.5030065482527819, 0.7861497813107333, -0.3591001723195188
0.0022726685756460515, 0.010390608703675617, 0.06507779497953518, -0.1719798747025661, -0.32965197872618307, -0.928306250985741, -0.8482124508987833, 0.5287697125116523, -0.030630528409151758, 0.5009576437560055, 0.7821330858953973, -0.3705526617232352
0.0022634213358235593, 0.010366822573621386, 0.06502228393808175, -0.17850302777148477, -0.33841979360687974, -0.9239094719567981, -0.8480555724797885, 0.5290606727705321, -0.029942453365920118, 0.498937285700709, 0.7781817575750982, -0.38143772377013296
0.0022537028078515524, 0.010344727967232185, 0.06496615695694147, -0.18528474464880296, -0.34526479163843793, -0.9200335793085457, -0.8476849261284762, 0.5297558548569922, -0.028089148425984842, 0.49709136928233577, 0.7746941060183712, -0.39083143768817913
0.0022427168224078255, 0.010323012841800743, 0.06491006712476219, -0.19241008893260628, -0.34887253362845444, -0.9172057091823019, -0.8469420323428705, 0.5311272804407615, -0.02435171087478018, 0.49564861699380824, 0.7721345525562651, -0.3976690599240299
0.0022306071779584213, 0.010301225111752776, 0.06485419162420623, -0.19996460943769034, -0.34791583823727507, -0.9159523592829958, -0.8456332679295688, 0.5334601872854124, -0.0180167908399539, 0.49489244401505056, 0.7709570663046463, -0.4008823652541268
0.0022175742953023207, 0.010279601935800648, 0.06479842834637518, -0.20801873329469067, -0.3410349894197587, -0.916746062216761, -0.8435380422327976, 0.5370043327067971, -0.008361696011370262, 0.4951482383130646, 0.7715707891344725, -0.39938294837145466
0.0022038185952385036, 0.010258380472656706, 0.06474267518237053, -0.21642036711712126, -0.3277362310121822, -0.9196473169529827, -0.8405619249260883, 0.5416945157884681, 0.004764654158090317, 0.4966063582571608, 0.7740516871931917, -0.3927163231798926
0.002189540498565952, 0.010237797881033305, 0.06468683002329381, -0.22333127602927752, -0.31456679336465193, -0.9225892226009444, -0.8377697151791241, 0.5457678644699719, 0.0167135406355324, 0.4982620249184398, 0.7766499666028234, -0.3854215664697675
0.0021749404260836464, 0.010218091319642793, 0.0646307907602465, -0.22726220020934457, -0.3004317758981085, -0.9263328993330187, -0.8353520498563624, 0.549058307010806, 0.02686872351267951, 0.5005385551151692, 0.7799203315295327, -0.37574649873296584
0.002160218798590569, 0.010199497947197524, 0.06457445528433017, -0.22827219689804853, -0.28589302653588905, -0.93067555114631, -0.8334027217016023, 0.5515579967679528, 0.03498113293883816, 0.5033206806636304, 0.7836127574124049, -0.36416938206942573
0.002145576036885699, 0.010182254922409848, 0.06451772148664633, -0.22657273316327958, -0.27257698218252097, -0.9350757110369143, -0.8320966384622169, 0.5531592860196037, 0.04037311667633499, 0.5062410303865147, 0.7872208032531609, -0.35214120190436127
0.0021312125617597992, 0.010166599403917252, 0.06446048725831739, -0.2228042277613757, -0.26097185945880524, -0.9392826862357629, -0.8313790784304286, 0.5540177880642688, 0.04327953854359201, 0.5090845745451618, 0.7905428382314197, -0.34040404944886177
0.0021173088280044034, 0.010152586658422995, 0.06440270127834298, -0.2178676300657861, -0.25082810280610374, -0.9431961400537051, -0.8310566927231122, 0.5544022337294305, 0.04453017758711782, 0.5117406269289554, 0.7935511489995516, -0.32923867432586246
0.0021039672018547764, 0.010139560559307287, 0.06434451086101084, -0.21266436235052422, -0.2418814278617534, -0.9467139186901207, -0.8309281082486955, 0.5545596688092873, 0.044967239768278044, 0.514132617043783, 0.7962141348818752, -0.318921155626305
0.0020912709614433482, 0.010126691085726195, 0.06428611187536482, -0.20809631205929058, -0.23386872240095533, -0.9497375140478906, -0.8307997491596913, 0.5547134093034825, 0.045440184144664275, 0.5162050965493428, 0.7984976231783362, -0.3097318906329017
0.0020792816541735947, 0.01011321103231229, 0.0642276897254669, -0.2050675385045765, -0.22652841439718566, -0.9521723489591425, -0.8304880357968287, 0.5550664628984684, 0.0468064542954128, 0.5179159459313832, 0.8003662281956181, -0.30195525117791955
0.002067814137239269, 0.01009906628358618, 0.06416931101547298, -0.20444099160296084, -0.219643696841865, -0.9539185119233388, -0.829823264780154, 0.5557932864731935, 0.049871554426676554, 0.5192275321879652, 0.8017795639382221, -0.295892380214547
0.0020565268839177133, 0.01008465477196111, 0.06411096703891102, -0.20629797485841564, -0.21350575878593872, -0.9549117427985463, -0.8288168017542971, 0.5568544459422707, 0.05455121597274353, 0.5200998507008964, 0.8027007020051542, -0.29183510464188167
0.0020450758828034566, 0.010070381612146663, 0.06405264789274716, -0.20993482350886944, -0.20793390184778882, -0.9553485554187299, -0.82755115263305, 0.5581346270573366, 0.060372409718993755, 0.5206596389715744, 0.8032740693822513, -0.2892478345710958
0.0020331171224910252, 0.010056651918852428, 0.06399434367394753, -0.2145926589628108, -0.20248045492230535, -0.955485037085211, -0.8260904603562541, 0.5595456958772987, 0.0669564450488639, 0.5210801685227168, 0.8036854357269676, -0.28734157090941687
0.002020306591574949, 0.01004387080678799, 0.06393604447947833, -0.21947592537738664, -0.19680431576860277, -0.9555618135288747, -0.8245279202489141, 0.5609822761508677, 0.07384168588671361, 0.5215208786901444, 0.8040938671196566, -0.28539275735522096
0.002006324890727996, 0.010032416180845442, 0.06387774045616526, -0.223393229632545, -0.19174932304922623, -0.9556817786609225, -0.823187485209689, 0.5621578027313546, 0.07963020169761795, 0.5219749315326255, 0.8044941279701294, -0.2834278901468453
0.001991302665834151, 0.010022168399633335, 0.0638194226625441, -0.22539412378590173, -0.18856561390489934, -0.9558454363627281, -0.8224175365878345, 0.5628114303706889, 0.08290168488575647, 0.5223283301483691, 0.8047896017573586, -0.2819340568779315
0.0019757642637112955, 0.010012572566742244, 0.06376108295471729, -0.22619896642235734, -0.18715845624285352, -0.9559318698768491, -0.8220849934977712, 0.5630922710023059, 0.084281420273007, 0.5225038670241847, 0.8049216151863843, -0.2812310479845987
0.0019602473111623693, 0.010003059104110678, 0.06370271321569014, -0.22559166334290284, -0.18729782752599453, -0.9560480768424908, -0.8222077180368208, 0.5629976659450173, 0.08371437475814024, 0.5225733152686484, 0.8049553726415556, -0.2810052992821105
0.0019452894349903116, 0.009993058433677144, 0.06364430532846795, -0.22287348216559077, -0.18882854375555336, -0.9563844373527526, -0.8228936998569698, 0.5624326579723087, 0.08071842405492789, 0.5226598986751244, 0.8049927243828736, -0.2807371439755482
0.001931428261998061, 0.009982000977380143, 0.063585851176056, -0.2173781094296633, -0.19154681979184762, -0.9571084438915032, -0.8242183039184696, 0.5613018886031867, 0.07486238933040336, 0.5228871245561002, 0.8051397429503311, -0.2798911382936737
0.0019189076376858714, 0.00996952732880056, 0.0635273657998281, -0.2091745684737908, -0.1944191008204812, -0.9583565167201394, -0.825998948067098, 0.5597066796700734, 0.06673957240460372, 0.52342309625756, 0.8055616959419417, -0.2776663759537544
