0.00030954249086789787, 0.0012512780958786607, 0.007265056483447552, -0.11244229600547193, -0.25666338610127337, -0.9599378293952409, -0.9159579443489996, 0.40127427550735806, 0.0, 0.3851983570226812, 0.8792626809157055, -0.2802130683889556
0.00030796850168587377, 0.0012476852717591192, 0.007251619086555458, -0.16794138286118912, -0.24659788578880262, -0.954455433557358, -0.9081106080057912, 0.4154319858415466, 0.05245368211194745, 0.3835763490493434, 0.8755602479922452, -0.2937063781836115
0.00030562121923770086, 0.0012442386234154704, 0.007238278857669739, -0.22230324817519914, -0.21728800222995084, -0.950456306169659, -0.8960930064953556, 0.42967012049334236, 0.11135937888364501, 0.3841856186283792, 0.876452800578647, -0.2902273226231054
0.00030250936072392606, 0.0012411969696149488, 0.007224974123831599, -0.25836014657511186, -0.18975701252589386, -0.9472287531842213, -0.8854733634476664, 0.4385485305583833, 0.15366232124291207, 0.38624727479474064, 0.8784460498757626, -0.28132824275444807
0.00029888223062825325, 0.0012385329621040322, 0.00721167593537759, -0.2596547089054052, -0.1864054746207183, -0.9475402002947813, -0.8848094220721425, 0.4390287152173207, 0.15609636071026733, 0.3869001405474163, 0.8789236521143652, -0.2789291935211086
0.00029524138682997085, 0.0012359192093278945, 0.007198389652696989, -0.2253246696026898, -0.20839526014034096, -0.9517353670109556, -0.8947174415969243, 0.4309070231623923, 0.11747270785837804, 0.38562869832352087, 0.8780037317348743, -0.283548856617236
0.0002921003127672133, 0.0012330141348521051, 0.0071851222582248325, -0.15585167390959997, -0.2533472884974573, -0.9547383972327508, -0.9105363534527902, 0.4115444775297139, 0.03942958350896563, 0.3829279367981284, 0.875469185309101, -0.2948218119368845
0.00028993856321551687, 0.001229500066805261, 0.0071718795047116275, -0.08304458345709881, -0.29648700310935877, -0.9514194943060963, -0.9207528612137348, 0.388032986345191, -0.04055329918457682, 0.3812056737840584, 0.8726544897582685, -0.30521529414427806
0.000288783894061404, 0.0012253776498716798, 0.007158650770254016, -0.031531469966330695, -0.3219476339694411, -0.9462322586887646, -0.9240965933348679, 0.37012712614004706, -0.09513882846767402, 0.38085594729327016, 0.8714101396453845, -0.3091813641449907
0.00028834279573149396, 0.0012208738774876443, 0.007145413789248681, -0.001984611101588718, -0.3309571302722251, -0.9436437035453311, -0.9245989755128402, 0.3600772655270901, -0.12434266094603239, 0.3809367346415701, 0.8722452297218409, -0.3067172369269638
0.0002883148918647816, 0.0012162205811097131, 0.007132146047217702, 0.006029255396724342, -0.32455876720503485, -0.9458463166443632, -0.9245806361388695, 0.3585132381465925, -0.1289143333795282, 0.3809387028859165, 0.8752884465728956, -0.29791918357098596
0.0002883998061002622, 0.001211649592194444, 0.007118825029683154, -0.007301866149682247, -0.30282278384606354, -0.9530189107958207, -0.9246317225444924, 0.3649663471998877, -0.10888408091165447, 0.38079241118375357, 0.8803964601219677, -0.2826644876696963
0.0002882971620769307, 0.0012073927421983957, 0.00710542822216712, -0.039723561315197546, -0.2677694715529156, -0.9626637776403089, -0.9237783796287429, 0.37706264491776853, -0.06676276760374099, 0.38086158116424934, 0.8866359297433696, -0.2623379196402587
0.0002877406127993844, 0.0012036411423667686, 0.007091940765045276, -0.06386798764445312, -0.2512903322801639, -0.965802282590372, -0.9223242808955635, 0.38444020211630053, -0.03903398349207566, 0.38110208740536916, 0.888289873802073, -0.2563245970951043
0.00028684742372727637, 0.0012001268657002087, 0.0070784340917267275, -0.06255329459270317, -0.274160829310714, -0.9596472919814133, -0.9230135923614305, 0.3816514092557279, -0.04886829370014787, 0.3796485133009815, 0.8827106215996149, -0.27692772498176504
0.00028597386977510125, 0.001196298222020681, 0.007065032660354281, -0.046398625162045314, -0.3146496932860339, -0.9480731712785024, -0.9248911545582384, 0.3720975599203698, -0.07822888290929185, 0.3773904076722154, 0.8732347773745109, -0.30828153331117253
0.0002853256681634087, 0.0011919024788797097, 0.007051787816234894, -0.03183341858726696, -0.34070519901553664, -0.9396310982640109, -0.9259125101016139, 0.36408299635540686, -0.10064589113420175, 0.3763942840936571, 0.8668122859816031, -0.32705321244863356
0.0002848802897909022, 0.0011871357044088476, 0.007038641525705208, -0.02024203120663408, -0.3502738738521554, -0.9364285736078508, -0.9263047071531971, 0.3590284081369115, -0.11427244486972853, 0.37623111205542203, 0.8651050892505949, -0.33172780238361227
0.0002845968021408583, 0.0011822301533622919, 0.00702552693591646, -0.01160633967696896, -0.3436334412864309, -0.9390321351843864, -0.9263795237064065, 0.3572061319852817, -0.11926758708720954, 0.37641236820380175, 0.8685158820089353, -0.3224808393710347
0.00028443427269655313, 0.0011774180804942377, 0.007012377194019875, -0.005896995083124266, -0.3206632770486288, -0.9471748984223683, -0.926363599688648, 0.3584553325598373, -0.11558657245245547, 0.37658426231174336, 0.8767467349878475, -0.29916459694835107
0.00028435176894126343, 0.0011729317405588828, 0.0069991254471667, -0.0014313684350679215, -0.2818621933685794, -0.9594538316843895, -0.9264055933499584, 0.36163228139842685, -0.10485594718698882, 0.3765244053103525, 0.8886933087404352, -0.26163634152323473
0.00028433175349752243, 0.0011689903396338186, 0.0069857089893773, 0.01610036158263683, -0.24492607627183954, -0.969408064500698, -0.9263775305245426, 0.361182121365538, -0.10664026512129501, 0.3762518429139699, 0.8997547956904542, -0.2210788509466035
0.00028455706390967774, 0.0011655628144251983, 0.006972142975382007, 0.014101618915964403, -0.24934807015798977, -0.9683112538086269, -0.9263794779836927, 0.3612164053963261, -0.10650714174748056, 0.3763272606583396, 0.8985255969537225, -0.22589719897410626
0.00028475421886459454, 0.001162076675151151, 0.006958605000577288, -0.019776677371937737, -0.2970455639566945, -0.9546584813250106, -0.9262030034355979, 0.36501860074359915, -0.09438971097562868, 0.37650614796972975, 0.882340837797296, -0.28234334859557375
0.0002844781537368976, 0.0011579301787502001, 0.006945278802723249, -0.05345660255625825, -0.33059157959964175, -0.9422587750405702, -0.9253988614669281, 0.370954862794635, -0.07764944922359047, 0.3752057286860845, 0.8678143218839081, -0.3257590580387859
0.00028373051445485843, 0.0011533065543632974, 0.0069321004554213405, -0.07411806940929799, -0.32850816147241496, -0.9415884980356611, -0.9241102030877854, 0.3775470823272928, -0.058979091000121, 0.37486910293606573, 0.8657601217844133, -0.3315608046674806
0.000282691964970766, 0.0011487034665557442, 0.006918906827245974, -0.0606863546007838, -0.3024843697273674, -0.9512204646851881, -0.9242346184401153, 0.37693710646520495, -0.060899818115435676, 0.37697153266808137, 0.8754550952734675, -0.30244146494421303
0.00028184265808969475, 0.0011444701910802942, 0.00690559447570686, 0.07699595248220449, -0.309034307268807, -0.9479290164523115, -0.9220461302574974, 0.33966618583673697, -0.18562816563306772, 0.3793449050383205, 0.8883268987990918, -0.25879096562951276
0.0002829170100053748, 0.001140158125454483, 0.0068923676849221155, 0.1337793430056307, -0.304149482550336, -0.9431840645649949, -0.9163657277985766, 0.3244104225891428, -0.2345884281709541, 0.3773286900053677, 0.895684637570555, -0.2353127487386446
0.0002847935671264059, 0.0011358917427341424, 0.006879137400387619, 0.042274909530516235, -0.25388180152292444, -0.966310955582964, -0.9260053190233694, 0.35319053151510765, -0.13330640490428022, 0.37513595024286167, 0.9004446009075462, -0.22016480084662726
0.00028538358149781794, 0.0011323484137666284, 0.00686565097646907, -0.06881398760314165, -0.20472446402548097, -0.9763977309168812, -0.9244969674367352, 0.3809054830782178, -0.014709526206840542, 0.3749266492401346, 0.9016645200907204, -0.2154787713421813
0.00028441936344781725, 0.0011294798251211264, 0.006851969741753255, -0.10698639019847966, -0.22132637256127677, -0.9693134421440598, -0.9217931154114353, 0.38745488746962126, 0.013272624306574922, 0.37262764885657507, 0.8949264478071761, -0.24546952626110427
0.0002829215861608714, 0.0011263813224685049, 0.00683839964508132, -0.13278395323945805, -0.23975133542758748, -0.9617108291595712, -0.9196989393312441, 0.3915236990364451, 0.029377782179797703, 0.3694892187264548, 0.8883853275766702, -0.2724871134409965
0.0002810642179405327, 0.0011230277055566487, 0.006824947333354953, -0.15376015424710018, -0.2519473634480437, -0.9554477175740634, -0.9175377002774244, 0.39527022842935816, 0.0434282752019732, 0.3667183981415757, 0.8833368398119612, -0.29194801574166307
0.00027891341354855623, 0.0011195034537860625, 0.006811582484982339, -0.16995634481751956, -0.25802753434376713, -0.9510713077244757, -0.9154614200044829, 0.39856547450735064, 0.05546125687456201, 0.36475365569058266, 0.8800950823923552, -0.30395298420833017
0.0002765353277466976, 0.0011158930465572513, 0.006798274778371661, -0.18142939833046584, -0.2580871472170393, -0.9489332947382632, -0.9135899465074564, 0.401323208781918, 0.06552168903109913, 0.363918648961479, 0.8788234785975824, -0.30859765132563227
0.0002739961152967123, 0.0011122809632707212, 0.0067849938919311075, -0.18821859554384168, -0.2521752578680485, -0.9492004001319674, -0.912012638633773, 0.40349600354466303, 0.07364728165892104, 0.3644265457726247, 0.8795445494360525, -0.3059324734211205
0.00027136193096035575, 0.0011087516833269764, 0.006771709504068865, -0.190326413192117, -0.24028408459480985, -0.9518610272155583, -0.9107902492705859, 0.40507234660683245, 0.07985935041094624, 0.36638364902796583, 0.8821450859721821, -0.2959443681168539
0.0002686989294993833, 0.0011053896861265222, 0.006758391293193115, -0.1879139997873635, -0.224161769887997, -0.956263472900955, -0.9100492046296327, 0.4059681603883152, 0.08366778295078833, 0.3694574046312887, 0.8859691606775081, -0.2802853411998286
0.00026607045584731793, 0.0011022541916630034, 0.0067450154226044575, -0.18315373990569833, -0.2233868837357036, -0.9573677494742587, -0.9108096375941928, 0.40505348713547645, 0.07973378596884581, 0.36997366341956167, 0.8865833140400522, -0.2776499876493195
0.00026350938319409954, 0.001099130531511058, 0.006731628372121545, -0.17775277129009479, -0.24296290653469196, -0.9536104961392287, -0.9131121592097149, 0.40203620016967234, 0.06777225432655727, 0.3669197964161428, 0.8828000451978611, -0.2933154329328592
0.00026102440276983897, 0.0010957339146134525, 0.006718296915187982, -0.17295092961274222, -0.26034516534908503, -0.949899137185336, -0.9150922074592669, 0.39916548623243164, 0.057211593651571926, 0.3642721891572488, 0.8791400966172479, -0.3072758739738634
0.00025860605870153976, 0.001092093551489981, 0.006705014633623851, -0.1690664499626353, -0.27102715915435444, -0.9476079434543337, -0.9164189778092873, 0.39709371017205464, 0.04992837322378226, 0.3627572088987519, 0.876847115717736, -0.31550965603206943
0.00025624128087385167, 0.0010883026218477536, 0.006691760186898808, -0.16613880567059797, -0.27507625208312586, -0.9469587914953045, -0.9171347801786789, 0.3959259134111069, 0.04589625340032774, 0.36230055511543685, 0.8761139918009992, -0.3180606563747944
0.0002539169991714248, 0.0010844543053938806, 0.006678512234482509, -0.164181490925632, -0.2725229121046925, -0.9480378159205542, -0.917271978903368, 0.3956988455424658, 0.04510587938461052, 0.36284508368742696, 0.8770140740115507, -0.3149440573014933
0.00025162014347890885, 0.0010806417818354716, 0.006665249435844605, -0.16318506365614943, -0.26335182931764717, -0.9507977960610695, -0.916852324240264, 0.3963823886503507, 0.047569081377174936, 0.36435209692653675, 0.8795037327737111, -0.30613842212689424
0.0002493376436809536, 0.0010769582308796362, 0.00665195045045475, -0.1628570459582739, -0.24840285101099455, -0.9548683711336104, -0.9159813352834708, 0.3977373640421211, 0.05275587793919279, 0.3666821184541925, 0.8832332720490295, -0.29230670733240227
0.00024706007771503933, 0.001073484301483645, 0.006638596556607387, -0.16101601051678358, -0.23504800912675067, -0.958554264380901, -0.9154342912436516, 0.39854613898852287, 0.056044924057172624, 0.3688548532586935, 0.8865175737135119, -0.2793433169499778
0.00024480818658499106, 0.0010701970350485296, 0.00662519068573342, -0.1566209534291713, -0.22698036280606532, -0.9612230708047765, -0.9155846959459514, 0.3983289584893998, 0.05512445354205226, 0.37037081620518814, 0.8887147774900434, -0.2702064077225516
0.00024261759352662, 0.001067022353779753, 0.006611746452759808, -0.1496809703352449, -0.22424862358805606, -0.9629684117032925, -0.9164004935265991, 0.3971321969859623, 0.04996152100675536, 0.37122195864968066, 0.8899430166791384, -0.26494468192498166
0.00024052402667469925, 0.001063885819563805, 0.006598277547917239, -0.14019438263729414, -0.22685100102442954, -0.9637863655453744, -0.9178136796285103, 0.39493518748981354, 0.040549317739759436, 0.37143449565666636, 0.8902610971038779, -0.2635746467695211
0.00023856321416400179, 0.0010607129942871764, 0.006584797661436407, -0.12837263219104, -0.23470121144554967, -0.9635537393681453, -0.919692706530729, 0.3917012708273626, 0.027118996781065146, 0.3710603628232559, 0.8896546834464598, -0.26613671554908247
0.00023676771017380527, 0.0010574303089167672, 0.006571320765666056, -0.12047081997482742, -0.24609012515020934, -0.9617309560569146, -0.9211624917138677, 0.3888537388617207, 0.01588816014394036, 0.3700627587235596, 0.8878245435201795, -0.27353452164049324
0.00023508263096591492, 0.0010539881363371799, 0.006557868604902357, -0.12339973317123813, -0.2591864002295527, -0.9579117473908091, -0.9214529977396579, 0.3882498939624523, 0.013652574656172548, 0.3683705726708705, 0.8843553752729673, -0.2867380187836003
0.0002333567921779653, 0.0010503632181033255, 0.006544471483153434, -0.1374152255044932, -0.2739007397786114, -0.9518904561703929, -0.920476486513505, 0.39025533514531685, 0.02058667448544819, 0.3658416236232595, 0.8790217051582663, -0.3057462154881913
0.00023143517742296992, 0.0010465329896768144, 0.0065311602453411695, -0.1577746538679354, -0.29294961775827644, -0.94302050881841, -0.9187244424183816, 0.3936470296319879, 0.031423159690693904, 0.3620118195582669, 0.8713337692969283, -0.3312474980779783
0.00022922862537554214, 0.0010424359527763324, 0.006517971664136983, -0.17719143396738657, -0.3205447905538728, -0.9305128870560339, -0.9174436386081015, 0.3960198578368048, 0.03828109424303778, 0.3562307759109377, 0.8604762108551814, -0.36425310547228085
0.00022674930182149986, 0.0010379507796979767, 0.0065049516074301645, -0.1943658329949824, -0.34971992359613885, -0.916470347585822, -0.9165326075321545, 0.3976820592662903, 0.04262580284326113, 0.3495567225708532, 0.8482599570754438, -0.39782551819596745
0.0002240262764355647, 0.0010330512754217073, 0.00649211204615811, -0.20781686013177908, -0.35961552411930187, -0.9096641289274676, -0.9147625938869841, 0.40081975550525245, 0.050526432902651956, 0.3464412640984401, 0.8426269627831224, -0.4122599327132888
0.00022111333387856214, 0.0010280105902544805, 0.006479361399497145, -0.2174854250163086, -0.34668424753208704, -0.9124199265790869, -0.9118300319560415, 0.4056737406153561, 0.06320450140764598, 0.34823279961617626, 0.8457179486615236, -0.4043452344015256
0.00021806885244810258, 0.001023157512151591, 0.006466588840034629, -0.22321704810604712, -0.3104979963889697, -0.923994125345642, -0.9077168307463378, 0.4117030866914127, 0.08093654050296144, 0.3552805998287087, 0.8567914347419672, -0.3737434049426886
0.0002149512104417967, 0.0010188208290683339, 0.006453683540357927, -0.22419352791572925, -0.2513295306799023, -0.9415788490874883, -0.9026320504940375, 0.4178090772917961, 0.10339708097188866, 0.3674134503003782, 0.8730802036129316, -0.3205281806605677
0.00021182142096706256, 0.0010153122152063516, 0.006440538898766783, -0.2136603510874677, -0.2117243383122741, -0.953688659332494, -0.9014105446655847, 0.4190414941855395, 0.10891857562621966, 0.3765744074401155, 0.8829365949585397, -0.28038310388492693
0.00020883188361053018, 0.0010123497665561923, 0.006427194879349682, -0.1917149730051316, -0.22860613097357935, -0.9544551356700494, -0.9069043860565197, 0.4130328738713106, 0.08323628807829714, 0.37519302189285036, 0.8815571915553164, -0.28650848912382054
0.00020614837312792636, 0.001009149875909995, 0.006413834992421721, -0.18935699241047507, -0.2314293298120049, -0.9542454583219275, -0.9075317213351712, 0.4122743735011288, 0.08010003573452962, 0.3748734509080104, 0.8811755252258304, -0.28809649346582045
0.00020349978400880598, 0.001005912809261531, 0.006400487694781913, -0.2151415786809594, -0.199827439581295, -0.9559200256888901, -0.9003163867103461, 0.4198036779064921, 0.11487069181043963, 0.3783444263412523, 0.8853439254925548, -0.2702251443702872
0.0002004946348283426, 0.0010031215716496589, 0.006387135174551282, -0.24673564068586015, -0.161176701925763, -0.9555854720388292, -0.8901752518363201, 0.42743710630382603, 0.15775151718052025, 0.3830268197313112, 0.8895614598839956, -0.2489394795036982
0.00019704412186462983, 0.0010008675709795595, 0.0063737716408111215, -0.2469666735208946, -0.16512471023685862, -0.9548514503519474, -0.8905134571358022, 0.42721193259971757, 0.15644726684878876, 0.38209062384474396, 0.8889453271791287, -0.2525528864541574
0.0001935888152821227, 0.000998557313931182, 0.006360412330201796, -0.21654499888356316, -0.206580859678364, -0.9541659247075772, -0.901092216701791, 0.41839705980085234, 0.1139153955769572, 0.37568747711092304, 0.8844592974040977, -0.27675019562320036
0.00019055937414580004, 0.0009956672700256978, 0.006347063652014401, -0.18268157368385823, -0.22494818802217265, -0.957092344208191, -0.90880627149793, 0.41003380464446604, 0.0770937087888159, 0.37509812519182223, 0.8838951248617255, -0.2793399447326768
0.0001880020550135285, 0.0009925182698643873, 0.006333665526993703, -0.15611877443809383, -0.19808006058902689, -0.9676730945236592, -0.9110709758707303, 0.40731227899126776, 0.06361119641144124, 0.3815450238096454, 0.8915497725758148, -0.2440540879110818
0.00018581878112182266, 0.0009897481800637976, 0.006320132911133863, -0.13717703424790292, -0.1401228413035907, -0.9805855651700969, -0.9103265653292455, 0.40809311916497054, 0.06903296709590352, 0.3904971264053151, 0.9021228272442805, -0.1835385486320994
0.00018390022568235537, 0.0009877884246218569, 0.0063064184597299905, -0.13113296953375947, -0.14618285575540219, -0.980527774713421, -0.9114007989189014, 0.4069408046220657, 0.06121899430351749, 0.3900675941824013, 0.9016816257508751, -0.18659452765826903
0.00018206771517180806, 0.0009857456002994455, 0.00629271612797136, -0.1332375648906468, -0.2077497160322468, -0.9690654295714668, -0.914620070925907, 0.4023813717425451, 0.03948870134705049, 0.3817301103679137, 0.8915880703346746, -0.24362437414058546
0.00018020709963562678, 0.0009828444488891499, 0.006279183471506821, -0.13298959394340637, -0.25316646164633516, -0.9582382326959421, -0.917173558292318, 0.397870608000151, 0.022173029991375975, 0.37564136070482984, 0.8818195518285273, -0.28511023506840116
0.0001783461158184662, 0.0009793017755550834, 0.00626577440850306, -0.12991939673843114, -0.2769645781706407, -0.9520564966376109, -0.9188195348521021, 0.3945353163438106, 0.010608795014327533, 0.3726816506420579, 0.8761463956418748, -0.30573825517665076
0.00017652451320883698, 0.0009754184493464015, 0.006252425604226505, -0.12424071130923368, -0.27972329274605745, -0.9520079438474655, -0.9196212273092267, 0.3927793066900266, 0.004605922098086569, 0.37264063645239665, 0.8760589567668409, -0.30603865823282406
0.0001747820412952497, 0.0009714953393122598, 0.006239073723943581, -0.11594214867591357, -0.2615084922119094, -0.958212255537084, -0.9196799785033833, 0.39264710833998184, 0.004121341076285707, 0.37516150562181727, 0.8817264637138347, -0.2860284739082228
0.000173158449566215, 0.000967833314501814, 0.006225655432920716, -0.10482593789464693, -0.2218267704055948, -0.9694350966805003, -0.9191361805972208, 0.39383085269318824, 0.00927043602585566, 0.3797370198725176, 0.8920146542509153, -0.24517269901022704
0.00017169348751024365, 0.0009647332439642199, 0.006212107396424337, -0.09163179558274583, -0.1663315802640066, -0.9818031469928992, -0.9182976848086969, 0.39544821438332467, 0.018710206199485803, 0.38514020319004494, 0.9033020066112544, -0.18897753501094386
0.00017041275618647782, 0.0009624084388720484, 0.0061983848011600085, -0.0861418578600653, -0.15489443710156098, -0.9841683258870948, -0.9183463154139846, 0.39536109432753636, 0.018156267724709525, 0.3862895614561371, 0.9053713704591744, -0.17630387478130422
0.00016920782449118303, 0.0009602418125497824, 0.006184618490114187, -0.0878603529263375, -0.1902033309140476, -0.977805323821087, -0.9194931902059365, 0.39305761878416995, 0.006162911700475796, 0.383161625882041, 0.8996268121976576, -0.209424848636716
0.00016797932474515992, 0.0009575823110119663, 0.006170946412186372, -0.08577847124712097, -0.21655920773545811, -0.9724937857978824, -0.9206121724825302, 0.39043598750053526, -0.005741736799792124, 0.38093999756851876, 0.8947970994641594, -0.2328580448320916
0.0001667794077773996, 0.0009545529603589582, 0.0061573426281872545, -0.07883026742178569, -0.22824015814459925, -0.9704082744640722, -0.9215323235055481, 0.3879557076155608, -0.01638736290485164, 0.3802156830966808, 0.8929707717157589, -0.2409133354314091
0.0001656763394184605, 0.0009513592061713504, 0.006143763749187813, -0.06766687251798234, -0.22632029366950543, -0.9716997062040227, -0.9222184139580791, 0.38581830081364743, -0.025640509236652814, 0.38070249712903137, 0.8943843488291926, -0.23482386005067965
0.00016472966444949148, 0.000948192933680632, 0.006130169448830967, -0.057135676532273326, -0.21829710956712917, -0.9742083383044082, -0.9226125861364124, 0.38439621532780566, -0.03202445228790583, 0.38147284355492533, 0.896987135691642, -0.2233663986230324
0.00016393052101529665, 0.0009451396627227613, 0.006116543423126098, -0.049534299185918555, -0.20771378761276096, -0.9769346629328498, -0.9227579044060552, 0.38380421358161276, -0.034816310734273756, 0.3821834678008792, 0.8997495807570909, -0.21068101211816354
0.00016323776920333815, 0.000942234724021652, 0.006102880703171756, -0.04487979184653096, -0.19459205315636416, -0.9798569983075095, -0.9227204013202666, 0.38396837912300674, -0.033990363649383945, 0.38284835806253426, 0.9026085622694048, -0.19678647831286544
0.0001626100787724401, 0.0009395131523594498, 0.006089176386904219, -0.04317128971320955, -0.17892773904060005, -0.9829145964662022, -0.9225338308446049, 0.3847850488594251, -0.029526210752952423, 0.38349389915835175, 0.9054972834724955, -0.18167855936311028
0.00016200611948142667, 0.0009370099825183011, 0.006075425572259762, -0.04785569932125083, -0.16973717419337406, -0.984326736271713, -0.9221845637218926, 0.3861379553625822, -0.021751088742110614, 0.3837778816913981, 0.9066900082857718, -0.17500790381925785
0.00016133654742128814, 0.0009346351082396114, 0.006061653384411653, -0.07792828944495024, -0.21851718787925375, -0.9727165159004585, -0.9215453715780437, 0.38804134374461513, -0.013343300489718789, 0.3803699644126355, 0.8953625825028744, -0.23161290125231393
0.00016024723738648132, 0.0009315805953376852, 0.00604805639839618, -0.08308385707313988, -0.223628547727885, -0.9711268430719887, -0.9213206599507326, 0.38865699622534045, -0.01067618063926674, 0.37982274055379656, 0.8938322056886364, -0.238324723501341
0.00015908570586730636, 0.0009284542165690082, 0.006034479820742208, -0.0562646581279808, -0.1729890695835058, -0.9833153461887872, -0.921607272918245, 0.38781442162295743, -0.015492220158730603, 0.3840238570062243, 0.9053589101488337, -0.1812482305132356
0.00015829880466422086, 0.0009260348415740287, 0.006020727457275103, -0.033004250659735695, -0.14404859710079682, -0.9890200812479398, -0.9219887033697708, 0.38637572798095193, -0.025507404527280064, 0.38580765971779024, 0.9110234895437559, -0.14556322063831942
0.00015783641571903945, 0.0009240167233760126, 0.006006871304113311, -0.014700564001142865, -0.13996635030488397, -0.9900471272623232, -0.9223207839696552, 0.3842829363096868, -0.04063245400915347, 0.386145393440928, 0.9125437225928059, -0.13474304984233962
0.00015763034730476564, 0.0009220547140369983, 0.0059929930990624426, -0.0012813385971731832, -0.16078137505575082, -0.9869892135208882, -0.9225409194775638, 0.38106700743901584, -0.060878466890717554, 0.38589714958896826, 0.9104599306266339, -0.1488156734435403
0.0001576124076944031, 0.0009198036656190249, 0.005979174579928105, 0.0072967490457452044, -0.20640550807730557, -0.9784393306121298, -0.92266012458927, 0.375862928311896, -0.0861704915485533, 0.3855451360687567, 0.903395719137608, -0.1876995543350275
0.00015771440516095534, 0.0009169184301841308, 0.0059654974845159085, 0.012456935761281145, -0.2620475542350562, -0.9649745613594508, -0.9226581153544232, 0.3689637176918651, -0.11210609795020819, 0.3854177304199474, 0.8917381086094857, -0.23718414519422193
0.0001578886504709923, 0.0009132529575344253, 0.005951999599093357, 0.022322637295798597, -0.2504880011329633, -0.9678623151836075, -0.9225667524136503, 0.3678367925183647, -0.11647609802329434, 0.38519123459015886, 0.8955176465923015, -0.22288081442038732
0.0001582005234549527, 0.0009097533513129724, 0.005938477446477638, 0.03652819846515582, -0.19421330263311534, -0.980278982635672, -0.9229347055768352, 0.3696076963797776, -0.10761821415836013, 0.38321954537665576, 0.9086645937072558, -0.16574509399718956
0.00015871051578089036, 0.000907041821642754, 0.0059247911772547235, 0.05047416694591384, -0.16430539094460767, -0.9851173011259399, -0.9228700496919424, 0.3693950122966371, -0.10889534550181224, 0.38178950987776994, 0.9146316544909797, -0.13298761878605572
0.00015941661897125878, 0.0009047432881995961, 0.005911009979638178, 0.06388894623904759, -0.16666310414408794, -0.9839418744344206, -0.9220978086013083, 0.36719808800680787, -0.12207045316869118, 0.38164621565152335, 0.9150895988269134, -0.13021978420220706
0.0001603121001152788, 0.0009024073024626195, 0.005897218839742538, 0.07320458879137579, -0.19384170157379293, -0.9782977475752779, -0.9208587633717138, 0.36353234485256625, -0.14093747609317067, 0.38296243432144067, 0.9111913240241983, -0.15188859378381503
0.00016133960029585413, 0.0008996865388239122, 0.005883487444909425, 0.044420896497554374, -0.17686829205360688, -0.9832316060930881, -0.922855167840842, 0.36964058204108263, -0.1081858553498613, 0.3825769506175261, 0.912186081550453, -0.14680405131271174
0.0001619606840357131, 0.0008972136031348008, 0.005869740105003904, -0.032499705362461176, -0.08629598010031078, -0.9957393097442121, -0.9246073704814627, 0.3809109878082888, -0.0028336933971313404, 0.3795325804232207, 0.9205758106671283, -0.09216939411676241
0.00016150704002619603, 0.0008960090490017308, 0.005855841173679195, -0.04890534061698891, -0.04922888925745957, -0.9975894867737998, -0.9235711142255171, 0.38251721673921435, 0.026400300496807656, 0.3802954964594942, 0.9226359495275273, -0.06417351488009038
0.00016082299444697287, 0.0008953204779041412, 0.005841887755306109, -0.0472294639752181, -0.07066028044126747, -0.9963817052217363, -0.924073488606897, 0.38184885379607275, 0.01672245521760011, 0.3792855987069543, 0.9215197109246156, -0.08332980853764367
0.00016016269666668662, 0.0008943326024890348, 0.005827957708828746, -0.08053551299346257, -0.09859052847729385, -0.991863871124182, -0.9226356908661076, 0.38391740425043475, 0.03675334887637459, 0.37717027068275155, 0.9180889577857781, -0.12188212545292998
0.00015903256923739906, 0.0008929491151756903, 0.005814039220882096, 0.040240911896237824, -0.13765833058502558, -0.9896619892823525, -0.9249642102687069, 0.36948538449691337, -0.08900427161184729, 0.37791782007699326, 0.9189835334018298, -0.11246060023199891
0.00015959002891126085, 0.0008910421263810486, 0.005800329376254287, 0.2097960797672177, -0.1617333837448788, -0.9642758513499853, -0.9025470849746838, 0.3472509562485503, -0.2546085874203151, 0.3760244198426587, 0.9237202422632619, -0.07312010472566882
0.0001625240482809805, 0.0008887802686706267, 0.005786843881059368, 0.24502264910656016, -0.15390280069538895, -0.9572240225584181, -0.8954099992754565, 0.34266329939727225, -0.2842935040476696, 0.3717591083246388, 0.9267663088310294, -0.05384583728923494
0.0001659804167841222, 0.0008866092661334796, 0.005773340970311788, 0.15676446438083086, -0.11912877135152115, -0.9804250295375309, -0.9150639298724509, 0.3559804116161963, -0.18956779998710194, 0.371595084673866, 0.9268690751027573, -0.05320536311671887
0.00016817813647781755, 0.0008849391705035865, 0.0057595961499909525, 0.11284868669853489, -0.10461153197471686, -0.9880898751066719, -0.9213558271765303, 0.3612728880987656, -0.1434759215082041, 0.37197931883139346, 0.9265734335187252, -0.05561527361303686
0.00016975534139351654, 0.0008834770903740224, 0.0057457863285941485, 0.21490642263467338, -0.13910898766148924, -0.9666767396923145, -0.9032472827674142, 0.348127087966039, -0.2509021259327405, 0.37142909913420913, 0.9270686167571857, -0.05083506801675822
0.00017275363427572219, 0.0008815362945502266, 0.005732299621438168, 0.2575997837531653, -0.15707839008669255, -0.9533985162449621, -0.8918783644628056, 0.34095926018110884, -0.297152765257034, 0.371746330733033, 0.9268619974216895, -0.052263785951677064
0.00017636505334251953, 0.0008793341347320938, 0.005718933455016528, 0.21305454581518168, -0.14834350484409448, -0.9657131898643908, -0.902727849327475, 0.3482119349927512, -0.2526477357452382, 0.37375150910207483, 0.9256039395438926, -0.05972567743230306
0.0001793484703505873, 0.0008772568707446257, 0.005705410508840781, 0.19088594153441932, -0.14074568129046142, -0.9714696137927331, -0.9075944081291256, 0.35170788154058225, -0.22929011403673258, 0.3739451131613573, 0.9254686484480821, -0.06060390319459682
0.00018201955624824254, 0.000875287402477718, 0.005691816638257418, 0.21104593467971783, -0.13956869128008406, -0.9674606937077749, -0.9037860204702286, 0.3491453845273756, -0.2475244021623295, 0.3723310927894042, 0.9266164691379037, -0.05245451805757559
0.00018496778996860775, 0.0008733376794348949, 0.00567830156986889, 0.2670246366798687, -0.14355191266639517, -0.9529379265071801, -0.8903214016551596, 0.3416951692372579, -0.3009521773882253, 0.36881654675566855, 0.9287826762433402, -0.03656631167457895
0.0001886973897613505, 0.0008713326540170707, 0.0056649916478430104, 0.2937847010291764, -0.14274173883856947, -0.9451536094384547, -0.8830110503393443, 0.33811279681619394, -0.3255322128572517, 0.366035564419368, 0.9302174652319063, -0.02671016581232541
0.00019280857274857425, 0.0008693351456164492, 0.0056517652973018685, 0.26453253782128044, -0.13576154303311633, -0.9547729258138293, -0.8917341178152326, 0.34253310815677523, -0.295772434382834, 0.3671958599414239, 0.929645025399333, -0.03045204742134784
0.00019651074967107695, 0.0008674351402117449, 0.005638403091195615, 0.23197529954517834, -0.1418145320269022, -0.9623284776555849, -0.8988894853534765, 0.3468210349058697, -0.26779257433279197, 0.3717326371491844, 0.927148212667647, -0.047021678248448356
0.00019975725534310889, 0.0008654504388943867, 0.005624935257046064, 0.21260141341840322, -0.1669455170515968, -0.9627719529301174, -0.9007991802486801, 0.34830666630292606, -0.2593131370992377, 0.37863105508635064, 0.9223945254311288, -0.07633389534721623
0.00020273092562909695, 0.0008631153607053332, 0.005611468900907704, 0.20541522512639598, -0.2080061877376591, -0.9563148075550842, -0.8988877445504652, 0.34634566035966924, -0.26841293979054454, 0.3870470358796847, 0.9147557648973142, -0.1158295411537133
0.00020560291369404644, 0.0008602071474107704, 0.005598098301372335, 0.19470856873985723, -0.2255646555561117, -0.9545727627704077, -0.8994907646823265, 0.34704095677979374, -0.26547869701459836, 0.3911584557573566, 0.9103203614559097, -0.1353214765227682
0.00020832686381594306, 0.0008570515242403359, 0.005584743939978093, 0.14779859369271212, -0.25804576870285467, -0.9547606804623919, -0.9045024387180276, 0.35520374700265284, -0.23602041536362067, 0.4000386407031167, 0.8984668493438299, -0.18090441281122616
0.0002103930551353406, 0.000853444102045172, 0.005571396598973111, 0.1570395875224024, -0.2731865613060119, -0.9490561999547711, -0.9022364528293321, 0.35112323174205673, -0.25036345443566344, 0.40163161122692814, 0.8955900729981383, -0.1913386265510735
0.0002125910428017469, 0.0008496204757745483, 0.005558113236127233, 0.20905991384471864, -0.2678524317783839, -0.9405046662370393, -0.8933640671508368, 0.3388575903702558, -0.2950867278821249, 0.3977368425818182, 0.9019038797116188, -0.1684481992013445
0.0002155199332991237, 0.0008458679130392662, 0.005544936940734104, 0.26229398959470573, -0.26548766696217047, -0.9277489755927926, -0.8812382447802071, 0.3258612304909403, -0.34239394620762537, 0.39321879273401006, 0.9073757530119009, -0.14848644344482656
0.00021919830777679487, 0.0008421447508737927, 0.005531926317963909, 0.3165490395064267, -0.26604220589486427, -0.9105043933283098, -0.8654351734371342, 0.3119758682794151, -0.39203701124912005, 0.38835378994596714, 0.9120814669172375, -0.1314866211471873
0.00022364364108992232, 0.0008384086906336278, 0.005519140003661006, 0.37160860208493995, -0.2693932058161917, -0.8884449040410732, -0.8455169497133913, 0.2970165187375104, -0.4437141820411116, 0.38341639845452535, 0.916083232166775, -0.11740262833103661
0.00022887340809366817, 0.0008346174336742724, 0.0055066366336697535, 0.42652298020941454, -0.2753761830407103, -0.8615370596597737, -0.8213497225843513, 0.2809620185075413, -0.4964322485161264, 0.3787648090357504, 0.9193629870568519, -0.10634339408733581
0.0002348962214337418, 0.0008307289225606583, 0.005494471106519636, 0.4620852753577189, -0.2839994915534381, -0.8401318272122356, -0.8025397415959307, 0.26920119568302525, -0.532410254786632, 0.37736873407413857, 0.9202581187037788, -0.10352696993085406
0.00024143719077654254, 0.0008267088161718884, 0.0054825787636583485, 0.45722540860913063, -0.29619012948254475, -0.8385799502249782, -0.8024447779558793, 0.2691396729299325, -0.5325844672786735, 0.3834413958528121, 0.9164252526269027, -0.1146187257570276
0.00024788500343025303, 0.0008225319300478403, 0.005470753072626311, 0.409754280915712, -0.31200245405288785, -0.8571790349374064, -0.82115457377298, 0.2830584761253445, -0.49556338148143425, 0.39724878255693064, 0.906935702108244, -0.14021781983208514
0.0002536088033426001, 0.000818173611654756, 0.005458779259261687, 0.3152054493428466, -0.32930818116516325, -0.8900571029559093, -0.8526045573663595, 0.3136235719227078, -0.41797813805575557, 0.4167865082541519, 0.8906157291178582, -0.18191379712703926
0.0002579777344613109, 0.0008136092084588784, 0.005446442549402639, 0.1876894386226389, -0.34732129566415737, -0.9187712404117195, -0.8800487547134076, 0.3559555821825695, -0.31434028192461855, 0.43621882577085014, 0.8675618370417403, -0.23885057034024787
0.00026059573848702383, 0.0008087645642586643, 0.005433626981175898, 0.18367019650549704, -0.40303964355610045, -0.8965624934369069, -0.876010777392134, 0.3466678651704364, -0.3353006250381905, 0.4459488499911859, 0.8469831385454752, -0.2893945165534329
0.0002631627178799827, 0.0008031316718284379, 0.005421096600695342, 0.2724083895953212, -0.4741393627425311, -0.8372487885785146, -0.8490738550879309, 0.2908766613656066, -0.44098112939094997, 0.4526226440250236, 0.831013015885374, -0.32334209367926725
0.0002669717022218928, 0.0007965019589504593, 0.005409389664904134, 0.33165845101600494, -0.5155383008549413, -0.7900778013722852, -0.8243508369093792, 0.24887089800819556, -0.5084377777185727, 0.45874651993935667, 0.8199289825809272, -0.3424442932322499
0.00027163591322202106, 0.0007892517911755425, 0.0053982785668427735, 0.3582621335840973, -0.5308873445287722, -0.7679888482647121, -0.8116569609169243, 0.22939477557165905, -0.5372066778582809, 0.4613688561605269, 0.8158043051857577, -0.34871494692013166
0.0002766726113498391, 0.0007817882078280083, 0.005387481645729334, 0.34292867969533497, -0.5190158306262137, -0.7829575264353718, -0.8198372052545565, 0.24150621384621562, -0.5191740609410915, 0.45854866429073005, 0.8199373855563896, -0.34268908101096535
0.00028146522221905317, 0.0007745346852781788, 0.005376539397461674, 0.2813820655370068, -0.4775910145146224, -0.8323046053272931, -0.8472040091604737, 0.28367131535034973, -0.44919478148106584, 0.4506323335675633, 0.8315271539175954, -0.32479700158892505
0.0002853882527882835, 0.0007678761082791264, 0.005364935401295896, 0.2542807769288108, -0.4575262452329605, -0.8520628036755913, -0.8573504238964919, 0.3010531476339668, -0.4175131769707237, 0.4475394252230592, 0.8366819809358331, -0.3157082920170199
0.0002889536855093056, 0.0007614608414029492, 0.005352988086059238, 0.2917683957962662, -0.4817016424547876, -0.8263381455982977, -0.8437778498318896, 0.27724069202096224, -0.4595394855948847, 0.45045548431287485, 0.8313249222440634, -0.32555910417058753
0.00029305635144208115, 0.0007546874521437464, 0.005341368632383843, 0.3361799566140618, -0.5132310026864763, -0.7896689019154812, -0.8242171369169567, 0.245361853201139, -0.5103564168364275, 0.4556853607297279, 0.8224302395189134, -0.3405280504473617
0.000297780501103388, 0.0007474753027582405, 0.005330271855190159, 0.38195718450501986, -0.548206513583473, -0.7440284454707708, -0.7995702825219818, 0.20770774324712415, -0.5635111859607626, 0.4634609719412375, 0.8101401803761126, -0.35899417213576507
0.000303132507594106, 0.0007397938009094015, 0.005319846484936688, 0.4285478740893138, -0.5857539063887627, -0.6879237463293691, -0.768978079153241, 0.16328029928263307, -0.6180714017392858, 0.47436213318025455, 0.7938714663070329, -0.3804584886530988
0.0003091175412860447, 0.0007316132519511985, 0.005310239047709248, 0.46785167796746213, -0.618904571264649, -0.6309294248097412, -0.7376791160529217, 0.11972373683664439, -0.664451464425544, 0.4867692771348765, 0.7762881929448566, -0.4005400258800599
0.0003156499645890191, 0.0007229717383389982, 0.005301429635942115, 0.4886899494851283, -0.639331952456725, -0.5936638677232215, -0.7175220178011028, 0.0925857435924716, -0.6903550058151698, 0.49633082439322346, 0.7633364491829937, -0.41348903021222005
0.00032249147047707093, 0.0007140212916973992, 0.005293118528151109, 0.4919725909124715, -0.6487996729995952, -0.5805359197383814, -0.7115270506367859, 0.08461521988381238, -0.6975453539205395, 0.5016893720251474, 0.7562402058074091, -0.4200101488266455
0.0003293891201798082, 0.0007049248644690013, 0.005284979185658909, 0.47943988407158716, -0.6487944429992178, -0.5909341488649625, -0.719374156866734, 0.0951193378378783, -0.6880793079300954, 0.502631296273619, 0.7549954187295564, -0.42112195110642614
0.00033610431095157535, 0.0006958376387267398, 0.005276702369993344, 0.46432818660292163, -0.6456536448558974, -0.6062431080105877, -0.7296235623174306, 0.10915798938593668, -0.6750807289979786, 0.5020446119990382, 0.7557882668032856, -0.4203989811182001
0.0003425997187098044, 0.0006868057000787588, 0.005268221738619328, 0.45682314783713607, -0.644529365478939, -0.6131023639128187, -0.7343348846737494, 0.11575701947805964, -0.6688442192265306, 0.5020606425038328, 0.7557659753368582, -0.42041991124560973
0.0003489864643223938, 0.0006777946744408347, 0.005259650087092194, 0.4573541590195797, -0.6457782751746028, -0.6113898858666275, -0.7335676145508465, 0.11467234407921166, -0.669872232881435, 0.502698446496181, 0.754864671855753, -0.4212761553594419
0.0003553791299018909, 0.0006687683116751712, 0.005251104387874304, 0.4648100286731511, -0.6497047336604004, -0.6015275524064818, -0.7278024370756403, 0.10654240780278444, -0.6774602039428913, 0.5042372951613389, 0.7526835154291964, -0.4233347089119004
