0.00030954249086789787, 0.0012512780958786607, 0.007265056483447552, -0.10316980476844637, -0.2568402644458602, -0.9609313554793709, -0.9279353957639086, 0.3727410646661812, 0.0, 0.35817857651249735, 0.8916822176486993, -0.276786795307469
0.00030858005650418553, 0.0012488821245279108, 0.007256092297077734, -0.14015619350497427, -0.2545868216471096, -0.9568394806161684, -0.9235784560881021, 0.381928734606127, 0.03366418173787134, 0.3568740350209217, 0.8884345738014622, -0.28866058130978084
0.0003072746791017054, 0.0012465109707769666, 0.007247180549372822, -0.17708008625395003, -0.24345158495988614, -0.9536110154737165, -0.917446218065484, 0.391582545433431, 0.07039564666380575, 0.3562794970379773, 0.8873524868350764, -0.2926952068243887
0.00030562610053953414, 0.0012442444874451485, 0.0072383026302910245, -0.21372470386897915, -0.22343656588957572, -0.9509983448879342, -0.9093352453673075, 0.40123466386411344, 0.11009158027129377, 0.3569750166172641, 0.8883056036845233, -0.288932504183553
0.00030363433023532146, 0.0012421622091274911, 0.007229439966179606, -0.24517710739467838, -0.2004055542879485, -0.9485387708576379, -0.900645314021849, 0.40916987888387435, 0.14634899570765955, 0.35878434238420065, 0.8901784225786962, -0.28081341071117133
0.00030134423935912783, 0.0012402903095187134, 0.007220580085222775, -0.2617903593328452, -0.18689013934955892, -0.9468568442876051, -0.8954086500210773, 0.41313462866883915, 0.1660214686782783, 0.3601515753510067, 0.891286628649035, -0.27549771026929654
0.00029889551470660923, 0.0012385421836797628, 0.007211723411879563, -0.2627363185047494, -0.18459519783943462, -0.9470450041435152, -0.8949466013444114, 0.4134608795813093, 0.16769222342713866, 0.3606108812565952, 0.8916135452035654, -0.27383403427783
0.0002964398923559108, 0.0012368168946286493, 0.007202872009482943, -0.24801376112078602, -0.19355567424235026, -0.9492235644269009, -0.8993576118051706, 0.4101838154647968, 0.1513443874705692, 0.3600625784260591, 0.8912269287332665, -0.27580699976223844
0.00029412910838517775, 0.0012350135053833815, 0.007194027941365886, -0.21714925068488938, -0.2137227578610087, -0.9524540858746292, -0.9078933789036095, 0.40264738380917686, 0.11663917375655732, 0.35857469998589975, 0.8900548674570069, -0.281472054467423
0.0002921148988725555, 0.0012330310789619697, 0.007185193270861365, -0.16978690241023206, -0.24453140280688257, -0.9546605683756066, -0.9187685289372417, 0.3896402713457968, 0.06359912876817347, 0.35642221873002705, 0.8879103851103849, -0.29082357196192477
0.0002905456647455376, 0.001230771028174984, 0.007176369940425701, -0.11700219282918846, -0.27720167313006694, -0.9536612182987483, -0.9276615145468584, 0.3733848334065659, 0.005280209331066338, 0.3546189522597323, 0.8852926062019509, -0.3008361682084906
0.00028946431399804406, 0.001228209091264252, 0.0071675560691099, -0.07282407369126764, -0.3020977621731385, -0.950491239507756, -0.9325003473003406, 0.3586542740670803, -0.042546609479017485, 0.3537509810244392, 0.8832349935229001, -0.3078249334294565
0.00028878925386166565, 0.0012254087239379641, 0.00715874526365443, -0.03841009909648045, -0.3191021877525964, -0.9469416339241321, -0.934660255370264, 0.3466745504281291, -0.07891110895588424, 0.35346127272813277, 0.8820377258694558, -0.31156793613022404
0.00028843172211429047, 0.0012224384331690741, 0.007149930870955552, -0.013779317967919067, -0.3287060919945442, -0.9443317401644473, -0.9353560841008427, 0.33806440465989324, -0.10402621899064379, 0.35343899944951807, 0.8818530282238795, -0.3121155399535522
0.0002883029565338069, 0.001219366725930537, 0.007141106237909531, 0.0011992997654075115, -0.3313085449222222, -0.943521706025671, -0.9354430096561841, 0.33314060969410997, -0.11816814231431874, 0.35347551169133784, 0.8827525033859472, -0.30952072693180077
0.000288314194898103, 0.0012162621091953067, 0.007132264711412628, 0.006659934106621335, -0.32713568482196315, -0.9449539083964681, -0.935425265524093, 0.33198178637230663, -0.12152228658247183, 0.3534617629912403, 0.8847430910909209, -0.3038000080151529
0.00028837667498506694, 0.0012131930899363377, 0.007123399638361104, 0.0026619532989097484, -0.3162097431476251, -0.9486855708521909, -0.9354746907466897, 0.3344649347277242, -0.11410657478850451, 0.3533836682375401, 0.8877750873819856, -0.2949158816457467
0.00028840163457258706, 0.001210228175126585, 0.007114504365651227, -0.010826326693564836, -0.2983562341339412, -0.9543931832341097, -0.9354395518888737, 0.34026847531008597, -0.09576121068623111, 0.35332086750186087, 0.891740389498851, -0.2827780796387341
0.00028830031143855145, 0.0012074358717390028, 0.007105572240179253, -0.033456270372778686, -0.2737506376006145, -0.9612186361000293, -0.9348556083430198, 0.3486933895684089, -0.06676759409246422, 0.35344825579191336, 0.8963668381218434, -0.26758329916701346
0.000287987935992179, 0.0012048799090849944, 0.007096597506977744, -0.05521391289903575, -0.2539818521994902, -0.9656317323781847, -0.933689513001857, 0.3558198858265834, -0.04020077313575257, 0.3538012395862016, 0.8993805799569354, -0.25678640007522546
0.0002874732060778992, 0.0012025121714959138, 0.007087595436435456, -0.0659310571063909, -0.2513294252123919, -0.9656534656548603, -0.9330234417266623, 0.3585937341184893, -0.02962753853245, 0.3537235543434554, 0.8990239451056724, -0.2581387092810098
0.0002868592055197117, 0.0012001715991747338, 0.007078602530922489, -0.06513941543957408, -0.26651471194256265, -0.9616271444142805, -0.9334525760465423, 0.3569209133862521, -0.03568963238249801, 0.35273665081511574, 0.8953085333591413, -0.2720284640732266
0.0002862531944809675, 0.0011976921348391236, 0.007069656232268463, -0.05494830262255444, -0.2950802118456216, -0.9538911639259707, -0.9347373771043511, 0.35109395981154073, -0.0547637400834746, 0.3510651219972988, 0.8886285500483289, -0.29511452040864816
0.00028574212965187736, 0.001194947643911521, 0.007060784252582191, -0.04391489037114685, -0.3200948580570269, -0.9463671403050414, -0.9357721378135524, 0.34491522471723457, -0.07323929170953025, 0.3498599555472792, 0.8823677065734621, -0.31468276390794647
0.0002853334027067754, 0.0011919684404483955, 0.007051976175255055, -0.03418432406791542, -0.33759670782054574, -0.9406699181204579, -0.9364173884525927, 0.3397035094181456, -0.08788629183565604, 0.34921899517587235, 0.8778553346410359, -0.3277439623404665
0.0002850149179496858, 0.001188823156508574, 0.007043212245046025, -0.025773987931483368, -0.34775213440867775, -0.9372321775100962, -0.9367804052193176, 0.33568269722287797, -0.09879068368173641, 0.34896729638067664, 0.8754345091435353, -0.334419267174274
0.00028477457968463304, 0.001185580424150882, 0.007034472706714075, -0.018682151684901265, -0.3506825230990233, -0.9363080396970461, -0.9369525126374887, 0.3329858835406561, -0.10602070752897869, 0.3489569690817465, 0.8752954754570319, -0.3347937639409215
0.0002846002922156412, 0.0011823088754341464, 0.007025737805018175, -0.0128993952467652, -0.346435476144317, -0.9379851099409456, -0.937008726438287, 0.33166279460260356, -0.10961038844421019, 0.3490676899696779, 0.8774863255601489, -0.3288913137712538
0.00028447995984673467, 0.0011790771424171926, 0.007016987784717297, -0.008416308531836496, -0.3349756497050534, -0.942189195361194, -0.9370082154711773, 0.33168320130661416, -0.10955299224811664, 0.3492059133093493, 0.8819169847982709, -0.316666483913454
0.00028440148688193764, 0.0011759538571588478, 0.007008202890570411, -0.00522760104820229, -0.31619424532782164, -0.9486800679938681, -0.9369948720495921, 0.33293563134880183, -0.10580394667092172, 0.3493039964558799, 0.8883552581033919, -0.29801284109918247
0.00028435277762527437, 0.0011730076517179374, 0.006999363367336492, -0.0031256188104386924, -0.2900540713301415, -0.9570051547467552, -0.9369982353847475, 0.3351538988244715, -0.0985199014850568, 0.34932010734127694, 0.8964042055945327, -0.27282771633306196
0.0002843236655476622, 0.0011703060821573457, 0.006990449801725994, 0.005472624642479257, -0.26085176454302283, -0.9653633550711949, -0.937015269902091, 0.3358212558496538, -0.09605450582806002, 0.3492455215888015, 0.9050858749612397, -0.24258426287748613
0.00028437465256139646, 0.0011678757944306615, 0.006981455763607332, 0.018940939410630776, -0.24107717879723797, -0.9703210987489695, -0.93692522341928, 0.33449965463742426, -0.10139579265520061, 0.3490162840541618, 0.9110388437989944, -0.21953555191452748
0.0002845512302323303, 0.001165628342716444, 0.0069724099060624375, 0.01810667855088387, -0.24332777636632258, -0.9697750983813082, -0.9369247430857645, 0.3344931953257026, -0.1014215365416815, 0.34906184836720444, 0.9104426920621761, -0.22192325359242662
0.00028471992978280116, 0.0011633612628445217, 0.006963374531479793, 0.0010046837189968112, -0.2687122571549469, -0.9632199714838342, -0.9369537376898499, 0.3363465123861481, -0.09480884470709819, 0.3494519767287699, 0.9025878054019832, -0.25143303183946797
0.00028472927503575833, 0.0011608617856774062, 0.006954414961301923, -0.025768410886349645, -0.30497765459061127, -0.9520108293505921, -0.9367145238326898, 0.33997654630633317, -0.08355745809031667, 0.3491445114007803, 0.8896092277860138, -0.29443765383639864
0.00028448965514969954, 0.0011580258051753182, 0.006945562233539166, -0.0484089586574156, -0.3278438091241391, -0.9434908635173314, -0.936174432561679, 0.34417518443804906, -0.07156028392099532, 0.34818673802935574, 0.8798078649546219, -0.3235801542500203
0.00028403888753318385, 0.0011549730360902787, 0.006936776770278909, -0.06523734923086576, -0.33479835551782094, -0.9400288024352726, -0.93539940100761, 0.3485953606104656, -0.05923879772128996, 0.34752273142908874, 0.8754377965928946, -0.3359116184901071
0.00028343049969817, 0.001151850787116629, 0.006928010287662633, -0.07632368287739728, -0.3261301128802702, -0.9422387409275489, -0.934452736600124, 0.353037824810549, -0.04650136894302734, 0.3478114122517689, 0.876928414253831, -0.33169832345324235
0.00028271801915661667, 0.0011488063669487104, 0.006919214501831819, -0.07577390088922323, -0.30498437739284795, -0.9493381091530705, -0.9339257388201435, 0.35526802671389546, -0.039589690123364614, 0.34934371371656214, 0.8836114297252565, -0.31175280423054563
0.0002820106588906475, 0.0011459592939093478, 0.006910352294006899, -0.006178400214195187, -0.3014474763309365, -0.9534627661238286, -0.9362125731410844, 0.3367841838854984, -0.10041131100194074, 0.3513799158508393, 0.8920234484016036, -0.2842997049565279
0.0002819532631596125, 0.001143158925258428, 0.006901494872898019, 0.09861700299399337, -0.310745456874644, -0.9453633945484939, -0.9310092382078345, 0.30667213860976866, -0.19792422229777387, 0.3514206668540575, 0.8996607474110891, -0.2590638038699539
0.0002828709809448678, 0.0011402671659897093, 0.006892697436610492, 0.13893440985262326, -0.30788731941285, -0.9412240053800547, -0.9264530632589684, 0.2953404345284037, -0.23336398460483943, 0.3498313184049955, 0.9044221504791572, -0.2442102012318062
0.00028416940227133053, 0.0011373897833305312, 0.006883901161282728, 0.10950977005576237, -0.29052676597429994, -0.9505797223351908, -0.9307953290805451, 0.3055669223738735, -0.2006213132067456, 0.34875158153644836, 0.9067651593458329, -0.23695839333594515
0.0002851908499052831, 0.0011346799075125725, 0.006875034670121545, 0.021839130909153858, -0.24211300364754587, -0.9700022401138548, -0.9377137184143736, 0.3315208835277642, -0.10385993492420305, 0.34672184046959303, 0.9118526181624605, -0.21979255695233177
0.0002853938862132081, 0.0011324290061115174, 0.00686601665221914, -0.057406235054053754, -0.20470827124879712, -0.9771381928157591, -0.9362805442543795, 0.35076668932018357, -0.01847896409653386, 0.346530325696961, 0.9138146712247986, -0.2118005666344436
0.00028485824813383675, 0.0011305189427683999, 0.006856899307659138, -0.09150582294568171, -0.20924476496071714, -0.9735724486156989, -0.9339386552410509, 0.3572641620629281, 0.010995760638144777, 0.34552173971194794, 0.9102631195659903, -0.22811352556220962
0.00028400410692579095, 0.0011285657930062596, 0.006847811707322771, -0.11095437212426272, -0.2243924357209601, -0.9681617437689456, -0.9325936992072735, 0.36016853114570374, 0.023401311314536506, 0.343450315919791, 0.9054980198562342, -0.24922924493533005
0.0002829696848046796, 0.0011264737934313365, 0.006838785583291834, -0.12822914694749732, -0.23678217557682718, -0.9630635945783756, -0.9311492636769418, 0.36297993889144725, 0.03473633135854287, 0.3413478205980029, 0.9012101671039147, -0.2670241563632919
0.0002817748911921443, 0.0011242675412829288, 0.006829812099036038, -0.1433622596083924, -0.24639857239872842, -0.9585066541447923, -0.9296606484253469, 0.3656520846869228, 0.04505143431092048, 0.3393793471756047, 0.89754459303367, -0.2814877656785182
0.0002804392750421608, 0.0011219720005072214, 0.006820882294423308, -0.1563621812631476, -0.2532749746549539, -0.9546741095704664, -0.928181148225338, 0.36813742323005866, 0.05435617441124641, 0.3376842080253735, 0.8946097611981804, -0.29264782729282507
0.00027898238530870475, 0.0011196121350504, 0.006811987209321567, -0.16724475357410545, -0.2574453326912875, -0.9517095634054588, -0.9267569149774695, 0.3703982211919611, 0.06266401103723268, 0.336378972207509, 0.8924836460200845, -0.3005364015278625
0.0002774237709457521, 0.00111721290885865, 0.006803117883598738, -0.17602754247959188, -0.25893875009368156, -0.949718394045581, -0.9254270584744854, 0.3724060025513383, 0.06998948997523903, 0.33555783962210894, 0.8912151777004556, -0.3051826392580163
0.0002757829809072783, 0.0011147992858781563, 0.00679426535712274, -0.18272544684506928, -0.2577757007954717, -0.9487692549585877, -0.9242238993289226, 0.37414097120583245, 0.07634603836741054, 0.33529329695732285, 0.8908255843567584, -0.3066075394880704
0.00027407956414725944, 0.0011123962300551055, 0.006785420669761503, -0.1873475378133314, -0.25396582691192887, -0.948895283388121, -0.9231732633342207, 0.3755915163648148, 0.08174434964953062, 0.3356367470050442, 0.8913093579648534, -0.3048206070201829
0.00027233306961967096, 0.001110028705335682, 0.006776574861382942, -0.18989508275140227, -0.24750723893168833, -0.9500947448666633, -0.9222947349867149, 0.3767538682456093, 0.08619132542057527, 0.3366188933536315, 0.892634689802263, -0.29981833032520594
0.00027056304627848883, 0.0011077216756660716, 0.006767718971854986, -0.19036071941480912, -0.2383872765668388, -0.9523309838889638, -0.9216018145048949, 0.3776319379185067, 0.08968954769201723, 0.33824974797501595, 0.894743329583942, -0.2915844340150543
0.00026878904307768873, 0.0011055001049924598, 0.006758844041045554, -0.18875874058351205, -0.2268550582354436, -0.9554616268622826, -0.9211145723469775, 0.3782225294276393, 0.0921719200375229, 0.3404674469951149, 0.8974878833646458, -0.2803523082663608
0.0002670303286457994, 0.001103386437229937, 0.006749941755794632, -0.1858510439184718, -0.21982595379163059, -0.9576721461512883, -0.9211561337906042, 0.3781734069120007, 0.0919578788604698, 0.3419514097856021, 0.8992560393704179, -0.2727779481583308
0.00026529899529951313, 0.0011013386036738038, 0.006741020365381735, -0.18247663443772014, -0.2246715603399966, -0.9571964102830066, -0.9220607945297851, 0.37707769155991416, 0.08727144847513278, 0.34133000025691296, 0.8985182827868543, -0.27596870551274166
0.0002635995289589465, 0.0010992461617803145, 0.006732105672902888, -0.178810592855088, -0.23877058040916616, -0.9544712577201484, -0.9236063815232413, 0.37507137145075087, 0.07920049449086711, 0.33908409560514186, 0.8957176319851714, -0.2875967660779938
0.0002619344994730194, 0.0010970228032510165, 0.006723217928825769, -0.17539534551484293, -0.2520101167161415, -0.951697101941813, -0.9250209437035226, 0.37309203423085785, 0.07168394313460391, 0.33700552885905827, 0.8929127813320835, -0.29855324224035695
0.0002603011766835129, 0.0010946760256577432, 0.006714355501144202, -0.17237299908759085, -0.2622576184386118, -0.9494780096223697, -0.9261537844571938, 0.37140562011366285, 0.06555175728844738, 0.33545002119714845, 0.890662004869913, -0.30691118643662957
0.00025869569832750555, 0.0010922333639164616, 0.006705512083659894, -0.16976133880560704, -0.2695375357297044, -0.9479085423603303, -0.9270176182075864, 0.37005727948313855, 0.06079428784246071, 0.33439411385319207, 0.889048438913368, -0.31268746358951116
0.0002571142021420752, 0.001089722352943139, 0.006696681370174556, -0.1675722300538341, -0.2738705977148033, -0.947055670709025, -0.9276236376218867, 0.3690789224778237, 0.05740327436433778, 0.3338172174108515, 0.8881304209911657, -0.31589621819536134
0.0002555528258642997, 0.0010871705276537416, 0.0066878570544898945, -0.16581228927346686, -0.2752706955292124, -0.9469595180939656, -0.9279812367407089, 0.3684896467319562, 0.05537331946472648, 0.3337021261290924, 0.8879422416093413, -0.31654615237387046
0.0002540077072312576, 0.0010846054229642383, 0.0066790328304076226, -0.16448338866285805, -0.27374303594062027, -0.9476338771529832, -0.9280978591184463, 0.36829603573964365, 0.05470277834095629, 0.334035295670592, 0.8884946709645902, -0.3146389055946273
0.0002524749839800265, 0.0010820545737905945, 0.006670202391729442, -0.16358297422221363, -0.2692835249194686, -0.9490663800554524, -0.9279789537988191, 0.36849227573977744, 0.05539407934580214, 0.3348069172688399, 0.8897751547031788, -0.31016850617345165
0.0002509507938476847, 0.0010795455150487787, 0.006661359432257066, -0.16310419147856567, -0.26187936463990796, -0.9512182825713147, -0.9276280277022497, 0.36906007611343944, 0.05745348066372039, 0.3360108107536982, 0.8917476428872355, -0.30312188383833655
0.0002494312745713102, 0.0010771057816547577, 0.006652497645792204, -0.16298370323704192, -0.25168922374551433, -0.9539857688296614, -0.9270648597977854, 0.3699407255276665, 0.06078326516547346, 0.3376196946376979, 0.8943133646806606, -0.2936265443489459
0.0002479130481297793, 0.0010747612451952868, 0.006643611073758834, -0.1623884503570838, -0.24151931149261965, -0.9567122939352017, -0.9265747305238138, 0.37067779740846407, 0.06369646193574371, 0.339248080238263, 0.8968090056888036, -0.2839794840655086
0.0002464003919879416, 0.0010725114813167698, 0.006634699253218577, -0.16066808552839854, -0.23363329337402702, -0.9589584195990174, -0.9263848209242976, 0.37095516025847336, 0.06483388495738465, 0.34058322015873926, 0.8987812599875545, -0.2760349920598611
0.00024490369370111655, 0.0010703350780267935, 0.0066257661074788365, -0.157813114760377, -0.22810709218664724, -0.9607612478153875, -0.9264973732363891, 0.3707929073640846, 0.0641501148444851, 0.3416103601995984, 0.9002665018441162, -0.2698566053697017
0.00024343351105295854, 0.0010682100386131567, 0.006616815682048697, -0.1538286920793335, -0.22494762810488497, -0.9621513904283191, -0.9269019025922559, 0.3702072278962361, 0.061639852240579385, 0.3423296605087233, 0.9013019322199253, -0.26545287813962687
0.00024200040182712184, 0.001066114366363659, 0.006607852022437242, -0.14871623804686832, -0.22415684896303503, -0.9631392358346483, -0.9275815696667595, 0.3692007290784469, 0.057299679427496954, 0.34274759248715064, 0.9019115969488953, -0.2628299053253944
0.0002406149238072608, 0.0010640260645660992, 0.006598879174153559, -0.14247374223999446, -0.22573231845909753, -0.963714767540278, -0.9285131696993558, 0.36776244238776795, 0.051128071192242865, 0.3428768386272059, 0.9021062611311732, -0.26199192193834675
0.0002392876347770298, 0.0010619231365082773, 0.006589901182706734, -0.13509642169850547, -0.22966705061949616, -0.9638474997135186, -0.9296670316758793, 0.3658679534850319, 0.04312598784531675, 0.3427362937583638, 0.9018834106870003, -0.262941336553164
0.00023802909252008305, 0.0010597835854779915, 0.0065809220936058465, -0.12682661251011848, -0.23588203056200585, -0.9634701230537215, -0.930974464480877, 0.36353990909142014, 0.033545208038503915, 0.34234712915950205, 0.9012205069547337, -0.2657066822654265
0.0002368475431385879, 0.0010575860477388666, 0.00657194615783454, -0.12103423541498441, -0.24346625891348822, -0.9623278519445339, -0.9319868829488535, 0.36157695030346165, 0.0257402218430281, 0.34168869438246036, 0.8999923831788346, -0.27067054947166164
0.00023571990013799692, 0.00105531773892688, 0.006562980411384386, -0.12015134993780237, -0.2517803791142028, -0.9602969820848298, -0.9324473155729737, 0.36062860901998345, 0.022113571332267122, 0.340742801521733, 0.8980833185453454, -0.278101952818927
0.00023460052141689126, 0.0010529720507684178, 0.006554033895109336, -0.12423044463806322, -0.2608096638976732, -0.9573636278043008, -0.9323714377230151, 0.36078834154697287, 0.022699663479943528, 0.33948534393011276, 0.8954384913668653, -0.28799237739093975
0.00023344326825174792, 0.0010505425109730408, 0.0065451156940057546, -0.13326236169059738, -0.27053258594240814, -0.9534428472121221, -0.9317164914506828, 0.3621461263939517, 0.0274693046269049, 0.3378542918411341, 0.8919990488118077, -0.30032011987770046
0.00023220200191904374, 0.001048022647250309, 0.006536234893070005, -0.14647652378025375, -0.28136248807110914, -0.9483563561698143, -0.930500959210329, 0.3645592885992631, 0.03555966823040931, 0.33572696181556577, 0.8876551556783943, -0.3152074423417942
0.00023083761269889348, 0.0010454018317382287, 0.006527401209993526, -0.1601602455045833, -0.29550672129709044, -0.9418197669555228, -0.9292786414293686, 0.36687801043215806, 0.04291540567824511, 0.3328511714612083, 0.8820863354171093, -0.3333673567212548
0.00022934560424335378, 0.0010426489730281598, 0.006518627478088552, -0.1731503956679978, -0.3136027885657076, -0.9336338851411874, -0.9282927144426293, 0.3686979680582841, 0.048316091133572416, 0.32907685544983406, 0.87505148383024, -0.35495538290571743
0.00022773211662534937, 0.0010397266914222163, 0.006509927488073438, -0.18536353130459773, -0.3351178220985449, -0.9237620941423271, -0.9275801621388546, 0.3700016100466517, 0.05190232527875657, 0.3244000679234605, 0.8664841913588577, -0.3794334487844221
0.00022600363768398023, 0.0010366017827937602, 0.006501313585892559, -0.19620133954117658, -0.3525579955924643, -0.9149906524692325, -0.9267921272790146, 0.37143439336448497, 0.0556133458766505, 0.32025206818362134, 0.8589175461997393, -0.3996239002541418
0.00022417245560129136, 0.0010333112961633051, 0.006492773814999314, -0.20528767603022977, -0.35992923942192573, -0.9101142305662852, -0.9255861696042541, 0.37358418087128104, 0.061033617294560555, 0.3180364958734018, 0.8549185940262898, -0.4098377543378351
0.0002222556753184203, 0.0010299506206337564, 0.006484276037412057, -0.21269414755081387, -0.35718605425936234, -0.9094939924157062, -0.9239310219197578, 0.3764241778211084, 0.06823712395767244, 0.31798217926787153, 0.8548233507540202, -0.41007849574651534
0.00022027054781810634, 0.0010266169141486285, 0.00647578750325865, -0.2184286006451959, -0.34429613316797936, -0.9130986360222857, -0.9218128435861384, 0.37985283753196514, 0.07728456002690427, 0.3202343326687805, 0.8585872084444839, -0.4003473213045009
0.00021823432408308888, 0.0010234073346514355, 0.006467275462666948, -0.22240710236122763, -0.32106076635537617, -0.9205732263794015, -0.9192279497100478, 0.383705769507107, 0.08826017742345992, 0.324892378013311, 0.8658463297573407, -0.38046691834454993
0.00021616425509610724, 0.001020419040085692, 0.006458707165764817, -0.22444874270842427, -0.2871785149957476, -0.9312095695499724, -0.9161884147581827, 0.38774635779808414, 0.1012499416158278, 0.33199631106308386, 0.8758888414286126, -0.35013881090411375
0.00021407759183990086, 0.001017749188394912, 0.0064500498626801125, -0.22410367551390062, -0.24358272631922256, -0.9436339322322269, -0.9128601777493051, 0.39152648873046464, 0.11572944526740213, 0.34126798634016, 0.887341233157396, -0.3100994960299748
0.00021199330920703858, 0.001015483740293857, 0.006441273568350173, -0.21797668123288896, -0.21288771341432972, -0.952452092189373, -0.9116954800009782, 0.3926827324446728, 0.12087854807852151, 0.3482779323822878, 0.8946949721089327, -0.27968444486334026
0.00020996245977408738, 0.001013500303856416, 0.006432399743955768, -0.20373970397988472, -0.21499514739150002, -0.9551268081361218, -0.9146657784891987, 0.38968361693154074, 0.10739270159512916, 0.3491083595145455, 0.8955019627523212, -0.27604272861968926
0.0002080629232236292, 0.001011495828868656, 0.006423494762516528, -0.18940336837775673, -0.23140219521259767, -0.9542428349733366, -0.9185154662948817, 0.3852643269312656, 0.08888608761383857, 0.3470672877472838, 0.8933221269200655, -0.2855168564739294
0.00020629702599324955, 0.0010093383567015576, 0.0064145979050117125, -0.1867440951116057, -0.23459424761664824, -0.9539875166510965, -0.919203143198681, 0.38441069477570095, 0.08540491365096227, 0.3466875026224813, 0.8928571871958257, -0.2874261971326647
0.00020455663905466872, 0.001007152023772668, 0.006405707088878777, -0.19673415455923926, -0.2224576550279976, -0.9548865189902441, -0.916580730252825, 0.38751103023982164, 0.09856452897300469, 0.34810262475175274, 0.8946215921616896, -0.2801370548125041
0.0002027250261332114, 0.0010050809227158167, 0.0063968170082996, -0.21903170122087517, -0.1949882718617785, -0.9560359238525749, -0.9102341544977345, 0.3937384597471226, 0.12823341725836515, 0.3514240996944913, 0.898303734352875, -0.2637261894495797
0.00020068724190814484, 0.0010032668290377868, 0.006387922428595545, -0.24266955192834802, -0.16578644243038862, -0.9558380323429123, -0.9027093666179928, 0.3994339864495244, 0.159900875198304, 0.35528479841816646, 0.9016470185029819, -0.24658744095684632
0.0001984276028370141, 0.0010017230938645745, 0.006379022057921137, -0.25191756162658785, -0.15592524600256494, -0.9551046329084337, -0.8996536895582449, 0.40139903356123197, 0.17176162179120844, 0.3565961034677068, 0.9025331758529149, -0.24139818863549897
0.00019607974511607037, 0.0010002698792083457, 0.006370120535644548, -0.24575210086291613, -0.1672409875403364, -0.9547965003119755, -0.9021654878097657, 0.3997407376764166, 0.16218746945088558, 0.35454666480793573, 0.9012423618142057, -0.24911617319058577
0.00019378963374230824, 0.0009987113961419528, 0.006361222990853212, -0.2250183226223001, -0.19720524345004015, -0.954189104129814, -0.9094730819181623, 0.3938935424174056, 0.13306611329766516, 0.34960759109396644, 0.8977516188777818, -0.2679861247374499
0.00019169313691310279, 0.0009968740339095017, 0.006352332806231987, -0.20063380477200543, -0.22123972918215867, -0.9543579300315548, -0.9162859912418548, 0.3870817678935582, 0.10289648788141038, 0.34664976364717237, 0.8951093157798117, -0.2803805524061126
0.00018982265764867188, 0.0009948114486618472, 0.006343435468512664, -0.1793915083676839, -0.22530181896686535, -0.9576313367344392, -0.9203303959089566, 0.38235368888993715, 0.08244767406252547, 0.3475782632611402, 0.8961276398831135, -0.27594311722869724
0.00018814990878652415, 0.0009927106058474583, 0.006334505967091692, -0.16141245683975564, -0.2093148252711891, -0.9644341982212398, -0.9221608438552882, 0.38007527510473976, 0.0718481963180664, 0.35151870055099066, 0.9009606479618009, -0.254370819842204
0.00018664583216216143, 0.0009907601644627794, 0.006325519158008421, -0.1465331102636285, -0.17309977169744725, -0.9739427686649554, -0.9222547959717661, 0.3799645901594653, 0.07122500636732691, 0.35773473259322125, 0.9086602111148266, -0.21531948781569987
0.00018528134351625773, 0.00098914829208346, 0.006316449986902912, -0.13550033376172776, -0.13376011999840567, -0.9817066210678588, -0.9216912358552475, 0.38053240062038224, 0.07536814861541744, 0.3634899246170203, 0.9150427981117064, -0.17484779760069002
0.00018401879906467888, 0.0009879019623316569, 0.006307302789895361, -0.13088988671231533, -0.13383955474431697, -0.9823211344271692, -0.9222660886896402, 0.3799569725281227, 0.07111934111320316, 0.36372118333903786, 0.9152702729866771, -0.17316820775576444
0.00018279969919323508, 0.0009866553894444673, 0.006298153514891947, -0.13204445962272027, -0.17278092115146002, -0.9760691645416306, -0.9241020795340325, 0.3776946435762479, 0.05815584935918323, 0.358607873984692, 0.9096667024245002, -0.2095396936532915
0.00018157162253939422, 0.000985048444207223, 0.006289075604641623, -0.13341545170181182, -0.2138294517694863, -0.9677175635500073, -0.9260242566831375, 0.3747896735845683, 0.04485283278473782, 0.35309969312029205, 0.902113998411694, -0.24801399272626118
0.00018033048033145135, 0.0009830592236596243, 0.006280073085831628, -0.1333739720563068, -0.24503299540682227, -0.9602969409197781, -0.9276050468068703, 0.37202038996212966, 0.033907323557739046, 0.34894162938283485, 0.895298643255079, -0.2769116802687584
0.0001790880095717833, 0.0009807765719004166, 0.006271127255912221, -0.13204906565267185, -0.26657059497413715, -0.9547267473761227, -0.9288384862875063, 0.3696223927944875, 0.025265651307885183, 0.34615330512850867, 0.8901232524993448, -0.29640931953735444
0.00017785595636756108, 0.000978289396742713, 0.006262219399257215, -0.12953111177182022, -0.2786555028933788, -0.9516158898370678, -0.9297308823461325, 0.36775619075427607, 0.0188645321645243, 0.344705929010567, 0.8871902247371433, -0.30671049482503737
0.00017664606682595585, 0.000975686605999626, 0.006253330800240421, -0.12586523563014546, -0.28143549587858213, -0.9512896531127333, -0.9302968768313552, 0.3665145714941834, 0.014655710158894357, 0.34453688252144266, 0.8868264376652355, -0.30795000574832593
0.00017547008705413855, 0.0009730571074842686, 0.00624444274323565, -0.121051610688978, -0.27494386066958026, -0.9538094049807385, -0.9305575351598669, 0.36592819469345506, 0.012618640401477147, 0.34555633593785695, 0.8891020356564793, -0.30014727865617524
0.00017433976315928026, 0.0009704898090097534, 0.006235536512616709, -0.11505011212390265, -0.2590896867969462, -0.9589765408474482, -0.9305401103137216, 0.36596746323384016, 0.012763970836488893, 0.3476471987483925, 0.89383463238434, -0.2831979434119315
0.000173266841248552, 0.0009680736183891933, 0.006226593392757412, -0.10778922842622832, -0.2336863291486306, -0.9663188820489417, -0.9302791836301708, 0.3665402834920638, 0.015128155272224603, 0.35065955389759657, 0.900576992903214, -0.25690262185066004
0.00017226306742912495, 0.0009658974434357011, 0.006217594668031568, -0.09918037496896223, -0.19852111762470387, -0.9750654434847205, -0.9298187076154231, 0.3674871061601955, 0.01975848613607977, 0.35440150139270077, 0.9085937445652175, -0.22103615800939858
0.00017134018780816992, 0.0009640501919623891, 0.006208521622812984, -0.09027396418900449, -0.160392028571921, -0.9829165827068879, -0.9293298320674596, 0.36838709371299994, 0.025239104880263128, 0.35804563203461914, 0.9157321367934368, -0.18231286028324137
0.0001704995928617948, 0.0009625566857242656, 0.006199369097834665, -0.08597585886536736, -0.14902065333650868, -0.9850893343101034, -0.9293178155367642, 0.36840794114409875, 0.02537689161310039, 0.359133052528362, 0.9176428683214001, -0.17016173718123126
0.00016969845132765122, 0.0009611680792432296, 0.006190189823664302, -0.08694711085087763, -0.16882739922979734, -0.9818031926939268, -0.9298850540934278, 0.36734979225795505, 0.01918114443144773, 0.3574268961456986, 0.91463186003842, -0.18893007837375211
0.0001688885966728767, 0.0009595955640235551, 0.006181044978276175, -0.08798702742441362, -0.1936429170177506, -0.9771185719726507, -0.9306243739727463, 0.36580108098407244, 0.011306799667374273, 0.3552415482074831, 0.9103252110316076, -0.21239456816832636
0.00016806912728978713, 0.000957792065867142, 0.006171944559989312, -0.08683757381261095, -0.21191381444709598, -0.9734227093204787, -0.9313217078045277, 0.36417774963649524, 0.0038004265229396716, 0.3536935288443901, 0.9068997198787637, -0.22898424779321092
0.0001672601213055539, 0.0009558178105246408, 0.006162875849724235, -0.08352228117069843, -0.22365424880067952, -0.9710833154479829, -0.9319611606083492, 0.36254272948275723, -0.0033413196092409413, 0.35280649606488484, 0.9047328590764216, -0.2387174690755211
0.0001664817515020643, 0.0009537335078541616, 0.006153826025906894, -0.07806045057627313, -0.22891956434390537, -0.9703104653235611, -0.9325305746895453, 0.3609487514280334, -0.010135389076408402, 0.35255253980792095, 0.9040530028173903, -0.24165031506671794
0.00016575419066120574, 0.0009515998677138156, 0.006144782266963242, -0.07055550233278154, -0.22788717172872439, -0.97112787935063, -0.9330179178821157, 0.3594485406160212, -0.01656235369547736, 0.35284484692494866, 0.9049111468042018, -0.2379838868243272
0.0001650966662816223, 0.0009494761301419504, 0.006135732083274456, -0.0627807598164594, -0.22329797891580433, -0.9727263689285828, -0.9333826243522924, 0.3582085747554961, -0.021988486279501302, 0.353348910786627, 0.9065454371313957, -0.2309110600689173
0.00016451171565185152, 0.000947395583589548, 0.0061266688463247464, -0.056260814952576156, -0.21750470669849736, -0.9744364644577258, -0.9336135050863178, 0.35734729187178377, -0.025859932566471105, 0.3538368887231972, 0.9082921421854881, -0.2231699814553583
0.00016398758697120543, 0.000945369298420158, 0.006117590945499453, -0.05104703978288743, -0.21058525652155033, -0.9762417986672959, -0.9337359543775813, 0.35685375461251034, -0.028152536680408593, 0.35430406042267115, 0.9101149639219802, -0.21484735328437515
0.00016351206701479873, 0.0009434076275294085, 0.006108496932222305, -0.04714055052552269, -0.202539964342784, -0.9781387076177765, -0.9337702922367999, 0.3567073641240061, -0.028859967354542798, 0.354754576900922, 0.9119963921111351, -0.20594118321530616
0.000163072942557746, 0.0009415209238129266, 0.006099385357917029, -0.044541613715873535, -0.1933679869341796, -0.9801147209774012, -0.9337304986219642, 0.3568819135892778, -0.02797598427282389, 0.3551948769207742, 0.9139169116401546, -0.19644968319485234
0.00016265800037516213, 0.0009397195401663408, 0.006090254774007358, -0.04324965924296014, -0.18306780199899064, -0.9821484851317677, -0.9336242077519311, 0.3573455765475723, -0.025494658684951398, 0.35563366780290484, 0.9158549660252663, -0.1863716060238567
0.00016225502724216158, 0.0009380138294852777, 0.006081103731917016, -0.04326868047492108, -0.17165239460367895, -0.9842069277935317, -0.9334527013120629, 0.35806092789231064, -0.021410892791060926, 0.3560812768219806, 0.9177841943200594, -0.17572221530901444
0.00016185175839013866, 0.0009364140103237266, 0.0060719308153046325, -0.04839573481465274, -0.16904804926850872, -0.9844189199168522, -0.9331910185409904, 0.35903425522466603, -0.015777404403084894, 0.356107253178279, 0.9178873354686736, -0.17512984788447647
0.00016140073887278844, 0.0009348385828633919, 0.006062756615391526, -0.06886354235876357, -0.2020008476813059, -0.9769613452280682, -0.9327223909389513, 0.36048808884528244, -0.00879086126622987, 0.3539586896446097, 0.9106283519288809, -0.2132352003970294
0.00016075962772019905, 0.0009329579796901438, 0.006053661224817347, -0.0894852706457716, -0.23913404981156644, -0.9668543285098187, -0.9322224690413744, 0.3618713644316234, -0.0032223933339952625, 0.3506474790325132, 0.9010349725871436, -0.25530829133231997
0.00015992594140857365, 0.0009307300958995183, 0.006044653561173962, -0.0815226659692921, -0.22002241248090126, -0.9720824002826834, -0.9322625367238737, 0.3617635709791611, -0.003698828675912577, 0.35247782562088575, 0.9059344660175425, -0.23461058315234398
0.00015916687069118335, 0.0009286814316599713, 0.006035602344850602, -0.0627114329609712, -0.18346539761748412, -0.9810238142130089, -0.932539412226871, 0.36098183845079984, -0.007896641833258748, 0.3555805405524095, 0.9143481613618192, -0.1937264024203133
0.00015858288052448738, 0.0009269729395544846, 0.006026466717840588, -0.04584809218863225, -0.15733081717838399, -0.9864811029151267, -0.9328441064577977, 0.3600057807490692, -0.014060969888530355, 0.3573511235320462, 0.9195884143426531, -0.16327070379326858
0.00015815544814308283, 0.0009255061765411361, 0.0060172699563855025, -0.03118191413521387, -0.1421841824576981, -0.9893489508205384, -0.9331307068086379, 0.3588535983031274, -0.022162558419766616, 0.3581825962294595, 0.9225008147658915, -0.1438661687631608
0.00015786442266293334, 0.0009241791502466635, 0.006008036214281044, -0.018716630027488263, -0.13807339585115466, -0.9902451338524944, -0.9333683861588377, 0.3574723548516811, -0.0322020377622394, 0.35843150458582884, 0.9236607888586179, -0.13556402046787652
0.0001576896532000028, 0.0009228898682978051, 0.005998789645322913, -0.008427507683364303, -0.14500707389513137, -0.9893947269086383, -0.9335388891242626, 0.35574247222569716, -0.04418637739605745, 0.35837706344977566, 0.9232660732286879, -0.13836776509720186
0.0001576109888702548, 0.000921536338321298, 0.0059895544033068075, -0.0002906424930661485, -0.1629877174618393, -0.9866280552890846, -0.93363599924366, 0.3534771448978298, -0.05811823251933328, 0.3582230261209263, 0.9211345786536616, -0.15227393593556268
0.00015760827878965328, 0.000920016567943881, 0.005980354642028428, 0.00570066670840995, -0.19197927073362228, -0.9813824239345569, -0.9336656683516675, 0.35042304874145574, -0.07397368891827229, 0.35810043582843293, 0.9167047760971521, -0.1772468091113532
0.0001576613720741618, 0.0009182285647922912, 0.00597121451528347, 0.009540005362385745, -0.23173084853613118, -0.9727331608074284, -0.9336463441812736, 0.3462731939215761, -0.09164812692190427, 0.35806911664457824, 0.909063083074038, -0.21305121144292102
0.00015775019299393226, 0.000916071066308347, 0.0059621580157583455, 0.012792262119729397, -0.26668453959825633, -0.963698974975654, -0.9335611031376911, 0.34205839952867784, -0.10705007249047784, 0.3581899283036826, 0.901041290758168, -0.2445906122700895
0.00015786940085385376, 0.0009135859004368138, 0.005953177548399237, 0.01895838169823553, -0.2638536619191202, -0.9643763916932302, -0.9334820818235955, 0.3408179589081142, -0.11159893279056608, 0.35812258051911544, 0.9023438169442829, -0.23984130867044587
0.0001580459612134831, 0.0009111286180495575, 0.005944196262694284, 0.02805389342782917, -0.2259777940549015, -0.9737284095976766, -0.9336492377534511, 0.34205734154388967, -0.10628205840275444, 0.3570883362782096, 0.9121024129394721, -0.2013879549626863
0.00015830680550322045, 0.0009090274830560028, 0.0059351425641033205, 0.03764382327139082, -0.18999198303756124, -0.9810637027996536, -0.9338128861634284, 0.34284592584497287, -0.10222604739806501, 0.35577582296249466, 0.91997810708351, -0.16451093058639368
0.00015865690810098684, 0.0009072604816986569, 0.00592601827966366, 0.046964887606226774, -0.16814855300169823, -0.9846422515084194, -0.9337733320484729, 0.34270322776623374, -0.10306241814404234, 0.35476987426672374, 0.9242729909512882, -0.1409176160411927
0.00015909428221099205, 0.0009056945496275658, 0.005916848513687899, 0.05604245120524401, -0.16062191852234517, -0.9854236870266053, -0.933463154193843, 0.3417747600420894, -0.10879592437519885, 0.3542679542738654, 0.9259538933923078, -0.130780747383692
0.00015961693823551926, 0.0009041965777940467, 0.00590765837985792, 0.0648966838251179, -0.16740923167159244, -0.9837492412091762, -0.932818482911139, 0.33999197192245906, -0.11939487831410105, 0.3544546492400175, 0.9254078064180165, -0.13409807400828408
0.00016022288657685158, 0.0009026334571494159, 0.0058984729918555995, 0.07313597263997584, -0.18764322211855852, -0.9795106690072192, -0.9318220684572806, 0.33720225833725487, -0.13417253708658258, 0.35546977683341785, 0.9225424966716821, -0.1501884802266126
0.00016090657211946174, 0.0009008793414454685, 0.005889316385891948, 0.06958018201494605, -0.19858478422458334, -0.9776107005067215, -0.9317783434198789, 0.337077002798116, -0.13478951338418502, 0.35629723126130725, 0.9202951579026778, -0.16158312206543096
0.00016155679470700957, 0.0008990235786620599, 0.005880180673094281, 0.04133638887421997, -0.174242073723921, -0.9838348452353306, -0.9338240692831257, 0.34345322166361597, -0.10006244128736466, 0.3553363344527878, 0.9228648786649489, -0.1485143263944114
