9.44637680053711, 20.867095947265625, 38.05278015136719, 0.29973997380251116, 0.6842697416567411, -0.6647788119050476, 0.9167201090792086, -0.39952451408847084, 0.0020986310240337027, -0.2641594020940267, -0.610045148571307, -0.747037299597509
9.471046780840867, 20.927285625634095, 38.01188739117569, 0.28689496392048525, 0.6266806830795392, -0.7245430291790996, 0.9138276179462111, -0.4059608815586732, 0.010716684322057888, -0.2874201878014437, -0.6651819932161928, -0.6891462482993836
9.491206939075253, 20.973868164918382, 37.967786468649656, 0.27011519138105583, 0.553704926213351, -0.7876856213441014, 0.9106054070649773, -0.4126817192267968, 0.022171856937171233, -0.312786790017102, -0.7232597412431324, -0.6156783012968011
9.507428549596408, 21.008235406156093, 37.920867525592946, 0.2492343469074282, 0.46557749076335003, -0.8491877533361691, 0.9071866131934737, -0.41914614301272557, 0.03645489871211217, -0.3389611912360799, -0.7794575747865041, -0.5268312822372635
9.520282886760462, 21.031779190384807, 37.87152070380934, 0.22460622199139751, 0.36429379333242096, -0.9037931606193015, 0.9036747130914168, -0.4248874709420531, 0.05331650734633233, -0.36458751756182856, -0.8287102444014683, -0.4246354587904337
9.530341224923552, 21.045891358642102, 37.820136145102666, 0.19731789349057713, 0.2540803490894587, -0.9468414994681105, 0.9001283819303725, -0.4295819098536576, 0.0723068376427399, -0.3883742331203897, -0.8665463397493887, -0.3134691310401814
9.53817483844181, 21.051963751965573, 37.76710399127675, 0.16914388670274166, 0.14104561296344587, -0.9754468107769156, 0.8965583423904578, -0.4330860106021967, 0.09284204925974261, -0.40935740408738747, -0.8902486408214505, -0.19970947206979348
9.544355001671377, 21.051388211392805, 37.71281438413539, 0.14517709076002844, 0.04102631495205506, -0.988554729794921, 0.8933481745695177, -0.4348871406419164, 0.11314686870439102, -0.42526774073725027, -0.8995498965514658, -0.09978643345907323
9.549452988968385, 21.045556577961385, 37.65765746548241, 0.12571089200694718, -0.04256417744765842, -0.9911534000491659, 0.8906137006673919, -0.43528719875627736, 0.13165215829011903, -0.43704005287198927, -0.8992849078001462, -0.016812102442334338
9.554040074688972, 21.035860692708905, 37.60202337712165, 0.11040086451330051, -0.10814882780837677, -0.9879855667763522, 0.8884421682183691, -0.4348531680031888, 0.14687830339785937, -0.4455133699970844, -0.8939835307886072, 0.04807581338444976
9.558687533189264, 21.023692396672935, 37.546302260856876, 0.09819561898271773, -0.15582406372164223, -0.9828918971981987, 0.8869086664562565, -0.4342817826375553, 0.1574558688456296, -0.45138745859559043, -0.8871968183184726, 0.09555714409814367
9.563940900173112, 21.010419364448467, 37.49087185753615, 0.08742609896616484, -0.18706539686489126, -0.9784493929250194, 0.8860684354300867, -0.4342529662590473, 0.16219460234452, -0.45523554886897466, -0.88115316409294, 0.12778770071866835
9.569780062856406, 20.996878173991533, 37.43583737695898, 0.07681123824347603, -0.20459371384652697, -0.9758285945461884, 0.8858616439482245, -0.43513323538902926, 0.16096029088326372, -0.4575469172236364, -0.8768126822271455, 0.14781860107843575
9.575633517766716, 20.983387693501058, 37.38103836732478, 0.06568043525280215, -0.2117344835333715, -0.975117730793497, 0.8861208613278693, -0.43692285654846824, 0.15455819792259978, -0.4587765246223453, -0.874223613218256, 0.15892505953140168
9.58090687492184, 20.970245302656735, 37.326303350047525, 0.053406984600810614, -0.21162569515592333, -0.9758904954684317, 0.8866582055070074, -0.4394889960083658, 0.14382854026462313, -0.4593309488842902, -0.8729627641184537, 0.16416787706407945
9.585005744339588, 20.95774838113826, 37.27146084654118, 0.039420923048379186, -0.20714461785750668, -0.9775157789614862, 0.8872768629478757, -0.44265944786311073, 0.12958542238578566, -0.4595495177925773, -0.8724355108030584, 0.16634458267829536
9.587356635501411, 20.94618107089682, 37.21634517414433, 0.02322755166141432, -0.20095315865242336, -0.9793254356297656, 0.8877887996874949, -0.44625809457339116, 0.11262664061918574, -0.4596645820522322, -0.8720501941146165, 0.16803848056741794
9.58783037380664, 20.93554608400684, 37.16091386969984, 0.005368399131843101, -0.19487489453611856, -0.980813415370272, 0.8880322260540031, -0.45001278313893395, 0.09427226793242377, -0.4597498730617912, -0.8715000117562176, 0.17063933816262714
9.586722786861314, 20.925576935978103, 37.10524233339764, -0.012585726767651151, -0.18999372731708483, -0.9817046312725082, 0.887941332979483, -0.4535676742014629, 0.07639734358009206, -0.4597845024229819, -0.8707346027921693, 0.17441176230981134
9.584346736601171, 20.915996352769316, 37.049410689457574, -0.029014388614193927, -0.18739217894854274, -0.981856576350264, 0.8875857678427128, -0.4565970297487884, 0.060915163528023744, -0.45972782162536824, -0.8697145070041671, 0.17957451470097938
9.581015084961951, 20.90652706033916, 36.99349906209941, -0.04230099375639068, -0.18817405400231024, -0.9812243124421436, 0.8871537463317645, -0.45878575205969957, 0.0497379540846951, -0.4595311265809284, -0.8683928598896652, 0.18634641020398365
9.577040693879386, 20.896891784646332, 36.93758757554296, -0.05090071624364802, -0.19337228560770298, -0.979804203014427, 0.8868993324774356, -0.4597979108658869, 0.04467051840358781, -0.45914996584663154, -0.8667139322303633, 0.1949057940155144
9.572736425289214, 20.88681325164952, 36.88175635400805, -0.05629960518885504, -0.19939077544235123, -0.9783014224277081, 0.8868168505488543, -0.46013965835563914, 0.04274772965862208, -0.45867878524975403, -0.8651675060223041, 0.20272878060343688
9.568415141127172, 20.876014187307415, 36.826085521714454, -0.060110348257598395, -0.2041964242216951, -0.9770826814386916, 0.8867963089977103, -0.4602811349890192, 0.04163631973719362, -0.4582347131988014, -0.86397054180585, 0.20874829463092248
9.564389703328997, 20.864217317578714, 36.77065520288201, -0.06240394070394567, -0.20898579241266277, -0.9759255538996147, 0.8868544944902573, -0.46015154712928336, 0.04182892870917417, -0.4578153053219701, -0.8628936737768904, 0.21405525914766257
9.560972973830424, 20.851145368422106, 36.715545521730505, -0.06324798020076731, -0.21495312129890284, -0.9745741883737649, 0.8870204855247312, -0.459646572994276, 0.043814223650405354, -0.4573776899456219, -0.861696108601215, 0.21973953936770177
9.55846217492504, 20.836550341282877, 36.66082911044095, -0.06271110072092465, -0.22324492488921752, -0.9727430397374106, 0.8873231523822857, -0.4586376599094659, 0.04805330539236714, -0.4568642479913843, -0.8601239448032921, 0.2268520629910388
9.555878874174988, 20.82245835757347, 36.60599655131937, -0.06107350854191225, -0.2338710360280554, -0.970347548593567, 0.887744814755397, -0.4571221353251162, 0.05430006694942365, -0.4562665563344378, -0.8581047091718879, 0.2355358521918545
9.552606501684481, 20.809732583138345, 36.55083575315104, -0.05883712360059983, -0.24569417731157311, -0.9675601087899383, 0.8882230184352118, -0.4552648753463877, 0.06159352886204473, -0.4556293037198653, -0.8557851742762476, 0.2450176995254087
9.54892688466673, 20.79742493952083, 36.49559807172443, -0.05651837494131857, -0.25753371843311024, -0.9646149787163829, 0.8886930216841045, -0.4532887485010335, 0.06894942851353106, -0.4550059191966279, -0.8533496905444932, 0.2544875618643266
9.545121866042207, 20.784587317622755, 36.44053487066887, -0.05464052090865746, -0.2682205834736415, -0.9618067020331528, 0.8890918074729716, -0.4514769343591038, 0.07539453313171787, -0.45445590694728005, -0.8510148625862917, 0.2631416582336602
9.541467873701793, 20.77029851952175, 36.385890098844676, -0.05370492992929289, -0.2766485602504179, -0.9594693088435193, 0.8893654404246082, -0.4501415544749254, 0.08001058875699274, -0.4540318203382144, -0.8490218813707152, 0.2702164892712855
9.53811434466673, 20.754268456243533, 36.331733817241116, -0.05195738000031569, -0.2857279221159775, -0.9569012410833151, 0.8896736757572276, -0.4484987283496295, 0.08561332450844746, -0.4536311070992887, -0.8468816004566703, 0.2775074295939166
9.535082351610061, 20.736844973564374, 36.277960318280066, -0.04827875689463225, -0.2962972343649078, -0.9538747876636723, 0.890077681226562, -0.4461110747787755, 0.09352342135568331, -0.45324483782505, -0.8445074646605752, 0.2852652434446079
9.53238727746959, 20.71840419364631, 36.224456103461506, -0.043143472705844794, -0.30601693714927775, -0.9510479877170526, 0.8904729436077913, -0.4433936006119035, 0.10227439385734453, -0.45298628838559285, -0.8424700286147792, 0.2916293425231037
9.530044505183119, 20.699322238651416, 36.171107674285395, -0.03702853149836991, -0.3125881333815106, -0.9491667644434971, 0.8907805995844715, -0.4408139103794211, 0.11042200786044953, -0.45292252235785724, -0.8414105747404573, 0.29477013664197677
9.528069417688444, 20.679975230741743, 36.117801532251704, -0.030336231156807662, -0.31385179350560244, -0.9489872311008812, 0.8909738235192374, -0.4388161683425921, 0.116644829309476, -0.4530401294396686, -0.8419842172597077, 0.29294576119624227
9.526477397923374, 20.660739292079374, 36.06442417886042, -0.020698293472578348, -0.31153386548206896, -0.9500095953752905, 0.8911509142879612, -0.43651059235401163, 0.12372772820382968, -0.45323462865391684, -0.8440409666719679, 0.2866587134004408
9.525283828825703, 20.641990544826356, 36.01086211561149, -0.0031762167689131835, -0.31161895230434883, -0.9502018418271861, 0.8913203935824244, -0.43167276512965763, 0.1385878054858625, -0.45336284324049847, -0.8464940947284012, 0.27912341349094294
9.524504093333233, 20.624105111144758, 35.957001844004886, 0.004147396853124305, -0.30835563494463586, -0.951262109776918, 0.8913010001383108, -0.43016323936450546, 0.1433252059195514, -0.4533931255012469, -0.8484552963458509, 0.2730536281591677
9.52415357438377, 20.60745911319666, 35.90272986554061, -0.0002939564313384092, -0.30117572734682696, -0.9535686104558635, 0.8913181449604434, -0.4324062584596053, 0.13629670615696887, -0.4533782946435466, -0.8498929396706828, 0.26857049920651127
9.524284799428008, 20.592388514573106, 35.84794909272437, -0.005303879521631343, -0.29501231166052444, -0.9554787307055733, 0.891314092421414, -0.434578250701881, 0.1292320883832032, -0.4533553325075277, -0.8509462262596895, 0.2652535815052878
9.526390021091828, 20.577672728485187, 35.79319853034911, -0.009532599783629522, -0.2908899609981291, -0.9567090258442595, 0.8912922273459022, -0.43621520176236234, 0.12375161907709387, -0.45332912438331796, -0.8515276439094203, 0.2634262261885209
9.533274563697926, 20.560333345601734, 35.73971913096231, -0.013129000709726888, -0.28922395966290204, -0.957171421688548, 0.8912584147057654, -0.43735096393730405, 0.11992736368017445, -0.45330571092423916, -0.8515125574529262, 0.2635152689000149
9.53471754498511, 20.54378069775768, 35.685755095411174, -0.01624823398424388, -0.2904199749768212, -0.9567613250058009, 0.8912041210656071, -0.4380318660338848, 0.11782741164326557, -0.45331138248236386, -0.8507551483672229, 0.26594072279098707
9.52983055623968, 20.52872799778186, 35.63094306315427, -0.01904798956233079, -0.2948741501807284, -0.9553462250141708, 0.8911771383703084, -0.4381803722464234, 0.11747880414821246, -0.4532554270383771, -0.8491449799257952, 0.2711315564944062
9.524995304014878, 20.512829352297786, 35.57640251674111, -0.02175019617557908, -0.30289266845473495, -0.9527764482619696, 0.8912198362374727, -0.43773360414173423, 0.11881285831903841, -0.4530498123420605, -0.8465490672143332, 0.27946474614048605
9.5209991181372, 20.495899860603032, 35.52223738489055, -0.027120365998587567, -0.31194245132457743, -0.9497138478561404, 0.8912420597290114, -0.4378128886904575, 0.11835313881138233, -0.45271633140200707, -0.8432151454748252, 0.2898898786156173
9.517766284239746, 20.478088032551558, 35.468394906572044, -0.04023302719929634, -0.3162772650830155, -0.9478132701719199, 0.8909240076921889, -0.4408096095289378, 0.10927625846740013, -0.4523667936974036, -0.84003308252625, 0.29951411355957397
9.515221087955608, 20.459542377997305, 35.41482232075501, -0.043214439164240774, -0.32220265598237974, -0.9456838587633927, 0.8909115660767244, -0.44078707485417484, 0.10946842500108601, -0.45211623912268234, -0.8377900710317594, 0.3061024390660114
9.51328781491788, 20.440411406794254, 35.36146686640888, -0.03464974257796495, -0.330762522648286, -0.9430777003781942, 0.8913573424749937, -0.43698798030044683, 0.1205138709396269, -0.451975091520758, -0.8364434581514033, 0.30996912420517636
9.511890750759667, 20.420843628796373, 35.30827578250313, -0.02589472618619696, -0.33727293722519813, -0.9410507047822819, 0.8916884212619896, -0.43334695621626834, 0.1307752840769094, -0.4519084227396549, -0.8357376271017019, 0.31196377370357314
9.510954181114055, 20.4009875538576, 35.25519630800714, -0.018457137635562993, -0.3411365778798018, -0.9398325219435427, 0.8918807551138297, -0.43046682542107834, 0.13873366883883537, -0.45189385117291286, -0.8356579129310969, 0.3121983341207261
9.51040239161415, 20.380991691831934, 35.2021756818904, -0.012345494028435254, -0.3423663188745463, -0.9394854402690264, 0.8919745802970852, -0.42840478821944167, 0.1443976645742369, -0.45191695794806425, -0.836214470773466, 0.31067092234069776
9.510159667893037, 20.361004552573306, 35.14916114312231, -0.007564698713513065, -0.34096945526016986, -0.940043938288502, 0.8920057374189861, -0.427188208325168, 0.14777008858203905, -0.45196077235196486, -0.8374067501802908, 0.3073782604666432
9.510150295583822, 20.34117464593569, 35.09609993067234, -0.004109865467591028, -0.3369522981589151, -0.9415127496594318, 0.89201566341597, -0.4267928930370456, 0.14884852257794068, -0.4519858020186089, -0.8392323725992072, 0.3023207891546667
9.510298560319594, 20.321650481773055, 35.042939283509895, -0.0017817186469407372, -0.330462321994476, -0.94381750313325, 0.8920249754410832, -0.42711565892633085, 0.14786364356819187, -0.4519825977490707, -0.8416453336423517, 0.29554164459523524
9.510528747733453, 20.30258056993935, 34.98962644060443, -0.00017508849731023114, -0.321798078320157, -0.9468083048502861, 0.892039128734824, -0.42796799572872013, 0.145291388037826, -0.4519581420331246, -0.8445646164867413, 0.2871314096865225
9.510765143458492, 20.284113420288552, 34.936108640925376, 0.0011225597115391863, -0.31127437541814, -0.950319421598728, 0.8920569520443629, -0.4291587098524412, 0.14162343050184065, -0.4519216017950631, -0.8478980274572144, 0.2771927143074822
9.51093203312781, 20.266397542674618, 34.88233312344217, 0.002408656518567268, -0.2997324205704807, -0.9540202694035048, 0.8920780489566913, -0.4304563024832523, 0.1374922769542706, -0.4518749306427594, -0.8513917122637542, 0.2663478915726463
9.510957930048127, 20.249578313010304, 34.82824866149738, 0.0038232115860133923, -0.28874957722673944, -0.9573970256401196, 0.8921009605936637, -0.43159254077792497, 0.13373015685595244, -0.4518199410838692, -0.8546060849281583, 0.25594370561264945
9.510880634902787, 20.233720093335897, 34.77384369270971, 0.005495257064967952, -0.27998239924909196, -0.9599894052855542, 0.8921184311932527, -0.432333150196929, 0.13119737789334568, -0.4517682003805487, -0.857145205523266, 0.24740167698178334
9.51085438205253, 20.218800934322637, 34.71914891262072, 0.007522673855378996, -0.2750266994903953, -0.9614071582557961, 0.8921166418219358, -0.4324872372969141, 0.13070075347768456, -0.4517425226414017, -0.8586705445877962, 0.2421024351279436
9.511037576940252, 20.204787778536062, 34.664198813859024, 0.00945706416056604, -0.2741079939101831, -0.961652417254799, 0.8920923594096442, -0.4321565606889859, 0.1319542698680163, -0.4517541214204884, -0.8591306738372237, 0.24044271469853432
9.511523305972519, 20.191344021076958, 34.6091044344878, 0.010382253741597024, -0.2762674093845171, -0.9610247277355629, 0.8920632633101402, -0.4316704176394476, 0.1337302687780464, -0.4517912604950529, -0.858683276328911, 0.24196629495311686
9.51231519918255, 20.177717339716747, 34.55408164383154, 0.009359762259439878, -0.2805009534711717, -0.9598081110056376, 0.8920531644987345, -0.43136926907801587, 0.13476537167570915, -0.4518335385495863, -0.8574612345738214, 0.24618424938427247
9.513410421338989, 20.16312536716217, 34.4993538876659, 0.005894102137056308, -0.2860125729013916, -0.9582077372377683, 0.8920697742845884, -0.4314861748899194, 0.13428029895226387, -0.4518592450839547, -0.8555796216724614, 0.2525999477651699
9.514788844110114, 20.146828832538205, 34.44513211157872, 0.0010640668724503238, -0.2928610989472636, -0.9561544041027538, 0.8920912544962601, -0.43176470960644914, 0.13323824221951944, -0.4518540266645631, -0.853118756247839, 0.2607993986288324
9.516121322676993, 20.12885857001131, 34.39140389090951, -0.003751299218271814, -0.30126312759473267, -0.9535336678408449, 0.8921016944607627, -0.43183898490605704, 0.1329272652827186, -0.4518190948758264, -0.8501503508598618, 0.27037730385230735
9.516812180883925, 20.10990964085119, 34.33796414082154, -0.007050834028420766, -0.3109102502293586, -0.9504131217748528, 0.8921082345040733, -0.43134213641153135, 0.13448739452439828, -0.45176673590419314, -0.8469231238183627, 0.28040691623463493
9.516257463757842, 20.09069861960658, 34.28460154159821, -0.007173369144378382, -0.3207848507796221, -0.9471249243291056, 0.892129153094868, -0.42991358993391204, 0.13885200534515077, -0.45172349614930607, -0.843961719925988, 0.28926544613246874
9.514214576993878, 20.07173560244712, 34.23116866476567, -0.00322671622646536, -0.3294586447285493, -0.9441644929333137, 0.8921514879838088, -0.42745540292920753, 0.14610818250496685, -0.45172481755009847, -0.841866307628626, 0.2953062974084263
9.511450288247676, 20.052953944795924, 34.17769654452105, 0.0038150465183481325, -0.3346768341034611, -0.9423252422250754, 0.8921188523542947, -0.4245952252885384, 0.1544112947171659, -0.45178468178339, -0.8412551999106215, 0.2969516626140042
9.508906236567595, 20.03418708206574, 34.12424713361901, 0.013259503343704807, -0.3353862547874979, -0.9419873914605725, 0.8919944228976644, -0.42174618863442476, 0.16271478694881705, -0.4518518950834897, -0.8424050168843678, 0.29357052378859033
9.507524061001984, 20.015268449669286, 34.07088238481418, 0.024797189654402134, -0.33214408499285425, -0.9429026493702853, 0.8917649069251603, -0.41893418854642106, 0.17102484159826595, -0.4518190458159149, -0.8450884287879059, 0.2858060485132965
9.508244181965635, 19.996032073290337, 34.01766406924821, 0.037873830064537484, -0.32681436929878166, -0.944329360454329, 0.8914419010067219, -0.4159740813019553, 0.17971338518462082, -0.45154945479511344, -0.8486211944706742, 0.27558149097753654
9.511573121933543, 19.976522146284047, 33.96458929423619, 0.051395371589693706, -0.32114626191775264, -0.9456339641930229, 0.8910486037085292, -0.41285373578868334, 0.18863769155290339, -0.4509888043047605, -0.852300927666738, 0.26493815710497454
9.516944317043674, 19.957302634136266, 33.91149524499538, 0.06508076097385676, -0.315967785887492, -0.9465351830927468, 0.890537391295797, -0.4095814488922294, 0.19795502374887708, -0.4502306622778375, -0.8558080363052791, 0.254725255403075
9.523628107533503, 19.939015927297394, 33.85819493875285, 0.0795158286808562, -0.31145425858379194, -0.9469284438642748, 0.8897897562123217, -0.40607159593562603, 0.20827877643656048, -0.4493900563305933, -0.8591286887214943, 0.24483968936198264
9.530843505532863, 19.922019637675184, 33.804568294039136, 0.08376005986811175, -0.30183895131024685, -0.9496723118227786, 0.8898286521286833, -0.40632112854078534, 0.20762492709738173, -0.4485412157447082, -0.8624363095169828, 0.23455146515207737
9.537673590876373, 19.905917197787137, 33.750672404194994, 0.06967332198344932, -0.28455811037532464, -0.9561235851203627, 0.8913853398646517, -0.4125385939538473, 0.18773407888010651, -0.4478591341908413, -0.8653546038002037, 0.224907993641006
9.543270373636886, 19.890186627412728, 33.69659422417768, 0.0470937596969197, -0.2688640781432435, -0.962026135446326, 0.8929773518527263, -0.420258183485865, 0.16116608914797576, -0.44763112813532197, -0.8666574679175995, 0.2202979946049307
9.548262093601249, 19.874273821536125, 33.6424347185512, 0.021756495251038514, -0.2578686895174793, -0.9659349842929023, 0.8938840529135179, -0.42770416551166784, 0.1343147302080859, -0.44776997985717465, -0.8663560964006115, 0.221199365659578
9.553932526596691, 19.85789820852179, 33.58825404016405, -0.00568994695756129, -0.24939133696855564, -0.9683860725705716, 0.8940128143790942, -0.43512476595748706, 0.1068060193828665, -0.4480052591539426, -0.8651418375592979, 0.22543488788324287
9.554953289342576, 19.84444555802753, 33.533475223061906, -0.03397479040885615, -0.24344300959930867, -0.9693199753919782, 0.8933281684663616, -0.4422697018052028, 0.07976399118444831, -0.44811884254203155, -0.8632108733921091, 0.23250051831430837
9.547583840755008, 19.835392157298088, 33.47794101961794, -0.06145135487672906, -0.23930227461829523, -0.9689985306213443, 0.891976124454102, -0.4488131169794969, 0.05427135000153299, -0.4478865083786905, -0.8609885059567628, 0.2410320896119162
9.538069203431872, 19.825122207087432, 33.42285731722015, -0.08662697398780375, -0.2360488496517948, -0.9678722580773668, 0.8901891533314986, -0.45452312531658134, 0.031176912024719665, -0.44727959786767174, -0.8588886244039512, 0.24950208857006012
9.529164919486204, 19.812323334738156, 33.368421161220006, -0.11059760294943062, -0.23267267414471518, -0.966246136824457, 0.8879609132408223, -0.4598290833417728, 0.00909014134047382, -0.4464231028725607, -0.8569834542273335, 0.25746023460375955
9.520423621386435, 19.798902658229608, 33.31411593869273, -0.13555573328790946, -0.22858613134543312, -0.9640399492392966, 0.8850242991083828, -0.4653309770399636, -0.014109280447591481, -0.4453724656514961, -0.8551113742452274, 0.2653825624941203
9.511742203535077, 19.785221879076072, 33.25984913552009, -0.15249061303302186, -0.22988152161950687, -0.9611977418589337, 0.8829367893010747, -0.4686567820918227, -0.027990117864121606, -0.44403742976862076, -0.8529450783123367, 0.27443661262163843
9.503101562342609, 19.77131846446308, 33.20561641061095, -0.15484347709158977, -0.23935322926607372, -0.9585058837806311, 0.8832920543418726, -0.46811280798543714, -0.025798173123373826, -0.4425140046808695, -0.8506353100123999, 0.2839030204513643
9.494482594219512, 19.75722988157615, 33.15141342287416, -0.1535859009631883, -0.24672355877600763, -0.9568379468699115, 0.8840520154942876, -0.4668931655163216, -0.02151292389789473, -0.44143335275646495, -0.8491985972309721, 0.2898246668852322
9.485866195576266, 19.74299359760083, 33.097235831218576, -0.15353551876255422, -0.24953275548703976, -0.956117277543586, 0.8843249010379561, -0.4664315506757693, -0.020275057050630266, -0.4409039735390491, -0.8486312582466207, 0.29228183940203184
9.47723326282335, 19.72864707972264, 33.04307929455306, -0.1539714445783433, -0.2511093209391748, -0.9556342936458092, 0.8844178178435764, -0.46626820519311746, -0.019977094553395882, -0.4405654522715831, -0.8482558987495787, 0.29387754677974304
9.468564692371245, 19.714227795127112, 32.98893947178648, -0.1547504135992882, -0.2520338485627313, -0.9552650148882809, 0.8843888131934897, -0.46631194474413407, -0.020238510003322358, -0.44035069727327564, -0.8479576105959553, 0.2950578825304248
9.459841380630431, 19.699773210999773, 32.93481202182769, -0.15587257021537435, -0.2523069307816469, -0.9550104473428541, 0.8842519625061401, -0.46653465291526197, -0.021068565050227958, -0.44022972259775106, -0.8477538736619145, 0.2958228541420117
9.451044224011385, 19.685320794526156, 32.88069260358555, -0.15733786403792968, -0.2519286229654207, -0.9548700254331627, 0.8840204165064977, -0.46690758513678315, -0.022476880153084133, -0.44017348822897134, -0.8476610619065172, 0.29617228835232884
9.44215411892459, 19.67090801289179, 32.82657687596893, -0.15914603885912434, -0.25089844497754943, -0.9548416144174371, 0.8836925302058606, -0.4674280992597881, -0.02446393428591729, -0.4401818378509206, -0.8476797404269074, 0.2961064121155715
9.433151961780524, 19.656572333282202, 32.77246049788668, -0.1612966128246507, -0.24921539864532508, -0.9549215086955296, 0.8832644449699042, -0.4680954290768065, -0.027029419701645296, -0.4402582457414079, -0.8478079702122716, 0.29562530795120684
9.424018648989666, 19.642351222882926, 32.71833912824764, -0.16378884986320935, -0.24687800124941864, -0.9551044263113742, 0.8827321696272875, -0.468906675413026, -0.030173605323273612, -0.4404056418412333, -0.8480435025705905, 0.29472883873522826
9.4147350769625, 19.6282821488795, 32.66420842596072, -0.16659594696589827, -0.24392868417390562, -0.9553766730937712, 0.8820982729889315, -0.4698472522879753, -0.03385552107683601, -0.4406227720448411, -0.848376305983746, 0.29344371896650523
9.4052821421095, 19.614402578457437, 32.610064049934735, -0.1695714685593022, -0.24061584060365726, -0.9556932218558616, 0.8813993635834689, -0.4708536343996572, -0.037841998457928794, -0.44088624261287346, -0.8487643207765212, 0.2919219910377996
9.395640740841152, 19.60074997880228, 32.55590165907858, -0.1725350115901527, -0.2372488173490146, -0.9560045336932664, 0.8806846873806949, -0.4718512303723835, -0.041843730823569125, -0.44116453981338233, -0.8491580624728012, 0.2903522580395836
9.38579176956793, 19.58736181709955, 32.50171691230108, -0.17530716438316116, -0.23413848090050116, -0.9562669971705292, 0.8800070130292184, -0.47276944024246464, -0.045570970937864226, -0.44142389506610125, -0.849510581531762, 0.2889233751883696
9.375716124700318, 19.574275560534783, 32.44750546851111, -0.17772897986875635, -0.23156418585325397, -0.956446777162708, 0.8794166971075202, -0.4735485897156812, -0.048764803155448275, -0.4416318405225232, -0.8497821844498795, 0.2878047192599168
9.365409074789609, 19.561503231672614, 32.39326557341985, -0.1797285051209431, -0.22966040261905887, -0.956532155191786, 0.8789407465781424, -0.47416351878582674, -0.05130420506450525, -0.44177010814636264, -0.8499559146929296, 0.2870785861516952
9.35493258342605, 19.54893877533249, 32.339007476996166, -0.18125774157267677, -0.22852115495642356, -0.9565164467260117, 0.8785994130932984, -0.47459746631263483, -0.053106650070770325, -0.4418242890924904, -0.8500207801618793, 0.2868030175240591
9.344367946645953, 19.536441909925436, 32.28474490880299, -0.18226840353632978, -0.22824017425544565, -0.9563914742029863, 0.878412418890264, -0.47483251961379247, -0.05408974631640266, -0.4417803203082648, -0.8499649999694465, 0.28703596885280036
9.333796462508442, 19.523872350281298, 32.23049159876736, -0.1827116897983793, -0.22891073126375028, -0.956146597297358, 0.8783983296229293, -0.4748493058096155, -0.054171129652002194, -0.44162519507685316, -0.8497752725776513, 0.2878353230389037
9.32328864394268, 19.511108676690966, 32.17626008407723, -0.18253805502062986, -0.2306253989656157, -0.9557676411247852, 0.8785740124378827, -0.4746263504433169, -0.05326849100225038, -0.4413474403891844, -0.8494361381627276, 0.2892588530107714
9.312867111003396, 19.498113244157626, 32.12205760539635, -0.1817226401186495, -0.23343114948243923, -0.9552417393098016, 0.8789463598628519, -0.47414910627867407, -0.05134122611485499, -0.44094237554600024, -0.8489361127119295, 0.29133708651905005
9.302541194409987, 19.484871653527495, 32.067889933706645, -0.1803588034798926, -0.2371670838316377, -0.9545797380806376, 0.8794838553670268, -0.47344680646313997, -0.048541421472850226, -0.4404303011329401, -0.8482923409984622, 0.2939749207794718
9.292320224375901, 19.47136950653182, 32.01376283993408, -0.17857438130293826, -0.24161217389266948, -0.953800161338386, 0.8801435948606205, -0.4725625210961263, -0.04507677984391783, -0.43983911009378945, -0.8475306608507633, 0.297040967123681
9.282213531114587, 19.457592404901828, 31.959682095004645, -0.1764976281007696, -0.24654597592555033, -0.9529237477520016, 0.8808830138277219, -0.47154153971367313, -0.04115449275896566, -0.4391966566637226, -0.8466780132254389, 0.30040412563084395
9.272230444839499, 19.443525950368773, 31.905653469844303, -0.17423788461603865, -0.25178175367461986, -0.9519701193215369, 0.8816664635943154, -0.470424203311936, -0.03695018148025627, -0.43852640346690824, -0.8457582500069765, 0.3039532464171341
9.26238029576408, 19.429155744663884, 31.85168273537903, -0.17181807235528654, -0.2572783072336786, -0.9509397576287818, 0.8824845767889156, -0.46921699856557025, -0.0325019997354978, -0.4378350394175895, -0.8447741005050348, 0.30766409828595104
9.252672414101779, 19.414467389518407, 31.79777566253479, -0.16923704300791245, -0.26303455343523363, -0.9498271668956754, 0.8833335255694269, -0.4679193727304531, -0.027809049401695873, -0.43712779124533435, -0.8437205013051814, 0.3115365304395438
9.243116130066053, 19.399446486663585, 31.743938022237568, -0.16649363520733845, -0.2690492295744482, -0.9486265764255404, 0.8842100441845326, -0.4665292232886785, -0.022870976823241566, -0.43640860119689734, -0.8425930191278932, 0.3155701774856255
9.233720773870342, 19.38407863783065, 31.69017558541334, -0.16358668876232246, -0.2753208670345608, -0.9473319457482244, 0.885112707674315, -0.46504042310564125, -0.017688968063982263, -0.43567750684792245, -0.8413892232807976, 0.31976442105668146
9.224495675728097, 19.36834944475084, 31.636494122988058, -0.16057513962424644, -0.28168884716887643, -0.9459741105946415, 0.8860214806219803, -0.4634787359476171, -0.012385362361786867, -0.4349500665721153, -0.8401421633896662, 0.32400553218092454
9.21545016585277, 19.352244509155398, 31.58289940588771, -0.15837539164529255, -0.28569581688226825, -0.9451429180484683, 0.8866258254028218, -0.46240381408807935, -0.008795365004476535, -0.4345248911742171, -0.8393810892156021, 0.32653867461185115
9.20659357445781, 19.33574943277557, 31.529397205038276, -0.15717310369076096, -0.2867264866493968, -0.9450315007077312, 0.8868666462606474, -0.4619672344345537, -0.007336624515534076, -0.43446998426428163, -0.8392700376890524, 0.326896981648365
9.197935231756666, 19.318849817342596, 31.475993291365725, -0.15677612486327022, -0.2851280318073789, -0.9455809072472364, 0.8868066878605899, -0.4620764414362198, -0.007698092969684672, -0.43473571861371885, -0.8397543496447578, 0.32529599938229103
9.189484467962782, 19.3015312645877, 31.422693435796013, -0.15698837102056007, -0.2812409146841957, -0.9467091418550408, 0.8865027203135704, -0.46262436964493336, -0.009571806896705315, -0.4352787362609742, -0.8407628919726566, 0.3219474821159878
9.181216431434926, 19.283869336464093, 31.36948177143453, -0.15761220930737213, -0.27539985087821195, -0.948321313486894, 0.8860061412534672, -0.46350088157917785, -0.012651104159960463, -0.4360636526224014, -0.8422124761077716, 0.3170593571399937
9.172620522222015, 19.267241256985677, 31.3160268484042, -0.15844970201830302, -0.26793657155644446, -0.9503176761235631, 0.8853638047928324, -0.4646013787030419, -0.01662805069730215, -0.4370636396373764, -0.8440115831727731, 0.3108372924491504
9.163604054187934, 19.251984591542065, 31.262240815049182, -0.15930325052235156, -0.2591831349183026, -0.9525999039192339, 0.8846186617437114, -0.46583341270958833, -0.021190915461665606, -0.43826053628837947, -0.8460634338968086, 0.3034870148045262
9.154285534187393, 19.237890415782996, 31.208166262820715, -0.1599760160014943, -0.24947489625254327, -0.9550758872697355, 0.8838172369839916, -0.46710778148402443, -0.026027141353893713, -0.43963026046243947, -0.8482762501784755, 0.29521625542790153
9.144783469075106, 19.2247498053582, 31.153845783170016, -0.16027234579220942, -0.23915253253350527, -0.9576632191731461, 0.8830135723990661, -0.4683341647152665, -0.030824359190305677, -0.4411346802659045, -0.8505699126722415, 0.2862359472942451
9.13521636570579, 19.212353835917433, 31.09932196754832, -0.15993963950056875, -0.22872343428250216, -0.9602629339542613, 0.8822909048773754, -0.46939032232876315, -0.03514945909629407, -0.44269862309147784, -0.8528530447352098, 0.2768747247380879
9.12570273093416, 19.200493583110415, 31.044637407406853, -0.1578981994995754, -0.22103078259058478, -0.9623998918028752, 0.8820134560230226, -0.46978383391281575, -0.03681593117794692, -0.4439824568483711, -0.8546628238911352, 0.2691301459690362
9.11636107161493, 19.188960122586906, 30.98983469419684, -0.15379379833100637, -0.21706956735569174, -0.9639648699630784, 0.8822903200249924, -0.4693979444817358, -0.03506224331838556, -0.44487218252563077, -0.8558892291905151, 0.2637088708605529
9.107309894602816, 19.177544529996638, 30.93495641936951, -0.14769765900578888, -0.21674742484933202, -0.9649901322528605, 0.8830748818976106, -0.46827333061797516, -0.029980673666042904, -0.4453809094311642, -0.8565866223874452, 0.2605670813075538
9.09866770675253, 19.166037880989343, 30.880045174376086, -0.1411207180896341, -0.218627234121283, -0.965550141332051, 0.8840379788114707, -0.46682367670286234, -0.02350546507838342, -0.44560273220077506, -0.8569001034952086, 0.2591532706432724
9.090553014918786, 19.154231251214775, 30.825143550667796, -0.1351397181892827, -0.22199776475558267, -0.9656367065368042, 0.8849877539317278, -0.46530823426305506, -0.016879648037606432, -0.4455714667240227, -0.8568577709109738, 0.2593469268583692
9.083084325956301, 19.141915716322657, 30.770294139695864, -0.12999794961091837, -0.22646233105337704, -0.9653058301444304, 0.8858731470025233, -0.46380892506367744, -0.01049039804400964, -0.44534177944226483, -0.8565022438062534, 0.26091110715730453
9.076380146719792, 19.128882351962748, 30.715539532911524, -0.1259290418115397, -0.23162388499761677, -0.9646202632782697, 0.8866476851427458, -0.4624215225374821, -0.00471358941014643, -0.44496939092418253, -0.8558719012753766, 0.2636010807030849
9.070519617465937, 19.11497644883346, 30.660912756282094, -0.12316639556249612, -0.2370879148189282, -0.9636489815544638, 0.8872707364173427, -0.46124899382078194, 7.743863805248994e-05, -0.44450048290364, -0.8550080036737252, 0.26717154480277644
9.064755137383482, 19.100788552975065, 30.606351602003645, -0.1219436492111818, -0.24246209975985572, -0.9624665586902758, 0.8877058190740008, -0.4603977127761678, 0.003510676947631156, -0.4439686083488535, -0.8539590600552904, 0.2713775940461323
9.058590184001917, 19.08650399129335, 30.551867959090302, -0.12249508881431306, -0.2473550408511593, -0.9611505797646355, 0.8879164927433066, -0.45997512181288697, 0.005214329069526438, -0.44339514558776927, -0.8527827220803322, 0.27597531373378276
9.052003917171982, 19.072134140205865, 30.49745796397915, -0.12504200711274602, -0.25140716994055795, -0.9597702492574436, 0.887861800070155, -0.46008473693541513, 0.004843430112433191, -0.4427933157054204, -0.8515377089369263, 0.2807447414023112
9.04498066644615, 19.05769166131842, 30.44311672179502, -0.12960654940714994, -0.2547363031092482, -0.958285739343441, 0.8875383857325263, -0.4607273443266109, 0.0024347568769168067, -0.44212866475956203, -0.8501998177299156, 0.28580152856474556
9.037504761376875, 19.04318921623678, 30.388839337662688, -0.13598861862502204, -0.2579165457674051, -0.9565490844822697, 0.8869826030445167, -0.4618001276529929, -0.0015824019883545297, -0.4413263616654138, -0.8486575855544387, 0.29156705057341253
9.029560531516621, 19.028639466566737, 30.334620916706957, -0.14252457712803543, -0.2628525743702681, -0.9542511561750383, 0.8864892893179344, -0.4627226902285218, -0.004944883442826689, -0.4402538867960832, -0.8466381966900632, 0.29896534760125554
9.021132306417853, 19.014055073914086, 30.280456564052646, -0.14799243052310235, -0.27073493535245047, -0.9512101951133457, 0.8863034173406455, -0.4630648918513142, -0.006095764515147682, -0.43882170971609663, -0.8439629735447137, 0.30848339723136914
9.012212441213283, 18.999430497570874, 30.226347021462317, -0.15200104635467748, -0.2824256003121839, -0.947170239289319, 0.8865698487985966, -0.46257433202210596, -0.0043463266715738184, -0.4369091268311029, -0.8403932220351406, 0.3207018042498019
9.002910610749717, 18.984494111365862, 30.17237542832131, -0.15474814189551042, -0.2960006073607305, -0.9425691767833095, 0.8871641758333183, -0.4614533335289451, -0.0007389810641203672, -0.434732949864484, -0.8363279628334227, 0.33401018081043765
8.99342540836635, 18.968772618688753, 30.118687374494385, -0.1578847735837646, -0.30587309461458023, -0.9388897955890795, 0.887458374517596, -0.4608869718248398, 0.0009125243643133035, -0.43300119141751736, -0.8330815381419933, 0.3442166745495939
8.983957635580392, 18.9517877146996, 30.06543000072476, -0.16207626123531368, -0.31578398132184626, -0.9348859623956851, 0.8876035337382202, -0.46060510870908, 0.001703151937067831, -0.4311510784393407, -0.8295320433663913, 0.3549441316446478
8.97470809390905, 18.933061094558482, 30.01275044775567, -0.16711353432106824, -0.32565971145679506, -0.9306013211792675, 0.8876116116412833, -0.46058922236873007, 0.0017874891138216454, -0.42920705204631104, -0.8257138248640661, 0.3660300341530321
8.965878244392737, 18.91211606101029, 29.960796524761232, -0.17269295364552825, -0.3351609964352794, -0.9261988178731897, 0.8874977888756552, -0.4608102091595339, 0.0012750981018939814, -0.4272292341378411, -0.8217792024642977, 0.3770333193434454
8.957338451350426, 18.890061561858772, 29.909295931873565, -0.17872198471243084, -0.3434876702455176, -0.9219949417267734, 0.887217613811707, -0.4613511620300003, -0.00010505155410808013, -0.42532735383785314, -0.8180289271675392, 0.38720190649635855
8.948088521603012, 18.869973703449983, 29.857109104378328, -0.18527122291039297, -0.34949597150137485, -0.9184373358403923, 0.8866677008643316, -0.46239804405643814, -0.002904668094747871, -0.4236684578833404, -0.8148868723676252, 0.39555584060618
8.937764223365603, 18.849799070567304, 29.805120166759142, -0.1924205667455604, -0.35203536104922034, -0.915994230366252, 0.8857120252411913, -0.4641717373250047, -0.00766854691803856, -0.4224790336057692, -0.8127826910310234, 0.40111814135476775
8.92646747003428, 18.82959192634278, 29.753304978689293, -0.20024681235701217, -0.34994083567463163, -0.9151189134031686, 0.8841913800267527, -0.46688577516585106, -0.014942437357039253, -0.42202703423743154, -0.8121324303801215, 0.402907058634662
8.914363458023363, 18.809541291446315, 29.70158176151595, -0.20880735441705678, -0.3420239251709467, -0.9161981899960336, 0.8819273005702001, -0.4707071829030956, -0.025278142186315283, -0.4226153395823553, -0.813298458485008, 0.39992735862353823
8.901617383747169, 18.789836186547777, 29.64986873658625, -0.21752895368023004, -0.329810221391814, -0.9186437678318332, 0.879117774898222, -0.4751197028331764, -0.037592630098374866, -0.4240673203263645, -0.8157735505918274, 0.3932943197988242
8.888394443620026, 18.770665632317076, 29.59808412524735, -0.22443823117426542, -0.3185733643426043, -0.9209443478944866, 0.8766541622639676, -0.4787159613165246, -0.04804693711420954, -0.4255642844184978, -0.8181332653744315, 0.38672082943014846
8.874859834056243, 18.75221864942409, 29.5461461488464, -0.2286669244287299, -0.3051004635082157, -0.9244593797671034, 0.8744280059892113, -0.4817601787809568, -0.0572956584975893, -0.4278867841077092, -0.8214747940795338, 0.37695100832594963
8.861178751470145, 18.73468425853871, 29.493973028730547, -0.23024949585977703, -0.29058461121336515, -0.9287334135166538, 0.8725848355896659, -0.4841385032438809, -0.06485070836722226, -0.4307909868547325, -0.825330535847761, 0.3650323714987118
8.847516392276052, 18.718251480330824, 29.44148298624694, -0.22934528597934048, -0.2764987908003951, -0.9332465689650158, 0.871267923992698, -0.48576226328387856, -0.07019421764488878, -0.4339273492423688, -0.8292065136353207, 0.35231181263796435
8.834037952888284, 18.70310933547033, 29.388594242742737, -0.2262141449677705, -0.2641008428949566, -0.9375915450763589, 0.8705694362095407, -0.4866037480338129, -0.07297704527622183, -0.43696226078953626, -0.8327469826913928, 0.33999477270110834
