0.0003044010081794113, 0.0012459225254133344, 0.007277987897396088, 0.17781186814760325, 0.5314188621674308, -0.8282372440783694, 0.9483227938064372, -0.317307230845995, 0.0, -0.26280566640202585, -0.7854362572389434, -0.5603776115455251
0.0003059750147411577, 0.0012506266927155584, 0.007270656267227398, 0.03309196160762639, 0.14732611703409643, -0.9885342367953753, 0.9489433104286464, -0.315080648637434, -0.015191393844386891, -0.31370609759722684, -0.9375602381147942, -0.15023076993894965
0.00030623256714532173, 0.001251773321497744, 0.007262962574955421, -0.09157661851326201, -0.17050390045590663, -0.9810923212781755, 0.9474280159003806, -0.3182496463722798, -0.03312577955289534, -0.3065842096859273, -0.9325478982407505, 0.19068439857003044
0.0003054892013082345, 0.001250389269796046, 0.007254998636927275, -0.1631611113763325, -0.3297913294064662, -0.929847369616517, 0.9445238083967269, -0.32451564728846116, -0.05063960936553922, -0.2850495169372917, -0.8865253937216163, 0.3644440960978102
0.00030406045314622685, 0.0012475013956466186, 0.00724685626949008, -0.19829149205370739, -0.3709667924548558, -0.9072288151700597, 0.940573392516626, -0.33236593874309694, -0.06967478778715433, -0.2756849242684111, -0.8671312021021824, 0.41482683239147466
0.0003022618585756297, 0.0012441365570856156, 0.007238627288990946, -0.2096929168252358, -0.32407541356470415, -0.9224987842572969, 0.9355778610906833, -0.34065580554004454, -0.09299294590906095, -0.28411783905680216, -0.8825694015060399, 0.3746308917520868
0.00030039119567392114, 0.0012412454920811805, 0.007230397710812015, -0.20907347746054036, -0.252817369748259, -0.944654253457914, 0.9312726036621733, -0.34620644754331753, -0.11345674659407748, -0.29836155699223976, -0.9034514227300814, 0.30782447608362523
0.00029857643031558275, 0.0012390510281531006, 0.0072221980776705705, -0.20255715726276413, -0.19718282765443787, -0.9592129745368482, 0.9289968041887415, -0.3485053009079151, -0.12453510768529737, -0.30973462165010374, -0.9163312652732547, 0.2537744597747837
0.00029685117703482457, 0.0012373715500002813, 0.007214028110469072, -0.19070366371879002, -0.16064405981599447, -0.9684139603961036, 0.9288870652573944, -0.3485979300697231, -0.12509317786597954, -0.31749162609702924, -0.9234029289518956, 0.21569909170259516
0.0002952480387227025, 0.001236021105851051, 0.007205887199635843, -0.17390655292077373, -0.1449635351497607, -0.9740339236023036, 0.9308267994610008, -0.3470469950639421, -0.11454192517274306, -0.32143114388062055, -0.9265764710448741, 0.19528969007508698
0.0002937996182702726, 0.0012348137439337395, 0.007197774735599201, -0.15235535626714833, -0.1510423472492372, -0.9767159539774865, 0.9344874261802725, -0.3437388196232155, -0.09261141503620639, -0.32174694361824213, -0.9268386230738765, 0.1935176246517106
0.0002925385185685912, 0.0012335635124766761, 0.007189690108787468, -0.12608204306762066, -0.17910707136086226, -0.9757171595316081, 0.9393341467129807, -0.33782664774228593, -0.05936764181105678, -0.3189900926908093, -0.9240096390534812, 0.21083526199704933
0.0002914973425087139, 0.001232084459708189, 0.007181632709628962, -0.09658130537610096, -0.22387946172370826, -0.9698195904755433, 0.9442901670178366, -0.32861157201575164, -0.01818007730353806, -0.3146237942770294, -0.9175469586651351, 0.24314490888991783
0.00029069748205163274, 0.0012302303500760189, 0.007173600923996088, -0.07025088397248462, -0.26469721568677046, -0.9617693056594997, 0.9476580237837702, -0.31875036818412333, 0.018506019040437114, -0.31146281200060427, -0.9101283353407679, 0.2732349354502809
0.00029011225158243856, 0.0012280252692717483, 0.007165588829767805, -0.04890564439931222, -0.29644922793843115, -0.9537956244398462, 0.9495911558192621, -0.30985382141749357, 0.04761560818485809, -0.30965282936819094, -0.9033872174254427, 0.29665916580579466
0.00028970208016681906, 0.0012255389509545824, 0.007157589350233421, -0.032540134810271126, -0.3195950862209976, -0.9469953117570977, 0.9505930130203885, -0.3025718653675797, 0.06944918923071058, -0.308729757592865, -0.8979472407393301, 0.3136505852461851
0.0002894273967201857, 0.0012228411293161005, 0.007149595408668773, -0.021064486161864102, -0.3345956855374918, -0.9421263262654498, 0.9510440281887721, -0.29732712608856104, 0.08433170541611913, -0.3083367377871324, -0.8942272123524384, 0.3244782717211992
0.00028924863015794983, 0.0012200015385478821, 0.007141599928349709, -0.01437183184311164, -0.3418161610212978, -0.9396569387356937, 0.9512055175850878, -0.29435764675935633, 0.0925291257387603, -0.3082231557900195, -0.8924770517267973, 0.32936787696417086
0.00028912620939552274, 0.0012170899128415053, 0.007133595832552062, -0.01238028137434459, -0.34147259027183013, -0.9398101929252198, 0.9512290482045627, -0.2937506111830847, 0.09420125413924199, -0.30823696482565804, -0.8928085172771433, 0.32845536225255184
0.0002890205633483158, 0.0012141759863885505, 0.007125576044551681, -0.015053503326942974, -0.33361013524898353, -0.942590934444386, 0.9511644985287584, -0.29546068996718017, 0.08938163918083718, -0.3083171885836423, -0.8952135266757719, 0.3217658354776125
0.00028889212093174065, 0.001211329493380597, 0.007117533487624404, -0.02240322071048776, -0.3181052117592519, -0.9477906783427441, 0.9509637295884398, -0.29931129322414124, 0.07797906613788798, -0.30849000098713436, -0.8995675761164882, 0.30921205553934045
0.0002887013110612084, 0.001208620168009223, 0.0071094610850460736, -0.03447465098708292, -0.2946905110293052, -0.9549706807795754, 0.9504795070197624, -0.30497979025521904, 0.0597999521015884, -0.3088692363683837, -0.9056184794079511, 0.2906113634736983
0.0002884085626521305, 0.0012061177444660082, 0.007101351760092529, -0.04955191360867263, -0.2668983530917261, -0.9624499347886326, 0.9495840064037333, -0.31127039753271557, 0.03742932542886502, -0.30957199912129213, -0.9120723703395194, 0.26886645127887776
0.0002879890928955708, 0.0012038583809209043, 0.007093204372626629, -0.06029357083078561, -0.25094806871325953, -0.9661209821371018, 0.9487724622191346, -0.3151473957223058, 0.022648044155936412, -0.31015399441424885, -0.915263451569292, 0.2570939788683363
0.00028747972859209317, 0.0012017383540844126, 0.00708504251499636, -0.06477227815089498, -0.2514161896574513, -0.9657092997177109, 0.9485153295071439, -0.31617894487044745, 0.0186961095034442, -0.310037452049099, -0.9147790850247611, 0.2589517405389732
0.00028693333836144933, 0.0011996175185390809, 0.007076896219357686, -0.06295670991955352, -0.2683880925008531, -0.96125141585324, 0.948991234188341, -0.3142622550816634, 0.025590476054128758, -0.3089532167008374, -0.9106080753182134, 0.2744828647756803
0.0002864027864715392, 0.001197355745173102, 0.007068795514031575, -0.05611075323362548, -0.29678869224987275, -0.9532932683724173, 0.9499839821954553, -0.3096625471895694, 0.040491239054056896, -0.307216563589303, -0.9033413413658637, 0.2993199025051654
0.0002859298587208605, 0.0011948542708466357, 0.007060760711161056, -0.04842095976755496, -0.3211358654172182, -0.9457944631884472, 0.9508265724756079, -0.30483288591310337, 0.054824636252112924, -0.30591541270337524, -0.8966318461936444, 0.32010481511826777
0.00028552135117683653, 0.0011921449808137787, 0.007052781435757113, -0.04074906566863357, -0.338546120800896, -0.9400670389593492, 0.9514322438748162, -0.3004853350142296, 0.06697199979632226, -0.3051494698708581, -0.8916810458521878, 0.3343481920176673
0.00028517716894990583, 0.0011892854905196076, 0.007044841269237363, -0.03311252948478558, -0.3491696582933919, -0.9364742976282877, 0.9518409716971499, -0.29676673550021676, 0.07699525504321672, -0.304798827080658, -0.8888250977711084, 0.3421806841164985
0.0002848972171505068, 0.001186333415409197, 0.007036923793019413, -0.025512947035647972, -0.35311661478597617, -0.9352313862866498, 0.9520922474563304, -0.29377564056450495, 0.0849483686981019, -0.30474487996865524, -0.8882592692299965, 0.34369467374383705
0.00028468140088907796, 0.0011833463709276229, 0.007029012588520877, -0.017942021716265424, -0.350433772247906, -0.9364156422897024, 0.9522246454713958, -0.29156690865352525, 0.09086782893357512, -0.3048709701063839, -0.8900477004331451, 0.33892297434677204
0.00028452962527605766, 0.0011803819725199603, 0.00702109123715937, -0.010387314712916092, -0.3410962914580109, -0.9399709695765325, 0.9522759275248651, -0.2901544650630672, 0.09476784402223769, -0.3050617339977479, -0.8941273434794157, 0.32783171306743697
0.00028444179542188436, 0.0011774978356312842, 0.0070131433203525, -0.0028378586980139656, -0.32501365885712274, -0.9457050640206575, 0.9522834098930132, -0.2895117294482142, 0.09663987662678085, -0.30520198852652564, -0.9003049928042218, 0.3103267086978571
0.00028441781643699654, 0.001174751575706671, 0.007005152419517882, 0.0047102109794957174, -0.30205029834552466, -0.9532803528773202, 0.9522843334485082, -0.2895698298494107, 0.09645652859974711, -0.30517595282239907, -0.9082482760293922, 0.2862738320360036
0.00028445759343183265, 0.0011722008081911952, 0.006997102116073125, 0.01201179736257478, -0.2729276869130956, -0.9619595596699415, 0.9523147211666786, -0.29020298486876334, 0.09422791211998499, -0.3048809416368162, -0.917220096426985, 0.25642719461305324
0.00028455903530005746, 0.0011698958829901589, 0.006988978188242501, 0.015799396701019763, -0.24957050695671554, -0.968227732055456, 0.952380897361766, -0.2911439227163139, 0.0905861060304204, -0.3045012403985924, -0.923552802130298, 0.23308628503838155
0.00028469253977857754, 0.0011677870188977028, 0.006980796689866149, 0.013718731645913342, -0.2408704150161741, -0.9704603235434015, 0.9524562012682632, -0.29228331322739115, 0.08600958943308774, -0.30436652422311, -0.9255008957201256, 0.2254087641454702
0.00028480847124500954, 0.0011657515201975567, 0.006972595721195989, 0.005716542847138972, -0.2471010825142529, -0.9689728459343746, 0.9525039549294803, -0.2936897632199657, 0.08051421503994924, -0.30447255538319956, -0.9234107309318453, 0.2336858682469687
0.00028485674074828443, 0.0011636650412135637, 0.006964413881365379, -0.00823885369222479, -0.2681969178264215, -0.9633288818250212, 0.9524702413670004, -0.2954777854245219, 0.07411691865497463, -0.3045202137791941, -0.9169314541387639, 0.2578839812994326
0.0002847872594206617, 0.00116140323652434, 0.006956289769426156, -0.02660974875398129, -0.2991460700618623, -0.9538362281009216, 0.9522945545526112, -0.29777477865790153, 0.06682262015726119, -0.30401809590992085, -0.9065549128220426, 0.2927988855810845
0.0002845629483765847, 0.0011588815378819554, 0.0069482492575753335, -0.04350664104210128, -0.3219083717231408, -0.9457706764326065, 0.9519494763910151, -0.3006107147966698, 0.0585268532240327, -0.30314908309956334, -0.8977795934214542, 0.3195190683697963
0.00028419589795492726, 0.0011561657087407974, 0.006940270118821783, -0.057546479850907786, -0.33251360177085143, -0.9413411216419608, 0.9514255295406068, -0.3039235073834507, 0.049193123484056626, -0.3024530780057382, -0.8927850840471728, 0.3338516576381457
0.0002837098122995891, 0.0011533570210079526, 0.006932318765112649, -0.06876174509111478, -0.33117683192664366, -0.9410598962909089, 0.9507230036275677, -0.3076061181488822, 0.038784616160945265, -0.302320347951309, -0.8920203933052246, 0.33600896586578166
0.0002831283955544705, 0.0011505567465905082, 0.0069243616083950865, -0.0771700598359254, -0.3179505621250398, -0.9449614922891255, 0.9498513157377363, -0.3115127329450236, 0.027245095052388472, -0.3030301302778503, -0.8954704111568922, 0.326045216015042
0.00028247535945982147, 0.001147866153971777, 0.006916365062016475, -0.06702693391530602, -0.30041923374917234, -0.9514492493682852, 0.9501267744978849, -0.31031459465823547, 0.03104778131108186, -0.3045759388266889, -0.9019163688145676, 0.3062357933883397
0.00028190862699340206, 0.001145326020873676, 0.006908320278400851, 0.014395249893131812, -0.3036190570894829, -0.9526847563347529, 0.9519231462091196, -0.287419151084715, 0.10598375017460546, -0.3059985302119042, -0.908408333164021, 0.2848845375697306
0.000282029780306992, 0.0011427707019241254, 0.006900302292197525, 0.10560809222962914, -0.3110862613125306, -0.9444957749393113, 0.9462617629511976, -0.26052416792366806, 0.19161376230368224, -0.30567238480456455, -0.9139762009758636, 0.266855573705362
0.0002829211267356663, 0.0011401450922556196, 0.006892330621484455, 0.1395443778022972, -0.30793738679026883, -0.9411173850485126, 0.9422855249139517, -0.25081673820841627, 0.22178582770801505, -0.304344141000625, -0.9177502545089657, 0.2551648764766039
0.00028410335906862527, 0.0011375362194301867, 0.006884357391611372, 0.11581793292604443, -0.2936445377855904, -0.9488725371942353, 0.945851219490128, -0.2590386449960473, 0.1956130133392194, -0.3032353491955978, -0.9201477413042424, 0.24774272374971001
0.00028508312871210954, 0.001135052113585533, 0.006876330340152316, 0.041059607751186576, -0.25299387698213377, -0.9665961963616803, 0.9527535836708464, -0.2814807559725891, 0.1141454897026569, -0.30095633805201427, -0.9256147590799582, 0.22948333351176725
0.00028542916433055065, 0.0011329199721093204, 0.006868184214777283, -0.04015490018211263, -0.21043852830440074, -0.9767820687320394, 0.953031235300144, -0.30176818543025, 0.025834604785359955, -0.30019834865243034, -0.9298664356063253, 0.21267196194877633
0.00028508988784985563, 0.0011311419364782528, 0.006859931195066552, -0.08254464919487149, -0.203908300797335, -0.9755038625014454, 0.9503887006749686, -0.3106794687601549, -0.015478543867334738, -0.2999128181966231, -0.9283855193597387, 0.21943707281247596
0.00028439112942242844, 0.0011294158083161702, 0.006851673342479385, -0.1020556393926509, -0.21758040566767464, -0.9706922342007518, 0.9490201634930108, -0.3138384729602231, -0.02943029346939253, -0.29823711330392205, -0.9242100302201256, 0.23851717818358098
0.0002835282349862007, 0.001127576136127547, 0.006843466006430481, -0.11872452280998114, -0.2301282486114457, -0.9658910274324795, 0.9476612976107887, -0.3166280527474282, -0.04104559932572903, -0.2963824432961216, -0.9202106636006783, 0.2556751491667128
0.00028252519977198573, 0.0011256319149028189, 0.006835305748627974, -0.13363385202135158, -0.2403836997258864, -0.9614352138860061, 0.9462406011325382, -0.3193073783202701, -0.05168677701858395, -0.29456869888409465, -0.916656137849047, 0.270131091474863
0.00028139658778406014, 0.0011236017412521394, 0.006827185895075955, -0.1467842406249934, -0.24836892623959536, -0.9574796411322459, 0.9448065265649628, -0.32183185208700504, -0.06135866966043571, -0.2929078593421392, -0.9136394997266912, 0.28190042652462777
0.00028015696302670015, 0.0011215042117856614, 0.006819099771778509, -0.15818422411632133, -0.2541095251178346, -0.9541520321652655, 0.943402006524856, -0.3241647272067804, -0.07007056243408746, -0.291496835875783, -0.9112329992265109, 0.291005181732327
0.0002788208895041821, 0.0011193579231135375, 0.006811040704739716, -0.16784627006438615, -0.257630447611236, -0.9515535623858005, 0.9420644003589934, -0.3262767901452469, -0.07783393725596074, -0.29041744989191587, -0.9094888722112815, 0.2974688153775582
0.00027740293122078245, 0.0011171814718459211, 0.006803002019963666, -0.17578347378589926, -0.25895287220025937, -0.9497597487380681, 0.9408255965651353, -0.32814596748781766, -0.08466062171601092, -0.2897367204750193, -0.9084402203781603, 0.3013121285439076
0.0002759176521807775, 0.001114993454592965, 0.0067949770434544456, -0.18200695180808496, -0.2580919963638433, -0.9488213693348476, 0.9397121945785505, -0.32975693572023657, -0.09056133117818128, -0.2895072725405943, -0.9081018030800984, 0.3025502510142414
0.00027437961638844365, 0.001112812467964822, 0.006786959101216135, -0.1865239174712902, -0.25505570243978604, -0.9487652063941376, 0.9387457045187787, -0.33110079100402745, -0.09554458877429592, -0.2897677181100498, -0.9084706130907344, 0.30119066169428305
0.00027280338784805723, 0.001110657108571645, 0.006778941519252823, -0.18933641455318606, -0.2498440575055605, -0.949594476107197, 0.9379427185045266, -0.3321748161295546, -0.09961600440509027, -0.29054290376548936, -0.9095261615030404, 0.2972322031898004
0.0002712035305638947, 0.0011085459730235875, 0.006770917623568595, -0.19044069014457557, -0.2424496241376134, -0.9512888747866171, 0.9373150212296104, -0.3329823640227883, -0.10277789756134442, -0.2918439557616239, -0.9112304456093011, 0.2906650658061303
0.0002695946085402323, 0.0011064976579308018, 0.0067628807401675355, -0.18982720172572753, -0.23285858114748195, -0.9538042328858483, 0.9368696205757139, -0.3335328608365122, -0.10502925680271158, -0.2936680907543379, -0.9135276196854661, 0.2814717402236121
0.00026799118578134645, 0.001104530759903441, 0.00675482419505373, -0.18766025402722292, -0.22265397428784617, -0.956665477997542, 0.9366688171658617, -0.33377194057681187, -0.10605573361537222, -0.29569436248860714, -0.9159811676106755, 0.2711887618892787
0.0002664063220688528, 0.0011026503606355166, 0.0067467447836251715, -0.18484801061616446, -0.21993312300284037, -0.9578416541252859, 0.9370125269824041, -0.33336547310941833, -0.1042831991098432, -0.2963760065344289, -0.9167861706770839, 0.2677020358644158
0.0002648454772889419, 0.0011007932594104387, 0.0067386568299553475, -0.18168638028284442, -0.22723065344604382, -0.9567425407883782, 0.9379850203063119, -0.3321701872921364, -0.09923239569452466, -0.29525270684734684, -0.9154393463298326, 0.27348974805378673
0.000263311701797207, 0.001098875004411446, 0.006730580119644553, -0.17836083647945, -0.24060684889220785, -0.954094207233496, 0.9393120240259412, -0.3304226369991868, -0.09227026866111052, -0.2930534653107531, -0.9126495632085001, 0.28493936415436416
0.0002618061852397481, 0.0010968440787777968, 0.006722526756278929, -0.17529190146887097, -0.2523959983712706, -0.9516138971692233, 0.9404802210532408, -0.328776688508293, -0.08603977511109832, -0.29115237091096324, -0.9100561241482257, 0.29500533522842337
0.00026032647394324946, 0.001094713499972664, 0.006714493790570034, -0.17254643056409213, -0.261727191221785, -0.9495928636393315, 0.9414392096556645, -0.3273483653480346, -0.08084096874040736, -0.28968939197441934, -0.9079327756387722, 0.302883032041028
0.00025886969124099007, 0.001092503777965455, 0.006706476525574078, -0.17013772998855262, -0.2686187406195026, -0.9481018537173813, 0.9421974673878025, -0.3261687858685152, -0.07666717402558614, -0.2886469907730777, -0.9063431443515481, 0.30858551392538786
0.00025743296046624873, 0.001090235422725578, 0.006698470264347266, -0.16807508016046835, -0.2730865792110017, -0.9471929516650162, 0.9427625574429852, -0.3252609362395433, -0.07351247268414932, -0.288009596563403, -0.905333664242863, 0.31212405975185054
0.00025601340495230425, 0.0010879289442224406, 0.0066904703099458064, -0.16636415716645905, -0.27514226581405454, -0.9469000479316716, 0.9431409653128302, -0.3246399172749879, -0.07137256938398524, -0.2877639427709395, -0.9049340626114133, 0.31350638839826916
0.0002546081480324354, 0.0010856048524254514, 0.0066824719654259065, -0.16500736416975903, -0.2747917011472, -0.9472391940531054, 0.9433379995661901, -0.32431313229453135, -0.07024536138257463, -0.2878992677034925, -0.9051577283556375, 0.31273550878314893
0.000253214313039921, 0.0010832836573040174, 0.006674470533843774, -0.16400406086383224, -0.27203453001528854, -0.9482087757975738, 0.9433577485452177, -0.32428038822968863, -0.07013122036083683, -0.2884073963681761, -0.9060019008197299, 0.309809182289948
0.00025182902330804, 0.001080985868827547, 0.006666461318255616, -0.16335068613691103, -0.26686421728836746, -0.9497894729200083, 0.9432030870752925, -0.3245338977000157, -0.07103299075270537, -0.28928271616230133, -0.9074476507075783, 0.30471998844030357
0.0002504494021700711, 0.001078731996965448, 0.006658439621717638, -0.16304077510036377, -0.2592687984992881, -0.9519440087418001, 0.9428757298087431, -0.3250581847464766, -0.07295570345734191, -0.2905220538828382, -0.9094596564191626, 0.297455995995435
0.00024907257295929316, 0.001076542551687128, 0.006650400747286049, -0.162954473832968, -0.2496107969758156, -0.9545366883943848, 0.942412109582883, -0.3257756313980454, -0.07569447601209194, -0.2920706338702349, -0.9119016876946237, 0.28832283435471445
0.00024769658995510885, 0.0010744348451220927, 0.0066423406662756476, -0.16228123251445095, -0.24064297765055576, -0.9569512834418819, 0.942072714231134, -0.3262827278932367, -0.07770831731373533, -0.2935367143557597, -0.914128294489358, 0.27965274634661286
0.00024632629631868465, 0.001072402869299532, 0.006634260223246281, -0.16067088698492804, -0.23359932918488652, -0.9589662243686414, 0.9419725460470675, -0.3264286931685054, -0.07830728427105059, -0.29474156233738374, -0.9159015567628831, 0.27249174253588926
0.0002449695426104684, 0.0010704302857029893, 0.006626162421551265, -0.15812829773561532, -0.2284948739181967, -0.9606172672028878, 0.9421085823623114, -0.3262327424447012, -0.07748300972655342, -0.29568033498106117, -0.9172580282287622, 0.2668536099725294
0.00024363419283447674, 0.0010685007096367747, 0.006618050274194074, -0.15465742951825853, -0.22533492644345593, -0.9619278821302183, 0.9424731562375663, -0.3257062141670957, -0.07523172086651972, -0.2963535545027339, -0.9182263517116357, 0.2627450051969302
0.00024232811099472645, 0.001066597756405197, 0.006609926794178189, -0.1502597122897619, -0.2241213978417429, -0.9629078968894488, 0.9430545221845784, -0.32485172632757703, -0.07155084967496511, -0.29676621615307636, -0.9188258566950847, 0.26017082468779884
0.00024105916109523398, 0.001064705041312565, 0.006601794994507083, -0.1449341963680927, -0.224853219349784, -0.963553376036415, 0.9438368548240362, -0.32366317340687517, -0.06643900703699807, -0.2969277188121822, -0.9190664719856932, 0.2591346172798314
0.00023983520714001606, 0.0010628061796631879, 0.006593657888184237, -0.1386779049121096, -0.2275263476376773, -0.9638465644592229, 0.9448001982562859, -0.32212578746437887, -0.05989626386792927, -0.2968518554162508, -0.9189487135749812, 0.25963866768032967
0.00023866411313308935, 0.001060884786761375, 0.006585518488213128, -0.13148639392434794, -0.232133350801466, -0.96375590045325, 0.9459203765518741, -0.3202162733497848, -0.0519247484918003, -0.29655685700508094, -0.9184637421954444, 0.2616837496590275
0.0002375537430029559, 0.0010589244779321129, 0.006577379807603948, -0.12424723066609512, -0.23842471772836735, -0.9631802944661786, 0.9470547165935701, -0.3181228239629475, -0.04341926590480751, -0.2960574090437174, -0.9175791643504053, 0.26532713336621483
0.00023650444643512708, 0.0010569109261076037, 0.006569245527493514, -0.12030215193802063, -0.24550684702232164, -0.9619011281333647, 0.9477852327537144, -0.3166716465600765, -0.03771234332307456, -0.29534817557091636, -0.9162125606703327, 0.27078404468661516
0.00023548843948800952, 0.0010548375079839768, 0.006561121830511541, -0.1204356101392754, -0.2531786316543124, -0.9598936630085806, 0.9480558233181899, -0.31610854084105655, -0.03557451728143558, -0.29442387756914273, -0.914317215675713, 0.2780982010660306
0.00023447135525022774, 0.0010526994028562577, 0.006553015484610494, -0.12464579114847713, -0.2614367823042466, -0.9571385665656632, 0.9478725057095899, -0.31649555878251107, -0.03699019046679288, -0.2932595090850316, -0.9118560029573464, 0.2872585772468042
0.0002334188268104062, 0.0010504917900194723, 0.0065449332577428385, -0.13292509788214882, -0.27026336481918306, -0.9535662703711968, 0.9471958559585844, -0.317901499199648, -0.0419362285083073, -0.2918063207127391, -0.9087883969567555, 0.2982494270721483
0.00023229648725716948, 0.001048209848768646, 0.006536881917861044, -0.14479961490410706, -0.27990403665586683, -0.9490452053444944, 0.9460167056566101, -0.32025616581653593, -0.04988367343235821, -0.2899749370932547, -0.9050357553822074, 0.31116686413807043
0.00023107386075693024, 0.001045846457864837, 0.006528868582889486, -0.15730288650245383, -0.2921253743501615, -0.94335495311085, 0.9447588551526153, -0.32266191011859163, -0.057619418335678366, -0.2875526169394327, -0.9003066463263504, 0.32674368405813753
0.00022974555062138521, 0.0010433796684484002, 0.0065209026264248906, -0.16924567895125772, -0.3076045161770761, -0.9363414771245557, 0.9436472883413816, -0.3247278695779727, -0.06388744732190034, -0.28440410574090746, -0.8943887702486085, 0.34522895633318
0.0002283161071127345, 0.0010407816506933496, 0.0065129943167141205, -0.1805921584589915, -0.3262790736746506, -0.9278622949474424, 0.9427236537725774, -0.32642389591962157, -0.0686990013780253, -0.2804613786616695, -0.8871242338334966, 0.36654059642081616
0.00022679010904416773, 0.0010380246027656328, 0.006505153909455755, -0.19108317121503804, -0.34522449797322724, -0.9188619415763926, 0.9419061778120882, -0.32791978222400264, -0.07267302543300116, -0.2762244990543515, -0.8793683314887432, 0.3878290392645665
0.00022517414728464834, 0.0010351050908922077, 0.006497383231638219, -0.20017057074764433, -0.35690562180379787, -0.912441844574988, 0.9408788759121813, -0.32977856286055746, -0.0774147294760856, -0.2732740080373406, -0.8739934076424546, 0.4018169233976312
0.00022348018482222807, 0.0010320847431772352, 0.006489661605886349, -0.20784381741869742, -0.3602252901988228, -0.9094166745018462, 0.9395761873823553, -0.33207596154689745, -0.0831994222740813, -0.2720248805989271, -0.8717587373028602, 0.40747904028460413
0.00022172107158555685, 0.0010290359294860588, 0.0064819646393389, -0.21414760932240562, -0.35524414689778977, -0.9099134011082373, 0.9379890717562097, -0.3347624740824861, -0.0900587986378725, -0.2726120002630522, -0.8727747029107995, 0.4049037111111026
0.00021990965750328477, 0.0010260310196840232, 0.006474267939134631, -0.2190701325809943, -0.3419016957914171, -0.913844356236826, 0.9361123026152393, -0.33776008071292785, -0.09804022016086722, -0.27514002599283954, -0.8769386285777072, 0.39405152937770693
0.00021805879250406178, 0.0010231423836364719, 0.006466547112412299, -0.22253610357357237, -0.3200301888483991, -0.9209008420193513, 0.9339464248581889, -0.34095803828342536, -0.10719930794797859, -0.2796815297814633, -0.8839277653493957, 0.3747665240433359
0.00021618132651653787, 0.0010204423912087484, 0.006458777766310659, -0.22440455487072833, -0.2893998786442895, -0.9305322702593075, 0.9315008919297743, -0.34420806250535946, -0.11758783117458028, -0.286266805772701, -0.8931788846289288, 0.34681810213095515
0.000214290109469363, 0.0010180034122661966, 0.006450935507968467, -0.2244205398619441, -0.25015469518589545, -0.9418375920319413, 0.9288333597763041, -0.3472842770140107, -0.12908222459160934, -0.29479486266679816, -0.9037788775000818, 0.3102897509263818
0.00021239844995023913, 0.0010158948373973676, 0.0064429966800539995, -0.22027741357451747, -0.217128833686259, -0.9509642110252973, 0.9274333616137876, -0.3486904765579829, -0.1352120975486891, -0.3022337188909776, -0.9117401061376054, 0.2781811604431866
0.00021053879195121408, 0.001014061760797133, 0.0064349683117654755, -0.20939501310753755, -0.2105144099796651, -0.9549017811673658, 0.9292074121353954, -0.3469512706622306, -0.12727293906602996, -0.30451159865978156, -0.9139521316659736, 0.2682614159824088
0.00020876921952281833, 0.0010122827284784947, 0.006426898550032841, -0.19432010982502138, -0.22544846159400767, -0.9546793629708809, 0.9331020427675601, -0.34269441302623477, -0.10900053698771742, -0.30258928054476414, -0.9119942600946015, 0.27695883602785154
0.0002071268897553632, 0.001010377312102206, 0.006418829913505237, -0.18646124792177712, -0.2349468705367287, -0.9539560634790529, 0.9351132670895836, -0.34024406824861264, -0.09898056240837606, -0.3013227185867315, -0.9105130103664808, 0.28314426926369246
0.00020555115988569884, 0.001008391844312973, 0.006410768307781124, -0.18899225155471835, -0.23186954265324203, -0.9542109012383239, 0.9344782142658051, -0.34103173787394814, -0.10221458225354545, -0.30171575350795016, -0.911007063063976, 0.2811293921536466
0.00020395507931250166, 0.001006433655712644, 0.0064027097896690284, -0.20189786954753108, -0.21614438735709243, -0.9552585273559169, 0.9311218100735916, -0.344826131263174, -0.11877337245085957, -0.303725904521571, -0.913442139936679, 0.27087641445953564
0.00020225169707766084, 0.001004610077730322, 0.006394650415843911, -0.224370731497642, -0.18834486244190843, -0.9561296918509286, 0.924726863911558, -0.35071540438368115, -0.1479152875408287, -0.3074703270358101, -0.9173466727032533, 0.25285782580881766
0.00020035936252526214, 0.0010030215840413875, 0.006386586452953623, -0.2444595613446402, -0.16362913046141495, -0.9557536453143285, 0.9183953092524652, -0.3553149958904574, -0.1740727136527531, -0.31111023578509145, -0.9203134038792469, 0.23713637390737702
0.00019829566519054514, 0.0010016402471914076, 0.006378518099072792, -0.2520461880606707, -0.1557759182987929, -0.9550950645680527, 0.9159516148839832, -0.3568702898338698, -0.18351085914820744, -0.31225847990968714, -0.9210740792748744, 0.2326310001105484
0.00019616626958832115, 0.001000324184616091, 0.00637044904138997, -0.24697606226318572, -0.16532684636773282, -0.9548140439578123, 0.9179570177126041, -0.35555891306306325, -0.17587715307451127, -0.3104154285810437, -0.919915698970027, 0.23957747909044763
0.00019407989751651304, 0.0009989275581097773, 0.006362383088208803, -0.22945402906591422, -0.19135096629059767, -0.9543247121630422, 0.9240457313224523, -0.3508388826804733, -0.15182741789371107, -0.305761892606278, -0.9166770893281733, 0.2573184387692714
0.00019214208147514842, 0.0009973115351812716, 0.006354323496736696, -0.20692194206167708, -0.21683472783191218, -0.9540262106983667, 0.9306056081160174, -0.34454756940910447, -0.12353207906165767, -0.30192136730685565, -0.9133836396719283, 0.27308206594945017
0.00019039367177853836, 0.0009954793663115723, 0.006346262347392235, -0.18672146159020409, -0.22628917450000235, -0.9559959755593773, 0.9350019087396338, -0.3395858734653752, -0.1022392546725552, -0.3015070918483666, -0.9129483249597787, 0.2749887807134592
0.00018881531613187561, 0.0009935665449716526, 0.0063381813178557235, -0.16921960251838594, -0.21927736401567965, -0.9608757275287239, 0.9375508790095775, -0.3364455683074489, -0.08833305629630667, -0.3039129404811322, -0.9158175676392176, 0.26251687071786256
0.0001873853703046808, 0.000991713599172194, 0.006330061689771364, -0.15434241546464245, -0.19571917589343138, -0.9684381358538788, 0.9386044473843687, -0.3351436910149942, -0.08185595716336265, -0.3085451508917679, -0.9216141874778416, 0.23542977573096813
0.00018608219006647432, 0.0009900610569238786, 0.006321884744783358, -0.14198904815060165, -0.15668625224493493, -0.9773886271912124, 0.9384976457194301, -0.33526193741220284, -0.08259299184376087, -0.31474001840308374, -0.9290042258677045, 0.1946532022227574
0.00018488354168246846, 0.0009887383371402364, 0.006313633789418929, -0.13357569652947898, -0.12901057849492578, -0.9826056197341174, 0.9383709331138721, -0.3353848818933689, -0.08352827595713877, -0.31877503852037326, -0.9332058999137198, 0.1658590461282078
0.00018375518183483296, 0.0009876485404146638, 0.006305333381813535, -0.13073755171834042, -0.13801749531926205, -0.9817631402515028, 0.9391196447415441, -0.3346153730170508, -0.0780182350555057, -0.3177451579980574, -0.9321929645338768, 0.17336173580791153
0.00018265166028191645, 0.0009864835707578013, 0.006297046575376617, -0.1322019774787624, -0.1762545594107334, -0.975426556660025, 0.9406200970578438, -0.33270963595214337, -0.06736565263904791, -0.3126603111390978, -0.9264116948913806, 0.20977345257892407
0.00018153715870724473, 0.0009849976929536066, 0.0062888234424545025, -0.13340355544297441, -0.2132199224147434, -0.9678536852647842, 0.9420954719676331, -0.3304558333283224, -0.05705316746129683, -0.3076680241644491, -0.9194216698037604, 0.244957506523089
0.00018041220803579212, 0.0009831996756961875, 0.006280661833496697, -0.13344322354769436, -0.24208543045957945, -0.9610346249997448, 0.9433506204267009, -0.3282634938180474, -0.04829788366923953, -0.30378036972417866, -0.913037635032406, 0.2721759798084181
0.00017928554562849077, 0.0009811557461012412, 0.006272547809005111, -0.1324197425613799, -0.2629875208367167, -0.9556686536996678, 0.9443797801825468, -0.3262826187003412, -0.04106681770496219, -0.3010180103620757, -0.9079522105365486, 0.2915663574890835
0.00017816590884627272, 0.0009789321312844654, 0.00626446742948165, -0.13040565847898294, -0.2760891095282967, -0.9522442794979317, 0.9451841613898929, -0.3246219891138174, -0.03531947396937769, -0.2993681100156591, -0.9046520700156834, 0.30328759770553
0.00017706203505007004, 0.0009765950583615574, 0.0062564067554282225, -0.12744323458069098, -0.28151832264303084, -0.951055022580642, 0.9457699285467251, -0.3233526966275663, -0.031020571245601918, -0.29879334700815113, -0.9034326026881782, 0.30746067745929917
0.000175982661600815, 0.0009742107544482154, 0.006248351847346741, -0.12354389718521583, -0.279332146512448, -0.9522134515921508, 0.9461469545673752, -0.32251144572048296, -0.028147961598763094, -0.2992371063741432, -0.9044113661957331, 0.3041335806266672
0.00017493652585943948, 0.0009718454466601364, 0.00624028876573911, -0.11869022590779342, -0.26950243858420203, -0.9556573998411384, 0.9463283407586263, -0.3221024342139119, -0.026696317171062463, -0.3006248521845497, -0.9075342734413071, 0.29326820621809085
0.0001739323651868758, 0.0009695653621130187, 0.006232203571107242, -0.11284019414464763, -0.25192295137488296, -0.961146147657039, 0.9463306185835553, -0.3220973493200526, -0.026676916843251724, -0.3028620988447778, -0.91257225693726, 0.27474792984073904
0.00017297891694405585, 0.0009674367279225592, 0.00622408232395304, -0.10593399725924893, -0.22643806961033133, -0.9682477931066118, 0.9461744943962922, -0.32243365161268794, -0.028113456949096987, -0.30582971467566455, -0.9191095369643677, 0.24840661159185576
0.0001720849184919119, 0.0009655257712044558, 0.006215911084778418, -0.09790472873648784, -0.1928984684243257, -0.9763221010356081, 0.9458859674306943, -0.32301190268373803, -0.03103300408163869, -0.3093774405297426, -0.9265276529085253, 0.21408434713235075
0.0001712591032757669, 0.0009638986946326528, 0.006207675919252717, -0.08992972956128734, -0.1588427174402587, -0.9831996922585097, 0.945599250812522, -0.3235288173740606, -0.0342222324131386, -0.31265748128556087, -0.9327904885046459, 0.17929641366026614
0.00017049997550668886, 0.0009625578486375301, 0.006199376392582465, -0.08598881234792213, -0.1485183740033936, -0.9851640557462406, 0.9456383466283379, -0.32346149300636234, -0.03377543379615479, -0.313646363819218, -0.93451321827221, 0.16825873926040108
0.00016977363830347625, 0.0009613033317131326, 0.006191054829748674, -0.08657018996333884, -0.164990122582257, -0.9824886063766862, 0.9460545689636584, -0.3226915916100095, -0.02917000595107312, -0.3122280492728003, -0.9320130879738175, 0.18402513168806903
0.00016904265353559895, 0.000959910181640239, 0.006182758853891644, -0.08780762737376593, -0.18848697170324577, -0.9781423628864715, 0.9466251151708122, -0.3215133435851751, -0.02302305853981899, -0.3101462750104161, -0.9279557270661252, 0.20665782516600326
0.00016830135676525147, 0.0009583189214324961, 0.006174501100024075, -0.08733278375196392, -0.20672269618910616, -0.9744940799011758, 0.9471874433662734, -0.3202319761462049, -0.01695371884747494, -0.3085594464789492, -0.9245091715790619, 0.22377189201238293
0.0001675639097098477, 0.0009565733336126602, 0.0061662723712597135, -0.0851370977591546, -0.21955860533985547, -0.9718774065726427, 0.9477285803195006, -0.3188886282222697, -0.01098093056635659, -0.30750969518168403, -0.9220108793348031, 0.23523121765091282
0.0001668447755609222, 0.0009547187708551064, 0.006158063138739095, -0.08123947631700822, -0.22704235255863223, -0.9704905551484672, 0.9482387502137333, -0.31751742466225613, -0.005094862995781269, -0.30699091204925844, -0.9206706551098989, 0.24108530593687003
0.00016615841751000952, 0.0009528005858342098, 0.006149863873602751, -0.07564775987718418, -0.22920380717218053, -0.9704344548723226, 0.948708761735541, -0.31615055302719214, 0.0007163985045886607, -0.3069675908492307, -0.9206054760853744, 0.2413637412078311
0.00016551929874864413, 0.000950864131224345, 0.006141665046991213, -0.06867221498807356, -0.22657456888635008, -0.9715699108260796, 0.9491219651993288, -0.31484492750682574, 0.006337728251183217, -0.3073298261880809, -0.921703117254784, 0.2366679986352565
0.00016493921995779898, 0.0009489502406941112, 0.006133458131003555, -0.06203242628743728, -0.22205469262627336, -0.9730589353022482, 0.9494352868288982, -0.31376735837444314, 0.011076142959153336, -0.30777364119271405, -0.9231694093184496, 0.23029031131509528
0.00016441532174578884, 0.0009470748657749308, 0.006125240109125398, -0.05631995971295846, -0.21664028007418334, -0.974625595388973, 0.9496506137879874, -0.31296633728402157, 0.014689569739200404, -0.3082073553146153, -0.9247264788987084, 0.22335882645099797
0.00016393972601512095, 0.0009452454398872154, 0.006117009851601616, -0.05153672390503353, -0.21033305245434794, -0.9762704405718596, 0.9497848123828196, -0.31243220008160916, 0.01717354125093056, -0.30863048497526685, -0.9263617691795154, 0.21587287079790668
0.00016350455025291913, 0.0009434693889572664, 0.006108766230337024, -0.04768353017489937, -0.20313312463594219, -0.9779893734727889, 0.9498515541759073, -0.312152032635648, 0.01852386436591675, -0.309044181274576, -0.9280614431152023, 0.20783082500739605
0.0001631019119463073, 0.0009417541389113871, 0.0061005081172364395, -0.044760694059969866, -0.1950400737057679, -0.9797733666088901, 0.9498612874377955, -0.31210972570891127, 0.018736428286143438, -0.3094511510631095, -0.929810135870091, 0.1992312634577209
0.0001627239285824093, 0.0009401071156758794, 0.006092234384204679, -0.04276804853722717, -0.1860531989124158, -0.9816084255948367, 0.9498212314005218, -0.3122859717714284, 0.017807307925996867, -0.30985564768955565, -0.931590939741919, 0.19007314009521264
0.00016236271764834894, 0.000938535745177046, 0.006083943903146559, -0.041704888574795984, -0.17617184944655892, -0.983475562345879, 0.9497353782766945, -0.31265825661121344, 0.01573295339281783, -0.3102634582392645, -0.9333853941622483, 0.18035601582979316
0.00016201039663125017, 0.0009370474533411893, 0.006075635545966895, -0.04255368107721298, -0.1672661509347938, -0.9849930045326402, 0.9495877732716255, -0.3132648767432891, 0.01217283254004437, -0.3105998150028666, -0.9348193150285624, 0.17216446546751282
0.00016165080887055796, 0.0009356340183778283, 0.006067312143153524, -0.05562593447837271, -0.17891705844353184, -0.9822904059448619, 0.9491383025830814, -0.31483891722499197, 0.003597050222274215, -0.3099068214530211, -0.9321293592621727, 0.187330242135051
0.00016118112107695298, 0.0009341232993363116, 0.006059017993710929, -0.08388842035989798, -0.21883053513100884, -0.9721501580639677, 0.9480411089339074, -0.3179833337093896, -0.01023011507414596, -0.3068888865711633, -0.9224965020949074, 0.234135462759857
0.00016047313540044946, 0.0009322764546372497, 0.006050813424065118, -0.08799610059317056, -0.2405126975990673, -0.9666490203657253, 0.948304282572783, -0.31727662985302724, -0.007384294361997176, -0.30491912687549805, -0.9173271948670905, 0.25599832738273737
0.00015972993855551375, 0.0009302451341944382, 0.00604264930659567, -0.05320322848884284, -0.2190674102695624, -0.9742581209495516, 0.9500279511576406, -0.31163427074516664, 0.01819267205069356, -0.30759764059169875, -0.9246045376564596, 0.22470011225521164
0.00015928067990891355, 0.0009283952853967745, 0.00603442247718533, -0.039925993906842705, -0.18775622615927803, -0.9814038488557993, 0.9501403242151705, -0.3111235834435326, 0.02086816056929655, -0.30925600933666836, -0.9316381890861287, 0.1908166798932349
