0.0003044010081794113, 0.0012459225254133344, 0.007277987897396088, 0.1462348789490518, 0.44784332371156815, -0.8820723992880242, 0.950605253394325, -0.31040240369415834, 2.4482427176897977e-17, -0.27379739297127614, -0.8385026566373326, -0.47111387414750194
0.000306248848828807, 0.001251581524853564, 0.007266841929711577, -0.06378243708206772, -0.10018492396032584, -0.9929223442600815, 0.9491355283768806, -0.3134980510126099, -0.02933804328912809, -0.3083399900963412, -0.9442891257567032, 0.11508474045254413
0.0003054871261345474, 0.001250385064923614, 0.007254983939991191, -0.17341441736076446, -0.3446565896552447, -0.9225720974854177, 0.944434018885182, -0.3237986063794404, -0.05655834579543514, -0.27923435287193876, -0.881116506322489, 0.381656754770882
0.0003031827147622244, 0.0012458051079809605, 0.0072427243731939825, -0.2077693021766538, -0.3392294902870974, -0.9174722175589745, 0.937825732270024, -0.33569893676052975, -0.08825598988195228, -0.2780554134794353, -0.8787659397003311, 0.3878860789682641
0.00030038446142971367, 0.0012412363384768175, 0.007230367785077382, -0.20770599288777783, -0.23808262131414135, -0.9487754665602866, 0.9318109477678188, -0.3432775227923574, -0.11785117719217701, -0.29763497465610744, -0.9085577624860898, 0.29314879172142017
0.00029769271555176157, 0.0012381509295985064, 0.0072180722204877, -0.1938442511544225, -0.16884161360653985, -0.9663937685069793, 0.9301455864173277, -0.3447725575822064, -0.1263371347094349, -0.3118550855168902, -0.9233766257887214, 0.22387945994282066
0.0002952396737483375, 0.0012360142887960692, 0.007205842792487652, -0.16861273006220917, -0.14557396175063356, -0.9748733091644235, 0.9330580706480243, -0.34241465209233996, -0.1102490037645155, -0.31776152073458325, -0.9282027944865857, 0.19356442919022646
0.0002931355713260815, 0.001234197684999761, 0.007193677440023169, -0.13267553935787404, -0.17142092868672273, -0.9762233691447253, 0.9395509986652827, -0.33542750670779026, -0.06879177749459135, -0.31565982031796075, -0.9263386275827954, 0.20556173010766357
0.0002914906435916339, 0.001232072387139837, 0.007181574102040193, -0.08957591156573934, -0.23485849227053301, -0.9678934056369941, 0.9468078091971006, -0.3216571124286807, -0.009574678450462828, -0.3090811034511064, -0.9172666954776321, 0.25117858359540013
0.0002903757343280137, 0.0012291492138882857, 0.007169527187805336, -0.053849623678971545, -0.28917784743269515, -0.9557595882772121, 0.9508101227104827, -0.3072591348353886, 0.0393946012987243, -0.30505791020871775, -0.906624506956657, 0.29149901338544615
0.0002896990271994127, 0.0012255152291466686, 0.007157516531417619, -0.029343011610919838, -0.32385337890028293, -0.9456521435731383, 0.9523803173862216, -0.2963084767700621, 0.07192369324169444, -0.3034974772958109, -0.898510030867255, 0.31712616685792966
0.00028932672643126135, 0.0012214062145938437, 0.007145518205406488, -0.01578857701676968, -0.34038771889729413, -0.9401526055166162, 0.9528256150807132, -0.29016021091707667, 0.0890527891007254, -0.30310735405437833, -0.89439546780183, 0.32891135446150166
0.00028912503620047696, 0.0012170579520805313, 0.007133508282297028, -0.012872357032775636, -0.33975332259881164, -0.940426489528814, 0.9528618466167107, -0.28928793840279293, 0.09147015883256172, -0.3031313307571703, -0.894919084877359, 0.3274617959940631
0.00028896016068397714, 0.001212706223457453, 0.00712146283461434, -0.020474630944736588, -0.3220978593707009, -0.946484948890625, 0.9526769488651515, -0.29346924407157454, 0.07926180596632976, -0.3032942805076652, -0.9000715370307355, 0.31286388036727225
0.00028869830405867927, 0.0012085868105753293, 0.007109357934883513, -0.038536882592069596, -0.287093995540696, -0.9571269228292368, 0.9519673694427273, -0.30172181374788964, 0.052173505009513683, -0.30376477115751754, -0.9091429947115924, 0.28493153382954717
0.0002882075974819084, 0.001204931120174668, 0.007097170429194264, -0.05799601398014599, -0.254100397991564, -0.9654374397665255, 0.9506879850634243, -0.30919786724807674, 0.024270021534539117, -0.3046782194684434, -0.9164222098082137, 0.2595024392019649
0.0002874719040877724, 0.001201707795476634, 0.007084923622937355, -0.06457779675432405, -0.2551728162122323, -0.9647365143046446, 0.9503230082324196, -0.31071101047113653, 0.018570083362492086, -0.3044928376669012, -0.9156120913565546, 0.2625616308054826
0.0002866545366672495, 0.0011984780484574158, 0.007072712859550965, -0.057863512303838016, -0.2898871525615183, -0.9553100296362634, 0.9514695566232039, -0.30572978814418467, 0.03514227455011898, -0.30225402687657876, -0.9069149548998997, 0.2935093998764018
0.0002859226427568901, 0.0011948113743617073, 0.007060629500533202, -0.04637243974844407, -0.32610403187793535, -0.944195825676396, 0.9527471217136889, -0.298501053018646, 0.056303138571847676, -0.3002041287158758, -0.8969689413461951, 0.3245368998468863
0.00028533527922673267, 0.0011906808689062804, 0.007048670108352466, -0.034884182322962025, -0.3469548984943844, -0.9372328377913407, 0.9535067826712446, -0.29245312304227555, 0.07277352693632215, -0.29934580208112216, -0.8911192227943302, 0.3410258370605352
0.00028489271288623786, 0.0011862791444134481, 0.007036779684682141, -0.023477842790245087, -0.3527022074289747, -0.9354410423819585, 0.9538814259054715, -0.2880014871091838, 0.0846485010820819, -0.2992641244961733, -0.8903124711569682, 0.34319773818006394
0.0002845946228994436, 0.0011818010074187456, 0.007024902715811462, -0.01212818522546058, -0.34349532298559726, -0.9390760726427637, 0.9540063590243864, -0.28530806180861196, 0.09203899612689692, -0.29954093887842875, -0.8947682789158508, 0.3311569914433273
0.0002844406884303881, 0.0011774412644577105, 0.00701298368802967, -0.0007965357522528543, -0.31913698765371457, -0.9477082613558395, 0.9540132865045965, -0.2843308165663126, 0.09494543655928245, -0.29976326443294254, -0.9040506456289088, 0.3046874060975594
0.0002844305886431093, 0.0011733947220658788, 0.0070009670876260005, 0.01035163475170044, -0.2798260456242306, -0.9599949103241504, 0.9540323631215658, -0.2848092788009278, 0.09330554552424003, -0.29952477990084236, -0.9168320778087999, 0.2640148619418054
0.000284561788219063, 0.0011698481268268353, 0.006988799837894595, 0.015510159062786771, -0.2465032014160767, -0.9690178567278687, 0.9541302596861935, -0.286147333166628, 0.08806333671161873, -0.29898976992031717, -0.9259351356403169, 0.23075797292779268
0.0002847585086769473, 0.0011667216455021616, 0.00697650946513298, 0.007742618566283736, -0.2451596520140233, -0.9694518022481057, 0.9542201954774533, -0.2880767323990167, 0.08047120474602111, -0.2990047999626558, -0.9256935460910746, 0.23170582281121876
0.00028485665416182546, 0.0011636140001088772, 0.006964220687585298, -0.013261313997073627, -0.27683816430473435, -0.9608250456433033, 0.9541344868893159, -0.29092186363123773, 0.07065302675603846, -0.29908446713183384, -0.9158193599426212, 0.2679988460325055
0.0002846888410172966, 0.0011601107965132289, 0.0069520620830694066, -0.039809159044088716, -0.3172335338938322, -0.9475115386260123, 0.9537075533247074, -0.29495451378810716, 0.05868336670149316, -0.29808913698355916, -0.9013127757716809, 0.3142899085925999
0.00028418488069666044, 0.0011560948083010533, 0.006940067149484309, -0.06077711981636161, -0.3327139089256179, -0.941067264606661, 0.9529006358973015, -0.2999968886983866, 0.04452240871523532, -0.29713047607632953, -0.8940376510968224, 0.3352762422360557
0.0002834141274945379, 0.0011518754522099788, 0.0069281328786633175, -0.07539040337494438, -0.3213175035142643, -0.9439657562720821, 0.9517286380281317, -0.3056579133450088, 0.02803283015845234, -0.2975380423342211, -0.8962858371886371, 0.3288507433760542
0.00028245676500684655, 0.0011477951275170163, 0.0069161457110098225, -0.047650335973220374, -0.3004358698715412, -0.9526110085319032, 0.9528573177974866, -0.2997751102914961, 0.0468808614415412, -0.29965376253506126, -0.9054684816956644, 0.30055690185775047
0.0002818530738256282, 0.0011439888482650707, 0.006904076900722621, 0.08700983284785832, -0.30987898886283016, -0.9467863017857502, 0.9496589238267258, -0.2613184402298726, 0.17280220250937695, -0.30096049140053743, -0.9141595512038238, 0.271542073275525
0.00028295388950569134, 0.0011400683758460651, 0.006892098516526697, 0.13557513526397108, -0.30484871751335246, -0.9427017779386121, 0.9444673127031203, -0.24770089818560892, 0.21592998928678023, -0.29933405742331154, -0.9196257523952377, 0.2543375662343076
0.00028467756359027015, 0.0011361925926276176, 0.0068801132021034045, 0.05926329243903862, -0.2633024137037135, -0.9628913236222889, 0.9531982437397768, -0.2715588479352484, 0.13292441551304915, -0.2964809779744564, -0.925703857097873, 0.2348859268952288
0.0002854274200751371, 0.0011328610358701198, 0.006867929769939506, -0.053951053518029396, -0.2068773684604385, -0.9768782105478547, 0.9539428537453808, -0.29979376655695583, 0.010804134473086684, -0.2950971291158452, -0.931303093494528, 0.21352337678837127
0.0002847427961775584, 0.001130235819473393, 0.006855533456534032, -0.09810445869784082, -0.21442761627060555, -0.9718005518439006, 0.9507915534249154, -0.30857280675899573, -0.027897040429262478, -0.29388932801216183, -0.9267165803574366, 0.23414833454709538
0.00028349749115211097, 0.0011275139473823504, 0.006843197746954602, -0.1230360213639273, -0.23314951470712728, -0.9646260629066405, 0.9487170764573429, -0.3128507021983099, -0.04539104506680329, -0.2912010410097591, -0.9207419518659153, 0.259684831649785
0.0002819375615533376, 0.0011245579282840449, 0.0068309675989817135, -0.14400452387246196, -0.2467216948953394, -0.9583272417980387, 0.9465428022878974, -0.31682194093012556, -0.06066779361607195, -0.2886510359261505, -0.9158341896944223, 0.2791564372274462
0.0002801122509899914, 0.0011214306396142946, 0.00681882044699956, -0.16102576412391806, -0.25522461615820374, -0.9533787802312395, 0.9444227718291109, -0.32035316086089094, -0.0737528330103682, -0.2865943672491269, -0.9122687365208422, 0.2926250519482891
0.00027807080256369036, 0.0011181949593252168, 0.006806733725218355, -0.17414029188932756, -0.2587406144535412, -0.9501202309039124, 0.9424825434715708, -0.32334996165989766, -0.08468445870348108, -0.28531003135546895, -0.9102187081832294, 0.300166769115428
0.00027586245937605275, 0.0011149137653689279, 0.006794684867848305, -0.18338848581909734, -0.25733022671435934, -0.9487622556194545, 0.9408199335060612, -0.32575391624619116, -0.09349993993538312, -0.28500265961325605, -0.9097612546538824, 0.3018409242365333
0.00027353646452869644, 0.0011116499356975435, 0.006782651309099617, -0.18879345904606293, -0.2510188895234223, -0.9493927253375447, 0.9395064405666169, -0.3275398714156502, -0.10022614811946669, -0.28580531477785454, -0.9108826212720535, 0.29767124871119854
0.00027114206112323954, 0.0011084663482631809, 0.006770610483182499, -0.1903515555035028, -0.23979331135425566, -0.9519797545889082, 0.9385884449903973, -0.3287143095379365, -0.10487437072757859, -0.28778119509082734, -0.913480197122389, 0.28763851135989515
0.00026872849226130017, 0.0011054258810179562, 0.0067585398243071625, -0.18816506007641806, -0.2248185047982249, -0.9560599092456123, 0.9381316854696353, -0.32926436807846987, -0.10720968534506269, -0.29069374070375065, -0.9170832109542605, 0.27286541243163115
0.0002663432921358498, 0.0011025760579656291, 0.006746420708172931, -0.18394795211408935, -0.22155204659327832, -0.95764181276893, 0.9386971432285667, -0.32859010321614934, -0.10428910471822149, -0.29156615751414044, -0.9181194011231493, 0.2684137497851206
0.00026401217974013406, 0.0010997684011465445, 0.006734284825849997, -0.17905699347474935, -0.23772279928329684, -0.9546865788250598, 0.9404587655532606, -0.32632382756841993, -0.09513185510192318, -0.2889219676345514, -0.9148773853703072, 0.28199905382140866
0.00026174369584109036, 0.0010967566765992661, 0.006722189843740275, -0.17447320610267192, -0.2552509920279354, -0.9510026453280818, 0.9421918597099322, -0.32386810372481406, -0.085929918457034, -0.28606572644865025, -0.9110194193640705, 0.2970017132828666
0.000259533063361111, 0.001093522563200835, 0.006710140329758905, -0.17062592706071472, -0.2672673058256668, -0.9483960039199666, 0.9434612520055492, -0.3219275940342572, -0.07901575895627498, -0.2841965147196449, -0.9082570183797117, 0.30708554115295417
0.00025737056530993795, 0.001090135240781865, 0.006698120441893402, -0.16755358168474488, -0.27381575883253295, -0.9470748267584657, 0.944294009412634, -0.32058909955130804, -0.07437373888876361, -0.28325716416716806, -0.9067786717076256, 0.3122784326272443
0.00025524647524222143, 0.0010866640566515565, 0.006686114299066286, -0.1652750419020655, -0.27493396293248834, -0.9471512427012423, 0.9447127944838208, -0.3198984388448184, -0.07199114364432777, -0.28319939347188006, -0.9066842365735082, 0.31260486030494494
0.00025315106671261125, 0.0010831783581191088, 0.00667410602020006, -0.16379285232538918, -0.27063032416407284, -0.9486469992415314, 0.9447342918039622, -0.3198629356142838, -0.07186668428332199, -0.283987709974885, -0.9079906002063356, 0.30806501021725796
0.0002510746132757573, 0.001079747492493721, 0.006662079724217235, -0.16309453342769306, -0.26088227886331483, -0.951493883186375, 0.9443691213089898, -0.32045170412848756, -0.07401126967722584, -0.28559960763994385, -0.9106322758919936, 0.29863308962618024
0.0002490073884863096, 0.0010764408070845933, 0.006650019530040324, -0.16280344641106917, -0.24684277045808578, -0.9552819921411975, 0.9437344077656135, -0.32142768447694436, -0.07777924691764998, -0.28785483396317146, -0.9141952145599794, 0.2852835505942612
0.0002469440941704373, 0.0010733124378981428, 0.006637912735326265, -0.1610218110027633, -0.23496312828679078, -0.9585740997581124, 0.9434331951340609, -0.32187021896775225, -0.07958246327419284, -0.28983751085828663, -0.9171651380680235, 0.27350014042434473
0.00024490330492621653, 0.0010703345169443912, 0.006625763774260727, -0.1571373768203307, -0.22744570580530565, -0.9610287694532103, 0.9436605176581692, -0.32154293555941316, -0.07819826088188538, -0.2912261530480079, -0.9191727756535011, 0.26515794590827724
0.00024291160428213633, 0.001067451665213554, 0.006613582830058712, -0.1511626441124362, -0.22430990222461317, -0.9627226614082175, 0.944391106135392, -0.32047834240290474, -0.07361433761881908, -0.29201933784821144, -0.9203144570279613, 0.2602806302974178
0.00024099558162539867, 0.001064608483570917, 0.006601380090140767, -0.14309806314369275, -0.2255566593436836, -0.9636633944226798, 0.9455789486590024, -0.3186651480236872, -0.0658253392545553, -0.29223859460629, -0.9206392979124665, 0.25888199427882486
0.0002391818263432055, 0.0010617495728817649, 0.006589165741927435, -0.13293381388000275, -0.23117146015349024, -0.9637885437884287, 0.9471571755894794, -0.31604837846682815, -0.05483344962565001, -0.29192787783402413, -0.9201484545870802, 0.26096922359606173
0.0002374969248677674, 0.001058819534820543, 0.006576949973102016, -0.12283322449593315, -0.24054209434062182, -0.9628351363604046, 0.9487635025309111, -0.313071707815298, -0.04282431588350985, -0.29113538985360343, -0.9187630851399289, 0.2666731673021309
0.0002359399348188589, 0.0010557705092106653, 0.00656474541906377, -0.12030164638319708, -0.25166154505727895, -0.9603093150734691, 0.9494740633312088, -0.3116235868975289, -0.03727925898461802, -0.28987327737964425, -0.9162735436694118, 0.27643494032535476
0.0002344150675975151, 0.0010525806073891373, 0.006552573148434636, -0.12695411552961067, -0.2641019453189685, -0.9561029311893311, 0.9491476344761247, -0.3123103633178196, -0.039761852731837806, -0.28809967115300755, -0.9125307662994318, 0.29032082260578695
0.0002328061234775448, 0.0010492335298231913, 0.006540456044685726, -0.14239163323203297, -0.27802532975571626, -0.9499613354235736, 0.9476983741997359, -0.31526058820704045, -0.04978506867051762, -0.2856438592455499, -0.9073657903720947, 0.3083746230443297
0.00023100162903964705, 0.0010457101826310052, 0.006528417416382359, -0.1610034190431169, -0.29670787010073996, -0.9412982199477002, 0.9458075438117136, -0.3188980807506763, -0.06125442157419048, -0.28200352679581875, -0.9001491287080257, 0.33197222317673275
0.00022896099383274223, 0.00104194956357402, 0.006516486947456679, -0.1784327460058515, -0.322614773404265, -0.9295598222460596, 0.9442497232464038, -0.32179581836493, -0.06956947198257994, -0.2766843242793152, -0.890150076820847, 0.3620478220262332
0.00022669828719709413, 0.0010378584838541798, 0.006504699194226905, -0.19397162437076268, -0.34929662791379035, -0.9167152636817077, 0.9429187597446608, -0.32424182915668165, -0.07597005164352671, -0.27070135105048626, -0.8791240537905811, 0.39225205746593234
0.0002242356762425905, 0.001033423908925697, 0.006493060826719149, -0.20641845824540922, -0.35980137756369035, -0.9099090002845663, 0.9411293386242073, -0.3274379319114641, -0.0840236200499936, -0.26770690703893035, -0.8736860817529454, 0.40620886557882435
0.00022161353790219805, 0.0010288533438945692, 0.006481502232123516, -0.21575515904951592, -0.35156792246175284, -0.910960870311917, 0.9387318365264057, -0.33146542904081416, -0.09440978997196468, -0.268760581996839, -0.8755173700428313, 0.40154337787841116
0.00021887531972854658, 0.0010243914822232257, 0.006469940934486128, -0.22192561209400183, -0.32437640893396563, -0.9195264912028404, 0.9357172574692754, -0.33603856888177114, -0.10729069996075707, -0.27419379418739703, -0.8842273607794525, 0.3781001688417019
0.00021606446927426582, 0.001020283017374095, 0.006458294457853111, -0.22455099773845627, -0.2775522344968923, -0.9340993558184515, 0.9321123312399204, -0.34070075836304575, -0.12283971345345283, -0.28415392195981515, -0.8982693083795237, 0.33521455555841795
0.0002132244340919853, 0.0010167726428096059, 0.0064464803262705836, -0.22119520746538174, -0.22290576671143128, -0.9494133448404523, 0.9291881444335753, -0.343766107413776, -0.13577280890395327, -0.296111587815195, -0.9122159188264416, 0.2831608112030952
0.00021042265552187448, 0.0010139491973675343, 0.006434454541470669, -0.20451337518524768, -0.21493093359155302, -0.9549759018717705, 0.9320371212907216, -0.34089259163055213, -0.12287817343820844, -0.2991338895986928, -0.9152032204690219, 0.2700407031110089
0.00020782855780235106, 0.0010112229607867735, 0.006422341393335485, -0.18767573900961487, -0.23348418022309295, -0.9540770171075, 0.9363733580471582, -0.3358581393295696, -0.10200119894181679, -0.29661886542612825, -0.9125154507358382, 0.2816607903874566
0.00020544806854504668, 0.0010082614347754486, 0.006410239828680135, -0.19249622728758847, -0.2276180946161468, -0.9545340253146347, 0.9351535717777751, -0.33733038246561337, -0.10814809409727295, -0.2973768647210382, -0.9134540032584662, 0.2777927001556511
0.0002030088901718626, 0.0010053772165154013, 0.006398144637081718, -0.21996498907459403, -0.19384632440857733, -0.9560538719626097, 0.9276657810145489, -0.3447212582125151, -0.1435390290863346, -0.30174758046433586, -0.9184720227909314, 0.25565120972577876
0.0002002245448475046, 0.001002923484631606, 0.006386042783330207, -0.24758756781354735, -0.16015529607173246, -0.9555368529807461, 0.9190676133871662, -0.35094147494352496, -0.17931760423137963, -0.3066188485514068, -0.9225997844702972, 0.2340822919581284
0.00019708660393630292, 0.0010008936660097455, 0.006373932247209156, -0.24817592598731955, -0.16321449195295862, -0.9548663463421853, 0.9191700950105762, -0.3508741585757806, -0.17892361856945094, -0.30583499832194627, -0.9220891250092237, 0.23710039928506985
0.0001939398525495067, 0.0009988241847461823, 0.006361825001159388, -0.22219671308244943, -0.20030104494844767, -0.9542054873495098, 0.9279687728474112, -0.3437408318699501, -0.1439312235945504, -0.2991698135096945, -0.9174539399326348, 0.26225119787459494
0.00019112316225957906, 0.0009962850562390954, 0.0063497289566521245, -0.19029214366421865, -0.22495234231327252, -0.9556073167088291, 0.9359395735445436, -0.33537507228939345, -0.10742753632166198, -0.2963207969969949, -0.9148333206517221, 0.2743610407700215
0.00018870909333202504, 0.0009934312838799106, 0.006337606007770532, -0.16429942025435088, -0.21266124591035765, -0.9632138365866318, 0.9396012332400188, -0.3309775173781957, -0.08719750847359216, -0.3002585935454974, -0.9193634088204841, 0.2541961831421928
0.0001866258883817599, 0.0009907348838589965, 0.00632539311116119, -0.1441591945213078, -0.164197978218483, -0.9758366413411265, 0.9401830553874785, -0.33032594059272685, -0.08331023546837407, -0.3086647841870423, -0.9294750114556567, 0.2019956783752409
0.0001847994953204289, 0.0009886546138554173, 0.006313029964456215, -0.13233487661999424, -0.12976718503649512, -0.9826738818741826, 0.9402245555910784, -0.3302853070571433, -0.08300241566200241, -0.31379175498016215, -0.9349182283119056, 0.1657185592400478
0.00018312191936451313, 0.0009870095878800713, 0.0063005728547445225, -0.1318509427103548, -0.16880884136711183, -0.9767901023160933, 0.9419982750006027, -0.3281413095729293, -0.07044523296612734, -0.30863340519503024, -0.9294228617954565, 0.20228337838207083
0.00018145339888837915, 0.0009848733801095116, 0.006288211970149411, -0.1334866790045, -0.22308221245153484, -0.9656167112348863, 0.9441779841858274, -0.3247266094142312, -0.055502822605024794, -0.30117974816899146, -0.9191229273748238, 0.25397599033530177
0.00017976335876611596, 0.000982048994242562, 0.006275986548130635, -0.13262077755774573, -0.25951550279155083, -0.9565894799603577, 0.945858767677339, -0.3215979023511753, -0.04388599789488202, -0.29624807335725345, -0.9106187418531274, 0.28811557753433414
0.00017808079190351534, 0.00097875650724792, 0.006263850246491227, -0.1294914136942432, -0.2783065228035926, -0.9517234121027178, 0.947033519895946, -0.3191640458762113, -0.0355221622852941, -0.29386984529373106, -0.905913787942816, 0.3048946094015726
0.0001764352406396271, 0.0009752198430222197, 0.006251755933679448, -0.12423328266545479, -0.27985396603839563, -0.95197050856145, 0.9477288453763848, -0.3176345780954526, -0.030303637399963036, -0.2938981577344605, -0.9059746312622139, 0.30468646243242553
0.00017485624731350082, 0.0009716629254620957, 0.006239656478143564, -0.11682924769248483, -0.26418447660419175, -0.957370089988703, 0.9479885768305615, -0.3170532244788629, -0.028194166884702502, -0.29608881282881105, -0.9108698124149933, 0.28748495569107657
0.00017337335426418618, 0.0009683096784641834, 0.006227504748331841, -0.1071355084899816, -0.23093842132022735, -0.9670519264128035, 0.9478736096485156, -0.3173024168230331, -0.02923690151427809, -0.3000959895641502, -0.9197753105168585, 0.25289479079476934
0.00017201610383073295, 0.000965384025925117, 0.0062152536126925464, -0.09512329235224634, -0.18076423728874955, -0.9789156499767924, 0.9474835908907461, -0.3180621500081311, -0.03333637240286291, -0.30532999237684844, -0.9306775807172009, 0.2015262675323788
0.0001708116962219352, 0.0009630952718523197, 0.006202859030587069, -0.08656610582775981, -0.14974795121899548, -0.9849273376384323, 0.9473499638580162, -0.3182956791029308, -0.03486985291938617, -0.3082764267666806, -0.936089425092559, 0.1694173336168703
0.00016971431641628573, 0.0009611969494542662, 0.006190373319695706, -0.08707369873546739, -0.17305373570229224, -0.9810558473134984, 0.9479641939339755, -0.3171258588108976, -0.028197104329325602, -0.30623856388056897, -0.932461041670338, 0.1916620665636132
0.0001686109305340915, 0.0009590040364207338, 0.006177941515519586, -0.08744333718238739, -0.20378098410431655, -0.9751035705502691, 0.9488113437764827, -0.31525916006676, -0.019201456066303257, -0.30349744101634946, -0.9268683684922457, 0.2209170223976646
0.0001675027509081007, 0.0009564214962064035, 0.006165583914072368, -0.08393477314567968, -0.22237611539143498, -0.9713412465042337, 0.9496162298219966, -0.31324433472316127, -0.010344216862626673, -0.3019668357877074, -0.9232696518716833, 0.23746406047463364
0.0001664385553514725, 0.0009536020250262161, 0.006153268433851728, -0.07659785874382216, -0.22893637501650813, -0.9704230542552883, 0.9503451834413668, -0.31119363471339684, -0.0015981313024423715, -0.30162360707619756, -0.922359288947732, 0.24140534738521835
0.00016546724610269438, 0.0009506989671329274, 0.0061409628563423345, -0.06638648769481423, -0.22511013994825857, -0.9720690608922915, 0.9509450329398, -0.30928775472693765, 0.0066805017096212265, -0.30215290595767713, -0.9239407500854397, 0.23459989717151636
0.0001646256353259436, 0.0009478451466294648, 0.006128639508236409, -0.05723660641818017, -0.21753806882975701, -0.9743721873573519, 0.9513272668521231, -0.30791395432478497, 0.012861884610888916, -0.3028207427330563, -0.9262106592681246, 0.22457384627045493
0.00016390017934462053, 0.0009450879200384087, 0.006116289647271753, -0.05017946113477462, -0.2079543155350536, -0.9768505639710563, 0.9515210988208905, -0.3071402544949938, 0.01650644018059395, -0.30346271629132426, -0.9286656377400306, 0.21328505128581673
0.00016326422622109333, 0.0009424523955922558, 0.006103909459176306, -0.045217686115512135, -0.19635919604702046, -0.9794888600643331, 0.9515721708416504, -0.30692123882368383, 0.017599910188532034, -0.30408183856006293, -0.9312585136720647, 0.20072821468649796
0.00016269112398690626, 0.0009399636814711871, 0.006091495129689604, -0.04235138241587533, -0.18275077592786892, -0.9822466667315427, 0.9515098060746645, -0.30719529936073076, 0.01612876295397388, -0.30468910277727157, -0.9339342599714571, 0.18689930096270663
0.00016215422067360335, 0.0009376468858553829, 0.0060790428445511805, -0.04252587510929371, -0.16892920256490512, -0.9847103505432315, 0.9513299206177783, -0.30795037123577285, 0.01174525406797976, -0.3052260344131222, -0.9362849424061752, 0.1738032638931289
0.000161614897458417, 0.0009355044857182423, 0.006066554514777428, -0.06514812669704755, -0.19179709145504742, -0.9792699307633467, 0.9504895599131413, -0.3107474430405364, -0.002371316067434302, -0.3038508155065386, -0.9309403323270257, 0.20254574683971696
0.00016078962060969056, 0.000933074857926073, 0.006054149418215388, -0.08799700975300474, -0.23771651496974966, -0.9673403665645129, 0.9498581925794268, -0.3125334825268694, -0.009603972582815968, -0.30004323065897365, -0.9196812930631262, 0.2532989911655042
0.0001596742757356261, 0.0009300618476295165, 0.006041888568416608, -0.046649339852993535, -0.20816379760080458, -0.9769808966708055, 0.9516958780968042, -0.30640045815358335, 0.01984224928850103, -0.30347783231206976, -0.9288630645104183, 0.21240200724918262
0.0001590831236462723, 0.0009274239439792757, 0.006029508022407903, -0.042945884599256225, -0.1656486762559315, -0.9852492918295577, 0.9513252009436064, -0.3080160336225268, 0.010319160869637566, -0.30518193433687124, -0.9368493150374313, 0.1708137812598901
0.00015853919424088466, 0.0009253259272118973, 0.006017029386411365, -0.05071836883150006, -0.13899713280362025, -0.9889931466574704, 0.9506481736243125, -0.3102281662721483, -0.005151197548066377, -0.3060975286535826, -0.9404457889340528, 0.14787163699768835
0.00015789659400185064, 0.0009235648376338513, 0.006004498872376963, -0.06125568036361232, -0.1297181186372535, -0.9896569866981197, 0.9499373872777996, -0.3119264775789376, -0.017911807195936973, -0.3063767319412798, -0.941209372181561, 0.1423313593083871
0.00015712004054992714, 0.0009219203688726387, 0.005991952745312849, -0.07457612782638356, -0.13784319094740588, -0.987642473705875, 0.9492289959211372, -0.31334246734553206, -0.02794300378205658, -0.3056185767602695, -0.9395827546667994, 0.15421262163576646
0.00015617425150587098, 0.0009201722145557599, 0.005979427270227173, -0.09063383282242977, -0.16326646176839854, -0.9824100828114215, 0.9485824005746851, -0.31456297092808694, -0.03523587150707766, -0.3032769982505822, -0.9350904767895585, 0.1833817399568256
0.0001550239444904391, 0.0009181000683107161, 0.0059669587121280905, -0.09267012519543591, -0.1987650486000554, -0.9756560374185564, 0.9494545782213375, -0.3127873483137963, -0.02645899902426616, -0.29991374058352926, -0.9287930502484618, 0.2177044281114972
0.0001538478651069391, 0.0009155775350204469, 0.005954576631618591, -0.015866011016474987, -0.21583397569222892, -0.9763011649236681, 0.9536226653652696, -0.29680300960050365, 0.05011771736344845, -0.30058623021699493, -0.9302277508379171, 0.21053325099605066
0.00015364803527293907, 0.0009128591411223612, 0.0059422802768815276, 0.08018539135153249, -0.21955704160516148, -0.9722988267479248, 0.9502830148690156, -0.27760621936002916, 0.14105665040715365, -0.3008861822438115, -0.9352697431512583, 0.1863813640912714
0.0001546575357686753, 0.000910095009918323, 0.005930039441848339, 0.14137363241490256, -0.22071863130018107, -0.9650371919541707, 0.9435435580228057, -0.2649443135710044, 0.19882169102000305, -0.2995647679075099, -0.9386627703831467, 0.1708015027016908
0.00015644915269197822, 0.0009072978600653354, 0.005917809601423445, 0.1672833589865207, -0.2209289413109559, -0.9608364484642572, 0.9396066190549902, -0.2594297350217334, 0.22323891689085887, -0.29858948279240755, -0.9401524426803207, 0.16418801810116707
0.0001585842707365652, 0.0009044780376273933, 0.005905545983264163, 0.15904953677230382, -0.22080935886124028, -0.9622611245871899, 0.9409233912072305, -0.26122365482752463, 0.21546548224167028, -0.29894216285362096, -0.9396836857144208, 0.16621718945572656
0.00016062427429958202, 0.0009016458893045141, 0.00589320381514128, 0.11303555190767113, -0.21150330814759116, -0.9708188886952877, 0.9473730858692858, -0.27159244695389906, 0.1694750097450959, -0.2995116027392512, -0.9388843876645402, 0.16967293957595703
0.00016207311272513166, 0.0008989349358495746, 0.005880760299039903, 0.011365297697881404, -0.15731472206298422, -0.9874831179470789, 0.9548770167202937, -0.2913995283534043, 0.05741252315275514, -0.29678394994943824, -0.9435774441441782, 0.14690437010092586
0.00016221679879945211, 0.0008969460803486529, 0.0058682760178140805, -0.13806211605260765, -0.055798183148647526, -0.9888505523426613, 0.9452264610972759, -0.3055887172331713, -0.11472782200192187, -0.2957799678013982, -0.9505272740206326, 0.09493214413626737
0.0001604773650634485, 0.0008962430834299364, 0.005855817567518018, -0.1936187747862214, -0.01728568742941157, -0.9809245511558853, 0.9345921953365411, -0.30736945863918624, -0.17905709790979552, -0.29841112322818497, -0.9514332456383613, 0.07566756655097841
0.0001580114739359848, 0.0008960229362705952, 0.00584332470286645, -0.13319116579710374, -0.058027148453535966, -0.989390197746046, 0.9463396127080551, -0.30403454963704984, -0.10956427358662467, -0.29445110081841586, -0.9508921298808544, 0.09540810530282809
0.0001563175911905579, 0.0008952849655129738, 0.005830741954045034, -0.0389958571057633, -0.10130212553352765, -0.9940911439556116, 0.9554118915202949, -0.2951836476196181, -0.0073980889146656546, -0.2926900078072346, -0.9500549950083768, 0.10829619471354662
0.00015582347498208158, 0.0008940013670516434, 0.00581814583272889, 0.05087631967040237, -0.13302217832384794, -0.9898063952969658, 0.9549053455511508, -0.2838093229290561, 0.08722413230515978, -0.2925190269617214, -0.949609060767919, 0.11258441531952172
0.00015646825471005006, 0.0008923155138981708, 0.005805601546852167, 0.008563010536189304, -0.13147527850858168, -0.9912824652901149, 0.956059043470104, -0.28943931193722633, 0.046647509090357524, -0.2930491089383947, -0.9481240086857816, 0.1232196571331743
0.00015657662024535276, 0.0008906516844687381, 0.005793056793516485, -0.05268298584480837, -0.12446065460405352, -0.9908249333045703, 0.9546207317490244, -0.29752327063344575, -0.013385139018135825, -0.2931275516177781, -0.9465671919558104, 0.13448713542736707
0.00015590874403183778, 0.0008890738636714618, 0.005780495842497857, -0.07149656081688777, -0.12652864265637212, -0.9893830119720537, 0.9535230319473681, -0.29976548913902057, -0.030569250352965212, -0.29271499677545665, -0.9455850855997994, 0.14208017649892116
0.00015500087144601447, 0.0008874671865855058, 0.005767932528917653, -0.05146387409136435, -0.13685127152210727, -0.9892538598086392, 0.9549002876548648, -0.2968015736118187, -0.008617803560338866, -0.2924327449178095, -0.9450823008523282, 0.14595387735687168
0.00015434781656698248, 0.0008857306016092061, 0.005755379314237344, -0.021663048205409284, -0.14549295094862214, -0.9891220923458904, 0.9560323806169069, -0.2924290352055418, 0.022075927630014643, -0.2924599110210146, -0.9451545167817895, 0.14543087654470904
0.00015407310818747128, 0.0008838856104331528, 0.005742836290534003, 0.002884281545110056, -0.14742322117684103, -0.989069297257686, 0.9562392709013231, -0.28896938241411096, 0.04586014406119342, -0.29257159415444733, -0.9459191772477455, 0.1401384044752681
0.0001541096741465018, 0.000882016628025788, 0.005730297200006183, 0.02202978239271161, -0.14265548460655628, -0.9895272110454559, 0.9560034468939003, -0.2865982019193046, 0.06260095992557331, -0.29252708971087016, -0.9473705100794991, 0.13006543897976286
0.0001543888840431858, 0.0008802085836970531, 0.005717755732939607, 0.03574629479671823, -0.13160798368280469, -0.9906571258711324, 0.9556970219821825, -0.28531234224968854, 0.07238832457229921, -0.292173586387774, -0.9493556793904713, 0.11557849897953658
0.0001548417237791806, 0.0008785413528714628, 0.005705205931235907, 0.04301088913231648, -0.12731389585696232, -0.9909294805069481, 0.9554674612625168, -0.28459154278511395, 0.07803578822405623, -0.29194518986379736, -0.9501572636658162, 0.10940374956316683
0.00015538656127770704, 0.0008769286127968977, 0.005692653399766152, 0.04258166868594169, -0.14543412010015624, -0.9884511713800607, 0.9552687580877784, -0.2838765399907682, 0.08291990029120454, -0.29265748121883745, -0.9477673906363119, 0.1268407345180667
0.00015592659122004528, 0.0008750841857954347, 0.005680117647984758, 0.0477758383014373, -0.17645794066432174, -0.9831480379124508, 0.9546863067571599, -0.28139774359843406, 0.09689873883639522, -0.29375419139983155, -0.9432273877884467, 0.1550179665742473
0.00015653350247388665, 0.0008728425859862771, 0.005667628414313202, 0.12602984936381986, -0.16910457031498277, -0.9775070953031072, 0.948004975887919, -0.2697451174898386, 0.16889090349139385, -0.29223798993470884, -0.9479668854390316, 0.1263160375801219
0.00015812784015531735, 0.0008707033325481727, 0.0056552624835136765, 0.22659783968736336, -0.13740332756531465, -0.9642477610152896, 0.9315305477735852, -0.2585391059236329, 0.25575059975071995, -0.2844367374543316, -0.9561787784102863, 0.06941099411583328
0.00016100172134087408, 0.0008689606820512939, 0.005643033181140713, 0.18202554092072673, -0.16176425646469064, -0.9698964005412859, 0.9388361756779433, -0.2646484555056311, 0.22033572165424745, -0.29232402858973267, -0.9506805564062567, 0.10369735763344881
0.000163303920942991, 0.0008669147405587649, 0.005630766248181051, 0.09105421410631014, -0.19858375686475974, -0.9758450807392329, 0.9486595036252129, -0.28076717371469034, 0.14565349410786393, -0.30290968336295704, -0.9390070743470162, 0.16282333386591197
0.00016445825467215034, 0.0008643972082197945, 0.005618395037225166, 0.0732530363820464, -0.1982153534412474, -0.9774173450072247, 0.9500617644208572, -0.2842225238697337, 0.1288417661732656, -0.303342440892036, -0.9380448979581307, 0.16749666554406867
0.00016538867103323504, 0.000861879595067241, 0.005605980465293161, 0.12738340104960352, -0.1632274283638817, -0.9783303510403577, 0.9456018710311163, -0.2777082808690997, 0.1694556350174922, -0.2993502474351544, -0.9466968455458395, 0.11897273634773958
0.0001670026563248761, 0.0008598114553692821, 0.005593584730967224, 0.15892846970533459, -0.151294790145726, -0.9756288372080242, 0.9416576944711553, -0.27372698854431565, 0.19584259543247592, -0.29668590792349564, -0.9498333655000866, 0.09896489186772389
0.00016901800618504607, 0.0008578929071398179, 0.005581212917129901, 0.14483435033795664, -0.17785220610639135, -0.9733404356879825, 0.942476669021567, -0.2747190505636251, 0.19043941715787763, -0.30126523083853163, -0.9449328209140109, 0.12783279957544602
0.00017085499953163532, 0.0008556371348141831, 0.005568867641992111, 0.13513986222162278, -0.21132983017883109, -0.9680273345909749, 0.9423323491157624, -0.2744926761903374, 0.1914771906202815, -0.30618125587417966, -0.9380796733723917, 0.1620480328694463
0.00017256851945859943, 0.0008529575562707366, 0.005556593438804399, 0.13189070869335787, -0.2502078621725449, -0.9591667564440548, 0.9411456595720454, -0.2721758910052307, 0.20041240436711621, -0.3112068258073134, -0.929148163676038, 0.19958457232056517
0.0001742402366083675, 0.0008497861670322943, 0.005544435982588413, 0.15202268670324973, -0.2644230647811136, -0.9523494870788185, 0.9377436139080356, -0.26585924744115924, 0.22350788604592348, -0.3122915581667597, -0.9270379190528204, 0.20754440328757098
0.00017616679135768815, 0.0008464351835552138, 0.005532367037701744, 0.17891504592532081, -0.2584660885318161, -0.9493074778071664, 0.93366944107386, -0.25965157929140287, 0.2466625877110395, -0.31024310007857747, -0.9304710304198319, 0.19486631418254408
0.0001784339845525416, 0.0008431599276705616, 0.005520337510266661, 0.14551961121892568, -0.31734653142954933, -0.9370780232938594, 0.9356206109788232, -0.26375938951924977, 0.2346168296436689, -0.3216179644583095, -0.9108908625241923, 0.25853379180994285
0.0001802783936367462, 0.0008391376737591702, 0.00550846038109971, 0.15548464995176267, -0.312023595643925, -0.9372650635710339, 0.9344250497027131, -0.26131010855934195, 0.2420058959050109, -0.3204283853179364, -0.9134321556230334, 0.2509329531097876
0.00018224854463036802, 0.0008351840127567365, 0.005496584265374753, 0.169107742144293, -0.29263664937354006, -0.9411516153045092, 0.9333092006401316, -0.2593485196904512, 0.24833904512752422, -0.3167593843082446, -0.9203815169688054, 0.22926263471150826
0.00018439207282458622, 0.0008314746917011783, 0.00548465468133053, 0.1705066927964083, -0.28120590511324617, -0.9443784763753732, 0.9337315153672341, -0.2600411431415236, 0.24601638377079355, -0.3147585184258561, -0.9237433857966669, 0.21823206060354738
0.00018655644775915795, 0.0008279051250026594, 0.005472666946013556, 0.17561871479178823, -0.27446127898639033, -0.945425339914282, 0.9332500455868166, -0.259284116572976, 0.24862843623603506, -0.3133726526471085, -0.9259820480063996, 0.21060585780739444
0.00018878719499285546, 0.0008244188579520102, 0.005460657947062722, 0.1917838515169073, -0.2707832136781304, -0.943342676596095, 0.9305402286375338, -0.25534447586815945, 0.2624768209400999, -0.31195165840967604, -0.9281571256170794, 0.2030037265216921
0.00019122156331140129, 0.0008209817277069021, 0.005448683823551936, 0.21901685649548702, -0.2700122635824471, -0.9376166562545263, 0.9250324637756951, -0.24823747604410007, 0.2875640736398101, -0.31039741869400683, -0.9303072250618813, 0.19540191776377092
0.00019399730133180449, 0.000817559692901027, 0.005436800819462784, 0.2571906646101661, -0.2718977519657109, -0.9273211819609072, 0.9157561848646301, -0.23788255397535707, 0.3237321429767809, -0.30861557303473625, -0.9324609927445513, 0.1878108758573031
0.00019725215767107417, 0.0008141187121680747, 0.005425065178776839, 0.30360483608705624, -0.27588972816951995, -0.9119807900362266, 0.9021137958611805, -0.22478767093700183, 0.3683221447478424, -0.30661833412482714, -0.9345348366354603, 0.18063730592889538
0.00020109453249936616, 0.0008106270953659006, 0.005413523294014119, 0.3385271248067143, -0.2804028945761489, -0.8982057684536524, 0.890016965448456, -0.2143983006167346, 0.40237192981938785, -0.30540004417815864, -0.9356321848921045, 0.1769836930623986
0.0002053853786647744, 0.0008070729763698278, 0.005402138496475318, 0.35281950305114995, -0.28521992117276845, -0.8911610375420029, 0.8842861244744823, -0.20969597445899746, 0.41721175481713335, -0.30586998598855675, -0.9352417841723557, 0.17823118921633466
