0.003044010140001774, 0.012459225952625275, 0.07277987897396088, 0.11791282143051698, 0.4155110310953477, -0.9019130499002529, 0.9612905555548924, -0.27553379715721105, -0.0012627054665065546, -0.2490321953950157, -0.8668516076366299, -0.4319157973431035
0.0030574323841758098, 0.012505184518180435, 0.07273436171913086, 0.07683604539477662, 0.31066767280052116, -0.947407947615387, 0.962166116193948, -0.27223175645283715, -0.011235462912464793, -0.26140502477256633, -0.910700536870003, -0.31983111976219963
0.0030622565723601868, 0.012516127653403418, 0.07268228443223532, 0.032094993987007644, 0.19984876015533762, -0.9793009672339491, 0.962580410100977, -0.2699712979006087, -0.02354681294137126, -0.26908895453141346, -0.9419001918325717, -0.20103522869128138
0.003060867417085498, 0.012507420028086587, 0.0726273646651003, -0.012354872669347667, 0.08970448065495298, -0.9958917929533053, 0.9623317466788514, -0.2694558797148125, -0.03620964265423932, -0.27159706635999475, -0.9588256541402831, -0.08299637646971658
0.0030555055679961107, 0.012492975643451634, 0.07257289995616804, -0.05322533235363111, -0.01370808188897153, -0.9984884338272381, 0.9616406021611286, -0.27015948113990257, -0.04755215058649281, -0.26909926843272425, -0.9627179977756435, 0.027561576294340494
0.0030474827343611004, 0.012477354359332594, 0.07251947953086176, -0.09015200782017552, -0.10853066001891457, -0.9899968238948293, 0.960792783834494, -0.2711837166673289, -0.05776346895796, -0.26220191078166144, -0.9563892971224388, 0.12872323151666523
0.0030377420374281578, 0.012461404468537796, 0.07246661800124544, -0.12323321317104456, -0.1939965628752725, -0.9732311692317095, 0.9599334894216948, -0.2720197861556561, -0.06732705122400794, -0.2516769180084438, -0.9425341211502168, 0.21974566983073746
0.0030272256691790734, 0.012445964906456199, 0.07241382727012116, -0.14748142758141938, -0.23157520135998053, -0.9615727505673354, 0.9583031195744482, -0.27403796390182655, -0.08098348815914128, -0.2447536711316648, -0.9334217270106936, 0.2623347480070972
0.0030168757846915305, 0.012431874562322913, 0.07236061926385028, -0.1617641258179902, -0.2346125667217476, -0.9585349816958038, 0.9564918034256314, -0.27627011844214494, -0.09379899591971352, -0.24280814973539225, -0.9320041658663318, 0.26909559124942684
0.0030073203264986835, 0.012419579357787971, 0.07230670650029487, -0.1697444726172942, -0.22788730233216667, -0.9587774462572867, 0.9550630473873283, -0.27791999697811864, -0.10302936860387145, -0.24298434009439074, -0.9331815754264816, 0.2648221247430873
0.0029981282666503915, 0.012408212758476605, 0.0722524729499212, -0.17366975580859537, -0.218988301691792, -0.9601473530867684, 0.9540879653125574, -0.2790142092637851, -0.10893679577924599, -0.24403887059877832, -0.934984061228345, 0.2573904327783442
0.0029889413881090928, 0.012397195527902841, 0.07219818067837248, -0.1753862890540314, -0.20964307352549916, -0.9619196595010614, 0.9533980732990112, -0.279816532754391, -0.11284866781244755, -0.24550308234641183, -0.9368844591090691, 0.2489492856754523
0.0029796499309948958, 0.01238641977408715, 0.07214387140680768, -0.1767880737278512, -0.20157944319829324, -0.9633855433145455, 0.9527926487266623, -0.2805284661317234, -0.116146236366977, -0.2468443751030738, -0.938439932957698, 0.2416574987670037
0.002970151441538796, 0.012375791465368073, 0.0720895803769539, -0.1797877088861733, -0.1965279128204005, -0.9638740370068682, 0.9520412830606223, -0.2813653940170866, -0.12021193949809521, -0.2475757966396245, -0.9392605040839664, 0.23768872582894765
0.0029603434659717875, 0.01236521657008414, 0.07203534283053811, -0.17790166663560306, -0.19701570765451878, -0.9641243736913117, 0.9523984491869651, -0.28095597917956067, -0.11832553295683108, -0.24756451885223496, -0.9392808678455256, 0.2376199913829178
0.002950123550524867, 0.01235460105657389, 0.07198119400928746, -0.164746187305635, -0.20315071533250664, -0.9651883135575914, 0.9548780237036435, -0.27801805463838686, -0.1044697139984158, -0.2471166801656264, -0.9388480964218747, 0.23978656807448942
0.0029393892414290284, 0.01234385089317586, 0.07192716915492899, -0.15211755870437949, -0.2119101563827517, -0.965377819278886, 0.957206722960434, -0.2748949764159557, -0.09048779730227749, -0.2462022295860998, -0.9378309216287918, 0.24465817906566004
0.002928038084915268, 0.012332872048228583, 0.07187330350918975, -0.14022830257176175, -0.22272127653487633, -0.9647441402447167, 0.9593386813330572, -0.27162672013017863, -0.07673473404835982, -0.24495982865766658, -0.9362767528300576, 0.2517548896327734
0.002915967627214581, 0.012321570490070594, 0.07181963231379682, -0.12861010122679875, -0.23511615954507606, -0.9634209014668547, 0.9613248499791727, -0.26813998987199267, -0.06289259609818068, -0.2435446051033646, -0.9342490767200266, 0.2605085180427392
0.0029074937116031143, 0.01230903447044999, 0.07176572342180665, -0.11678984615653991, -0.2486203916194811, -0.9615342077667896, 0.963192685598263, -0.26437611132985467, -0.04863252171242905, -0.24211563816642934, -0.9318225006024915, 0.2703457880681379
0.0029057925330027777, 0.012294306007854621, 0.07171134262546959, -0.10429445985917563, -0.2627546240369233, -0.9592094000737784, 0.9649480746821434, -0.2602784191756718, -0.03362079235588886, -0.24082748765435252, -0.9290937261970013, 0.28069016571918637
0.0029037676355475584, 0.012278446162480404, 0.07165731948486975, -0.09065458616120434, -0.27703515423526115, -0.9565737134825448, 0.9665900909294932, -0.25572613629612867, -0.017542500733013163, -0.23976101043508874, -0.92620498084004, 0.2909621819794566
0.002901189635699264, 0.012261668063909428, 0.0716036442469713, -0.0754080058826403, -0.29097379724467504, -0.9537546235619613, 0.9681036935188662, -0.2505498508265809, -0.00010414368572954331, -0.2389327755749154, -0.9233412270486967, 0.300586272454805
0.002898223908417962, 0.01224413419772768, 0.07155025940407472, -0.058103606426043564, -0.30407715768623583, -0.9508738365807251, 0.9694404907175611, -0.24459135649034142, 0.01897902230118629, -0.2383466086974632, -0.9207128491031691, 0.30899634887607264
0.0028950358286637177, 0.012226007049521148, 0.07149710744848052, -0.04616150788129184, -0.3147135604714979, -0.9480635474721503, 0.9701816218185422, -0.2401910960078798, 0.03249396996485096, -0.23794271553394655, -0.9182938594229444, 0.3164168956779096
0.0028917907713966, 0.012207449104875834, 0.07144413087248923, -0.045008837154070364, -0.3211503925585224, -0.9459580487196805, 0.970289171925881, -0.23938787951133345, 0.03510507066586404, -0.23772489861481988, -0.916272813359959, 0.32238331854486413
0.0028886541115766768, 0.01218862284937773, 0.07139127216840138, -0.04161711038109388, -0.32465221819287937, -0.9449174320256616, 0.970436191567788, -0.2381714239801473, 0.03908926828013421, -0.237742747983898, -0.9153552916882669, 0.32496626864853656
0.002885791224164014, 0.012169690768612821, 0.07133847382851748, -0.03527990928142451, -0.3252844046724063, -0.9449578742346205, 0.9706515397697713, -0.23622779474748162, 0.04507790291610525, -0.23788845357365832, -0.9156344713179273, 0.3240719034268067
0.0028833674841186787, 0.012150815348167107, 0.071285678345138, -0.025995697827377443, -0.3230285772531422, -0.9460321146622235, 0.9708993274018646, -0.2335354392792887, 0.05306311950155816, -0.23807292946715858, -0.9171225310057759, 0.3196991450981453
0.0028815482664007403, 0.012132159073626577, 0.07123282821056351, -0.015141914673626654, -0.3179491791298618, -0.9479868363593789, 0.9710868658656386, -0.23058183129485899, 0.061824898058632026, -0.23824571635869482, -0.9196414184710018, 0.3122477222805254
0.002880498945970265, 0.012113884430577222, 0.0711798659170945, -0.009664547860605726, -0.3107237335122828, -0.9504511339079132, 0.9711265106657906, -0.22949605177952986, 0.06515260930840323, -0.2383692446536175, -0.9223786227194315, 0.30397003068307354
0.00288038489778732, 0.012096153904605045, 0.07112673395703152, -0.010046180751021119, -0.3023204320305647, -0.9531534140048864, 0.9711032408991027, -0.23025040688120335, 0.06279526770625098, -0.23844825385726195, -0.9249795168045037, 0.295897488540423
0.0028813714968119733, 0.012079129981296028, 0.07107337482267503, -0.014666787831697939, -0.2936749544847727, -0.9557928156473382, 0.9710299915598206, -0.23219581620387908, 0.05644340908156705, -0.238507108544032, -0.927275646205475, 0.28857275534634974
0.0028836241180042917, 0.01206297514623617, 0.07101973100632561, -0.021930119756057537, -0.28570819450846857, -0.958065706221758, 0.9708772821079266, -0.23476324528186865, 0.04778620879972505, -0.23857152582445945, -0.9291162716557259, 0.28253598144369696
0.002886533454524279, 0.012047796159421791, 0.07096577674891627, -0.030260089328965213, -0.279357696759157, -0.9597101667978838, 0.970632510043835, -0.2374635065671138, 0.03851770365500644, -0.23865635847344954, -0.9303603389602705, 0.2783393293264953
0.002886366029714393, 0.012033361107870356, 0.07091164962708603, -0.0383933407102905, -0.2754447785750619, -0.9605499077845141, 0.9703227211730824, -0.23994276896321354, 0.030021398993559018, -0.23874624219947022, -0.9308907785438639, 0.2764825315596464
0.002883022854759336, 0.012019305079530158, 0.0708574604626793, -0.046414078029253916, -0.27418090614150886, -0.9605574236182424, 0.969968113520302, -0.24221067291569656, 0.022267659948721225, -0.2387626271311337, -0.9306765392085193, 0.27718872136559364
0.0028775652627855233, 0.012005261373854307, 0.07080329893593702, -0.05476837513351051, -0.2755990616086981, -0.9597111973534748, 0.9695699230929744, -0.24436418812894417, 0.01484276906663711, -0.23860970080597863, -0.9296941974652133, 0.2805959904930832
0.002871054586919373, 0.01199086329029593, 0.07074925472710034, -0.06389652392514839, -0.2797158654114124, -0.9579542102143649, 0.9691082252452432, -0.24652651151357532, 0.007343492558857573, -0.2382152010101327, -0.9278920808790706, 0.28682713304290175
0.002864552160287305, 0.011975744128308154, 0.0706954175164103, -0.07286064254507325, -0.28645043786190616, -0.9553206128921543, 0.9686328592564712, -0.24849543462500293, 0.0006347748924655615, -0.23757464245275056, -0.9253086866658354, 0.2955708436977413
0.0028589387747398314, 0.011959617836750385, 0.0706418563162745, -0.07521207117907588, -0.29522907743199406, -0.9524615142816046, 0.9686311751858563, -0.24850222760477236, 0.0005378973255294507, -0.23684761093796264, -0.9225434595259562, 0.3046584554527576
0.0028543286561749197, 0.011942540796364394, 0.07058855238488862, -0.07091430027505762, -0.30514041469619696, -0.9496633557927419, 0.9691257219160463, -0.2464725538754252, 0.006827540320463375, -0.2361493111088849, -0.9198590150154309, 0.31319785337329586
0.002850632614723149, 0.011924660255538634, 0.07053546369401051, -0.06202075491469299, -0.31520810205579874, -0.9469938111509455, 0.9698799456654795, -0.2429646422588115, 0.017351472789775713, -0.23555533735353604, -0.9173941546633209, 0.32078286742566686
0.0028477614590075124, 0.011906123463335, 0.07048254821522539, -0.05058371738613189, -0.3244709867235648, -0.9445421463915923, 0.970649130417708, -0.23862280970094915, 0.02999033693995524, -0.23512029507200644, -0.915301990309789, 0.3270179098768014
0.002845625997650999, 0.011887077668815386, 0.07042976392011849, -0.03864350272912667, -0.3320049472215237, -0.9424857530579744, 0.9712576321132894, -0.23417516011191197, 0.042668565106488664, -0.23487292683174502, -0.9137476180034583, 0.3315116873271531
0.002844137039276602, 0.011867670121041698, 0.07037706878027507, -0.027920654617481878, -0.3370612553667102, -0.9410686198021633, 0.9716417108151318, -0.23029010218913318, 0.053654959118075385, -0.23480379649821473, -0.912883442156958, 0.3339326252190538
0.0028432053925073115, 0.011848048069075834, 0.07032442076728039, -0.018783439355829545, -0.33950400851988416, -0.9404170407882326, 0.9718512033109103, -0.22713041669206366, 0.06258604026797984, -0.23484552588691474, -0.9127698516122342, 0.33421366961672666
0.002842741865966119, 0.011828358761979694, 0.0702717778527197, -0.011235891425291479, -0.3393519557123739, -0.9405923691472657, 0.971948334634756, -0.2247038617050494, 0.06945940782616888, -0.23492592352612582, -0.9134267483980448, 0.33235731640265104
0.0028426572682760153, 0.011808749448815173, 0.0702190980081782, -0.00527897522690023, -0.33661536664661273, -0.9416274355380265, 0.9719826926977915, -0.2230094037339088, 0.07427281428757865, -0.23499314355211398, -0.9148534859657108, 0.32836157159430607
0.002842862408059993, 0.011789367378644179, 0.0701663392052412, -0.000907857291576635, -0.3312743396042446, -0.9435340416301417, 0.9719894761160192, -0.22204435562021674, 0.07702442766362615, -0.23502262468716623, -0.9170352316334277, 0.3221967563899132
0.002843268093941042, 0.011770359800528603, 0.07011345941549388, 0.0019208322786921012, -0.32311890199450266, -0.9463564262883325, 0.971990047399867, -0.2218047118709748, 0.0777046816314055, -0.23501416586870114, -0.9199982853058482, 0.3136423072153019
0.002843785134542155, 0.011751873963530349, 0.07006041661052154, 0.003364394025865676, -0.3121615426976694, -0.9500230797793545, 0.9719956391992122, -0.22221317837013166, 0.07645770553946125, -0.2349748033950739, -0.9236755245318863, 0.30267204553805627
0.002844324338486322, 0.011734057116711313, 0.07000716876190939, 0.0039828469455877, -0.29980526585895734, -0.9539921066200956, 0.9720091655311248, -0.22294437713559984, 0.07412143298065685, -0.23490917192330865, -0.9275842858020285, 0.29052551295789164
0.002844796514396534, 0.011717056509133395, 0.06995367384124268, 0.004443538790826265, -0.2878482579147134, -0.9576657221486415, 0.9720286856472894, -0.22364030879646957, 0.07173037404212303, -0.2348201210327121, -0.931197289889143, 0.27880300941937136
0.0028451149359439414, 0.011701031349993382, 0.06989988658520191, 0.005416003258066863, -0.27812416872096335, -0.9605298609007332, 0.9720444626506651, -0.2240117417347291, 0.070344169588905, -0.234734380819871, -0.9340587167508508, 0.26913580981145124
0.002845214236134943, 0.01168624448156712, 0.06984573370042026, 0.0075708512936670655, -0.2724902787299378, -0.9621287492889763, 0.9720397060420709, -0.22381381921399193, 0.07103649911482801, -0.2346944653977456, -0.935765153404703, 0.26317690929323395
0.002845092916660994, 0.01167282667046117, 0.0697911820987159, 0.010896699766559985, -0.2721433632023958, -0.9621950175505412, 0.9720010984553603, -0.22299383570503808, 0.07407843032305259, -0.23472351082874152, -0.9360618244018092, 0.2620937510925934
0.002844976230303554, 0.011660115587501267, 0.06973643240432868, 0.011322165966436159, -0.2742595640999165, -0.9615890494684058, 0.9719798916509268, -0.2227829837384799, 0.074985547826451, -0.2347911812314961, -0.935494218932594, 0.2640523954816823
0.0028451501119500333, 0.01164723645904741, 0.06968174784261559, 0.00750593634877598, -0.2773363548234555, -0.9607435699565032, 0.9719971744641445, -0.22364159530613995, 0.0721521287464496, -0.23487263304448147, -0.9343816046681159, 0.2678915136852776
0.002845900497163702, 0.011633314509093464, 0.06962739163963086, 0.0005708272410483831, -0.2815383807551369, -0.9595497977270573, 0.9720074922205764, -0.22528928419351416, 0.06667963328213652, -0.23494916306155908, -0.9327276551005389, 0.2735288141811084
0.0028475133215078293, 0.011617474961633303, 0.06957362702142875, -0.008372120134682064, -0.2872321870380813, -0.9578243984853232, 0.9719631788618673, -0.22742668318885173, 0.0597049638677668, -0.23498401337364236, -0.9304701900131129, 0.28108315309846926
0.0028498950351024377, 0.011599205112933345, 0.06952061206024474, -0.018328261808628454, -0.29454829937489146, -0.9554608176971119, 0.9718434579551015, -0.2297744170790045, 0.052192053857599674, -0.23491353313282162, -0.927601755383938, 0.29046620347243807
0.002850671059746485, 0.011580247398162873, 0.06946784783570979, -0.028710108707113723, -0.3022124443102279, -0.9528081486648102, 0.9716437445760863, -0.2322461724793894, 0.044386360459436454, -0.23470015612305636, -0.9245157401973809, 0.3003106439057761
0.002849004891806197, 0.011561587624899066, 0.0694150366681364, -0.03902516141343043, -0.30861026260142516, -0.9503876801567532, 0.9713576696974426, -0.2348229612518984, 0.03636556597721879, -0.2343956362576098, -0.9217471902240706, 0.3089349494916713
0.0028454374494847074, 0.011543274372818248, 0.06936214325827847, -0.04771273659596633, -0.31300211414216594, -0.9485531989873095, 0.971037712547269, -0.23711080514941227, 0.029397736177549667, -0.23411376631349834, -0.9196782821312744, 0.3152500623292195
0.0028405223178274742, 0.011525347594170638, 0.06930913472248498, -0.05150284972750112, -0.3160094537375034, -0.94735710353513, 0.9708840038136723, -0.23806537453779203, 0.026629468355821674, -0.23394808742257192, -0.9184023642144578, 0.31906956889778
0.0028348130818799514, 0.01150784724120643, 0.06925597817710481, -0.04823687029883832, -0.31748675140498844, -0.9470350400202097, 0.9710467089020931, -0.2369994517374507, 0.029992482500812597, -0.2339690010966983, -0.9181685153382546, 0.31972657688618616
0.002828863326687597, 0.011490813266175844, 0.06920264073848699, -0.03775253320547453, -0.31650330039694097, -0.9478398636238156, 0.9714565152233706, -0.2339198600478307, 0.03941748476587847, -0.23419433226838457, -0.9192971010032867, 0.31630026054418364
0.0028232366262194264, 0.011474277989168153, 0.06914909259915486, -0.022083619236819913, -0.31292742062181056, -0.949520270022912, 0.9718604191911068, -0.2295095499985839, 0.0530348194032357, -0.23452001912649048, -0.9216299668969256, 0.30919017569528723
0.0028191049827489306, 0.011457808853081106, 0.06909549132233497, -0.004087688162466737, -0.3082305060592449, -0.9513029201783985, 0.9720505052557913, -0.22453376501451702, 0.06857407382069715, -0.23473624781325786, -0.9244341747809129, 0.30053344316346114
0.00281858834414863, 0.011440249018471887, 0.06904228641577184, 0.014004472025396023, -0.3039728098818808, -0.9525777688020037, 0.9719625225060621, -0.21949295879380087, 0.0843308714741864, -0.23471840491734522, -0.9270509003784296, 0.29237629606484933
0.002822809945231618, 0.011421223558762569, 0.06898966694351426, 0.03332217137552148, -0.30111394241934825, -0.9530057851742023, 0.9715490466733426, -0.21395252608856463, 0.10157148462260993, -0.23448258528713684, -0.9292764444776375, 0.28541760095702073
0.002829493730818178, 0.01140297538222534, 0.06893693298141854, 0.053156852990391655, -0.29886385433144425, -0.9528141190989516, 0.9707647848929853, -0.20819395178524797, 0.11946133622104606, -0.23407281215859704, -0.931308582057631, 0.2790595699738158
0.0028366126794334245, 0.011386494698248352, 0.06888372568235711, 0.0601445692144023, -0.2903446141753175, -0.9550301753418057, 0.9705016445673507, -0.2067732765789601, 0.12398132917850387, -0.2334720297724797, -0.9343151594147378, 0.2693436359035265
0.002843099831668819, 0.011370930729799887, 0.06883022381599, 0.052374935596290244, -0.2771092109282095, -0.9594098974578226, 0.971106240486989, -0.20986029337853815, 0.11362802009319838, -0.23282941353813277, -0.9376401988405889, 0.2581110646788901
0.002848287054513313, 0.011355415810104113, 0.06877661315171558, 0.03684197880013063, -0.2659502406606566, -0.9632824809424438, 0.9719232120101597, -0.21463136652491266, 0.09642948957400317, -0.23239608119317529, -0.9397892561612884, 0.25057576788242647
0.002853396426275523, 0.011339441627347851, 0.06872298553117816, 0.013567264037064031, -0.25539993851453063, -0.9667402964360815, 0.9725762932422691, -0.22113618046919387, 0.07207040662174753, -0.23218803407944277, -0.9412064922716322, 0.24539571254619222
0.002858594339341643, 0.011323510331198714, 0.06866925019518849, -0.013973253567114183, -0.24672690157190924, -0.9689843054588009, 0.9725707150244185, -0.22838347612809654, 0.04412699976815012, -0.2321873219227103, -0.9417891610505892, 0.24315061930002796
0.0028569213671452614, 0.01131178801393349, 0.06861470371606321, -0.042181113236382614, -0.2414555833550238, -0.969494690523277, 0.9717392479186023, -0.23548852500238857, 0.016370358786191752, -0.23225758919942466, -0.9414055214724868, 0.2445650351141527
0.002848352736880555, 0.011303060476456036, 0.06855970961746884, -0.06913075021091558, -0.2380507067428138, -0.9687893477916253, 0.9702067182768617, -0.24208244696807946, -0.009747444813358888, -0.23220650978324978, -0.940599781995081, 0.24769373614423051
0.0028391025263501154, 0.01129202063659962, 0.06850538541830269, -0.09363859933665453, -0.23495993371236112, -0.9674841819193492, 0.9681960527619815, -0.24794070187773437, -0.033493458592609965, -0.23200908630997172, -0.939850646593521, 0.25070410041990293
0.002830356710131686, 0.011279056923119096, 0.06845154278600514, -0.11784573023057347, -0.23122252702459423, -0.9657372970237733, 0.9656143678710752, -0.25362941442657655, -0.05710527732684406, -0.2317353586040913, -0.939259422701733, 0.2531609378214588
0.002821714383060375, 0.01126569547652181, 0.06839777231341726, -0.14204482637249058, -0.2276589925406141, -0.9633247896821724, 0.9624436042052952, -0.2592245180955193, -0.08065331947580937, -0.23135595091790953, -0.9386021693633243, 0.25593044297490564
0.0028131269032352973, 0.011252089049815525, 0.06834403814683142, -0.154258901137726, -0.23194784359894613, -0.9604188613670496, 0.9608039682070166, -0.26183822760472786, -0.09108500009587132, -0.23034740306205193, -0.9368249251672446, 0.263247285813083
0.002804575622996922, 0.011238273889075247, 0.068290336114169, -0.154402490797266, -0.24187377100645868, -0.9579441266246771, 0.9611318713851937, -0.2613785198626788, -0.08892016172944554, -0.22887856309229948, -0.934440125558353, 0.2728300846741317
0.002796041894685713, 0.011224286240375988, 0.06823666204335131, -0.15346304214185, -0.24767756669684535, -0.9566111632485261, 0.961510365390792, -0.2607160116983666, -0.08674663388375724, -0.22791865202881975, -0.9331039514433678, 0.27815481994410757
0.002787507070642136, 0.011210162349792744, 0.06818301176229966, -0.1535684270627487, -0.2499485402434189, -0.9560033815001164, 0.9616068343408914, -0.26048723042555605, -0.08636375937922453, -0.22744017753766058, -0.9325621319866079, 0.28035483877798545
0.002778952503206657, 0.01119593846340052, 0.06812938109893539, -0.15406345806317828, -0.2513715201832821, -0.9555505270420613, 0.9616027612726171, -0.2604489689580224, -0.08652435542424686, -0.22712239079952823, -0.9321902667424977, 0.2818452167202018
0.002770359544719741, 0.011181650827274325, 0.06807576588117985, -0.15489660351786005, -0.25215774745532865, -0.9552086225620482, 0.9615105880638062, -0.26058797993615884, -0.08712803081664133, -0.22694587738010225, -0.9319390404479505, 0.2828165370503091
0.002761709547521854, 0.011167335687489163, 0.06802216193695433, -0.1560679642270809, -0.2523076915213897, -0.9549783344878363, 0.9613381238101829, -0.26086851687068685, -0.08818519498649177, -0.22687397878807522, -0.9318199642124199, 0.28326622114899724
0.0027529838639534614, 0.011153029290120041, 0.0679685650941802, -0.15757745392065922, -0.2518213061491553, -0.9548588250548957, 0.9610895189161751, -0.26126681438839794, -0.08970277770957664, -0.22688385276470827, -0.9318399441259598, 0.28319257738501974
0.002744163846355029, 0.01113876788124196, 0.06791497118077874, -0.15942478721521555, -0.25069803372559235, -0.9548477538893333, 0.9607626627569054, -0.2617818567715681, -0.0916807794332653, -0.22697762681296169, -0.9319982593070397, 0.28259582724273197
0.002735230847067021, 0.011124587706929926, 0.06786137602467131, -0.16160945928513626, -0.2489368244685708, -0.9549412757301204, 0.9603547560594027, -0.2624125095963016, -0.09411916553739809, -0.2271588104909231, -0.9322929433557218, 0.2814760071222306
0.0027261662184299043, 0.011110525013258946, 0.06780777545377921, -0.16413071453979508, -0.2465361753303323, -0.9551340339440052, 0.9598625693465259, -0.26315646637490625, -0.09701815382988106, -0.22743121270428543, -0.9327210668032349, 0.2798329055513193
0.002716951312784143, 0.011096616046304016, 0.06775416529602378, -0.16695377386508, -0.24355172527857902, -0.9554103801540128, 0.9592901342348809, -0.26399931263519144, -0.10033345049269829, -0.2277912986745368, -0.9332668000320027, 0.2777124487778573
0.0027075674824702054, 0.011082897052140155, 0.06770054137932636, -0.169926057046008, -0.24024035893365903, -0.955724701509919, 0.958669299632329, -0.2648872365045757, -0.10386494056912805, -0.2282067244391724, -0.9338732900540606, 0.27532230030338617
0.0026979960798285546, 0.011069404276842358, 0.06764689953160827, -0.1728700065025695, -0.23690413632941823, -0.9560294927677775, 0.9580403493532401, -0.26576045449410723, -0.10737816276230097, -0.22863650159789273, -0.9344772929381955, 0.2729057330287856
0.002688218457199656, 0.01105617396648563, 0.06759323558079082, -0.17560904402615024, -0.2338465842590013, -0.9562830327296513, 0.9574464333245705, -0.2665623516579042, -0.11063832967225541, -0.22903665857299021, -0.9350188702422031, 0.27070633779192155
0.002678215968443448, 0.011043242364479807, 0.06753954535506487, -0.17799022094910621, -0.23133472554939824, -0.9564537239205424, 0.9569278040247512, -0.26724605150545067, -0.11344040655389662, -0.22936577584909154, -0.9354484447096648, 0.26893781466988553
0.0026679886060234958, 0.011030613021831634, 0.06748582798856591, -0.179946414664226, -0.22949424409328079, -0.9565310657670999, 0.9565054355815308, -0.2677923236658383, -0.11569193182170014, -0.22960104431922007, -0.9357455120457189, 0.26770076042816726
0.0026576014587770197, 0.011018175309487583, 0.06743209416162753, -0.18143051989789943, -0.22841734425238083, -0.956508485740857, 0.9561955209859705, -0.2681873757598223, -0.11732713722506168, -0.22972394758915862, -0.9358958533553556, 0.26706901650379494
0.0026471338185119994, 0.011005793686160647, 0.06737835707377601, -0.18239513181720693, -0.22819592950956458, -0.9563778717874277, 0.9560137811561429, -0.2684164837348976, -0.1182803512800329, -0.22971649076398118, -0.9358841856846708, 0.2671163133476174
0.002636664976938835, 0.010993332610732312, 0.06732462992452723, -0.18279232451633365, -0.22892143313284186, -0.9561286229113326, 0.9559750169202649, -0.26846388815689043, -0.11848589696661777, -0.22956204634524127, -0.9356933889945417, 0.26791630907747077
0.0026262617792023155, 0.01098067803052013, 0.06727092456574078, -0.1825734327943049, -0.2306845767740789, -0.955746602231087, 0.9560926957939255, -0.26831233059906695, -0.11787811628118715, -0.22924593494151108, -0.9353037577637873, 0.269542542144522
0.002615944219875558, 0.010967796778247869, 0.06721724777651492, -0.18172241738288908, -0.23351721810833562, -0.9552207450989866, 0.9563701316236112, -0.26795295300162353, -0.11643618988933922, -0.22876436426759217, -0.9347036556174657, 0.2720219509829872
0.0026057212720170357, 0.010954674714788937, 0.06716360514258958, -0.18033977562308393, -0.2372482684116105, -0.9545631589705881, 0.9567795345335882, -0.2674125428841382, -0.11429546887750808, -0.22814575960535888, -0.9339185141348958, 0.27521940580228427
0.0025956019086852207, 0.010941297701016733, 0.06711000224970477, -0.17855161174824857, -0.2416624630153572, -0.9537916837084782, 0.9572861133160949, -0.26672667675479345, -0.11162516364829413, -0.22742607413018243, -0.9329823866915683, 0.27896459798518836
0.0025855951029385904, 0.010927651597804674, 0.0670564446836005, -0.1764844465596102, -0.24654514077789447, -0.9529264051758437, 0.957855437323785, -0.26593287826207085, -0.10859403965462908, -0.2266411289060497, -0.9319308975552097, 0.28308762048195
0.0025757098278356163, 0.010913722266026158, 0.06700293803001671, -0.17424265238846057, -0.2517202219491596, -0.9519855187714253, 0.958459566784722, -0.26506342581684195, -0.1053405863524726, -0.22582018715667845, -0.9307944510771996, 0.2874490092458441
0.0025659550564347744, 0.010899495566554595, 0.06694948787469342, -0.17184526480455264, -0.2571534900778999, -0.9509686048997668, 0.9590919751318082, -0.26412262439612205, -0.10189122886623878, -0.22497063853316596, -0.9295758827674375, 0.29202207104107586
0.002556339761794538, 0.010884957360263387, 0.06689609980337058, -0.16929117235119243, -0.2628438683167654, -0.9498703068589089, 0.9597503304858378, -0.2631105684831333, -0.09824526393067194, -0.2240977512075564, -0.9282703968352979, 0.29680678607968997
0.002546872916973381, 0.010870093508025943, 0.06684277940178816, -0.16657925291337566, -0.26879010330730574, -0.9486850019173221, 0.9604323542949278, -0.26202655573533823, -0.09440220819969229, -0.22320628423573557, -0.9268732191910195, 0.3018028996284702
0.002537563495029779, 0.010854889870715673, 0.06678953225568622, -0.1637083864060948, -0.2749907412911581, -0.9474068061949165, 0.9611365251483938, -0.26086614108606837, -0.09036280462964029, -0.22229742294049165, -0.9253804345451675, 0.30700962055774955
0.0025284204690222043, 0.010839332309205973, 0.06673636395080465, -0.16070471492370603, -0.28137139751216034, -0.9460465798592288, 0.9618550654618874, -0.2596333771366044, -0.08617042718908975, -0.22137937493497184, -0.9238076889367698, 0.31236281183057873
0.0025194528120091337, 0.01082340668437026, 0.06668328007288352, -0.15839724303430452, -0.28569391316423753, -0.945139831654574, 0.9623750699110613, -0.2587109943395555, -0.08308336910307977, -0.2207816527993474, -0.9227391881722287, 0.31592380790064695
0.0025106694970490383, 0.010807098857081934, 0.06663028620766275, -0.15707574709302052, -0.28707165433966975, -0.9449428950734826, 0.9626274843158557, -0.25825705321807396, -0.0815574699389578, -0.22062532972189877, -0.9224387024284064, 0.3169089840116581
0.002502079497200395, 0.010790394688214404, 0.06657738794088235, -0.15655987332745117, -0.28583231284885086, -0.9454040908496055, 0.9626597610250069, -0.25820116225005957, -0.08135320716477483, -0.22085105969174976, -0.9228391239778443, 0.31558320723516975
0.0024936917855216756, 0.010773280038641073, 0.06652459085828227, -0.1566650905879242, -0.28229725407199385, -0.9464482604635551, 0.9625150698735582, -0.25846167520878505, -0.0822332214775016, -0.2214063902812582, -0.9238537886438961, 0.3122072829883098
0.0024854999842321914, 0.010755781537766518, 0.06647189075352745, -0.15720506476977106, -0.2767821174658827, -0.9479864065807243, 0.9622332470605777, -0.2589551009431761, -0.08396090725311879, -0.22224703791499545, -0.9253831180363147, 0.3070380090337332
0.0024770471135796912, 0.010739140531763475, 0.06641898976161789, -0.15799293851108373, -0.2695992261956087, -0.9499234119734927, 0.9618517753832935, -0.25960300744813536, -0.08629855569990608, -0.2233369507552194, -0.9273200826891501, 0.300329936351254
0.0024681826578052423, 0.010723843550786625, 0.0663657650848697, -0.1588420122698372, -0.261060651102347, -0.9521641410933765, 0.9614064691786128, -0.2603375110099275, -0.08900551321501923, -0.22464820533354363, -0.9295545797892529, 0.2923379329359149
0.002459017495392423, 0.010709694957338726, 0.06631225650410928, -0.15956618104491913, -0.2514810916301686, -0.9546181930066275, 0.9609348203132454, -0.26109302765421244, -0.09184063381699487, -0.2261479714175893, -0.9319805209675015, 0.283318554918053
0.002449662504824813, 0.01069649911392254, 0.06625850380016313, -0.15998034984328416, -0.24117999375949806, -0.9572034779889744, 0.9604780035925157, -0.2618009975614498, -0.09456342998625376, -0.22779001795284137, -0.9345011761822445, 0.2735310940917796
0.0024402285645859895, 0.010684060383040822, 0.06620454675385763, -0.15987430750679607, -0.23055602412881526, -0.959835467951219, 0.9600883884120234, -0.2623779152677321, -0.09689229079840496, -0.22950052774585564, -0.9370174754601283, 0.2633016491530233
0.002430826553159532, 0.010672183127196335, 0.06615042514601926, -0.1582621649253307, -0.22220737597635062, -0.9620691083362214, 0.9600208521203744, -0.2624733108376282, -0.0973022332323571, -0.23089619019641192, -0.9390056672670505, 0.2548633088405309
0.0024215673490290204, 0.010660671708891836, 0.06609617875747446, -0.15469907669434302, -0.21738321774165387, -0.9637493098903896, 0.9603831570195696, -0.2619654910478161, -0.095069833350023, -0.23180247492863906, -0.9402758202486977, 0.24929700052867942
0.0024125618306780326, 0.010649330490630089, 0.06604184736904967, -0.1491898547310593, -0.2160906232145751, -0.9649078866938864, 0.9611513850085524, -0.26087228959395653, -0.0901868261895745, -0.23222920217205045, -0.9408775111993822, 0.24661530077793134
0.0024039208765901463, 0.010637963834913845, 0.0659874707615713, -0.14252758099716023, -0.21770734413439227, -0.9655513455870938, 0.9621557281461974, -0.25937788453049443, -0.08354320925093851, -0.2322546952174671, -0.9409179694991668, 0.2464368706646931
0.002395755365248942, 0.010626376104245869, 0.06593308871586583, -0.13638731319787856, -0.22084095905119852, -0.9657265511541094, 0.9630981900488498, -0.25788817583428547, -0.07704261865678136, -0.23203529283988972, -0.940597129258968, 0.2478642033584017
0.0023881761751379967, 0.010614371661128918, 0.06587874101275967, -0.1310755124158686, -0.2250638868053828, -0.9654871604019244, 0.9639302779291, -0.2564895582310429, -0.07107408676847335, -0.23164116502997803, -0.9399783792058721, 0.25056539523456994
0.002381294184740891, 0.010601754868065753, 0.06582446743307929, -0.1268028743216438, -0.2300184156059418, -0.9648899209474113, 0.9646234542793068, -0.2552576826420994, -0.0659174249075562, -0.231133343587695, -0.9391139674897385, 0.25424856646135696
0.0023752199299009115, 0.010588330346827695, 0.06577030773367039, -0.12377949846806739, -0.23534898443447683, -0.9639966241043867, 0.9651528301068832, -0.25427263859936394, -0.061850139825152, -0.2305615976169217, -0.9380598492555673, 0.25862147806969754
0.0023696144277237053, 0.010574244613722793, 0.06571626959831178, -0.12221530395653767, -0.24070204863815164, -0.9628737940458283, 0.9654950657244522, -0.2536153238277738, -0.059148504473647744, -0.22996238288152004, -0.936878749519451, 0.2633923141595496
0.0023636396991288176, 0.01056007006875172, 0.06566230892276866, -0.12232046890084974, -0.24572512936424043, -0.9615907984620088, 0.9656245702403703, -0.2533672553327686, -0.05808806480887239, -0.22936192411988607, -0.935641060836936, 0.2682702239160296
0.0023572329624584015, 0.010545845737735095, 0.06560841728335919, -0.12430399408829187, -0.25006917303258497, -0.9602155621278469, 0.9655085670869419, -0.25361225904493223, -0.058940893646486296, -0.22878313734936437, -0.9344229399800313, 0.2729689456763473
0.002350385153254879, 0.010531572735472287, 0.0655545890608767, -0.12825664305574286, -0.25367536603749, -0.9587486856198641, 0.9651254191093341, -0.25438860479352476, -0.06180099627219629, -0.228217350131632, -0.9332391153487671, 0.2774555724470979
0.0023430872070606687, 0.010517252176762665, 0.0655008186361145, -0.1340708001267766, -0.2569691842123335, -0.9570746360230292, 0.9644811732653135, -0.25565248753181197, -0.06646707482326245, -0.2275985214585771, -0.9319917617576051, 0.2821174738399327
0.002335330059418193, 0.010502885176405607, 0.06544710038986584, -0.14081687801648765, -0.26103323147549734, -0.9550038004799505, 0.9637056176004561, -0.2571253867961233, -0.07181934328763755, -0.22680848632935494, -0.930455903055273, 0.2877667857807489
0.002327104645869871, 0.010488472849200485, 0.06539342870292403, -0.1466769229052038, -0.2677180862039401, -0.9522672453709413, 0.9631038058753937, -0.25825232385392993, -0.07574164199683621, -0.22564782160568916, -0.9282417592111145, 0.2957199639207041
0.002318402855513952, 0.010474014148196936, 0.06533979871554894, -0.1512077947343094, -0.27791629956817276, -0.9486299242833955, 0.9627934897699477, -0.2588474074461854, -0.07763192458643564, -0.22397521931721043, -0.9250732674187068, 0.3067157495778222
0.0023092866909273997, 0.010459349076344684, 0.06528626141039684, -0.15421119734931835, -0.2916273890222606, -0.9440192649433319, 0.9628319642303126, -0.2587922792826493, -0.07733799092353956, -0.22175102089615692, -0.9208583073175538, 0.32069683904859725
0.0022999349790463032, 0.01044405279103312, 0.06523296081574508, -0.15696465390639194, -0.3025921557617225, -0.9401064220052536, 0.962816400476103, -0.2588163321282674, -0.07745117944815856, -0.2198787765981225, -0.9173069788762886, 0.33196570622064125
0.0022905376128731897, 0.010427675362430213, 0.06518004977352117, -0.1607737182026059, -0.31247176862649745, -0.9362228395775963, 0.9625951931676229, -0.25923777655481706, -0.07877987876038879, -0.21808783924349354, -0.9138693391389949, 0.3424624437157463
0.002281284485410588, 0.01040976686070394, 0.06512768112565259, -0.16548937398190022, -0.322429821093459, -0.9320151702460207, 0.9622201167847544, -0.25997132520398325, -0.08091573967046396, -0.2162075714534815, -0.9101944410626363, 0.35327095196868785
0.0022723654896610245, 0.01038987735602226, 0.06507600771406681, -0.1708214887751524, -0.3321400518533421, -0.9276330119866906, 0.9617164331748395, -0.26096485475801395, -0.08365911033828352, -0.2142930729960838, -0.9064106853606637, 0.36400295099065777
0.0022638761943705337, 0.010367995228014666, 0.06502502479691925, -0.17660721763120676, -0.34099777835769923, -0.923325731167326, 0.9610834175372764, -0.26220371169035, -0.0869935521212518, -0.2124348258064876, -0.9027567384023878, 0.3740343781708442
0.0022550453810181023, 0.010347548860133624, 0.06497351049288476, -0.18289370378967984, -0.34793379172316274, -0.9195063728388376, 0.9602670416260127, -0.26376232575481845, -0.09119563739145876, -0.2108010955401282, -0.8996507722942008, 0.3823498215372017
0.0022451475968857087, 0.0103276327092622, 0.06492194245837259, -0.189753672659844, -0.3518395422595958, -0.9166255943484554, 0.9591950935623547, -0.2657453264424121, -0.09656186597162247, -0.2096146850724122, -0.8975457414397185, 0.38790891434126584
0.002234265681288745, 0.010307612785999355, 0.064870573422922, -0.19726066300289502, -0.3515961280052179, -0.9151329923040677, 0.9577803087485208, -0.268269850310297, -0.10338359438556366, -0.20915331937420023, -0.8968898762870664, 0.38967093657151863
0.0022225550080229957, 0.010287672948929301, 0.064819324256664, -0.20547643927003942, -0.3460596031766551, -0.9154355159999649, 0.9559237645193268, -0.27143279092131356, -0.11195533234225652, -0.2097359991324914, -0.8980907476763595, 0.3865796419963331
0.002210170950884248, 0.01026799705663626, 0.06476811582972954, -0.21426919585648432, -0.33484999189716974, -0.9175860693327254, 0.9535923578284901, -0.2751599934994665, -0.1222644391001508, -0.21154273043079624, -0.9012005664134033, 0.378268703831079
0.002197268883668288, 0.010248768967704451, 0.06471686901224961, -0.22202473483051136, -0.323809097774259, -0.9197024982689029, 0.9513889665632637, -0.27844187502647777, -0.13164025422880565, -0.21345737613192567, -0.9042222019118751, 0.3698893863636992
0.0021840041801709014, 0.010230172540718091, 0.06466550467435522, -0.22721555198874824, -0.3113132725187893, -0.922744352075964, 0.9495998787814802, -0.2809381144445826, -0.13904620120852146, -0.21594713045707856, -0.9078313842371636, 0.3594565545951122
0.0021705322141878747, 0.010212391634261395, 0.06461394368617734, -0.2298125098078906, -0.29712153246661444, -0.9267712799178062, 0.9482585683722642, -0.28270840314234014, -0.14450483141158968, -0.21907053166590443, -0.9120278250894535, 0.3467179666792872
0.0021570083595149957, 0.01019561010691859, 0.064562106917847, -0.22994798165665797, -0.2826693236670069, -0.9312475391589855, 0.9474342132026867, -0.2837600841322464, -0.14781280832954385, -0.22246873349986807, -0.9162850364984126, 0.3330606468859198
0.002143587989948049, 0.010180011817273888, 0.06450991523949513, -0.22777825568139365, -0.26939179631550114, -0.9357056835974917, 0.9471798867170883, -0.2841050704714726, -0.14877691733264098, -0.22575944816849988, -0.9201697501060917, 0.31987544849886074
0.0021304264743833073, 0.010165780579281204, 0.06445728953371067, -0.22374008950859808, -0.25799697410097117, -0.9398818722059848, 0.9474358863640683, -0.2838546353186756, -0.14762041605968335, -0.2287042054187392, -0.9235064197734874, 0.3079452533502322
