0.0003044010081794113, 0.0012459225254133344, 0.007277987897396088, 0.15144919770474077, 0.4615809971254372, -0.8740744382529885, 0.9501617733474241, -0.3117572845488593, 0.0, -0.27249907336332124, -0.830512118288113, -0.485792009395711
0.0003062256214134577, 0.0012514835109365548, 0.007267457318087986, -0.0503386056392266, -0.06669355615984711, -0.9965028822582761, 0.9491477298686812, -0.3136751937429978, -0.02695291664035135, -0.3107806487981955, -0.9471852207446261, 0.07909200930262505
0.0003056606841651208, 0.0012507350262771111, 0.007256273822059163, -0.16458764692608424, -0.33027792346822993, -0.9294231542999393, 0.944969623906177, -0.32290279550029577, -0.052594624751133655, -0.282742491277758, -0.8869330740972559, 0.36524841642153466
0.00030361126097523704, 0.0012466224501020205, 0.007244700770246273, -0.20522448505842386, -0.3543697133190952, -0.9123075232697837, 0.9389672442420491, -0.3342391384876599, -0.08139233713021798, -0.27608590143829675, -0.8733305815011685, 0.401335608240577
0.00030097927279182845, 0.0012420776858759184, 0.007233000496664408, -0.209229508983773, -0.26059234815855864, -0.9425044512635565, 0.9326337000657847, -0.34292945744530773, -0.11222196183399612, -0.29396835556231776, -0.9024915596821256, 0.31478816786930114
0.00029839196752492434, 0.0012388552343289053, 0.007221345607530085, -0.19918993020951134, -0.18442961624122414, -0.9624495250953397, 0.9298400587319611, -0.34564322985218804, -0.12620706333122086, -0.3093878421665488, -0.920063299078092, 0.24033869602930033
0.00029599222320763697, 0.001236633315163369, 0.007209750479322077, -0.17863123769624, -0.14794910149480597, -0.9727291217425276, 0.9312625317448726, -0.3444990659903692, -0.11861909837750981, -0.31755468487685634, -0.9270552609734992, 0.19931774937049043
0.0002938735559974474, 0.0012348785553903494, 0.007198213363411046, -0.14837530356321377, -0.15491744323955303, -0.9767217388144097, 0.9363211205206451, -0.33985268673161867, -0.08833408508760343, -0.31825701651257876, -0.9276317896134328, 0.19547821960282943
0.00029212948205183673, 0.0012330575820208856, 0.007186732511167654, -0.10908186941094244, -0.2044458974213248, -0.9727810754704284, 0.9434723908192022, -0.32942855618767397, -0.036560554290152515, -0.3129872098468446, -0.92178018062643, 0.22882374237957387
0.00029084814676549013, 0.0012306560487144857, 0.007175305692718158, -0.07050507807458936, -0.2642788068555585, -0.9618657630941536, 0.9488735575070129, -0.31519564355460017, 0.017049285855628368, -0.3076816631352632, -0.9114869272409801, 0.2729900650923301
0.0002900136712083786, 0.001227528129270864, 0.007163921357143416, -0.04165289418484146, -0.3068296920970891, -0.95085255242526, 0.9513794166554616, -0.302877162491399, 0.05605916522275909, -0.305192139430786, -0.9022865201745864, 0.30452716388016277
0.0002895159559989711, 0.00122386178609248, 0.007152559510949827, -0.022780334521641372, -0.3323983042272259, -0.9428639476117149, 0.9523006348366869, -0.2942865749163599, 0.08073978395834833, -0.3043099690261974, -0.8960506565874846, 0.32324706275604825
0.0002892414977923404, 0.0012198570405792565, 0.0071411998556334235, -0.013600983513136971, -0.34213137968075646, -0.9395536878141757, 0.9525292619288949, -0.29024487865342213, 0.0919016625782977, -0.304143088720869, -0.8937024277986506, 0.329837766379363
0.0002890767932435598, 0.0012157139141311152, 0.007129822092690241, -0.013893123593869437, -0.3366171763010667, -0.9415390898607993, 0.9525026487641132, -0.29093933302915487, 0.08996115047007193, -0.3042132232730095, -0.8955686356252363, 0.3246708081583545
0.00028890833900770217, 0.0012116324281479796, 0.007118405923616313, -0.02361738084883334, -0.31575759920477003, -0.9485459176372438, 0.9522469886072452, -0.2960170386994156, 0.07483037810984094, -0.3044140141489452, -0.9014826960868793, 0.30767037011330367
0.00028862263173984077, 0.001207812604029772, 0.007106931049907673, -0.042403397174463786, -0.27989949682190524, -0.9590923957507478, 0.9514131515911031, -0.3043466626399012, 0.04675600410042522, -0.3049835518311594, -0.9105105054961192, 0.27920539481473505
0.00028811191366146503, 0.001204441418165416, 0.007095379479562324, -0.05958910421301918, -0.25211169938008876, -0.9658617031929435, 0.9502159657112668, -0.3107789042310639, 0.022496470664176947, -0.30584106520625204, -0.9164366665081789, 0.2580795984049924
0.00028739656816954113, 0.0012014149090410614, 0.007083784661611527, -0.06457501078679753, -0.25639888071838884, -0.9644115729024837, 0.9500035768016506, -0.3116454331631235, 0.0192439094946822, -0.30548857923980627, -0.9149517681030661, 0.2637043609785741
0.0002866229325624036, 0.001198343143332669, 0.0070722306080598174, -0.05772966152145134, -0.2904693206659089, -0.9551412774728689, 0.9511446001211524, -0.30666637953007925, 0.03577263376223015, -0.3033005701296849, -0.9064123263823143, 0.29398207214251915
0.0002859316833566443, 0.0011948650926752414, 0.007060793841724444, -0.046837327239132184, -0.3250052789078105, -0.9445516573799183, 0.9523603135186212, -0.29980221840115157, 0.055932665558346015, -0.3013570938468315, -0.8969337759967592, 0.3235640639261219
0.00028537011982022586, 0.0011909683905247045, 0.0070494689903651845, -0.035956878150969596, -0.34571208464340897, -0.9376514584029316, 0.9531070201945098, -0.29398258795548293, 0.07184181258110868, -0.3004897851335029, -0.8910989801983309, 0.3400713109333337
0.0002849383346051697, 0.0011868169353792236, 0.0070382092799166195, -0.025150480631772845, -0.3528589159193073, -0.9353384621516653, 0.9534983770795359, -0.28957112317049666, 0.0836026885480866, -0.3003469630788401, -0.889741057882589, 0.3437332565919242
0.0002846360555336159, 0.0011825759879772557, 0.0070269676163449675, -0.014400060788021678, -0.3466080668691691, -0.9378995075329334, 0.9536491052388378, -0.28672951208583014, 0.091321251503611, -0.3005761506281982, -0.8931119945898384, 0.33467139524210215
0.00028446301042770513, 0.0011784108090572615, 0.007015696905616461, -0.0036716732579178527, -0.32684008654346264, -0.945072524541767, 0.9536707366531683, -0.2854543992278558, 0.09501532514740646, -0.3008299268139567, -0.9009391454419803, 0.3127459213856892
0.0002844189271095775, 0.0011744866593576984, 0.007004350053697326, 0.007049875012985899, -0.29321780213535165, -0.9560196754111366, 0.9536737292074309, -0.2855755076508908, 0.09462054559939895, -0.30076023254727874, -0.9123979120651526, 0.2776208431967186
0.0002845035095694752, 0.001170968712877128, 0.0069928799927802335, 0.015098768204615358, -0.2550804059885796, -0.9668019516319797, 0.9537462313486071, -0.2866584240789455, 0.09052664852354121, -0.3002334981094425, -0.9234505587118765, 0.23895378680341217
0.0002846847544633092, 0.001167906739842241, 0.006981274548236187, 0.012632742242538053, -0.24148979224644734, -0.9703211293505883, 0.953849747187239, -0.28825035857194264, 0.0841569401415399, -0.30001845545611666, -0.9266036968542238, 0.22670358480141417
0.0002848364181950872, 0.0011650075084342689, 0.006969625254624798, -0.0018008850618187193, -0.25801330187754873, -0.966139686001584, 0.9538698731260864, -0.2904937467383173, 0.07580005440867678, -0.300214959579662, -0.9214350325227381, 0.24663426137583275
0.0002848148285404575, 0.0011619143526324315, 0.006958042826302713, -0.026384306410462764, -0.29847867130106853, -0.9540515453336825, 0.9536408919811922, -0.2937278610687924, 0.0655209338552835, -0.29978812103976876, -0.9080938422929101, 0.29239127222464084
0.0002844988184933563, 0.0011583394146556978, 0.006946615962579728, -0.049554418263401616, -0.3272606029224644, -0.9436338577040361, 0.9530787351615823, -0.29799396487671315, 0.05329654285087325, -0.29863905339619357, -0.8967162843797817, 0.32667203907702924
0.00028390451734928177, 0.001154414611226596, 0.006935299056824926, -0.06699150872974333, -0.3317106956734438, -0.9409995494865833, 0.952172965441079, -0.30305497667334436, 0.039042604890818323, -0.2981254461485208, -0.8933788085069843, 0.3361480668833108
0.00028309982190887796, 0.001150430134844396, 0.006923995862416383, -0.0774747897275192, -0.3127569163878381, -0.946668246118062, 0.951058397109946, -0.30808176822723843, 0.023948890843595222, -0.2991414084397828, -0.8984813494656131, 0.3213186617971543
0.000282168246846166, 0.0011466694722466362, 0.006912612901147995, -0.016584483144366332, -0.30129619870623076, -0.9533863621659426, 0.9533598849303935, -0.29217570065353743, 0.075751500005752, -0.3013799673573896, -0.9076640130537237, 0.2920892923112191
0.0002819697304908666, 0.0011430629550756113, 0.00690120086110057, 0.10905138648929114, -0.31080956818397243, -0.9441955345319399, 0.9471406471996793, -0.25581831284653456, 0.19360161475185383, -0.30171574292193626, -0.9153984941748841, 0.2664830338603547
0.00028327790335462203, 0.0011393345050670115, 0.006889874356998992, 0.13181745895478594, -0.30191401480012536, -0.9441779944385345, 0.9447736338011495, -0.2500407907797097, 0.2118546289804142, -0.3000448939556793, -0.9199606136207827, 0.2522806591825818
0.00028486409484492577, 0.0011357015004189424, 0.006878512833935312, 0.04597486797779281, -0.2558812807832815, -0.9656143545221, 0.953752031464229, -0.2762071104608342, 0.11860309696096803, -0.29705786303728904, -0.9264094139610112, 0.23134870592275908
0.0002854146109372698, 0.001132637505480037, 0.006866950294127268, -0.05823701987663136, -0.20546792468905223, -0.9769295683107676, 0.953362134852248, -0.30175592809662233, 0.006633226101262187, -0.2961572037716679, -0.930981359524733, 0.21345870530767008
0.0002847148253760114, 0.0011301685692723857, 0.006855211348561054, -0.09810320627673237, -0.21443455434070963, -0.9717991473668446, 0.9504935970219911, -0.30951096356951946, -0.027656562520755698, -0.2948519678388153, -0.9264020646214952, 0.2341826887850795
0.00028353597727840904, 0.0011275918362986265, 0.006843533814058324, -0.1218070298030726, -0.23229159456538195, -0.9649889442811382, 0.9485397069596953, -0.3135507971099298, -0.0442529315700471, -0.29229346864302147, -0.9207206485824024, 0.2585304923265941
0.00028207397376820445, 0.001124803728525252, 0.00683195141831213, -0.141959326533474, -0.245530081698254, -0.9589382298101433, 0.9464871780638372, -0.3173275449904797, -0.05886638218091269, -0.28984404663700913, -0.9159793710403984, 0.277438678733733
0.000280370589288604, 0.0011218575879605374, 0.006820445020406185, -0.1585710573418664, -0.2542174666707131, -0.9540590649498633, 0.9444685453276603, -0.3207249245341093, -0.07151705858914544, -0.28780963614885424, -0.9124193128283262, 0.2909580913426354
0.00027846759828281404, 0.001118806756612758, 0.006808995479424203, -0.1716755017372189, -0.2584250593476349, -0.9506545170588764, 0.9425935060835593, -0.32365812364104934, -0.08223686089740127, -0.2864349915641897, -0.9101988286645543, 0.29915395351774304
0.00027640677519404083, 0.0011157045764901895, 0.006797583654449896, -0.18130847514508094, -0.25820898230776074, -0.948923262596168, 0.9409493605999035, -0.326071553290219, -0.09105845881375714, -0.2859047702071415, -0.9093984075148221, 0.30208111291887696
0.0002742298944654909, 0.0011126043896011073, 0.00678619040456698, -0.18749422759092557, -0.2535986390741124, -0.9489645119180381, 0.9396020716545488, -0.3279366877883531, -0.0980075290214199, -0.2863457028882439, -0.9100248672768028, 0.299768042618414
0.00027197873054037025, 0.0011095595379537867, 0.006774796588859168, -0.1902368601050015, -0.24459223220664103, -0.9507810352555223, 0.938597277446963, -0.3292505795710215, -0.10309804373165993, -0.287828226250552, -0.9120135392615173, 0.29220919967917175
0.00026969505786188545, 0.0011066233635565032, 0.006763383066410174, -0.18952053320360773, -0.23119073157689307, -0.9542708279766082, 0.9379619965214863, -0.3300339634743769, -0.10632439059228671, -0.2903605699395972, -0.9152204262287499, 0.27939633290008953
0.00026742060843403377, 0.0011038488271077546, 0.006751930794183949, -0.1860886981875844, -0.22030099024550914, -0.9575168249716024, 0.9379564282339861, -0.3300405561330514, -0.10635304434725656, -0.2925897044350561, -0.9179001606951784, 0.2680495473869938
0.0002651878405232294, 0.0011012055661976119, 0.00674044211775344, -0.18171140077387596, -0.22743032769395433, -0.956690343253143, 0.9391331311140559, -0.3285983146720952, -0.10026020964753829, -0.29156462212124684, -0.9166780207028415, 0.27329741580852035
0.0002630082955381999, 0.001098477643634372, 0.006728967055478958, -0.177077525289955, -0.24564160865997262, -0.9530497102103994, 0.9409455492420694, -0.32616523359587946, -0.09076185187007646, -0.28855679406093643, -0.912839767148806, 0.2888919107780418
0.00026088457682992754, 0.0010955316250530354, 0.006717536979888207, -0.17300104766195268, -0.2602220960995019, -0.9499237328382991, 0.9424153073105437, -0.3240145752714579, -0.08287305689082851, -0.2862237342615746, -0.9095597922694463, 0.3012921476443108
0.00025880934766162625, 0.0010924101382680687, 0.006706142196650248, -0.16959968970987188, -0.26987101684556175, -0.9478425921623577, 0.9434778388903472, -0.3223584433529315, -0.07703636493160236, -0.2847551804148879, -0.9073338240503422, 0.30928921572060564
0.000256774356594697, 0.0010891720126002488, 0.006694769232400107, -0.16689978117503515, -0.27463288023498633, -0.9469536652537763, 0.9441553554250453, -0.32125869579042066, -0.07323602393115351, -0.28410407928421566, -0.9062944507569677, 0.3129141106776658
0.00025477135219054066, 0.0010858760773703523, 0.0066834046137727995, -0.16491327141159723, -0.2745332948520318, -0.947330503536127, 0.9444655911604227, -0.3207455562878344, -0.07146352381180836, -0.284232932691337, -0.9065063475449552, 0.31218244959380226
0.00025279208301055834, 0.0010825811618991562, 0.006672034867403349, -0.16363937053250036, -0.26957336044927244, -0.9489743725453358, 0.9444214029743743, -0.320818418774855, -0.07171998172557222, -0.28511466117273193, -0.9079679209701675, 0.30708937538356795
0.00025082829761615105, 0.0010793460955074382, 0.006660646519926779, -0.16306533272045792, -0.2597296533212823, -0.9518141648716796, 0.9440307970151529, -0.3214458840333038, -0.07401620042249495, -0.2867325435867047, -0.9106113610227221, 0.2976094716648719
0.0002488717445687196, 0.0010762297075159746, 0.006649226097978108, -0.1627822756723919, -0.24628083669850107, -0.9554306255307099, 0.9434209183849219, -0.3223811522023894, -0.07763609636251924, -0.28889254313787316, -0.9140110186314747, 0.28482443072809954
0.00024691878472152083, 0.001073274984200921, 0.006637763439400949, -0.16107134905375017, -0.23508401443474616, -0.9585361373841098, 0.9431397829681355, -0.3227940852387435, -0.0793178940574011, -0.29076342668365857, -0.9168094047794924, 0.27370996512924023
0.00024498628050085474, 0.0010704544897258007, 0.006626263100314961, -0.15747548301742456, -0.2277975607674288, -0.9608900788107027, 0.9433335711136811, -0.3225150273810057, -0.07813981522462676, -0.2921014307707829, -0.918744974637597, 0.26567729620692615
0.00024309678865282874, 0.001067721228485239, 0.006614733724846647, -0.15200610203029116, -0.22443724262428313, -0.9625601638696489, 0.9439812893785986, -0.3215738446294755, -0.07409175226256079, -0.29290522400373026, -0.919901183048172, 0.26074574431406916
0.00024127286614627103, 0.0010650282041088188, 0.006603183957282396, -0.14466452235110497, -0.22500507068871187, -0.9635584539286106, 0.945045382272259, -0.31996502413179495, -0.06716851031711144, -0.2931917485517058, -0.9203233678966909, 0.25892759042729624
0.0002395370699500103, 0.0010623284202261269, 0.006591622441908607, -0.13544329790063692, -0.22949082613186159, -0.963840792753199, 0.9464716031315731, -0.3176478183840314, -0.05737044484240588, -0.29299593430515286, -0.9200183825322086, 0.2602298182058879
0.00023791195703287503, 0.001059574880466747, 0.00658005782301167, -0.12514235957429493, -0.23765317046354342, -0.9632550858463214, 0.9480837641085734, -0.31474646174919113, -0.04551748070888825, -0.2923637564300625, -0.9189426725236951, 0.264703227296367
0.0002364103587523821, 0.0010567232513833918, 0.0065684996089464785, -0.12008589471137802, -0.24778843951145516, -0.9613429498029544, 0.9490616703367394, -0.312799440712168, -0.037926979681924704, -0.2913096699201832, -0.9169282409952444, 0.27272931099601516
0.00023496939559775886, 0.0010537499295595776, 0.006556964034573216, -0.12324504249302179, -0.2591168761532436, -0.9579504705325208, 0.9491131010446732, -0.3126915104112651, -0.03752786620747064, -0.28981887606961937, -0.9138284651997367, 0.28446890034665706
0.00023349069429033967, 0.001050641029957682, 0.006545470488183312, -0.13461889565942378, -0.27160540213113893, -0.9529471435838504, 0.9481840478890582, -0.3146217546006566, -0.04427372652854695, -0.28779291905840476, -0.9095293601996511, 0.29988594277600933
0.00023187572781606928, 0.0010473826937744597, 0.006534038380668976, -0.1519052834200673, -0.28654611657373347, -0.9459472014576613, 0.9464293415403352, -0.3180831866700188, -0.05562901966935596, -0.2849496207061814, -0.9037225290067513, 0.3195141690520861
0.00023005327698517658, 0.0010439449186261471, 0.006522689583415428, -0.16905532148300295, -0.30749994268085123, -0.936410211141224, 0.9447705868187626, -0.32120431672526745, -0.0650870586152522, -0.280764735250725, -0.8956961383015599, 0.34481820031904203
0.0002280245834843673, 0.0010402548653953851, 0.006511452496686841, -0.18495506654451682, -0.3343222749653345, -0.9241321549548619, 0.9434624200451496, -0.3236216114719968, -0.07174757522605033, -0.2750823246267618, -0.8851540369055948, 0.3752759592988412
0.0002258033630265457, 0.0010362398173594898, 0.006500354118650128, -0.19864463922081269, -0.35513569319317634, -0.9134653505902867, 0.9421055069628871, -0.3260959800192428, -0.07809369734806462, -0.27014351937263764, -0.876093631546019, 0.39935251057865356
0.00022341514729589383, 0.0010319701796168014, 0.0064893719329327465, -0.2094767871904415, -0.359413144737058, -0.9093633305882688, 0.940232069992431, -0.32939133509531643, -0.0864002483901132, -0.26848301656924, -0.8731114131394364, 0.40693160366275033
0.00022089638331171434, 0.0010276485700649928, 0.006478437682716579, -0.21753795954478675, -0.34690102534268563, -0.9123250050137199, 0.937803798079931, -0.33338340604352085, -0.09684802982857667, -0.270557336740194, -0.8766499775799999, 0.3978486450209917
0.00021828392772616108, 0.0010234825683097723, 0.0064674813946270174, -0.22271059278642963, -0.3172854463621833, -0.9218079720784949, 0.9348181819461503, -0.33779599539493876, -0.10958481737009383, -0.27661337379745654, -0.8861285521987724, 0.37183495050155785
0.00021561463719138842, 0.0010196797539568517, 0.00645643309528947, -0.22461336090541925, -0.2699539140195459, -0.9363085615374344, 0.9313062483560165, -0.3422081229288065, -0.12474883716726416, -0.28673595846320643, -0.9000102693342286, 0.32827428351474003
0.0002129253785572255, 0.0010164476403765343, 0.006445222827684706, -0.22048474984297864, -0.2197891604815091, -0.9503047932224232, 0.9288161993944211, -0.34477545243837543, -0.1357584440777689, -0.29780353058548903, -0.9125911528887113, 0.28016146208940074
0.00021028105255457917, 0.0010138116567424056, 0.006433825596461471, -0.20396369625271277, -0.21525746596940173, -0.955019912858032, 0.9318548360796798, -0.3417063956071423, -0.12199714618009812, -0.3000756156135387, -0.9148229132163268, 0.2702844101470686
0.00020783191491261345, 0.0010112269067486291, 0.006422357990900384, -0.18777684920463206, -0.23336287825522595, -0.9540868000109934, 0.9360370837555447, -0.33684460477809613, -0.10183462115755966, -0.2976145707743429, -0.9121828102328638, 0.28168792657563235
0.00020557718248786897, 0.0010084247996168796, 0.0064109017839551865, -0.19112734839729542, -0.2292806198402065, -0.9544111975769719, 0.935190546498449, -0.33787476717991477, -0.10610977072376855, -0.29814254717257516, -0.9128368085637264, 0.27899817651131653
0.00020328427363205815, 0.0010056741751347956, 0.006399451942237819, -0.21520922419792518, -0.19973744482934166, -0.9559236072789355, 0.9287159949493599, -0.3445150219155245, -0.13709850619086425, -0.30194633719478686, -0.9172864071856681, 0.25964217039429616
0.0002007054409797918, 0.0010032807394141573, 0.00638799719618448, -0.24440836190876397, -0.1637907593672929, -0.9557390542271254, 0.9197740287706317, -0.35126372310480475, -0.17501295046250784, -0.3070509544491204, -0.9218385888952777, 0.2365022777806751
0.0001977738536802659, 0.0010013161302404332, 0.0063765334620832755, -0.25076780377337926, -0.15871650835280005, -0.9549474218861327, 0.9178532224093756, -0.3525076230826166, -0.1824385863280273, -0.307670230447148, -0.922251292026712, 0.23407602109498404
0.00019476361718876253, 0.000999410884758125, 0.006365070197925862, -0.2318556310134428, -0.18776922210366478, -0.9544557012234475, 0.9245815483893723, -0.3474735662975181, -0.15624045923638027, -0.3023109768851752, -0.9186973603723203, 0.2541716610868768
0.0001919815335018768, 0.0009971578030131163, 0.006353617486492363, -0.20073836725343544, -0.2206844337984857, -0.9544645035785598, 0.9334078900383987, -0.33887411863519706, -0.11795779979841468, -0.29741186715813717, -0.9145833545381526, 0.27401362899543974
0.000189571259611766, 0.0009945080358758414, 0.006342157191664376, -0.17398624098913867, -0.22221759664032087, -0.9593477616015317, 0.9382618564960108, -0.3331949608316156, -0.09298283024880277, -0.29898741878401647, -0.9162971449370656, 0.2664696335214452
0.00018748207124202808, 0.0009918396960357902, 0.006330637555544431, -0.15257679897815424, -0.19039561868730856, -0.9697782369172124, 0.9399083518891191, -0.33122255327437927, -0.08284871906964414, -0.30543839061692907, -0.9241434567138795, 0.22949130909527332
0.00018565187932476882, 0.0009895558591435706, 0.006319004854487477, -0.13685444307730246, -0.13855466510024647, -0.9808534376699508, 0.939707411778055, -0.3314273866631388, -0.08429630845435225, -0.3134020447594279, -0.9332515695934301, 0.17555815615347745
0.00018400977455143488, 0.0009878933535514044, 0.006307235677866525, -0.13096963559666797, -0.13904373972159867, -0.9815873842892991, 0.9404765744795572, -0.330632808044561, -0.07864959694598896, -0.31360925912171983, -0.9334606497805897, 0.17407023842209549
0.00018243911972242848, 0.0009862258699378026, 0.006295463980112294, -0.13278836116393872, -0.1917680498371282, -0.9724156859085832, 0.9425745288839289, -0.32779306004691716, -0.06407001860712852, -0.30646453080027874, -0.9250820097952088, 0.22428278247476352
0.00018084865429408715, 0.000983928978471917, 0.006283816923722276, -0.1334745089146536, -0.23723303918227004, -0.962239596249466, 0.9444777724911857, -0.3245956908932573, -0.05098406342787002, -0.3002437222325892, -0.9156189832970222, 0.26738658284597483
0.00017924790353621224, 0.000981083858678243, 0.00627227684932546, -0.13197750060214264, -0.2665710280749359, -0.9547365219398927, 0.9459233943174477, -0.32180013380447475, -0.04090972948310442, -0.29632899186169764, -0.9085067753597076, 0.2946261490562846
0.00017766192862644459, 0.0009778804720383316, 0.006260803771245279, -0.12850113707598748, -0.2802248498914019, -0.9512946395694236, 0.9469193958810228, -0.3196959459073395, -0.03373662512360083, -0.29467119892262494, -0.905134540095423, 0.3064316381376931
0.00017611579074242503, 0.0009745087800337341, 0.006249357703805166, -0.12312645032752094, -0.2784681187792624, -0.9525205425886011, 0.9474918674611414, -0.3184269119091436, -0.029384738675125883, -0.2951254620068276, -0.9061235062592435, 0.30305305324268145
0.00017463455106179432, 0.0009711587441460006, 0.006237898661328549, -0.1158148085123957, -0.26125239702842723, -0.9582975086976581, 0.947680206063289, -0.3180052666760245, -0.027836619804724995, -0.29747127115921534, -0.9113834733048497, 0.28441344451644524
0.00017324327076219338, 0.0009680203258566826, 0.0062263866581388615, -0.10643113994924264, -0.2282332565758056, -0.9677716636903083, 0.9475380378352906, -0.31831225739604213, -0.029137152343414102, -0.3014035157465026, -0.9201015636244938, 0.25013802851907474
0.00017196701102126292, 0.0009652834866473302, 0.006214781708559535, -0.09496710282459442, -0.1800804624359559, -0.9790568300307981, 0.9471533373471898, -0.3190598347071255, -0.03318700692654115, -0.30640137880431195, -0.9304686179154642, 0.2008639991170706
0.00017082872342884383, 0.0009631250196631731, 0.006203046610733547, -0.08667374094612047, -0.14957852284109438, -0.9849436167289379, 0.9470089348043513, -0.3193118014497163, -0.03484323256623646, -0.30929232132584983, -0.9357703986339883, 0.16932814594524492
0.00016978861034116515, 0.0009613300287288441, 0.006191226966915217, -0.08686922609615759, -0.16964706856810424, -0.9816687881784282, 0.9475572903986144, -0.31828138483848034, -0.028846862528451655, -0.30755311568880395, -0.9326933216183914, 0.18839917419819285
0.00016874649967332038, 0.0009592948889230892, 0.006179450558140508, -0.08765140360640077, -0.20003872480522011, -0.9758594878485987, 0.9483619233262062, -0.3165403309713428, -0.02029485781107732, -0.3048391277884893, -0.9272468535653569, 0.21745431410367308
0.0001676950082839293, 0.0009568951669788521, 0.0061677438676996325, -0.08496870487937189, -0.21964881835299155, -0.9718717589205155, 0.9491343335560797, -0.31464766634514646, -0.011868568936893503, -0.30319026378856334, -0.923445311136338, 0.2352114395265109
0.0001666752586631094, 0.0009542590576072077, 0.006156079974986995, -0.07884880475636437, -0.22845286652526461, -0.9703567147007756, 0.9498441487208128, -0.3127033860447437, -0.0035616705331400853, -0.3026201565152714, -0.9219684810949568, 0.24165090676041548
0.00016572873697275298, 0.0009515166496016785, 0.006144431559000408, -0.06959475486989955, -0.22700277999113924, -0.9714042968665998, 0.950457639052583, -0.3108209502333266, 0.004540183106653858, -0.3029634407996923, -0.9229626616349909, 0.23738803416866872
0.000164893449340905, 0.0009487921251044492, 0.006132772605732831, -0.06029688020781822, -0.22051891642747082, -0.973517176907967, 0.9508904654402315, -0.30932588189706295, 0.011172355323047589, -0.3035977749787771, -0.9250345432935239, 0.22834072072601813
0.0001641699346634563, 0.0009461460732334327, 0.006121091172733085, -0.05284609353843837, -0.2121861231254534, -0.9757993336494531, 0.9511368657035236, -0.30837799561569335, 0.015545884333956813, -0.3042136635613265, -0.9272971805052775, 0.2181146164968287
0.00016353590660432628, 0.0009436003419066374, 0.006109383890014749, -0.04727241544617049, -0.2020510971339015, -0.9782334449837992, 0.9512401117258227, -0.3079466998310731, 0.017637457498044944, -0.3048074286852751, -0.9297011262820638, 0.20675649254166917
0.00016296875459692874, 0.0009411762287265767, 0.0060976475093625325, -0.04357687248005021, -0.19011285491991844, -0.9807946566835769, 0.9512311478352171, -0.3079859013449702, 0.017435250523623633, -0.3053855916263122, -0.9322026533790408, 0.19426233155226724
0.00016244586807467716, 0.0009388950312957628, 0.006085878782561154, -0.041758448450826165, -0.1763695064023329, -0.9834378623961847, 0.9511277915133922, -0.30843648712145805, 0.014928416628428047, -0.3059610370518393, -0.9347516946353037, 0.1806297682625733
0.0001619446364709853, 0.0009367780472167091, 0.006074074461395329, -0.04637518462432476, -0.16948956968149725, -0.9844402612755335, 0.9508453107891264, -0.3095495268872686, 0.008502079404361568, -0.3061740309062636, -0.9356561206837953, 0.17551377901908796
0.0001613879559205487, 0.0009347435206114162, 0.006062257392612569, -0.07824571771219206, -0.21067485271155123, -0.9744196806790543, 0.949623290344353, -0.3132777976440717, -0.008522202699104187, -0.303468637745762, -0.9259984492094175, 0.2245743929447105
0.0001604497881785678, 0.000932217524855488, 0.006050574080882629, -0.07981427639995596, -0.2365913769249828, -0.9683254626660873, 0.9501688310154158, -0.31172833874251044, -0.002152995966789272, -0.3013451075586756, -0.9202445127190793, 0.2496821238312324
0.00015949214287768815, 0.0009293788018780912, 0.006038955704185239, -0.04198673565052472, -0.1982182435365072, -0.9792582100542813, 0.951450835474496, -0.30705876500488755, 0.02135936582758899, -0.3049236325775628, -0.9308192320547397, 0.20148730861453373
0.0001589884935648495, 0.000927001087092636, 0.0060272090723753596, -0.04397956169969262, -0.16021385016014442, -0.9861020841523284, 0.9509371940143052, -0.30928466788215714, 0.007838829837645058, -0.3062421447039952, -0.9373764006149753, 0.16595551324740834
0.00015846119098700343, 0.0009250801680809153, 0.0060153859856756, -0.05167879897173653, -0.1371349342547993, -0.9892033721858062, 0.9502883714739587, -0.31130355108098895, -0.006489231521340671, -0.3070526221646875, -0.9403638173022706, 0.1464055269806838
0.00015784131510405465, 0.0009234352645586642, 0.006003520707728933, -0.0618590936128055, -0.12963610650727295, -0.9896301998357958, 0.9496141414582425, -0.31288249405784335, -0.01837191483402822, -0.30725630161141904, -0.9409033025777829, 0.1424589074726255
0.00015709893335407143, 0.0009218794790792927, 0.005991643983440198, -0.07453380030671056, -0.13773323142371333, -0.9876610094427243, 0.9489463504793058, -0.3142106003285242, -0.027794289938673295, -0.3065053613296936, -0.9393089244773364, 0.1541207574383923
0.00015620411317512176, 0.0009202259141962099, 0.005979786557714227, -0.08966281634642378, -0.16133460562985663, -0.9828182560326635, 0.9483356859885159, -0.3153600048020018, -0.03474901512233655, -0.3043353512911678, -0.935157319597906, 0.181275430097246
0.00015512692200527386, 0.000918287672462826, 0.005967979175455863, -0.09588702188098248, -0.1954944740179278, -0.9760059373094252, 0.9487901433094408, -0.3144575958365874, -0.030227212566232602, -0.3010032275468932, -0.9289232105234142, 0.2156356323922975
0.00015397443026458684, 0.0009159379721359635, 0.0059562482992690235, -0.03294816115502665, -0.2145904452698166, -0.9761482261805345, 0.9530162919805449, -0.301004489112378, 0.03400359913081387, -0.3011218455976835, -0.9291648068739465, 0.2144257348611558
0.0001535811276032802, 0.0009133764029843959, 0.005944596004217408, 0.06243850465728291, -0.21906197963235938, -0.9737110876516268, 0.9513150223540224, -0.2819822476990828, 0.12444171417229496, -0.3018296893609515, -0.9340759396655739, 0.19079040216464405
0.0001543246739495094, 0.0009107677124744706, 0.005933000606065575, 0.1285949815336007, -0.22054776955138106, -0.9668619405428491, 0.9450082570609709, -0.26837531516578483, 0.18690661918790227, -0.30070371599127066, -0.937727770493962, 0.17390774460461692
0.0001558642845955424, 0.0009081271919043004, 0.005921424797125357, 0.162855611689518, -0.22091165564293277, -0.9616007956227631, 0.9400858204103659, -0.2611303427736068, 0.21920217687401716, -0.2995274611861193, -0.939685577458778, 0.16514937333020946
0.0001578278663604153, 0.0009054636171329542, 0.00590983058942331, 0.16624966092947346, -0.22088864963332053, -0.9610251061777747, 0.9395405369464759, -0.26040043368749055, 0.22238523685194275, -0.29937372909987103, -0.9398935144996666, 0.16424235667543885
0.000159843326063164, 0.000902785764019501, 0.005898179994985991, 0.13865211878569608, -0.219021391963534, -0.9658184196931602, 0.943707283504768, -0.26652006498457975, 0.1959173754945356, -0.3003200842705807, -0.9386142364267502, 0.16973851113032631
0.0001615288927907757, 0.000900123163734975, 0.005886438729094011, 0.06844696076360503, -0.1906720133290472, -0.979264620465415, 0.9517243848268859, -0.2819205485273938, 0.12141457755928256, -0.29922518090580413, -0.9403004773215109, 0.16217059986578275
0.00016235432665290904, 0.0008978237608892226, 0.00587462931975423, -0.0570152149407425, -0.11262317001154956, -0.9920006486095715, 0.9533656390247788, -0.30111332236749344, -0.020608867501280877, -0.2963835751051942, -0.94691435128493, 0.12453910124336097
0.0001616755051017552, 0.0008964828725834859, 0.0058628185878340814, -0.18114896270172134, -0.024909581715550036, -0.9831401558530943, 0.9370042914751435, -0.3079757465266988, -0.1648450706223477, -0.2986771016821588, -0.9510680587056213, 0.07912987198692091
0.0001595027134062169, 0.000896184094542013, 0.005851026310725075, -0.17953934467696467, -0.028229830151261567, -0.9833456667940308, 0.9374678305711949, -0.30790435943678185, -0.1623236645839498, -0.29819404815841594, -0.9509984133159508, 0.08174550454575688
0.0001573373077225651, 0.0008958436174462095, 0.005839166279155385, -0.10733195863947682, -0.0718108312697136, -0.9916264695776159, 0.9495513197231995, -0.3030150250833185, -0.08083431069592968, -0.29467294050615483, -0.9502763277521484, 0.10071126574195934
0.00015604658823875061, 0.0008949800569536626, 0.005827241484143965, -0.011540336585484461, -0.11124767503744315, -0.9937257043220011, 0.9558324082506797, -0.2931090912571251, 0.021713312969887884, -0.29368559373792874, -0.9495846541626428, 0.10971671071270102
0.00015590822512671058, 0.0008936462505770999, 0.005815327188581987, 0.05465687972094874, -0.13553080086376856, -0.9892643870656597, 0.9543535860298896, -0.28426287312415466, 0.0916725247557356, -0.2936355876440387, -0.9491185494870629, 0.11380738415636213
0.00015656398298933338, 0.0008920201901662653, 0.005803458272841772, -0.003002447534530263, -0.12991268082683485, -0.9915208927043279, 0.9557276025462923, -0.2921180975599924, 0.03538031668947075, -0.29423754865740515, -0.9475176581142517, 0.12503820424880324
0.00015652801357932505, 0.0008904638324187276, 0.005791579823306404, -0.05632818210301125, -0.12422294083552363, -0.9906542266962495, 0.9540855397654993, -0.2990657129681464, -0.01674760093954778, -0.2941902763711712, -0.9461122345139759, 0.13536513949915488
0.00015585186074259838, 0.0008889726837486202, 0.005779688197470318, -0.07156232322925833, -0.12674886352894488, -0.9893500692313879, 0.953188682499339, -0.3008436387614323, -0.030404614320120243, -0.29378592452533453, -0.9452131138589338, 0.14234465195395535
0.00015499161002830486, 0.0008874490356127519, 0.005767795219918204, -0.051963141798663584, -0.13668597647312156, -0.9892506132067854, 0.9545387405396052, -0.29795185225661824, -0.008971429424275708, -0.2935227839597403, -0.9447442180677474, 0.14595457418006466
0.00015436738528895353, 0.0008858070492916109, 0.005755911513798687, -0.023534696126166044, -0.14513965976893203, -0.9891312335784406, 0.9556569021096822, -0.2937771081330742, 0.0203690006405129, -0.2935404631875719, -0.944790712221033, 0.1456176725967666
0.00015408485610127824, 0.0008840646775204117, 0.00574403719672958, 0.00019221556231110843, -0.14757626686284175, -0.9890506602353617, 0.9559139782904068, -0.29040443269752564, 0.04351702630736641, -0.2936467761821766, -0.9454557160060199, 0.1410143961067772
0.00015408716300526712, 0.0008822935187515968, 0.005732166956433381, 0.01907873029116307, -0.14400596034013338, -0.989392887298566, 0.9557277464117168, -0.2879976498579755, 0.06034756345590318, -0.29363323515783835, -0.9467415893805442, 0.13213586245960163
0.00015431608475704637, 0.000880565620919581, 0.0057202954351370594, 0.03312481568834682, -0.13448053519853334, -0.9903624246902389, 0.9554297854748965, -0.28658530956863604, 0.07087161185441128, -0.29335417435756106, -0.9485693680444068, 0.11899362333683511
0.00015471337476254666, 0.0008789526980562093, 0.005708417298308939, 0.041758020308914005, -0.1263188555328524, -0.9911103946971552, 0.9552016146560384, -0.2858504386411071, 0.07667725925712252, -0.29299512470069816, -0.9499121398663969, 0.10872342634439613
0.0001552140753548257, 0.0008774380686433822, 0.005696533364205557, 0.04362695344499308, -0.13665574014831952, -0.9896574647915427, 0.9550012007258795, -0.2851908207549983, 0.08147945979950391, -0.29337586053599735, -0.9486787677826491, 0.11806438926771125
0.00015573753878611135, 0.0008757983877352686, 0.005684658835928665, 0.04088110802304965, -0.16597099991680261, -0.9852828843501872, 0.954769779093433, -0.2841845725396797, 0.08748598550806165, -0.29452233181320053, -0.9442948458596269, 0.146846314718003
0.0001562290625346865, 0.0008738028770463735, 0.005672812534295899, 0.07941323422040883, -0.17939619460662723, -0.9805664401718609, 0.9523139007409815, -0.2770594106942518, 0.12781360413215043, -0.29460443426084176, -0.9439571432572642, 0.14883930598949435
0.00015718218406703558, 0.0008716497551192839, 0.005661043727783968, 0.18826410373186425, -0.1496531210985547, -0.9706495611658715, 0.93850826321514, -0.2638259534512538, 0.22270632268177412, -0.2894112422193365, -0.9528902400754234, 0.09078173409922476
0.00015943743461560927, 0.0008698570326790359, 0.005649416137011752, 0.226414177258322, -0.14041648541253401, -0.9638567481533907, 0.931177532205464, -0.2590858654016604, 0.2564818080582228, -0.2857359337783392, -0.9555928656982869, 0.07209196331323064
0.00016215532577505622, 0.0008681714636525526, 0.00563784593515204, 0.13906534334182782, -0.18031624118276737, -0.9737283417087835, 0.9439586509163517, -0.2730840950876953, 0.18538377051488608, -0.29933742773231836, -0.944939749495095, 0.13223454232062992
0.0001638201092086463, 0.0008660128561669303, 0.0056261892076515775, 0.07580642575452208, -0.2028840931291564, -0.9762640168363699, 0.949440156818162, -0.2844594544468165, 0.13283902813903586, -0.30465845538147823, -0.9369743131649766, 0.1710624506827624
0.00016473114757482188, 0.000863574603856685, 0.005614456508661986, 0.08233521651264644, -0.19118703356322178, -0.9780942849843828, 0.949227039702353, -0.28395795246574357, 0.13541014854644434, -0.3036263150975608, -0.9395825665840964, 0.1581001624019367
0.00016572048683618354, 0.0008612773020874195, 0.005602703736052226, 0.14272888280253787, -0.1545727794924465, -0.9776173698609896, 0.9435620170969312, -0.2769998590398197, 0.18155384320881368, -0.2988631558186956, -0.9483555946647331, 0.10631312318895804
0.00016743245824608574, 0.0008594232682433636, 0.005590977637212503, 0.15709315660565998, -0.1549299643538613, -0.9753555486554535, 0.941445890730165, -0.2748482333592272, 0.19528974229743384, -0.2983309822578874, -0.9489231553527521, 0.10268140172602364
0.00016931842567593616, 0.0008575632708189517, 0.005579268095963003, 0.14317786086206327, -0.18187920294088356, -0.9728412284111692, 0.9422035283942553, -0.2757981971601838, 0.19023108453827525, -0.3029069349493003, -0.9438513177300656, 0.1318790308534266
0.0001710375125017404, 0.0008553795104262422, 0.00556758752936359, 0.1346267872964594, -0.2141262671185344, -0.9674841445068316, 0.9419552948518177, -0.2754012714451747, 0.1920269829659529, -0.30756438454876245, -0.9371787883943296, 0.16462098268713418
0.00017265341993056427, 0.0008528093813108438, 0.005555974945807427, 0.13186106011586593, -0.25118103111511514, -0.958916446012408, 0.9407764483618096, -0.27309078179340773, 0.20090071952883756, -0.3123336917991066, -0.9286169902103951, 0.20029515835318593
0.00017423558834635074, 0.0008497955219218339, 0.005544469143314061, 0.15053169366900968, -0.2653482547724446, -0.9523289940405875, 0.9375935781638898, -0.2671213631187187, 0.2226307695522602, -0.3134621051849384, -0.9264105359152688, 0.20857858844620453
0.00017604148009493236, 0.0008466122040961025, 0.005533044286326439, 0.18036857743927356, -0.25474411248697176, -0.9500382168238065, 0.9332738297077195, -0.26067237748595096, 0.2470827197488899, -0.31059158883527316, -0.9312117636547806, 0.19072890755135594
0.0001782054972854061, 0.0008435558477926916, 0.00552164596483385, 0.14833095714048516, -0.31224228601055526, -0.9383510441091277, 0.9351249603394559, -0.2644458921616687, 0.23581704490759406, -0.32177513220247256, -0.9124544508882193, 0.2527600430257117
0.0001799848481595615, 0.0008398102467713555, 0.00551038967833245, 0.15146186929557104, -0.31643447695039867, -0.9364446187290625, 0.9344549095277473, -0.263029023389072, 0.24002032187812916, -0.3222628185332293, -0.9114191980927978, 0.25585488296864745
0.00018180187220634056, 0.0008360141160585699, 0.005499155547929721, 0.16717991839425836, -0.2965455104824069, -0.9402721069448023, 0.9330615754727274, -0.26050668442317804, 0.2480571783827163, -0.3185074116281144, -0.9188019523181106, 0.23314373496705307
