0.003044010140001774, 0.012459225952625275, 0.07277987897396088, 0.13337699496014918, 0.4545007621308681, -0.8807040561038995, 0.9589183199788391, -0.28367987999779565, -0.0011752843898073938, -0.25037218860001403, -0.8443664979775645, -0.47366547717639573
0.0030561691009941276, 0.012501345423236401, 0.0727410009378836, 0.09499088978915626, 0.3496284720152335, -0.9320604392491709, 0.9595528685558582, -0.2814211908989051, -0.007772114208246842, -0.2650189112182155, -0.8936229881047909, -0.36221945258002985
0.003061662129907206, 0.012515745243475884, 0.07269684470364866, 0.05132774947196035, 0.2362148931667224, -0.9703442617856703, 0.9600332994264202, -0.27935542990939155, -0.017222304507823406, -0.27513910323064744, -0.9306788210904839, -0.24111284878052897
0.0030620294213406433, 0.012512348866520154, 0.07264981129421101, 0.005667969086919868, 0.12026702109755767, -0.9927253989713114, 0.9600196105343848, -0.2785027496669638, -0.028258906867547097, -0.2798753678261771, -0.9528756802774747, -0.1170372437299425
0.0030588046361758, 0.012501013953010141, 0.07260228268357256, -0.03833850230219303, 0.00865693351183352, -0.9992273098466616, 0.9595138208433324, -0.2789160107412709, -0.039231193746873075, -0.2790401169220193, -0.960276479173757, 0.0023867747691966434
0.0030531673786443306, 0.012488032921908778, 0.072555608599132, -0.07774764747926186, -0.09299039794267347, -0.9926268630265371, 0.9587866446565059, -0.2798915006698437, -0.04887655758236362, -0.2732827717580449, -0.95551741676604, 0.11091885735524973
0.003045769249192756, 0.01247438135629282, 0.0725095993815425, -0.11210180817436088, -0.18307918011500782, -0.9766858238002921, 0.9580828352183318, -0.28069225768947004, -0.057351001152472963, -0.2636483746660343, -0.9421750741139381, 0.20687112958156756
0.0030372187738095316, 0.012460601092681003, 0.07246393978855095, -0.13846331005639237, -0.23101517493807483, -0.96304719547723, 0.9567238210788421, -0.2825054240088846, -0.0697869299071104, -0.25594421647797977, -0.93103312204985, 0.26013435701110693
0.0030281244784831135, 0.012447233967592083, 0.0724183145779044, -0.1553107559508639, -0.2427156380106855, -0.9575842981957449, 0.9549942801261884, -0.2848663839398856, -0.08268656618385539, -0.25271425367840766, -0.9273296406165822, 0.27603485943207573
0.003019094889201957, 0.012434821817544805, 0.07237240850734976, -0.16528098684085607, -0.23862034930978673, -0.95694436843747, 0.9534248169926608, -0.2868920504162562, -0.09313468607596001, -0.2523159006710122, -0.9277679021734001, 0.2749243640810037
0.003010647577219785, 0.012423792727248946, 0.07232596439777315, -0.17065000708616346, -0.23090711723566634, -0.9578937719243228, 0.952293186898732, -0.28828045519169315, -0.10016019838602115, -0.2530143499245631, -0.9292880513405866, 0.26908633627121675
0.003002637705014661, 0.012413746383462543, 0.07227914791990564, -0.17280825559885712, -0.22160613210545746, -0.9597020522069017, 0.9515497661964951, -0.2891687838774774, -0.1045679534188957, -0.254342975622044, -0.9312744690176358, 0.26084001630816744
0.002994709464304687, 0.012404071747041542, 0.07223223901001014, -0.17314531619233509, -0.21199843244817668, -0.9618094219335618, 0.9510611726363086, -0.28975878816224426, -0.10734286462731205, -0.25593621350701057, -0.9333255109136703, 0.25179385475708177
0.002986751096923645, 0.012394621602859607, 0.07218530086460942, -0.17307855099490713, -0.2033753314032516, -0.963681632989921, 0.9506633924023445, -0.2902628087586889, -0.10948340603754879, -0.25745471355477123, -0.9350860796889955, 0.24357974883043193
0.0029786964336154455, 0.012385335221331003, 0.07213835625343346, -0.1740391911240834, -0.19703280211423824, -0.964825598149161, 0.9501949458601832, -0.29083317486893623, -0.11200727323445726, -0.25853418500198067, -0.9362660622316, 0.23783594324385754
0.0029704793051240036, 0.012376151872870013, 0.07209142794621218, -0.1772657910752228, -0.19402020876226284, -0.9648486917161279, 0.9495011133436722, -0.2916101459422037, -0.11580655656176689, -0.2588908555233316, -0.9366534478532681, 0.23591490743694615
0.0029620335421932276, 0.012367010827890892, 0.07204453871267548, -0.18256906403873735, -0.19360657614500137, -0.9639424415023073, 0.9485589320183315, -0.2926139662386326, -0.1208843217722575, -0.2586590213858038, -0.9364259503214903, 0.23706950504067814
0.0029532929755670314, 0.012357851356807921, 0.07199771132255331, -0.17993580970836762, -0.1964599031909086, -0.963860265195538, 0.9491715790360861, -0.2919282850698018, -0.11769107836343234, -0.25825649640374426, -0.9360456093665647, 0.23900250887980132
0.0029441914359893285, 0.012348612730035369, 0.07195096854557559, -0.1667210175466298, -0.20325892289264988, -0.9648263639498748, 0.9517295251136197, -0.28892928369473064, -0.10358947847466785, -0.25771110440805645, -0.9355242804375361, 0.24161810233633188
0.0029346627542040293, 0.012339234217987504, 0.07190433315147225, -0.15364230772627963, -0.21216701293995893, -0.9650798930123238, 0.9541707332139935, -0.28569173751408566, -0.08909794045909718, -0.2568117075882898, -0.9345402023114459, 0.24633789215073817
0.0029246407609550456, 0.012329655091078594, 0.07185782790997321, -0.1410802869269355, -0.2227450653950475, -0.96461442477436, 0.9564186226961285, -0.28228290630782427, -0.07469791808644034, -0.25565557064271843, -0.9331136032919916, 0.25286208207396754
0.002914060975873936, 0.012319814314157726, 0.07181147540999842, -0.12868890897147497, -0.23464031784101436, -0.9635263805164854, 0.9585068209884564, -0.27864907283091317, -0.060161186233945695, -0.25436949271941894, -0.9312886853462466, 0.260763390298035
0.002907443080606175, 0.01230880153558282, 0.07176481342371323, -0.1161184547053012, -0.24749433715276598, -0.9619059504723764, 0.9604497848395498, -0.2747519505133131, -0.04525015459412685, -0.25308637908531423, -0.9291167411937227, 0.26960965478825444
0.002905988679308096, 0.012296122578969337, 0.07171779021051393, -0.10301928687899539, -0.26094414169793084, -0.9598412272060798, 0.9622457906595024, -0.2705540966423463, -0.029724049995130505, -0.2519326594330563, -0.9266653310141555, 0.27896469204437613
0.0029043419267989513, 0.012282575607899337, 0.07167103158687615, -0.08904493997186241, -0.2746227734935377, -0.9574201433770466, 0.9638906827892855, -0.26596294990611535, -0.01335892620094189, -0.2509696202678971, -0.9240379004975685, 0.2883889875613028
0.002902250465485041, 0.012268311645252087, 0.07162454386705464, -0.07385501733574507, -0.2881594894445714, -0.9547300901602405, 0.9653721589214486, -0.260845137522724, 0.004050803635411595, -0.250203979172351, -0.9213706761525435, 0.2974458705924939
0.0028998211043563503, 0.01225343563357826, 0.07157828990628975, -0.057121803097106266, -0.3011791593860196, -0.9518551431612197, 0.9666549014039423, -0.2550746173662548, 0.02269892436203503, -0.24963052938827435, -0.9188188360754199, 0.3057066326894799
0.002897160652402865, 0.01223805251542852, 0.07153223255982169, -0.047971277893976316, -0.31192714166742735, -0.9488942063203926, 0.967272785990616, -0.251481711404602, 0.03376842180150765, -0.24916282623852817, -0.9162196282115993, 0.3137825344097849
0.002894375918614569, 0.012222267233353535, 0.07148633468289073, -0.048699394242886204, -0.319313259461422, -0.9463970685354528, 0.9673243642334223, -0.251121377970911, 0.034951793750768054, -0.2488211071448347, -0.9137708114500668, 0.3211089546884441
0.002891573711981451, 0.012206184729903967, 0.07144055913073713, -0.047971112047866554, -0.32448246202139436, -0.9446744964533685, 0.9673958413688111, -0.2505609258574228, 0.03693925467305738, -0.24868465676679966, -0.9121021621912786, 0.3259226706057337
0.002888860841493495, 0.012189909947630492, 0.07139486875860121, -0.045044483282672985, -0.3275146178452767, -0.9437717783571722, 0.9675308782236876, -0.24950227075501127, 0.040405650245887825, -0.24870664287368155, -0.9113082859196198, 0.32811920669894906
0.0028863441161406872, 0.012173547829083767, 0.07134922642172319, -0.03991642868562036, -0.32840700936245143, -0.9436924895974306, 0.9677247018196917, -0.24789823155795973, 0.04533616964880375, -0.24882841519604373, -0.9114248751224904, 0.3277027872920497
0.0028841303449130135, 0.012157203316814469, 0.07130359497534336, -0.0325842222170098, -0.3271483535382233, -0.9444110456997749, 0.9679577734209615, -0.24572810683922272, 0.05172471733268437, -0.24898999445047404, -0.9124646033060357, 0.3246726511074065
0.0028823263368004596, 0.012140981353373256, 0.07125793727470199, -0.023046888184220845, -0.3237192614388019, -0.945872444211449, 0.9681869196581212, -0.24303026029622368, 0.05958507517213196, -0.2491644628512318, -0.9144080775856404, 0.3190218458008648
0.002881038900793011, 0.012124986881310796, 0.07121221617503933, -0.01177741180207086, -0.3181267866258283, -0.9479750208746901, 0.968349704391553, -0.24000994102828774, 0.06851334331639126, -0.24931935860665996, -0.9171644213764087, 0.3108846757002364
0.0028803748458806544, 0.012109324843177763, 0.07116639453159566, -0.004066575851568045, -0.3107824347592448, -0.9504723779289744, 0.968391472229302, -0.23827764314499295, 0.0737680234982091, -0.24940212403748369, -0.9201293621129495, 0.30192803364909404
0.0028804409810533746, 0.01209410018152482, 0.07112043519961127, -0.0023164197875158395, -0.3024127301089325, -0.9531742625918043, 0.9683932101168363, -0.23841825365117808, 0.07328933705206694, -0.24941777161817677, -0.9228777150814644, 0.29340671125084816
0.0028813441153011585, 0.01207941783890263, 0.07107430103432638, -0.005357828893590169, -0.29372978262591365, -0.9558734793203966, 0.9683836474210518, -0.23993348255187535, 0.06830106410612595, -0.24940810948533174, -0.9252863009626061, 0.28572864080083105
0.00288319105761399, 0.012065382757861861, 0.0710279548909813, -0.011986520023796672, -0.28542098187771137, -0.9583272856606361, 0.9683230717590717, -0.2423667590466419, 0.06007314548367505, -0.24941281449996683, -0.9272503530402079, 0.279284855926731
0.0028858596247881754, 0.0120520834124307, 0.07098136900986787, -0.02101830481420831, -0.27817328545732284, -0.960300918525342, 0.9681574100312962, -0.2453239994303457, 0.0498734869945181, -0.24945833372374965, -0.9286741939783718, 0.2744718221865258
0.002886886393500828, 0.012039415822469464, 0.07093461904463245, -0.03127738635102834, -0.2726898714311198, -0.9615934479404109, 0.9678580026601787, -0.24845860080597088, 0.03897704930069541, -0.24954480918203475, -0.9294668136649198, 0.27169620995862886
0.0028852226423319517, 0.0120271476147982, 0.07088779396579667, -0.04173956125888345, -0.26962150544450775, -0.9620613560619474, 0.9674464581861946, -0.2514657804744292, 0.028501084073660296, -0.2496100149611461, -0.9295532287353013, 0.2713404418417442
0.00288153516680975, 0.012015041975832488, 0.07084095203307468, -0.05235569694596677, -0.26917344065064075, -0.9616675828193431, 0.9669445898931038, -0.2543117075119894, 0.018539565766048528, -0.24955368375113074, -0.9289086145959852, 0.27359046886835864
0.002876509442045697, 0.012002862066725125, 0.07079415116463039, -0.06344740757073056, -0.2713651535997254, -0.960382933982248, 0.9663501525766848, -0.2570796893273789, 0.008798633436857262, -0.24928258881753346, -0.9275079443040559, 0.2785447974120012
0.0028708309431512685, 0.01199037104862893, 0.07074744927862774, -0.07486157818257178, -0.2761702211861459, -0.9581887877876729, 0.9656724218174547, -0.2597622768485758, -0.000577293387903157, -0.2487418699238762, -0.9253397043553461, 0.28613618032387017
0.0028651851452379355, 0.011977332082696704, 0.07070090429323057, -0.08168245022477415, -0.2832489470017607, -0.9555616209055652, 0.9653040585362554, -0.26107814503661847, -0.005126085999271297, -0.2480242969926753, -0.9228262221061082, 0.29474686070365025
0.002860179069837309, 0.01196354337614244, 0.07065456514601917, -0.08186922159063795, -0.29198041206380554, -0.9529138835840275, 0.965486125001111, -0.2604354445681992, -0.0031498639500034662, -0.2472528523323485, -0.9202830098310057, 0.30322468374112144
0.0028559381142429854, 0.011949018282927245, 0.07060842564303278, -0.076907405336408, -0.30164390904203303, -0.9503137393210008, 0.966084344071348, -0.25819916255346054, 0.003772611419796737, -0.2465081969116941, -0.9177930837582801, 0.31127088566200994
0.0028524050215007397, 0.01193385175063684, 0.07056245868187341, -0.06832986434315665, -0.3115051744296964, -0.9477845514368601, 0.966893867325782, -0.2547926364690497, 0.01403430543146903, -0.24586028342666263, -0.9154481081441346, 0.3186023890818868
0.0028495221862613104, 0.011918138882488744, 0.07051663712026231, -0.05766476122323258, -0.32084232570422655, -0.9453755747583975, 0.9677147559150507, -0.25069764538066003, 0.026054592394942143, -0.24536284661158733, -0.9133514617261506, 0.32494027276618526
0.0028472320031754364, 0.0119019747817005, 0.07047093381592069, -0.046434969293369224, -0.32895837543191847, -0.9432020890879732, 0.9683985797619388, -0.24645260781680733, 0.03827927396587978, -0.2450469023305208, -0.9116180665901088, 0.33000684284530873
0.0028454768668938544, 0.011885454551489637, 0.07042532162656977, -0.03600460733092152, -0.33525305575748476, -0.9414398848870887, 0.968879922002375, -0.2425668500655958, 0.04932565245312363, -0.24489868311531962, -0.9103662514914114, 0.33355347870148006
0.002844199172067305, 0.011868673295073684, 0.07037977340993078, -0.026755862681491542, -0.339577983353771, -0.9401972755935615, 0.9691867706508084, -0.2392027246997502, 0.05881377467628545, -0.24486961307525798, -0.9096531480281931, 0.3355145643258604
0.0028433413133465255, 0.011851726115670182, 0.07033426202372496, -0.01869398576443137, -0.34195073036722023, -0.9395319222344518, 0.9693661301892407, -0.2363779186507067, 0.06674417739620417, -0.2449078204920687, -0.9095027089435659, 0.335894301657739
0.0028428456853822545, 0.011834708116496654, 0.07028876032567354, -0.011820717069758693, -0.34238515184921997, -0.9394853263575453, 0.9694586696573616, -0.23410178815573524, 0.07311799100403192, -0.24496970929920125, -0.9099278875688304, 0.33469550482549215
0.00284265468282523, 0.011817714400770634, 0.0702432411734977, -0.006136183817834457, -0.3408900013461287, -0.940083163465015, 0.969497836753196, -0.23237874781791612, 0.07793626943503627, -0.2450230433633273, -0.9109303620721036, 0.33191803758783484
0.0028427107003261916, 0.011800840071709659, 0.07019767742491875, -0.0016397941590596066, -0.3374683646521178, -0.9413354417709667, 0.9695096141923307, -0.2312092966687899, 0.08119956356139786, -0.2450477893468005, -0.9125006104068911, 0.32755795967018936
0.0028429561325358766, 0.011784180232531256, 0.07015204193765784, 0.0016696522192357474, -0.33211527303815197, -0.9432373283942174, 0.9695125515065991, -0.23059010175182992, 0.08290728222083324, -0.2450359662021699, -0.9146188552554962, 0.32160492048240574
0.0028433333741050243, 0.011767829986452961, 0.07010630756943624, 0.0038123908700944294, -0.32472926649489114, -0.9457993281650942, 0.9695180747481502, -0.23051460122029355, 0.08305252170096503, -0.24499013941890366, -0.9172861724161873, 0.3139520815053902
0.0028437848196843736, 0.011751884436692308, 0.07006044717797519, 0.004836686688367097, -0.31509467781131933, -0.9490479179034426, 0.9695312472988198, -0.23096856341555197, 0.08162526094874623, -0.2449199195105889, -0.9205264074043379, 0.30437701341952494
0.00284425286392466, 0.01173643868646682, 0.07001443362099583, 0.004963578482045577, -0.30357535865842167, -0.9527945027675502, 0.9695513575795146, -0.2318248422108603, 0.07891392494122859, -0.2448377583306397, -0.924174899112349, 0.2931812203165594
0.0028446799014766257, 0.01172158783899404, 0.06996823975621949, 0.004670289981967514, -0.2914307701847053, -0.9565805217445283, 0.9695729950756107, -0.2328159982940079, 0.07566318892615023, -0.24475783054193412, -0.9278280105320782, 0.28147608648070244
0.002845008563481185, 0.01170742814479387, 0.06992183813064919, 0.004455492226019712, -0.28001453433045337, -0.9599854213230131, 0.969592532038978, -0.2336884587581216, 0.07266378780036897, -0.2446844302428482, -0.9311184483227433, 0.2704588042378724
0.0028451907891589748, 0.01169410101136517, 0.06987518906165079, 0.004819556848062275, -0.27070430994462846, -0.9626504809374952, 0.9696065536776836, -0.2342258660812304, 0.07072039821566986, -0.24462195922908, -0.9337330561974874, 0.2613478081542416
0.0028451921851248294, 0.011681801546658144, 0.06982823844944458, 0.006263872003754258, -0.2648928150334611, -0.9642575177052908, 0.9696062676313898, -0.23424847142501998, 0.07064941192230433, -0.24459037118710625, -0.9353926716511576, 0.2553744312648849
0.0028450623362788184, 0.011670437702999414, 0.06978101692124768, 0.009234945046942325, -0.2639153449441517, -0.9645016363350501, 0.9695772563089953, -0.2335847684478824, 0.07319904369231783, -0.2446112422565665, -0.9358348394092617, 0.2537291735483738
0.0028449756438377488, 0.011659480464745926, 0.06973368388975246, 0.012005578121368262, -0.2670110105236236, -0.9636186934431715, 0.9695297613703601, -0.23270304001171618, 0.07655936903108831, -0.24467919386638592, -0.9351761413918017, 0.25608138679028697
0.002845116782797858, 0.011648364848901496, 0.06968640936813669, 0.011289224117581157, -0.27157206150108687, -0.962351894491237, 0.9695150569376619, -0.23261362703245314, 0.07701593919422774, -0.2447715420345781, -0.9338841019799281, 0.2606671753005317
0.0028456704281553838, 0.01163652587246995, 0.06963936336957825, 0.00728619875266241, -0.27738614493933184, -0.9607308873474573, 0.9695263345229399, -0.23331545635507606, 0.0747166948702556, -0.24487874136855775, -0.9319982963619187, 0.26723318956340814
0.0028468212549065636, 0.011623398552455108, 0.06959271590725497, 0.0008091229101729952, -0.28477107805156854, -0.958595210933929, 0.9695282424219711, -0.234611716612751, 0.07051474721064982, -0.2449782285556818, -0.9294421851483641, 0.2759037730810408
0.002848728695673733, 0.011608441990015782, 0.06954662999996974, -0.007499783356382923, -0.2934489725057468, -0.9559453194534343, 0.9694883169318216, -0.2363753165673784, 0.06495469998680141, -0.2450227674774552, -0.9262906726578829, 0.28626811412502073
0.002850497801317658, 0.011592121558580226, 0.06950097642398437, -0.017256705020350503, -0.302251174720944, -0.953072102997276, 0.96938126107693, -0.23858547448887002, 0.05811146217246179, -0.24495341762208855, -0.9228874247397297, 0.29711382406836695
0.0028504779640157792, 0.011575803739620097, 0.06945535957009341, -0.028103431964656624, -0.3099530676270286, -0.9503364104254884, 0.9691815383518576, -0.24121751001318542, 0.05001258422602989, -0.24473933649851803, -0.9196429789497843, 0.3071798307809804
0.002848721754548025, 0.011559722051886717, 0.06940970004184754, -0.03968737182211426, -0.31534238948140325, -0.9481477152395676, 0.9688519412580604, -0.24427510627079688, 0.04068892204124882, -0.2444398258024686, -0.9169999181311578, 0.3152147231794685
0.0028455867122500348, 0.011543902298017179, 0.06936397659804636, -0.051524661604480666, -0.31731510280048675, -0.9469193919131977, 0.9683567358509773, -0.2477213623151073, 0.030320929814040328, -0.24419345072827892, -0.9153934958188549, 0.32003797654958355
0.0028414303764574466, 0.011528370280648586, 0.06931816799748952, -0.06176618928400876, -0.31586041436341594, -0.9467930800864057, 0.9677760268934092, -0.25096926579059536, 0.02059100286378971, -0.24411984686161653, -0.9150118175557628, 0.32118355204082333
0.002836610286505901, 0.011513151802418034, 0.06927225299897666, -0.0656387112451962, -0.3136948972677065, -0.9472523797881285, 0.9674991995649784, -0.25233375827946675, 0.016521902846998466, -0.24420658964736344, -0.91538144282084, 0.3200624247112452
0.0028314839817310373, 0.011498272665962626, 0.06922621036130738, -0.05842122497417976, -0.3141432862172304, -0.9475763590324294, 0.9679205638410097, -0.25017708105780184, 0.02326392501492044, -0.24437009343661117, -0.915819536720001, 0.3186813982581108
0.002826409001468494, 0.011483758673919455, 0.06918001884328137, -0.043345120453275696, -0.3144490978139002, -0.9482842218538254, 0.9686394755937008, -0.24567166771724544, 0.037188681108471906, -0.24466051347622753, -0.916933583508125, 0.3152364772365298
0.002821807941723742, 0.01146958592129033, 0.06913367723738731, -0.02418532541193446, -0.3124067666374104, -0.9496405015551292, 0.9692125098254392, -0.24015873323578776, 0.054322128533908304, -0.24503506041501813, -0.9190896555884743, 0.30859686349292037
0.002818739523998092, 0.011455244460766055, 0.06908738022594994, -0.0032195218012207056, -0.30887328173897116, -0.9510977502376765, 0.9694364502984354, -0.2342911188104702, 0.07280549758986092, -0.24532142897052553, -0.9217944279905018, 0.3001873232058995
0.0028186215137904914, 0.011439950024376037, 0.0690414330855309, 0.017422189406284382, -0.30509179293665106, -0.9521635706111589, 0.9692744716275905, -0.228543931875465, 0.0909652123284399, -0.24536394594020303, -0.9244926549657397, 0.29173595072779535
0.002822119356333566, 0.011423507443557085, 0.06899594202531749, 0.03688289118146697, -0.30211840057506284, -0.9525566252838001, 0.96879088983944, -0.22299889561431066, 0.10823910716050845, -0.24512010138338783, -0.9268203518421269, 0.28446471012945357
0.0028276999481235774, 0.01140743811988324, 0.06895043223346524, 0.05661797426746924, -0.30055956307653053, -0.9520810648432692, 0.9679528473641866, -0.217166754079684, 0.1261185402788091, -0.24466648783479059, -0.9287101539047257, 0.2786319431882302
0.002833850353024514, 0.011392772321253845, 0.0689045578748893, 0.07545421910436784, -0.29947465725923167, -0.951115971098591, 0.9668119312483439, -0.21151822543663404, 0.14329944139453252, -0.24409291348828183, -0.9303628163074892, 0.2735757292180707
0.002839827287621377, 0.011379064446200793, 0.06885840408503896, 0.08108038524243542, -0.2921623509341751, -0.9529255646825487, 0.9665491176226759, -0.21036066539401987, 0.1467351139905225, -0.2433285317256583, -0.9329467032749519, 0.2653331387079913
0.0028449769322945032, 0.011365711841361469, 0.06881210190015968, 0.06824227688391106, -0.27705793609578183, -0.9584267795152873, 0.9677583226617391, -0.2150842759725588, 0.13108235254334372, -0.24245993599899532, -0.9364708507346643, 0.2534472828018823
0.0028492683064979267, 0.01135223025892252, 0.06876575138968825, 0.044198830321982664, -0.26108836258701734, -0.9643025097550036, 0.96930900441383, -0.2224557260355593, 0.1046589887026512, -0.24183985891584972, -0.9393329105677191, 0.24324301791405972
0.00285378104777078, 0.011338346599712983, 0.06871939740188726, 0.01661242015171656, -0.250049250822355, -0.968090594758508, 0.97022631385699, -0.22995268599395272, 0.07604381699812263, -0.241629732020255, -0.9405302410700815, 0.23878429227332823
0.0028583648404408054, 0.011324521915435379, 0.06867295804523618, -0.011792731237489347, -0.24334335862069248, -0.9698685175348055, 0.9702891240451527, -0.23719662047836185, 0.04771560534389455, -0.24166081033061745, -0.9404901770081626, 0.23891061027401922
0.002858039379062803, 0.011313744497550014, 0.06862592482087325, -0.0397215299467167, -0.23887233280470635, -0.9702382226438668, 0.9695305406711476, -0.24411879624235133, 0.020409410258443606, -0.24172863041974196, -0.9398648955789459, 0.24129079405102224
0.0028516046210042517, 0.0113060782525533, 0.06857836864754219, -0.06580649646884938, -0.23537339899444457, -0.9696746196886342, 0.9681217644052542, -0.2504318566581569, -0.0049126831371128655, -0.24168110043475194, -0.9390863901774695, 0.24435015341942598
0.0028434000140751324, 0.011297656917636725, 0.06853111616797403, -0.08997255968359275, -0.23184597545561506, -0.9685826666676504, 0.9662217632615276, -0.2561377096434804, -0.028442536778151, -0.24149625815686399, -0.9384246998899947, 0.24705999257793004
0.0028356750492241566, 0.011287077642881758, 0.06848442326789717, -0.11439547259362139, -0.22768018108570884, -0.9669929735995298, 0.9637014085547884, -0.26179655560664056, -0.05236562443068975, -0.24123281493113438, -0.9378828810748591, 0.2493640519143108
0.002828161327942735, 0.011275697530871374, 0.06843791864993429, -0.13876063035830977, -0.22377530780050345, -0.9647124437268104, 0.9605870781603402, -0.26734444812241914, -0.07615386614939337, -0.24086916102719563, -0.9372574660555707, 0.25205255322877773
0.0028207011033974452, 0.011264105950957606, 0.0683914457199418, -0.1531821209090658, -0.22649220835906955, -0.9618921547587506, 0.9586155649530459, -0.2704415444048259, -0.08898072650684012, -0.23998215863591374, -0.9357150477643098, 0.258545765627447
0.0028132802203411898, 0.01125233451451467, 0.06834499955306039, -0.15515675731948267, -0.23604145816683217, -0.9592761910339372, 0.9586612461059439, -0.2704327585391166, -0.088514057208574, -0.23852671941043, -0.9333544627500313, 0.2682432683067713
0.0028058866349344766, 0.011240406631500053, 0.0682985774546148, -0.1535956430650903, -0.2441566128596405, -0.9574946092946576, 0.9592233042480312, -0.2695193447230112, -0.08514678741777411, -0.2372741684611082, -0.9315293184956587, 0.2755977100124444
0.002798508303337816, 0.01122834571187125, 0.06825217672992982, -0.15307662973818004, -0.24782761996291267, -0.9566342123358951, 0.9594727985610623, -0.2690430117749211, -0.08383201438879315, -0.23659986105110736, -0.9306972271359778, 0.2789680575836576
0.0027911331817117176, 0.011216175165585754, 0.06820579468433026, -0.15310410080670406, -0.249822185973978, -0.9561108773104475, 0.9595668862920409, -0.26883763117529536, -0.0834129414171052, -0.2362001800337336, -0.9302232008820459, 0.28088124090581923
0.0027837492262166906, 0.011203918402601052, 0.06815942862314091, -0.15338809888006716, -0.2513228960274811, -0.9556719589138936, 0.9595884711395356, -0.26878589605742587, -0.08333131546240664, -0.23592807628183474, -0.929833826021062, 0.282395111163395
0.0027763443930132426, 0.011191598832874641, 0.06811307585168652, -0.15392464078946874, -0.2523476774989272, -0.9553155785491674, 0.9595464953322357, -0.26885613299510785, -0.08358769674144917, -0.23574929109852402, -0.9295359215284874, 0.28352291324464257
0.0027689066382618837, 0.011179239866364016, 0.06806673367529191, -0.15471386461982725, -0.252897049838073, -0.955042775103606, 0.959448205611493, -0.2690186459184863, -0.08419090744890634, -0.23563268203558688, -0.929339577512646, 0.28426253503642135
0.0027614239181231242, 0.01116686491302666, 0.06802039939928188, -0.15575580966979452, -0.252971241072811, -0.9548537474106642, 0.959293709890491, -0.26927022861549993, -0.08514177673677512, -0.2355752659313902, -0.9292465201287752, 0.28461412282231646
0.002753884188757472, 0.011154497382820072, 0.06797407032898117, -0.15705041370044043, -0.25257018442984025, -0.9547478565011795, 0.9590816397346404, -0.26961187517605056, -0.08643983507600565, -0.23557923482436613, -0.9292565516051692, 0.284578083166002
0.002746275406325437, 0.011142160685701742, 0.0679277437697146, -0.15859750671754727, -0.25169352113158305, -0.9547236261260967, 0.9588106577119554, -0.2700428372002407, -0.0880851220968204, -0.2356458222013389, -0.9293692686425723, 0.28415455122490185
0.0027385855269875287, 0.011129878231629167, 0.06788141702680697, -0.160396801292819, -0.25034060937957053, -0.9547787416100639, 0.9584791898756548, -0.27056168013535753, -0.09007785420202234, -0.23577639557500293, -0.9295837544502367, 0.2833434925172308
0.0027308025069042556, 0.011117673430559832, 0.06783508740558306, -0.16244787943770936, -0.24851053956472008, -0.9549100471727393, 0.958085316473374, -0.2711667172176378, -0.09241827650159071, -0.23597290697091955, -0.9298984477880697, 0.28214475713192405
0.0027229143022361266, 0.011105569692451234, 0.06778875221136763, -0.16475017605461095, -0.24620215577392343, -0.9551135419321869, 0.9576267649143648, -0.2718560412455262, -0.09510663466845228, -0.23623792796590132, -0.9303111260920099, 0.28055810460543484
0.0027149088691436523, 0.011093590427260863, 0.06774240874948549, -0.1672960608953585, -0.24342585182969023, -0.9553825844497513, 0.9571025445248946, -0.2726250950201718, -0.09813397387864452, -0.23657292168138913, -0.9308165298415323, 0.2785926066874341
0.002706774163787341, 0.011081759044946213, 0.06769605432526142, -0.170001027703345, -0.24032311578471136, -0.9556905621587642, 0.9565297192890327, -0.27344325031400724, -0.10138878130520848, -0.23696106578223086, -0.9313826221683758, 0.27636183605213993
0.0026984981423277014, 0.011070098955464775, 0.06764968624402022, -0.17273297375399602, -0.23711814105700885, -0.9560012065681559, 0.9559380445036428, -0.2742651271641856, -0.10469524866088396, -0.23737264974856004, -0.9319622455889947, 0.27404488309046365
0.0026900687609252446, 0.011058633568774042, 0.06760330181108667, -0.1753597252480146, -0.23403743854970893, -0.9562820944250875, 0.9553594499346701, -0.27504730219635476, -0.10787633185751008, -0.23777570982223004, -0.9325102996276224, 0.2718220979003295
0.0026814739757404773, 0.011047386294831502, 0.06755689833178555, -0.1777498187008773, -0.23130848476978783, -0.9565047761644005, 0.9548278247121273, -0.27574842348730155, -0.11075482878761916, -0.23813615245760628, -0.932984025489061, 0.2698740096321154
0.002672705037262047, 0.011036374765301837, 0.06751047369577436, -0.17978942864028788, -0.2291311167214539, -0.9566476324641057, 0.9543744920305699, -0.27633400244514056, -0.1131761814784395, -0.23842208436004933, -0.9333479792888764, 0.2683588255429305
0.0026637898818017355, 0.011025552264456461, 0.06746403229987225, -0.18142867170629315, -0.22759933585062392, -0.9567038096523108, 0.9540157692163648, -0.2767898757195866, -0.11507074687184195, -0.23861590301025165, -0.9335876536348854, 0.26735097495822135
0.00265477937089299, 0.011014831865440841, 0.06741758260726817, -0.1826324289586332, -0.22678214847316558, -0.9566688314283918, 0.9537641051368586, -0.2771058756534618, -0.11638885440975733, -0.23870363978196332, -0.9336927711041911, 0.26690519204882374
0.0026457247161183212, 0.01100412602741, 0.0673711331432412, -0.18336527695172136, -0.22674824583537365, -0.9565366737449221, 0.9536313874482353, -0.2772710666856802, -0.1170808799614136, -0.23867205970111452, -0.9336519633083659, 0.26707613021095983
0.002636677128978522, 0.010993347209660064, 0.06732469243306155, -0.1835913394613132, -0.22756587822803007, -0.9562991117537998, 0.953628655609169, -0.2772735655528015, -0.1170972119509481, -0.2385091345752818, -0.9334522702912784, 0.2679183678141692
0.002627679738853558, 0.010982421824837203, 0.0672782681268009, -0.18328099772890472, -0.22929084440925496, -0.9559465385373745, 0.9537640803996958, -0.2771023205827344, -0.11639752087989594, -0.23820611833204358, -0.9330809249994099, 0.2694769611514612
0.002618745419533879, 0.010971328520247436, 0.06723186459820665, -0.1824803379620959, -0.23184639761383588, -0.955483215012554, 0.954024991410387, -0.2767690866542819, -0.11504428902368728, -0.23777561275633452, -0.9325481867367722, 0.2716921739622029
0.002609879966307399, 0.01096005816385346, 0.06718548545450777, -0.181282905185043, -0.23507302413797454, -0.9549226050368155, 0.9543856417571615, -0.27630040944085354, -0.11316417520835806, -0.2372436618656902, -0.9318791536811218, 0.2744388599289723
0.0026010891744620303, 0.010948601623617967, 0.06713913430293315, -0.1797830570885639, -0.23881003135746875, -0.9542786916341238, 0.9548199006311469, -0.2757236875313027, -0.11088464949156501, -0.23663687316776497, -0.9310994667903024, 0.2775910178665689
0.0025923788392856867, 0.010936949767503645, 0.06709281475071174, -0.17807543333772247, -0.2428971711236792, -0.9535670423738942, 0.9553019589685599, -0.27506753681177015, -0.10833290074182216, -0.23598158240086103, -0.9302358918319695, 0.28102291421726816
0.0025837547560662814, 0.010925093463473201, 0.0670465304050725, -0.17623798894627649, -0.24720310851921892, -0.9528015503716434, 0.9558109006837169, -0.2743562714361837, -0.1056132494425621, -0.23529915721556224, -0.929311174721401, 0.28463142333828106
0.00257522272009173, 0.010913023579489322, 0.0670002848732443, -0.17428496689640713, -0.2517025639902624, -0.9519824418520786, 0.956342064967233, -0.27359314502336707, -0.10274553893202257, -0.23459455468558343, -0.9283278571048866, 0.2883969220274761
0.002566788526649945, 0.010900730983514705, 0.06695408176245614, -0.17221565607061873, -0.25639494142954594, -0.951106409301034, 0.9568945560101805, -0.27277598098427486, -0.09972999988040712, -0.2338687163394152, -0.9272836126058771, 0.2923192181679952
0.002558457971028838, 0.010888206543512042, 0.06690792467993692, -0.17002933275799506, -0.2612795588403322, -0.950169994334736, 0.9574674575736577, -0.2719023544425727, -0.09656695778588803, -0.23312248645145095, -0.9261760641372606, 0.2963980508200184
0.0025502368485163258, 0.010875441127444029, 0.06686181723291557, -0.16772526633853016, -0.26635563729376804, -0.9491695894377884, 0.9580595238659283, -0.2709708170611127, -0.09325644766461848, -0.23235787863005603, -0.9250024274471195, 0.3006332075062176
0.00254213095440032, 0.010862425603273365, 0.06681576302862102, -0.16530272533230375, -0.27162228945689176, -0.9481014401781644, 0.9586688716623866, -0.26998213226724627, -0.08979778817987603, -0.23157936761136494, -0.923759156992031, 0.3050246160067949
0.002534146083968735, 0.010849150838962738, 0.06676976567428224, -0.16276098382262089, -0.27707850771453285, -0.9469616479603491, 0.9592940733530987, -0.26893492630633703, -0.086190987012707, -0.2307893909492204, -0.9224432264238773, 0.30957188349395565
0.0025262880325094836, 0.010835607702474843, 0.06672382877712811, -0.16009932826019893, -0.2827231519138388, -0.9457461733798015, 0.959934407046326, -0.2678246631250179, -0.08243715176174683, -0.2299872589063396, -0.9210524247804114, 0.3142742298485086
0.00251856259531048, 0.010821787061772378, 0.06667795594438758, -0.15760647213321463, -0.2877835759449014, -0.9446379271223908, 0.9605152735026913, -0.266781710557439, -0.07898055634203327, -0.22928281512091672, -0.9197870037831651, 0.31846704438892187
0.0025109755676596362, 0.010807679784818032, 0.06663215078328959, -0.15601946508470485, -0.2902507340524372, -0.9441464070241986, 0.9608503624687077, -0.2661664513815242, -0.07695453919503249, -0.2289639872522219, -0.9191898234537782, 0.3204146703891323
0.0025035327448448687, 0.010793276739574507, 0.06658641690106308, -0.15526064626835978, -0.29022752114542083, -0.9442786229128114, 0.9609634097935679, -0.26595790412066456, -0.07626085675930114, -0.2290053640381607, -0.919257515174898, 0.32019082440979135
0.0024962399221540883, 0.01077856879400449, 0.06654075790493695, -0.15519326700869954, -0.2879557704321135, -0.9449849332925971, 0.960888568972818, -0.26609613905184387, -0.07672028935732578, -0.22936479218166095, -0.9199316926036138, 0.3179897373358358
0.0024891028948752104, 0.010763546816070682, 0.0664951774021402, -0.15567805210562985, -0.28367232093275024, -0.9461999568955938, 0.9606567542587313, -0.2665153158571591, -0.07815489051005162, -0.2300064011928282, -0.9211403805882062, 0.31400231632925624
0.0024819870395220503, 0.010748576319608277, 0.06644958883109645, -0.1565744790803453, -0.27761012612668784, -0.947848643177086, 0.9602963079315352, -0.2671497326615192, -0.08038669860083171, -0.23090135009085733, -0.9228020579792848, 0.3084168093917971
0.002474542278007789, 0.01073462494169268, 0.06640375785133229, -0.157741525547203, -0.27000019851163604, -0.9498513062167774, 0.9598334722929235, -0.26793927183277894, -0.08323612242187885, -0.23202869775989116, -0.9248288703394792, 0.30142037755011153
0.002466813744514631, 0.010721635874071128, 0.06635769353564915, -0.15903813198591762, -0.2610738144128465, -0.9521277939448866, 0.9592936523654444, -0.2688302044555842, -0.08652172966217626, -0.23337215152154672, -0.9271304032337065, 0.29320070650308616
0.0024588730515098397, 0.010709482762602572, 0.06631142157960368, -0.16032355810356158, -0.25106455011322976, -0.9546009367235375, 0.9587044407181147, -0.26976753600359005, -0.09006259970664185, -0.23490881648925177, -0.9296193135875531, 0.2839467903333753
0.002450791811460675, 0.010698039253145948, 0.06626496767875258, -0.16145774657839845, -0.24020984180192226, -0.9571993668882784, 0.9580966977824774, -0.2706937162349874, -0.09367833094800698, -0.23660539674347641, -0.9322146447532283, 0.27384985364150655
0.0024426416368343975, 0.010687178991560208, 0.06621835752865247, -0.16202044405241875, -0.22953342674241678, -0.9597206790087106, 0.9575798953173977, -0.2714450863505008, -0.09673835423497125, -0.238306776640906, -0.9346828184491532, 0.2637762481782024
0.0024344941400982678, 0.010676775623704296, 0.06617161682486009, -0.16116920439212395, -0.22132918673856028, -0.9617888950561122, 0.9573816995145011, -0.27172753889813683, -0.09790008191562986, -0.23967638388113102, -0.9365775652352608, 0.2556906242075679
0.0024264209337195456, 0.010666702795437152, 0.06612477126293204, -0.1588601383885502, -0.21575757219701236, -0.9634376609157552, 0.9575158466305641, -0.2715523351473759, -0.09707076144422351, -0.24067999477007804, -0.937927502164031, 0.24973013595042345
0.002418493630165493, 0.010656834152617728, 0.06607784653842502, -0.15509838755856675, -0.2128258943892919, -0.9647018341716422, 0.9579732293845769, -0.2709338757592563, -0.09424503567060022, -0.24131262287584018, -0.9387757845425424, 0.24590291661002456
0.0024107838419033696, 0.010647043341104969, 0.06603086834689569, -0.14988451361147412, -0.2125349432895443, -0.9655897319567779, 0.9587352056790827, -0.26987220586041144, -0.08941922553636272, -0.24158112089097325, -0.9391474273962241, 0.2442143968813368
0.0024033631814004367, 0.010637204006757817, 0.06598386238390071, -0.14330111003956317, -0.21481303081126502, -0.9660849619236952, 0.9597592682158124, -0.26837423509015296, -0.08268867524409679, -0.2415097077454184, -0.9390583750403667, 0.24462712304907808
0.002396303261123954, 0.01062718979543522, 0.06593685434499677, -0.13667315405637626, -0.2186121621860586, -0.9661931336459696, 0.9607985967935563, -0.2667539214970879, -0.07555396591482685, -0.2412187914732503, -0.9386432058616639, 0.24650035847828447
0.0023896756935411828, 0.01061687435299612, 0.06588986992574053, -0.130848842336633, -0.22316918841707198, -0.9659576045564465, 0.9617129996704277, -0.2652312261990544, -0.06899639783245143, -0.24080424980483808, -0.9380020842142152, 0.24932990852626913
0.0023835520911193835, 0.010606131325299466, 0.06584293482168867, -0.12598905501658084, -0.22821610136675408, -0.965424346643997, 0.9624848102491566, -0.2638653006255996, -0.06323047655527349, -0.2403117726114849, -0.9371726170790103, 0.2528986708972679
0.0023780040663258163, 0.010594834358204202, 0.06579607472839781, -0.12225198034769318, -0.2334882002780286, -0.9646438273435405, 0.9630995728024649, -0.26271828636698435, -0.05846635678836742, -0.23977836885085507, -0.9361956859221914, 0.25699021672410194
0.002373061097345975, 0.010582888978030757, 0.06574931238816542, -0.11979564601771023, -0.2387222697520582, -0.963670421419909, 0.9635440642991767, -0.26185376807784594, -0.05491302484163213, -0.23923176910482336, -0.9351172557855294, 0.2613883673446798
0.0023681447706664334, 0.010570667143725275, 0.06570262567619088, -0.11877815469953781, -0.24365598595975488, -0.9625609126035362, 0.9638041362543852, -0.26133495520229744, -0.052779050089517415, -0.23869088148714698, -0.9339891871405113, 0.2658775308285674
0.0023629118479601852, 0.010558406664956124, 0.06565599367930884, -0.1193578211989208, -0.24802692525267367, -0.9613721209127873, 0.9638613988730488, -0.2612255306308702, -0.052272611462504684, -0.23816992732319525, -0.9328686223130912, 0.27024288930985574
0.002357355337486726, 0.010546109071873476, 0.06560941272715794, -0.12169299503280985, -0.2515712959618727, -0.9601576422692308, 0.963689023091088, -0.26159210590586707, -0.053600717359735116, -0.23768525771214566, -0.9318162121232908, 0.2742704232878811
0.002351469387513203, 0.010533775090116883, 0.06556287920903295, -0.12593434284935986, -0.2540396975563692, -0.9589600478417067, 0.9632496348842988, -0.2624992652192567, -0.05695855207618311, -0.237256574590389, -0.930890953777519, 0.27776131838111723
