0.0003044010081794113, 0.0012459225254133344, 0.007277987897396088, 0.18100286147230113, 0.5399159031730547, -0.8220272389888693, 0.9481387974895675, -0.3178566039821053, 0.0, -0.26128678656578846, -0.7793959178785759, -0.5694481700386229
0.0003059271270273736, 0.0012504748061311344, 0.0072710570055154015, 0.04484444872233704, 0.17803294159426908, -0.9830021602855618, 0.9488636951238363, -0.31538286737504306, -0.013832391052727721, -0.31248466121512153, -0.9321147561720003, -0.18307216563880802
0.0003062583170087311, 0.001251789633903301, 0.007263797233650323, -0.07834743348952267, -0.13820438726012332, -0.9872999680986821, 0.9476627023443069, -0.31779220056764496, -0.030716768121978842, -0.3095110373655364, -0.9380339357402948, 0.15586934640423017
0.0003056622996875577, 0.001250738263041482, 0.0072562864849764755, -0.15326847805477928, -0.310847392947075, -0.9380206138101542, 0.9451048750206408, -0.3233287006044416, -0.047279240451410534, -0.28859235756857904, -0.8937742722094042, 0.34333948431480943
0.00030440679662792764, 0.0012481919478573278, 0.007248602662669492, -0.19243572471325252, -0.37032379107558294, -0.9087512209716658, 0.9415888114607496, -0.3304887511306933, -0.06471240613675039, -0.2763675125372343, -0.8681229608410798, 0.4122905806279098
0.00030275952939391455, 0.0012450219426624852, 0.00724082366990499, -0.2082992275454806, -0.34461833692125016, -0.9153412662289336, 0.937044726786153, -0.33850656456375866, -0.08579327333483545, -0.280283092258916, -0.8755863792938271, 0.39343345128357665
0.0003009851486629485, 0.001242086338225656, 0.0072330264066880635, -0.21001590855388602, -0.2759507730972353, -0.9379469542470533, 0.9324773268458767, -0.34492015274720605, -0.10731320117866243, -0.2939036458988793, -0.897151748064887, 0.32975655849651275
0.00029924482008238026, 0.0012397996304207193, 0.007225253967434423, -0.20584990051151977, -0.2171795544355936, -0.9541796788836756, 0.9295624055637794, -0.3481380127192113, -0.12129986917716762, -0.305842365642625, -0.9119391236453646, 0.27354612434294806
0.0002975738132446698, 0.0012380366540016344, 0.007217508319931768, -0.19672527950136368, -0.1746028970492585, -0.9647865011219405, 0.9285800073158469, -0.3490249207688385, -0.126177552265084, -0.3147035659448623, -0.9207037705061883, 0.23079478451055957
0.00029599979058803836, 0.0012366396351916186, 0.0072097889469288304, -0.1830321655646468, -0.1501301490214251, -0.9715761239982796, 0.9295124650286349, -0.3482741347445203, -0.12129181515809874, -0.3201652756391711, -0.9252924215742613, 0.20329321398446432
0.0002945504145507072, 0.0012354508002138903, 0.007202095331174343, -0.16501753042724088, -0.14483451677229323, -0.9755983689013791, 0.9321621897673796, -0.34608634817320627, -0.10629154047344526, -0.3222465928753606, -0.9269558794028282, 0.19211957479848585
0.00029325334757089735, 0.0012343123752916673, 0.007194426955417039, -0.14276598747745178, -0.159213109724468, -0.976866960497412, 0.9361660477664521, -0.34208453319014154, -0.08106357481275997, -0.32126469433930815, -0.9260828029090853, 0.19788794386501543
0.00029213625208682984, 0.0012330665866481668, 0.007186783302405647, -0.11632365265284779, -0.19307020487892854, -0.9742652122607622, 0.9409825134286399, -0.33532865798877926, -0.045897718385164536, -0.3178375642604555, -0.9221055184302135, 0.22068234099158895
0.00029122651537112377, 0.0012315566353177057, 0.00717916383023283, -0.08867934786739469, -0.2362984121432534, -0.9676254614676025, 0.9453120337917268, -0.32609222835727975, -0.007001240856659016, -0.31388076084775063, -0.9153288584020286, 0.25229337872024366
0.0002905302098954679, 0.0012297012328793594, 0.007171566087089619, -0.06494263408865496, -0.27272394058646104, -0.9598979667176193, 0.9480937947026171, -0.3169340852524832, 0.025902549132537707, -0.3112886292880273, -0.9083911260223563, 0.27915041006564356
0.0002900172638475784, 0.0012275471368921576, 0.007163984382477317, -0.045684645165995776, -0.30111076864728004, -0.9524942090116356, 0.9497054865778637, -0.3087858564479334, 0.05206518627278185, -0.3097941283497159, -0.9022103966716193, 0.3000733213361016
0.0002896541025024932, 0.0012251535144537156, 0.007156412712020566, -0.030879645567028154, -0.32185950749106257, -0.9462837338384642, 0.950552955782774, -0.3021594976388665, 0.07175455552966352, -0.30902350354347885, -0.8972770449667362, 0.3152750843842169
0.00028940715113525035, 0.0012225795326616484, 0.007148845071343998, -0.020445483506019903, -0.3353544280154049, -0.9418701554963218, 0.9509429872129156, -0.2973901867550138, 0.08524383785585259, -0.3086898399280124, -0.893921967753494, 0.32498322771019966
0.0002892428350208876, 0.0012198843586135703, 0.007141275456072252, -0.014291808592041332, -0.3418954735702573, -0.9396293042255217, 0.9510874954433797, -0.29466850813383233, 0.09275260818662093, -0.3085908621758067, -0.8923440790784412, 0.3293838555777154
0.00028912757943444316, 0.0012171271594070973, 0.007133697861829966, -0.012350250312119448, -0.3416605402416131, -0.9397422766690009, 0.9511108015567525, -0.29406529197600845, 0.0944131729004834, -0.3086028426299727, -0.8926330037013387, 0.328588810253524
0.000289027809650955, 0.001214367102139844, 0.007126106284241781, -0.014589415522054708, -0.3346897985620387, -0.9422154146973116, 0.9510556787513816, -0.2955451707338586, 0.09025601348742976, -0.3086749825779109, -0.894782538270834, 0.32262046484395573
0.0002889099509454609, 0.0012116633539094254, 0.007118494718932333, -0.02101693408787859, -0.32088714704866866, -0.9468842206629656, 0.9508861726314491, -0.29896778557210024, 0.08021065944392035, -0.30882644831662276, -0.8986933303686419, 0.31141053734750146
0.000288740428592999, 0.0012090750818134562, 0.007110857161526259, -0.031669278651361425, -0.3000379482921967, -0.9534014298155377, 0.9504869375359911, -0.3040773236102149, 0.06412146941159166, -0.30914662922819564, -0.904164924585475, 0.2948120601098042
0.00028848566786860715, 0.0012066614529495517, 0.007103187607648196, -0.04590316405764957, -0.27335425419640164, -0.9608175431590669, 0.9497039662216142, -0.3101994150491048, 0.04288005884007476, -0.309766486360987, -0.9105239011777353, 0.27384475403346
0.00028811754309837856, 0.0012044692626271007, 0.007095482240391533, -0.057699237968771896, -0.2540250409288901, -0.9654750522509107, 0.9488437120883748, -0.3146666742094793, 0.026086283221242002, -0.31042939288697596, -0.9145797738431685, 0.25918609011442423
0.0002876558316469049, 0.001202436544787371, 0.007087756473060296, -0.06391258839880526, -0.24927519906377285, -0.9663214041797282, 0.9483960326973866, -0.31652304535062414, 0.018924241750314465, -0.31058033776789945, -0.9152458887608745, 0.2566414169581642
0.00028714517912915746, 0.0012004448712970154, 0.007080035702076676, -0.06449916844280128, -0.2593239880855839, -0.9636342285709734, 0.9485719762634356, -0.31583042786673876, 0.021502248282286605, -0.3099210594939742, -0.9126895474568012, 0.26635826783719674
0.0002866304428272599, 0.0011983753334433782, 0.007072345408834579, -0.05963656404578652, -0.28325581968971797, -0.9571883935990442, 0.9493780041485264, -0.31236734818115414, 0.03328731033343319, -0.3084232245920749, -0.906748465894583, 0.2875453601260972
0.000286154696636664, 0.001196115681511083, 0.007064709510636491, -0.05241232157415975, -0.3094022787979422, -0.9494857441909527, 0.9502899567541763, -0.3076749194225122, 0.047803159419606965, -0.3069233562949431, -0.8997812922221661, 0.31014783495561654
0.0002857363165603891, 0.001193645885380798, 0.007057130263884094, -0.04513672887019053, -0.3294489618772632, -0.9430938750860873, 0.950979438748668, -0.3032916548342791, 0.06043408959480654, -0.30594245011793886, -0.8941350869001161, 0.32698878205521736
0.00028537563366069557, 0.0011910132930364869, 0.007049594098945613, -0.03788612463513717, -0.3433387602881047, -0.9384471947019492, 0.9514726163689122, -0.29940090568983047, 0.07112635216434181, -0.30539237361176463, -0.8902121058241887, 0.33802056858101975
0.00028507256742632775, 0.0011882667892387211, 0.0070420870852251445, -0.030669235801451113, -0.35118911489920246, -0.9358021177319861, 0.9518031651957987, -0.2961109952737136, 0.07993130301246297, -0.30517230001855405, -0.8882479856742291, 0.34334440908082375
0.0002848270373460306, 0.001185455258748072, 0.007034595292126794, -0.023483864231575703, -0.35307655926719334, -0.9352996586211251, 0.9520041763116012, -0.29349289028740017, 0.08689057276838488, -0.3051828245593497, -0.8883686546962293, 0.3430227061685407
0.0002846389629085487, 0.0011826275863251099, 0.007027104789054662, -0.01632137029942972, -0.34902313026267423, -0.936971967250458, 0.9521079946929444, -0.2915833141502978, 0.09203008937792584, -0.3053260213498502, -0.8905964436549099, 0.337066751899231
0.0002845082636026269, 0.0011798326567304066, 0.00701960164541285, -0.009171001268273122, -0.33899329351922625, -0.9407440883070832, 0.9521463788882575, -0.2903863675284398, 0.09535738421127529, -0.30550477231250617, -0.8948515544505836, 0.325434370636628
0.00028443485891700986, 0.0011771193547245335, 0.007012071930605462, -0.0020241503350009993, -0.32290107313530003, -0.9464305572959345, 0.9521507995806447, -0.289873437313568, 0.09686199047075125, -0.3056219194909951, -0.9009485486464189, 0.30803726238647033
0.00028441866834044217, 0.0011745365650680606, 0.007004501714036595, 0.005121350013021427, -0.3006278989819202, -0.9537277589164322, 0.9521527029398729, -0.28998157062319496, 0.09651900840352264, -0.3055797801856962, -0.9085887711460127, 0.2847585694742834
0.00028445961136166874, 0.00117213317252156, 0.006996877065110355, 0.012036884919694738, -0.27285845593711444, -0.9619788856440892, 0.9521824000293081, -0.29060016868761146, 0.0943409721868419, -0.3052929584446008, -0.9171149355355334, 0.25631309865435625
0.0002845558469228813, 0.0011699516540627653, 0.00698918599067106, 0.01577122427164226, -0.2503681258045085, -0.9680222466793371, 0.9522443893366507, -0.29149082689782235, 0.09090500982505353, -0.30492932207618684, -0.9232274364508248, 0.23381447586194393
0.0002846820073431211, 0.0011679488578674858, 0.006981442388060442, 0.01424255814599203, -0.24101908095031643, -0.9704158655727569, 0.9523162458713446, -0.2925537590977478, 0.08663755471668082, -0.3047801131750018, -0.9253767344469179, 0.22535967242918878
0.00028479595442688145, 0.001166020593217036, 0.0069736786101784526, 0.007408811565326759, -0.24505147617112402, -0.9694817602913128, 0.952368233136386, -0.2938436549458064, 0.08155154787475519, -0.30486039103804236, -0.9239078311576556, 0.23120220911939618
0.0002848551893789033, 0.0011640613569338775, 0.006965927406756618, -0.0047553997360941175, -0.2624276002608549, -0.9649399674563589, 0.9523569530158319, -0.29545222058015297, 0.0756585712041752, -0.3049485533917985, -0.9186075005003963, 0.2513297431834598
0.0002848172134039273, 0.001161965645840473, 0.00695822152752647, -0.02167417047990729, -0.2911312336367789, -0.9564375751376226, 0.9522287306963618, -0.29749416677195956, 0.06897583035421305, -0.30461561806710374, -0.909252344257514, 0.2836714643594093
0.00028464425227435225, 0.0011596424018173127, 0.006950589100554596, -0.038446142612347585, -0.31604054017233857, -0.947966387107585, 0.9519523624635979, -0.30002447281889544, 0.06141673476926838, -0.30382329357408694, -0.9000576051994231, 0.31239032252051896
0.0002843372902681531, 0.0011571190683523735, 0.006943020339575635, -0.05266841485698597, -0.3300237927402644, -0.9425021667358561, 0.9515165305467729, -0.3030096254717879, 0.05292881037468203, -0.30305499529406316, -0.8940187151826173, 0.3299821309261117
0.0002839163091076065, 0.0011544811723827862, 0.00693548687465083, -0.0643478316936723, -0.3332483177820161, -0.9406406940228448, 0.9509185397178525, -0.3063700631771233, 0.04348925395672475, -0.3026768695774255, -0.8916742359653002, 0.3366062529700069
0.0002834014210406429, 0.0011518146399193696, 0.006927960208158658, -0.07350927464477522, -0.32581821764384006, -0.9425703557785967, 0.9501628825186146, -0.3099965458258245, 0.03305507918573188, -0.3029635014735546, -0.8931655113289189, 0.33236799807959055
0.000282812738315193, 0.0011492053969729432, 0.006920411842477601, -0.07850355139384181, -0.30850417988157297, -0.9479780395210389, 0.9494052481848008, -0.31318807765597706, 0.023300273245406473, -0.3040836515462667, -0.8981861716870017, 0.3174818638167178
0.00028218369273560296, 0.0011467333662533905, 0.006912815735235045, -0.042758184008191, -0.29888096983690515, -0.9533320007057733, 0.95117333926897, -0.30412734818701564, 0.05268619125208088, -0.3056812332549036, -0.9045312166830313, 0.297291543239421
0.00028184212214889514, 0.0011443457777579708, 0.006905200113141599, 0.05307331353658628, -0.30753366474571225, -0.9500559291106598, 0.9503909974557638, -0.27645551942323965, 0.14258084631346907, -0.3064966155527423, -0.910491840066949, 0.27760481592763453
0.0002822650350486765, 0.0011418952061755438, 0.006897629624676474, 0.12260130114817469, -0.3111943826595322, -0.9424048902451255, 0.9442291293508891, -0.25583310413305815, 0.20731805062489336, -0.3056145811999758, -0.9152636117702903, 0.26247332955400815
0.0002832461956692334, 0.0011394047621855977, 0.006890087693569143, 0.13909950679285826, -0.3056863146541171, -0.9419167713992398, 0.9423401129023395, -0.2514965271057787, 0.22078181190700094, -0.30437877525410606, -0.9183165978500643, 0.25307743338333033
0.0002843620481997271, 0.0011369525547291611, 0.006882531662371667, 0.10471173065971266, -0.2882221640315368, -0.9518211163990982, 0.9471421585992934, -0.2629324081921743, 0.18381588649008218, -0.30324443089052555, -0.920757586383757, 0.24545525508866084
0.00028519995093717745, 0.0011346462024349687, 0.006874915194627612, 0.027396224487970158, -0.24515908217618818, -0.9690956977049965, 0.953220614784964, -0.28554030941126507, 0.09918261566572298, -0.30103140439625276, -0.9264792259559024, 0.22586796461510808
0.00028541852137310247, 0.0011326902932371245, 0.006867183630404467, -0.04608299694355704, -0.20802283792175486, -0.977037796758999, 0.9526318181743032, -0.3034882943984094, 0.019684363466107028, -0.3006143316520713, -0.9298501782900962, 0.21215482445434697
0.0002850497664278453, 0.0011310256998882146, 0.006859365399318079, -0.08367260397611717, -0.2042423294494043, -0.9753378728445526, 0.9501902997201572, -0.3112417511876708, -0.016339113664758608, -0.3002287289077675, -0.9281237219135783, 0.22011148802303176
0.0002843792210353275, 0.0011293889185946804, 0.006851549121519784, -0.10186045676648127, -0.21743143504776355, -0.9707461142854985, 0.9489237762694859, -0.31415072673141525, -0.02920595358111979, -0.2986103048754055, -0.9241390003387985, 0.23832539494360117
0.0002835638749001836, 0.0011276484799018576, 0.006843778745088985, -0.11770434037144314, -0.2293936430808153, -0.9661905840836138, 0.9476424843511138, -0.3167886717031757, -0.040232565582957104, -0.2968491369544012, -0.9203387930510424, 0.2546705634634245
0.00028262243074092064, 0.0011258137021462628, 0.006836050784682004, -0.13197143505118702, -0.23930015467984522, -0.961935016672505, 0.9463024784268933, -0.3193317994074903, -0.050386716605605945, -0.29511889070957414, -0.9169310976607657, 0.2685930052867608
0.0002815672455981349, 0.0011239003640986273, 0.006828359578342356, -0.14466152021481699, -0.2471693775161616, -0.9581129074317971, 0.9449452963295808, -0.3217415630677887, -0.05967204990024151, -0.29351564100357397, -0.913996534683239, 0.2801051643102851
0.000280410676512423, 0.0011219242445296821, 0.006820699464113557, -0.15578114166997667, -0.25302289642822207, -0.9548359282007941, 0.94360806061156, -0.3239857394945555, -0.06809602450258474, -0.29212337093921337, -0.9115989548519894, 0.2892253129722077
0.00027916508052438127, 0.0011199011222101567, 0.0068130647800391225, -0.1653405038508689, -0.2568822693866445, -0.9521943170703698, 0.9423234154086149, -0.32603820310462167, -0.07566816298122091, -0.2910139147171213, -0.9097860131872093, 0.29597349822228886
0.00027784281467460614, 0.0011178467759107825, 0.006805449864162564, -0.17335085187073188, -0.25876650832653814, -0.9502575315798255, 0.9411195861920981, -0.32787863336397277, -0.0823985817170879, -0.29024714751622566, -0.9085898392299274, 0.3003682696405018
0.00027645623600369425, 0.0011157769844022903, 0.006797849054527406, -0.1798223568837187, -0.2586902281721162, -0.9490749632210529, 0.9400205082903211, -0.32949221247797844, -0.08829680577446114, -0.28987128860649636, -0.9080276690523397, 0.30242418599871296
0.0002750177015522417, 0.0011137075264554103, 0.006790256689177154, -0.18476249702675235, -0.2566624342169165, -0.9486765595050224, 0.9390459796433029, -0.33086935596901734, -0.09337085946052524, -0.2899232101922659, -0.9081023423284925, 0.3021500753753282
0.0002735395683608452, 0.001111654180840874, 0.006782667106155329, -0.1881749177496981, -0.2526859181510533, -0.9490732464346752, 0.9382118030521822, -0.33200550559834235, -0.0976266196585871, -0.29042867100799075, -0.9088026028905003, 0.29954801958281085
0.0002720341934701012, 0.0011096327263294117, 0.006775074643505445, -0.19005875637323402, -0.24675724201594476, -0.9502570876549905, 0.9375298925025436, -0.33290100219387014, -0.1010674200842489, -0.2914024189845184, -0.9101031734100268, 0.294613041053803
0.00027051393392060606, 0.001107658941691754, 0.006767473639271018, -0.19040842300403965, -0.2388673030517087, -0.9522011573096926, 0.9370083268019298, -0.33356104512075685, -0.10369389896130062, -0.292848131209613, -0.9119646049659776, 0.2873334845371937
0.00026899114675295614, 0.0011057486056986316, 0.006759858431495562, -0.1892173177310676, -0.2290339598821336, -0.9548509055823161, 0.9366525323251296, -0.33399432795534134, -0.1054979743055866, -0.29475216769276275, -0.9143255624307839, 0.27772274938515285
0.0002674781609666792, 0.0011039172451760768, 0.006752223422895488, -0.18686704065581083, -0.22076106672088094, -0.9572592441636688, 0.9365950904413369, -0.3340622568374973, -0.10579246248113368, -0.29642932661550814, -0.9163334327508174, 0.26918895658139397
0.00026598417756807605, 0.001102152282411207, 0.006744570230476317, -0.1841161943958858, -0.2207429092240324, -0.9577963222880358, 0.9370820311432133, -0.3334834758668574, -0.10327651345910634, -0.2966116886936289, -0.9165486017397384, 0.26825392220663624
0.00026451246008131723, 0.0011003877923257532, 0.006736914165235072, -0.18105506078679665, -0.22957882885550993, -0.9563015352412763, 0.9381219768044021, -0.33218920077453, -0.09786465922578906, -0.2952053888398554, -0.9148463784866351, 0.2755174806973204
0.00026306554085439414, 0.001098553090660293, 0.0067292717879821875, -0.17792485331705302, -0.24236081617116376, -0.9537316086598747, 0.9393777466497524, -0.33051732497150027, -0.09125649014134442, -0.2931078226034556, -0.9121510470741845, 0.28647560393536164
0.0002616437555285141, 0.0010966164019651705, 0.006721650583969703, -0.17505202735392428, -0.2532670771243471, -0.9514266000928137, 0.9404618013921388, -0.32898026783192047, -0.0854610057247824, -0.2913561185929246, -0.909740496527514, 0.2957766744290999
0.00026024481712761185, 0.0010945924034703848, 0.006714047203268384, -0.1724702695894805, -0.26197180731303304, -0.9495392452557583, 0.9413590376922807, -0.32764055082047455, -0.08059051813407934, -0.2899951176533758, -0.9077568185539557, 0.3031177825631575
0.00025886628484448785, 0.0010924984971147622, 0.006706457660405177, -0.17019066386698073, -0.2684905174344766, -0.9481286726917837, 0.9420765827888566, -0.3265243072431044, -0.07663934329234079, -0.2890101210916097, -0.9062531207268628, 0.3085100177942936
0.00025750571787194206, 0.0010903520848371264, 0.0066988779699070165, -0.16822107202793, -0.272836741184411, -0.9472390319162554, 0.9426208248154928, -0.32565113780808713, -0.07360242569683677, -0.28838802254936685, -0.9052687165169075, 0.3119629775244122
0.00025616067540277474, 0.001088170568576302, 0.006691304146300847, -0.16656645460253824, -0.2750205212210686, -0.9468998516783241, 0.9429972884157841, -0.32503429916937276, -0.07147599879647125, -0.2881175632300451, -0.9048294962426714, 0.3134834166070265
0.00025482871662978597, 0.001085971350271113, 0.006683732204113602, -0.16522912678168378, -0.2750474059555831, -0.94712631688707, 0.9432105566399457, -0.3246808506973688, -0.07025803180702359, -0.288189488888693, -0.9049482138042694, 0.3130743503171992
0.00025350740074577596, 0.0010837718318603847, 0.0066761581578722255, -0.16420894132779965, -0.2729179413919641, -0.9479194168569267, 0.9432642334696278, -0.32459173983879896, -0.06994846878507689, -0.28859662064022634, -0.9056246461392237, 0.3107345987498776
0.00025219428694354495, 0.001081589415282941, 0.006668578022103657, -0.16350339469545289, -0.2686276484375792, -0.9492659408289962, 0.9431609427854066, -0.3247618164879877, -0.07054926332404592, -0.2893338485680615, -0.9068456037530971, 0.3064587656218617
0.00025088693441589294, 0.0010794415024776062, 0.006660987811334833, -0.1631076565449774, -0.2621674847456861, -0.9511383192357071, 0.9429023612193181, -0.32517977646510854, -0.07206420876646519, -0.29039805368397414, -0.9085847912661881, 0.3002376516966805
0.00024958290235562033, 0.0010773454953832051, 0.006653383540092697, -0.1630021813026362, -0.2535669699194013, -0.953485228336798, 0.9424932820654206, -0.3258218685985805, -0.07447498374945134, -0.2917819428136947, -0.9107930070596847, 0.29209484100038985
0.0002482798482686807, 0.001075318458236672, 0.006645761293484143, -0.16270461820802748, -0.24444083463272542, -0.9559162544793536, 0.9420875416093654, -0.32643693209440366, -0.0768764808586858, -0.2932546183066896, -0.9130649526341762, 0.2833974613735055
0.00024697921770152167, 0.0010733644435019537, 0.006638119876086695, -0.16160338259979723, -0.23689911422551965, -0.9579995597136084, 0.9418839826731412, -0.3267366996912884, -0.0780877215612461, -0.29451470237678357, -0.9149436806459779, 0.2759332370880782
0.00024568735748636995, 0.001071470667915396, 0.006630461611157973, -0.15966401177637807, -0.231091631882683, -0.9597416636873024, 0.9418943918347055, -0.32672163745590704, -0.07802516420015634, -0.29553740537164347, -0.9164331013728876, 0.26982959944058676
0.00024441094006115996, 0.0010696232297702968, 0.006622789055711062, -0.1568910080422234, -0.22702468222018027, -0.9611685623543466, 0.9421140845014702, -0.32640538018527826, -0.07668493704803374, -0.29632121655300336, -0.9175616172491797, 0.26509321977677575
0.00024315663786382644, 0.0010678082273599542, 0.00661510476675905, -0.15328683422887776, -0.2247014980484999, -0.9622953721320958, 0.9425350805632946, -0.3257945798229784, -0.07406425362827088, -0.2968682676872562, -0.9183502210664126, 0.26172906431582754
0.00024193112333230376, 0.0010660117589776652, 0.006607411301315018, -0.14885194348767145, -0.22412275762882036, -0.9631262058696131, 0.9431461277323777, -0.3248888732397311, -0.07016125560763256, -0.29718425372715274, -0.9188123908382337, 0.25974085119357787
0.0002407410689045268, 0.0010642199229167282, 0.006599711216392055, -0.14358495177204988, -0.22528679152625075, -0.9636540993470767, 0.9439326862918128, -0.32368089724040316, -0.06497507607975382, -0.29727839708687265, -0.9189540458181004, 0.2591312723312346
0.00023959314701842995, 0.001062418817470441, 0.006592007069003242, -0.13748295233592567, -0.2281894882055329, -0.9638609833837527, 0.9448768805288553, -0.32215635035078155, -0.05850612421553708, -0.2971634541107923, -0.9187735539299995, 0.2599019779451122
0.0002384940301119479, 0.0010605945409321008, 0.006584301416161667, -0.13054343421272951, -0.23282350779595873, -0.9637176069791046, 0.94595722888386, -0.32029446076552814, -0.05075804887195693, -0.29685574427036976, -0.9182617669382216, 0.2620534191213313
0.00023745037897584175, 0.001058733194784063, 0.006576596815915206, -0.12382310577133723, -0.23889584439230074, -0.9631181724010973, 0.9470138486502571, -0.3183292875274278, -0.042792933609515, -0.2963656676164909, -0.9173850010951616, 0.26565419406412877
0.00023646039928011453, 0.0010568231955648646, 0.006568896577503937, -0.1202539905289936, -0.24562429728967167, -0.9618771659327442, 0.9476856602046072, -0.31699076768074347, -0.03753322058830954, -0.2956871103115767, -0.9160707165858584, 0.27089402911371374
0.00023549893316144238, 0.0010548593568703829, 0.006561206085892802, -0.12034026960335353, -0.252881388759461, -0.9599839700384993, 0.9479462899787453, -0.31644840739942737, -0.03547163331309421, -0.2948152825538811, -0.9142819087532316, 0.27779946094120284
0.0002345368211692834, 0.001052837587951955, 0.006553531081566331, -0.12408045497217941, -0.2606644662076866, -0.957422621808446, 0.9478013455386993, -0.3167544911289296, -0.03659510547441999, -0.29372887173195633, -0.9119871865362554, 0.286361173179531
0.0002335449038530959, 0.001050753798060919, 0.006545877305009062, -0.13146852607849013, -0.2689591902550694, -0.9541367724954775, 0.9472199284171393, -0.3179667503102858, -0.040884629221088764, -0.29238747213274874, -0.9091524072862888, 0.29656612494579926
0.0002324940217623382, 0.0010486038964486121, 0.006538250496705527, -0.1422995989612896, -0.27785518951677346, -0.9500249037757137, 0.9461659273279184, -0.320087382420994, -0.048105151268619355, -0.2907247187618496, -0.9057265377990612, 0.3084454192030889
0.00023135655944749638, 0.0010463828795984906, 0.006530656536258035, -0.15422737932624658, -0.28874539157136353, -0.9449021189056874, 0.944955561264001, -0.32242114472623873, -0.055709897412028565, -0.2885704466891836, -0.9014825035904589, 0.3225777317452079
0.00023012366664757803, 0.0010440746505678664, 0.006523102994052263, -0.16568395916504633, -0.3025498877989942, -0.9386226031095837, 0.9438626916567527, -0.3244631080508451, -0.06202346985178584, -0.2857832132471483, -0.8962071506670775, 0.3393238838032675
0.00022879899884523873, 0.001041655719387151, 0.006515598567267962, -0.176616657521171, -0.31924148536495056, -0.9310700458655241, 0.9429275823557569, -0.32618264966251503, -0.06702576737246818, -0.2823014890481037, -0.8897694943529594, 0.35863089130762615
0.00022738643864267513, 0.0010391024618203795, 0.006508151973548844, -0.1869358775227224, -0.3380469490260381, -0.9223769500312748, 0.9421546184330384, -0.3275981822056591, -0.07088092818836131, -0.27820793062043647, -0.8822718919186618, 0.3797323479375433
0.00022589034166988587, 0.0010363969832156263, 0.0065007699483271494, -0.19614539071973117, -0.3525756498500792, -0.9149958452540637, 0.9412929364112417, -0.3291670003501273, -0.07494460449426191, -0.2747627950827879, -0.8759791647141464, 0.3964415586502004
0.00022431932890364204, 0.0010335730532474087, 0.006493441353203504, -0.20405715263709526, -0.35958320998343124, -0.910527645684442, 0.9401897164321757, -0.3311408606138973, -0.07993139275073656, -0.2727709214209357, -0.8723793014107447, 0.4056480973667629
0.0002226842819878881, 0.0010306918240876256, 0.00648614557650788, -0.21072711319389184, -0.3591375386377234, -0.909183321506838, 0.9388344906737385, -0.33349171616114565, -0.08586660802242113, -0.27236718393806353, -0.8716670830042463, 0.40744645478948216
0.00022099610326175678, 0.0010278146985801665, 0.006478861919847576, -0.2161723634816339, -0.3512433238542579, -0.910987177030817, 0.937220748389987, -0.33616731950221496, -0.09278363048516944, -0.2736544866324634, -0.8738533405248896, 0.40186261483175356
0.0002192656950643808, 0.0010250030795689203, 0.006471569684829882, -0.22036172772704185, -0.33580938729926074, -0.9157907863452485, 0.9353455694134631, -0.33909120915043195, -0.10072644963217264, -0.2767117177348254, -0.8787771089864558, 0.388820547283254
0.00021750395973489298, 0.0010223183698977764, 0.006464248173062093, -0.2232117938435001, -0.3126685162736919, -0.9232631770087957, 0.9332114721194511, -0.3421591493922305, -0.1097427209059088, -0.2815898495930096, -0.8860956581647342, 0.3681598038729825
0.000215721799612426, 0.0010198219724106231, 0.0064568766861515005, -0.22458677406834884, -0.281620847662781, -0.932872166524047, 0.9308290949335756, -0.34523559212039573, -0.11987319115807495, -0.2883018850765861, -0.895266487753773, 0.33967622667226877
0.00021393011703611266, 0.0010175752899513504, 0.0064494345257054, -0.22416711022347124, -0.24343244411006232, -0.9436576454671788, 0.9283124592994135, -0.34805819788321835, -0.13073434436199735, -0.2966227985228596, -0.9053154897829198, 0.3040045712741491
0.00021214094874808873, 0.0010156323572488514, 0.006441902812724231, -0.2194420534404498, -0.21491376920277488, -0.9516602634285491, 0.9273357344305825, -0.3490274609783749, -0.1350120999432319, -0.30313960617169616, -0.9121359017657651, 0.2758885207471009
0.00021038678085511905, 0.0010139143873894648, 0.006434295465577462, -0.20860160864242794, -0.21085473807268323, -0.9550003394261657, 0.9292696579078399, -0.3471257623765445, -0.12633925750276187, -0.30486598984412433, -0.9138074110701898, 0.26835190275002585
0.00020871783279540095, 0.001012227412834096, 0.006426654843945212, -0.19422932000218898, -0.2255587469582134, -0.9546717880623308, 0.9330053120148248, -0.3430295284080761, -0.10877421749777012, -0.302945637043359, -0.9118409917912079, 0.2770739011267931
0.00020716376668196136, 0.001010422673955158, 0.006419016331514299, -0.18656205603281628, -0.23482621796075606, -0.9539660615593489, 0.9349678367551332, -0.3406391011862927, -0.09899569170636421, -0.30171135789398973, -0.9103964246970888, 0.2831052921026428
0.00020567119338602897, 0.00100854396748308, 0.006411384210069096, -0.18820552780383665, -0.23282279054844068, -0.9541342816948337, 0.9345556020915244, -0.3411526941974608, -0.10109730877309314, -0.30196772328086263, -0.910718610462667, 0.28179266607476083
0.00020416633633466052, 0.001006682358941798, 0.006403755126489482, -0.1991553490146371, -0.2195010078055837, -0.9550688218820627, 0.9317317531555431, -0.3444128676946322, -0.1151334735342324, -0.3036660783172136, -0.912797394901351, 0.2731077236929616
0.00020257541895491279, 0.001004928913855247, 0.00639612572765533, -0.219161685210437, -0.19482270963639467, -0.9560398880515679, 0.9261465434191737, -0.3498063813466573, -0.14102508883838236, -0.3069539637281754, -0.9163403338165849, 0.25709853514260245
0.00020082563059836, 0.0010033734480420211, 0.006388492698812235, -0.24039963049717417, -0.1685055773319228, -0.9559361317916889, 0.9195852395867489, -0.3548226084570454, -0.16871248816231718, -0.31075875657976854, -0.9196231765977702, 0.2402544656675969
0.00019890493055266963, 0.0010020271536678943, 0.006380855138936572, -0.25107209179655426, -0.15630245580846752, -0.9552655897859739, 0.9160987397518974, -0.35708735561615446, -0.18235054012546117, -0.31261142612816956, -0.9209007344808148, 0.23284315211491172
0.00019689712648574443, 0.0010007772150379293, 0.006373215954021826, -0.2503819639029803, -0.159696658030899, -0.9548852546593484, 0.916544585796013, -0.3568044724034799, -0.18065600106525495, -0.3118571698712436, -0.9204279145520504, 0.23570651181768792
0.0001948944675969857, 0.0009994998948718707, 0.0063655783853520265, -0.23829202827458504, -0.17865151321443343, -0.9546206294057223, 0.9209311562049581, -0.3536811415835994, -0.16369317523684676, -0.308387280528532, -0.918146658717612, 0.2488051412127601
0.00019298919278134142, 0.0009980714785233725, 0.006357945672428851, -0.21745940662844832, -0.20657772359138998, -0.9539586210022961, 0.9276163880321986, -0.34784572266771707, -0.1361293130661847, -0.3037091423103704, -0.9145102499904378, 0.26726720625532463
0.0001912502047848676, 0.000996419509600832, 0.006350317018342205, -0.19707015199364092, -0.22341043664359253, -0.9545947475195548, 0.9328027821653386, -0.342398593858927, -0.11243741596120688, -0.3017322070608425, -0.912606694979907, 0.2758744198001039
0.00018967338241770534, 0.0009946319300511472, 0.00634267899536289, -0.17908067153782073, -0.22543544679133765, -0.9576580665412645, 0.9361423412525521, -0.33843541847864606, -0.09538859697769979, -0.30260143753087737, -0.9135865185351488, 0.2716469089738973
0.00018824035949532462, 0.0009928279711984415, 0.006335015711830549, -0.16349739976913014, -0.21270169973958003, -0.9633413658701814, 0.9379664167299129, -0.3361535108915453, -0.08496951336882652, -0.30575742240472387, -0.9174741435284056, 0.2544672760911274
0.00018693276983319546, 0.0009911268643668374, 0.006327311276084831, -0.15021875289559672, -0.18506695845842153, -0.9711768876808388, 0.9385488213564771, -0.33544694606832964, -0.08124934648228767, -0.31074175163447115, -0.9237020987636545, 0.2240847976342006
0.00018573224724678785, 0.0009896478408804588, 0.006319549796465384, -0.1393118033899434, -0.14646444657809973, -0.9793571296135096, 0.9382655127073626, -0.33574757270004174, -0.08325500039048868, -0.31662288151716367, -0.9304954235860601, 0.18419613889863984
0.0001846186726312507, 0.0009884770923450203, 0.0063117214056718895, -0.13251142552236955, -0.12762534350104532, -0.9829305640798183, 0.9383123321835729, -0.33570255676435123, -0.08290814588508137, -0.3193911228858027, -0.9332821465548978, 0.1642368580545438
0.0001835589627299678, 0.0009874564570327856, 0.006303860791034904, -0.13076804201155673, -0.14244807043342655, -0.9811260196418488, 0.9391769990675733, -0.33478901172042874, -0.0765694590139305, -0.3175630387984268, -0.9314638290674804, 0.17756365486229647
0.00018251425612180654, 0.0009863184386132051, 0.006296022569857988, -0.13237779686631876, -0.1802472396389103, -0.9746727920175945, 0.9406399954949455, -0.33288847296512597, -0.06619413450008799, -0.31252602735146523, -0.9255788443830704, 0.2136148053352374
0.0001814577921655082, 0.0009848799442704335, 0.0062882440246764945, -0.13343333761660192, -0.21469666199090312, -0.9675230683257418, 0.9420216685543876, -0.3307576933190172, -0.056520122826216136, -0.3078810166062557, -0.9189693638202782, 0.2463830107236528
0.00018039251885970588, 0.0009831659001870805, 0.006280519744404072, -0.1334520227050715, -0.24188980919536396, -0.9610826592147814, 0.9432060382797968, -0.32868655320525497, -0.04824436852711231, -0.3042251255048731, -0.9129372760214578, 0.27201581399261454
0.00017932584939691005, 0.0009812324976983043, 0.006272837901124165, -0.1325174094592007, -0.2619444028688155, -0.9559415599271339, 0.9441881454375635, -0.32680248817746527, -0.04133859862395338, -0.3015756658044497, -0.9080667726146119, 0.29063181909055563
0.00017826519696963102, 0.0009791359281392646, 0.006265186666920211, -0.1306919736845371, -0.2749995977938458, -0.9525202513477933, 0.9449686715429584, -0.3251996894260176, -0.03576830719447447, -0.2999230198180474, -0.9047764271964897, 0.3023669938547831
0.00017721797477037924, 0.00097693238284512, 0.006257554213875649, -0.12801392722035235, -0.2811687102022072, -0.9510818002889392, 0.9455523786075695, -0.3239417904783458, -0.03150262991007502, -0.2992375874571742, -0.9033304338861339, 0.30732880351164493
0.00017619159599166495, 0.0009746780531510292, 0.0062499287140739155, -0.12449661281859432, -0.2805100173123985, -0.9517429924008346, 0.9459471017152975, -0.32306446655893656, -0.028520715338475208, -0.29947399578782397, -0.9038492576942174, 0.30556806968740496
0.00017519347382599862, 0.0009724291303921513, 0.00624229833959845, -0.12012977401999646, -0.2730138211549156, -0.9544801154829243, 0.9461632975767446, -0.3225770763278948, -0.02681499853530206, -0.3005725398512068, -0.906315333251148, 0.29706676859126374
0.00017423102146589065, 0.0009702418059036452, 0.006234651262532695, -0.1148824342421706, -0.258604664155784, -0.9591275483372728, 0.9462140985694968, -0.32246296029493027, -0.026391644627512468, -0.30245810614183916, -0.910571944941587, 0.28174070901165066
0.00017331165210385135, 0.0009681722710206699, 0.0062269756549600845, -0.10870754021232971, -0.23715890094677275, -0.9653695284204405, 0.9461157868464214, -0.3226784232381716, -0.027268169291397318, -0.3050370282129067, -0.916315606588825, 0.2594573578467031
0.00017244277893239114, 0.0009662767170783844, 0.006219259688964061, -0.10154885713379086, -0.20853903385505093, -0.9727277630321974, 0.9458885603900533, -0.32315084491198387, -0.02946799545105543, -0.3081925711921905, -0.9230845046860406, 0.23007028550091757
0.00017163181514402042, 0.0009646113354119472, 0.006211491536628061, -0.09353506725990245, -0.17378813115533548, -0.9803310036218488, 0.9455736965918012, -0.3237480694407148, -0.03282638949269878, -0.3116754329529387, -0.9300456295273615, 0.1946112830507322
0.00017088471797138512, 0.000963223229055398, 0.0062036612913253285, -0.08750024940128986, -0.15044617966294044, -0.9847383679838712, 0.9454258082327446, -0.3240051823171163, -0.03450627419925319, -0.3138689973255942, -0.9340163750472893, 0.17058623526342226
0.00017018516571424647, 0.0009620204328887446, 0.006195788445787999, -0.08575833268483032, -0.1523357951113744, -0.9846010937953013, 0.94562154140348, -0.32366258483248184, -0.032286709545309475, -0.3137601134765613, -0.9338288583607501, 0.17180877301183864
0.00016949943205797754, 0.0009608023380577004, 0.006187915460308023, -0.08718985640446465, -0.17376671123629384, -0.9809194967000561, 0.9461120552777968, -0.3227179686046458, -0.026927524908798857, -0.3118812398945983, -0.930407568115078, 0.192540513648413
0.00016880254870383008, 0.0009594134708940274, 0.006180075253921653, -0.08785500912746318, -0.194509831389066, -0.976958250317899, 0.9466523164802086, -0.32156474758532855, -0.021106984934825185, -0.31004981708407503, -0.9266941451219929, 0.21238425629681357
0.00016810035920049478, 0.0009578588325956151, 0.006172266822332115, -0.08696117891000227, -0.21038186790703609, -0.9737439206580594, 0.9471802250047464, -0.32033278349341454, -0.01537950517147117, -0.30868653148872677, -0.9236484057666683, 0.22712606147721512
0.00016740513531384932, 0.0009561769039267612, 0.006164482083882123, -0.08453014616704556, -0.22142567093588458, -0.9715067301051348, 0.9476869722844928, -0.31905258311599693, -0.009739187299816656, -0.3078052256723868, -0.921507526533345, 0.23681178516105958
0.0001667291488097713, 0.0009544061656517642, 0.006156712956914399, -0.08057602130232192, -0.2276795941969949, -0.9703965721174923, 0.9481643925476488, -0.31775279095423004, -0.004177145621769616, -0.3073951683026847, -0.9204320541067055, 0.24148093978008917
0.00016608467145413816, 0.0009525850985349211, 0.006148951359771656, -0.07510385505544175, -0.22916566109180728, -0.9704857086697187, 0.9486047625592927, -0.31646053510208805, 0.001316879921636412, -0.30742221033236866, -0.9205084624810654, 0.24115504368581192
0.00016548397501282762, 0.0009507521833405306, 0.006141189210796609, -0.06844632668497132, -0.22645098109095102, -0.9716146630873168, 0.948992241312351, -0.31522998298065247, 0.0066169297244399955, -0.3077804839366765, -0.921601872281607, 0.23647655848887406
0.00016493662635465336, 0.000948941309818963, 0.006133419444209266, -0.06216412238997287, -0.22216730326096493, -0.9730248256078746, 0.9492883787512711, -0.31421087677759335, 0.011094993575445486, -0.3081999283829696, -0.9229914486474978, 0.23043348252440643
0.0001644395994719086, 0.0009471649938678604, 0.006125639723732055, -0.05671340364018328, -0.2170825730861621, -0.9745043593077646, 0.9494963079365808, -0.3134400034566521, 0.014564527039896058, -0.30861035475555193, -0.9244622873299836, 0.22389535109570144
0.0001639862064796045, 0.0009454295360911934, 0.006117849088377436, -0.05209543279911228, -0.21119763083974466, -0.9760541104924215, 0.9496304728501519, -0.31290928426534065, 0.017021893400831923, -0.3090113766770897, -0.926003963570476, 0.21686085062984192
0.000163569759085384, 0.0009437412364015083, 0.006110046577310868, -0.04831094897055463, -0.2045126372251991, -0.9776710251535322, 0.9497027418137405, -0.31260806171135386, 0.01846353012113925, -0.3094038694021591, -0.9276048625186613, 0.20932860442545165
0.00016318356899689012, 0.0009421063947113511, 0.006102231229697802, -0.04536028630922543, -0.1970272993934007, -0.9793480932332937, 0.9497223945363625, -0.31252311076428235, 0.018885935357667208, -0.3097899574583769, -0.9292521447551033, 0.20129737635145095
