0.009740553796291351, 0.020989058539271355, 0.037682779133319855, 0.13507204029414815, 0.45864080422031117, -0.8782961668110149, 0.9586613253781735, -0.2845472252893323, -0.0011574991601369675, -0.2504476135940204, -0.8418322215764186, -0.4781155755262237
0.009752588600005949, 0.021030766996429823, 0.03764454750154987, 0.09700623578245533, 0.35387637479318335, -0.9302479785425781, 0.9592634414808888, -0.28241610742513484, -0.007402168944040488, -0.26533646575161907, -0.8916348207815065, -0.3668567926485358
0.009758136407304569, 0.021045457558695163, 0.03760116337221083, 0.05352689828307122, 0.24033533198244234, -0.9692129793606165, 0.9597430361150959, -0.2803929884886694, -0.016525030558836126, -0.2757320724703082, -0.9293108738238686, -0.24566872817667812
0.009758666738818787, 0.02104259963818873, 0.03755491825894089, 0.007846363342756851, 0.12395194459193062, -0.9922571995275078, 0.959751957551691, -0.2795163340523729, -0.027327622904664905, -0.28073940684911114, -0.9521063671826806, -0.12115630818165447
0.009755645494653103, 0.02103162613545944, 0.03750809310141764, -0.036419270475984776, 0.011586215401463264, -0.9992694313100285, 0.9592709589456984, -0.2798918928082868, -0.03820674892731264, -0.28013008417768576, -0.9599616075410857, -0.0009208614104927513
0.009750235217004294, 0.021018910707472842, 0.03746208286484762, -0.07622019076814655, -0.0909563006490455, -0.9929337510083478, 0.9585547390274725, -0.2808609521269319, -0.047853295166870626, -0.2745237600049251, -0.9554287398558795, 0.10859386838198817
0.009743070617507805, 0.021005504050372638, 0.03741674095448303, -0.11080976474099925, -0.18166163141542208, -0.977097870077267, 0.9578604722010338, -0.2816702279952981, -0.05626009647955963, -0.26499907892831814, -0.9421575952740413, 0.20521830774708896
0.009734733528727646, 0.020991923595944307, 0.0373717663391624, -0.13741531582753624, -0.23068425160422804, -0.9632765994447368, 0.9565280458181036, -0.2834650281644533, -0.06856876381506219, -0.2572374944276564, -0.9308234815847326, 0.25960839275928377
0.009725805783227827, 0.02097868677597331, 0.0373268579877242, -0.1545710081945677, -0.2434518836723367, -0.957517093195785, 0.9548102170253921, -0.2858352723864801, -0.08145947780136002, -0.25386069583462195, -0.9268383771705495, 0.2766321921147715
0.009716869213572366, 0.020966311022245127, 0.03728171486900696, -0.16479269615730288, -0.23978916592736713, -0.956736391696827, 0.9532278123392096, -0.2879010765251326, -0.09203101606890123, -0.25337739653767744, -0.9271537769105659, 0.27601769668675447
0.009708457567180109, 0.020955253692587054, 0.037236066605699704, -0.17036382613432666, -0.23226400410818185, -0.9576166243024957, 0.9520749579687652, -0.28933045776061433, -0.09920262406210613, -0.2540264575859119, -0.9286233459307751, 0.2704241857502488
0.009700532492745958, 0.020945257407776162, 0.03719000752831857, -0.17264656212186316, -0.22305836250618394, -0.9593946693116246, 0.951315976023374, -0.29024455924346954, -0.10371118354478157, -0.2553254361598094, -0.9305928555204064, 0.2623087091657064
0.009692727582149206, 0.020935685628298662, 0.03714382933548538, -0.17298728172901393, -0.21341199445822664, -0.9615252055881679, 0.9508253791218158, -0.29083781823648164, -0.10651038400690627, -0.2569172994912218, -0.9326675099438198, 0.25322878414061223
0.009684905929710939, 0.020926341495322267, 0.03709761878133906, -0.1727607024256321, -0.20457551474394023, -0.9634846124690597, 0.9504452863498996, -0.2913192856313734, -0.10856717494014327, -0.25847146332363197, -0.9344955497949031, 0.24476635810679181
0.009677004025818153, 0.020917167405389327, 0.0370513975978568, -0.17335611651883617, -0.197804794884551, -0.9647906093998782, 0.9500169929039541, -0.291850272763716, -0.11086537548519244, -0.25964469965557907, -0.9357866644745614, 0.2385119463094855
0.00966895838408218, 0.020908105799106024, 0.037005187496441126, -0.17606212523921458, -0.1942237389095282, -0.9650281173625226, 0.9493857360334413, -0.2925687306981785, -0.11432524670385648, -0.26013237451822885, -0.9363122753983631, 0.23590351982505012
0.009660705518114363, 0.020899099117078566, 0.036959010188494616, -0.18091741965736113, -0.19339406177724802, -0.9642964399674098, 0.9485085675101864, -0.29351149976526636, -0.11909028871120524, -0.26000073966105647, -0.9361889426685417, 0.23653726767860817
0.009652181941526047, 0.020890089799913164, 0.03691288738541982, -0.18320659160564473, -0.19484697820227154, -0.9635714814572327, 0.9481825471772077, -0.29384040513583587, -0.12086220889157227, -0.25958659830735625, -0.9357844150203889, 0.23858400320256998
0.009643324167928569, 0.020881020288216007, 0.03686684079861927, -0.1716642745920091, -0.20066146651597438, -0.9645031636466818, 0.9504648477212648, -0.29125389615606506, -0.10857136464144167, -0.2591292150163546, -0.9353641771147592, 0.24071955902135853
0.00963406871093327, 0.02087183302259331, 0.03682089213949554, -0.15827893901392193, -0.20892797870865396, -0.9650372413421896, 0.9529972010680313, -0.2880470174655635, -0.09394280433163352, -0.25834881888858213, -0.9345469573231244, 0.24469955524472248
0.0096243520841515, 0.020862470443651283, 0.03677506311945119, -0.14550621295740446, -0.2189436088654082, -0.9648272581803364, 0.9553200113046703, -0.2846898953055012, -0.07946911042529288, -0.25727731728941655, -0.9332820364969713, 0.25058535942953053
0.009614110801194588, 0.020852874991996118, 0.036729375449888746, -0.13301254212981045, -0.2303694025981428, -0.9639697100960902, 0.9574723329250902, -0.2811234948834547, -0.06493313720664885, -0.2560359258368846, -0.9316112488431465, 0.2579652800470682
0.00960523115352424, 0.02084263109401516, 0.03668364338505504, -0.12045928285726577, -0.24286025362423777, -0.9625530937995493, 0.9594739755423763, -0.27730662456391325, -0.05010714749291032, -0.2547533148565896, -0.9295805146314868, 0.26642225017261534
0.009603001722017742, 0.020830580236192973, 0.03663735443362992, -0.10750669556159573, -0.2560662150037217, -0.960662481802581, 0.9613273254983783, -0.27320631413966967, -0.03475749076603993, -0.25355883668206397, -0.9272477573161793, 0.2755349576597396
0.009601567759371713, 0.020817520501362527, 0.03659121156397468, -0.09381714641637877, -0.2696332074157092, -0.9583821140322918, 0.9630271145296992, -0.26875754243914113, -0.018659047742979717, -0.252541322794685, -0.9246985005074846, 0.2848781554284574
0.009599663492974317, 0.020803728909224564, 0.036545344566907084, -0.07905797937642024, -0.28320332754089417, -0.9557958522439205, 0.9645663806843168, -0.26383538288901365, -0.0016087228988540137, -0.2517171689624592, -0.9220557282537605, 0.294026700903085
0.009597390960639567, 0.020789305526568342, 0.03649971799939936, -0.06290448431229893, -0.2964148616195197, -0.9529854435742892, 0.9659193079599723, -0.2583113991370954, 0.016586488053969655, -0.25108348484823134, -0.9194636756756176, 0.3025617833592848
0.009594852200181464, 0.02077435042018314, 0.03645429641842373, -0.04910414857432907, -0.3083167822571833, -0.9500155495418835, 0.9668458385438038, -0.25331774260530815, 0.032237335061687925, -0.2505951058646575, -0.9169355937359654, 0.31053374994797844
0.009592149249414011, 0.02075896365685821, 0.03640904438095238, -0.048613812840797736, -0.3166963795418851, -0.9472803705271963, 0.9669772113659281, -0.25247798008515815, 0.034784224457242705, -0.25018347247580774, -0.9143075372964947, 0.3185120992093802
0.009589384146151219, 0.020743245303382823, 0.03636392644395753, -0.048857179320049106, -0.32270368465592714, -0.9452382281405977, 0.9670207389052856, -0.25212731695702284, 0.036093026627428755, -0.2499677310293549, -0.9123015663439041, 0.3243793851194851
0.009586658928207092, 0.020727295426546243, 0.03631890716441136, -0.04696880235769277, -0.326640152759764, -0.9439810073355088, 0.9671256313205434, -0.25131535467970395, 0.0388407742592091, -0.24992387810676325, -0.9111239230243561, 0.32770604517583
0.00958407563339564, 0.020711214093137743, 0.03627395109928612, -0.04294577402791921, -0.328506860728898, -0.9435247230185266, 0.9672921474298145, -0.2499917376030119, 0.04301200589190015, -0.250003124008003, -0.9108168715961905, 0.32849819543182857
0.009581736299530862, 0.020695101369946574, 0.03622902280555397, -0.036785140214873356, -0.3282968677999762, -0.9438580507958265, 0.9675084963935885, -0.24812428255809899, 0.04859680865289658, -0.25014828175622095, -0.9114030431141612, 0.3267572954604942
0.00957974296442677, 0.020679057323762014, 0.03618408684018715, -0.02848475995498416, -0.3259952027177538, -0.9449421920177539, 0.9677443087902863, -0.24572267395811961, 0.05559964304636028, -0.25031893906438235, -0.9128786859752409, 0.32247935350623574
0.009578197665897365, 0.020663182021373325, 0.03613910776015786, -0.018045490751054584, -0.3215797998818633, -0.9467105114930827, 0.9679507784941958, -0.24283845132364304, 0.06403730921279477, -0.2504908195444177, -0.9152135919372457, 0.31565555667101847
0.009577202441756655, 0.020647575529569775, 0.03609405012243829, -0.007332280096167141, -0.31515650561764696, -0.9490113880430864, 0.9680585782708231, -0.2400881975597176, 0.07225127285244738, -0.2506168922975148, -0.9181688485019519, 0.30685035267331173
0.009576859329818648, 0.020632337915140624, 0.03604887848400067, -0.0020295347305403543, -0.30730960492429327, -0.9516074231057954, 0.968072671261105, -0.23913610515322936, 0.07516133560237061, -0.2506614931459679, -0.9210725975369252, 0.29798336517399004
0.009577270367897347, 0.02061756924487514, 0.036003557401817196, -0.002233215392241156, -0.2987494905268007, -0.9543289551611587, 0.9680740687461029, -0.2398537853466231, 0.07282004584083836, -0.2506543639563804, -0.9236984916978447, 0.2897472799954287
0.009578537593806755, 0.020603369585562584, 0.03595805143286006, -0.006768999989822986, -0.2901542408245803, -0.9569559536209853, 0.968056864173783, -0.2417632204135385, 0.06645639909968468, -0.25063935917002256, -0.9259379362499337, 0.28252229973588666
0.009580762844398573, 0.020589838989568142, 0.03591232514233289, -0.01447666632732042, -0.28218692836618686, -0.95925020906503, 0.9679687823744285, -0.24444432391191992, 0.057301037126832044, -0.25065287247628676, -0.9276947288663987, 0.2766868763654784
0.009583155773601141, 0.020577013398990894, 0.03586637966198745, -0.024213120674362494, -0.2755168969477021, -0.9609912404822003, 0.9677584060026996, -0.24753489265049586, 0.04658481009536768, -0.250713765873202, -0.9288793874431798, 0.27262738524378
0.009583105697340366, 0.02056471580942014, 0.035820316187450935, -0.034838115719870805, -0.2708317041905989, -0.9619960985878815, 0.9674111379002216, -0.25070328085113414, 0.03554652215162106, -0.2508027032543454, -0.9294073665383191, 0.27073963704012655
0.009580673074020496, 0.02055272105404038, 0.03577420084741574, -0.04557104086960567, -0.26866690319831266, -0.9621545485834847, 0.9669565741412491, -0.25370790995521897, 0.025045561506452055, -0.25083513302382443, -0.9292203137856937, 0.27135096183529056
0.009576512238948391, 0.0205408031190423, 0.03572808891808956, -0.05657537304018393, -0.26911998780132573, -0.9614435289351, 0.9664076012415687, -0.25657899548020857, 0.014952168434189398, -0.25071014225172716, -0.9283004100204746, 0.27459565424080784
0.009571277527430913, 0.020528735990616612, 0.03568203567568009, -0.06815954338430064, -0.27220293836002135, -0.9598228154163736, 0.9657551017246131, -0.2594074392077352, 0.004986379103844804, -0.2503424856841638, -0.9266139114171855, 0.28056246903251103
0.009565623274774922, 0.020516293654954006, 0.03563609639639502, -0.07878035653835311, -0.27780575334274576, -0.9574014930181378, 0.9651083509644558, -0.26182824921955933, -0.0034407570807993117, -0.24971889460423036, -0.9242672402072303, 0.2887395753223855
0.009560203404118884, 0.020503250282304975, 0.03559032630927151, -0.0831340246261029, -0.28546415932079455, -0.9547769099076174, 0.9649360718080557, -0.26242617326001216, -0.005557059631214527, -0.24897210942815529, -0.9217606616315205, 0.29727120848732824
0.009555492925551455, 0.020489459939146713, 0.03554476016767317, -0.0814486653135581, -0.29452450778106076, -0.9521667024397377, 0.965279148266619, -0.26121452533731815, -0.0017713482069532402, -0.24819806776103376, -0.9192509374861271, 0.3055739404637867
0.009551509051603003, 0.020474981128119886, 0.03549938033240006, -0.07520723888839828, -0.3042795646233516, -0.9496092974331111, 0.9659713468498372, -0.25857114390696445, 0.006349850687634335, -0.24747369210462508, -0.9168178172850195, 0.3133717626475586
0.009548196812444761, 0.020459904585948343, 0.03545416090335446, -0.0658946297392685, -0.31401901555492634, -0.9471272119633348, 0.96680721296308, -0.25492361511303546, 0.017255822792973184, -0.24686374933166322, -0.9145523540659747, 0.32039394647573766
0.00954550123824795, 0.020444321049355927, 0.03540907598043858, -0.05499000460984507, -0.3230493910746669, -0.9447831445994874, 0.9676028935815056, -0.25075671432911534, 0.029422959598991102, -0.2464157862753656, -0.9125569358375144, 0.3263726384504988
0.0095433673591838, 0.0204283212550665, 0.03536409966355469, -0.043968466612305517, -0.33070278562617234, -0.9427101577488451, 0.9682343041455076, -0.2466020767397879, 0.04134909942778127, -0.24614854502845912, -0.9109462571012155, 0.3310404966973965
0.009541740205423536, 0.020411995939803907, 0.035319206052605065, -0.03393723521991516, -0.33649902386201763, -0.9410720859772314, 0.9686667804991026, -0.24287787548923145, 0.0519134467680652, -0.24603441308713608, -0.909823468887095, 0.3341980296757026
0.009540564807138389, 0.020395435840291992, 0.03527436924749192, -0.025053352894827005, -0.3403898624600777, -0.9399505684040713, 0.968940002647966, -0.23966346193584753, 0.060964713412632376, -0.24602357768573138, -0.9092283357591393, 0.3358217275212832
0.00953978619449958, 0.020378731693254604, 0.035229563348117526, -0.017320421132905738, -0.3423918776809525, -0.9393975756355188, 0.9690978183914787, -0.23697380929674886, 0.06850424874608119, -0.24606792029977342, -0.9091816187129498, 0.3359157078700617
0.009539349397678339, 0.020361974235415605, 0.035184762454384136, -0.010739662568553722, -0.3425175927128117, -0.9394500297142653, 0.9691777554482419, -0.2348174617519171, 0.07453346899678504, -0.2461282957975807, -0.9096936068471667, 0.3344822920113578
0.009539199446845888, 0.020345254203498822, 0.03513994066619399, -0.00531096978381525, -0.3407745752858311, -0.9401300348561985, 0.9692104715843246, -0.2331985921496464, 0.07905364248859027, -0.24617647200991077, -0.9107640229270062, 0.3315207974932633
0.00953928137217346, 0.020328662334228118, 0.03509507208344934, -0.0010336893048294156, -0.33716498696493846, -0.9414450079804736, 0.9692197193510028, -0.23211726826454937, 0.0820652752055736, -0.24619518091868572, -0.9123822364219594, 0.32702689117881345
0.00953954020383228, 0.020312289364327347, 0.03505013080605246, 0.0020934726002727034, -0.3316826916886277, -0.9433886841629269, 0.9692224303285075, -0.23156934640928303, 0.08356744791890498, -0.24617777706481414, -0.9145284193712977, 0.3209895204545819
0.009539920971993573, 0.020296226030520344, 0.03500509093390558, 0.004091283521163463, -0.3242230067711386, -0.9459718300665362, 0.9692288475692793, -0.2315478025134114, 0.08355271504108658, -0.24612741098600993, -0.9172050245345871, 0.3132989634994526
0.009540368706828567, 0.02028056306953097, 0.034959926566910965, 0.005006888084216505, -0.31457470347834066, -0.9492195146557123, 0.9692432353409941, -0.23203830636030248, 0.08201082323184232, -0.24605381894503126, -0.9204352124473273, 0.30373761352458367
0.009540828438508484, 0.020265391218083066, 0.03491461180497086, 0.005055280465484534, -0.3030925633504219, -0.9529477121967845, 0.9692643430762047, -0.2329170602169153, 0.07922295311942931, -0.24596966760246827, -0.9240587324957112, 0.292599353242537
0.009541245197204559, 0.02025080121290049, 0.03486912074798752, 0.0046991909304931485, -0.29099850313916537, -0.9567119675092206, 0.969286492545877, -0.23392507019029182, 0.07591282437492895, -0.2458894324136573, -0.9276847162194882, 0.2809616598756087
0.00954156430333352, 0.02023688520150807, 0.03482342711456259, 0.004421911287401099, -0.27960487168611914, -0.9601049746928485, 0.9693059281253498, -0.23481718968219661, 0.0728485080891113, -0.24581794971405244, -0.9309575732326067, 0.26998431887655155
0.009541740465143177, 0.020223780963011556, 0.03477749229033997, 0.004708349083702391, -0.270247086740253, -0.9627794885420607, 0.9693199490080707, -0.2353819599751526, 0.0708107998348202, -0.2457573354020126, -0.9335747667041253, 0.26084763190307264
0.00954174106021777, 0.020211675563937298, 0.03473126446533691, 0.006044479517726286, -0.26427544549416293, -0.9644283038029429, 0.9693207613121254, -0.23544424933940547, 0.07059225979018847, -0.2457248989350517, -0.9352670711416422, 0.2547445380798046
0.009541613793059607, 0.02020048008163658, 0.03468477321939872, 0.00889135400922816, -0.2630127640466868, -0.9647513823635624, 0.9692945197094864, -0.2348316620799269, 0.0729535780201015, -0.24574189281650494, -0.9357768838955689, 0.25284885936396967
0.009541525194837034, 0.020189689206952702, 0.034638170808531606, 0.011914162976659756, -0.2660468291282468, -0.96388647538565, 0.9692454957421486, -0.23389127651769018, 0.07653783216476605, -0.24580728570187277, -0.9351545088806079, 0.2550780720017835
0.009541651492142172, 0.02017876365650594, 0.03459161949825738, 0.011681446065031763, -0.2707121160699468, -0.9625894732598946, 0.9692250564184758, -0.23366671563792563, 0.07747680952121877, -0.24589903177611777, -0.9338708776998652, 0.25965140083514165
0.009542168911567147, 0.020167164146916588, 0.034545281554097834, 0.008120817537528174, -0.27663087810236897, -0.9609419387261825, 0.9692337541625482, -0.23423758835463418, 0.07562196766666232, -0.24600809359550546, -0.9319914750050653, 0.26621778378498284
0.009543253679704081, 0.020154351394804943, 0.03449931924157481, 0.0020194692549008525, -0.284112215924868, -0.9587889082098257, 0.9692387541441219, -0.23541634039473694, 0.07180100375551957, -0.24611411826443297, -0.9294403668000496, 0.27489715413861643
0.009545071247094259, 0.020139796394197794, 0.034453891841383366, -0.005999964035881981, -0.2928833131562598, -0.956129366407172, 0.9692075063883113, -0.23708429508770945, 0.06654206626875418, -0.24617231768035883, -0.9262885089956456, 0.28528720285092424
0.009546929961478713, 0.020123787581554444, 0.034408921227612035, -0.015564229625279756, -0.3018089858937029, -0.9532413601968739, 0.9691132542650799, -0.23922631303958933, 0.05991887479943976, -0.24612447087585196, -0.9228662455541968, 0.29621046175444726
0.00954713641875754, 0.020107695608053377, 0.0343640116762512, -0.026324534219156672, -0.30970048803145755, -0.95046968737105, 0.9689294796398535, -0.24181815684888866, 0.051958084097173646, -0.24593227194288092, -0.9195703272351079, 0.30644368305731085
0.009545614805125599, 0.020091829285268953, 0.03431906335534213, -0.03793775494108732, -0.3153813395982541, -0.9482063791091265, 0.9686183600166337, -0.24485958416618397, 0.04268789852698852, -0.24564038631445972, -0.9168306248567258, 0.3147735788405832
0.009542706731685549, 0.020076213287173354, 0.03427405599288892, -0.05002149523756648, -0.31771053466044197, -0.9468673963021297, 0.9681355226171741, -0.24834990756967282, 0.032185917058647845, -0.2453802352696103, -0.9150859738712593, 0.32000968823321524
0.009538753809540031, 0.020060872287738712, 0.03422896931689568, -0.06116623692010119, -0.3163657411263921, -0.9466633030294259, 0.9675197155881216, -0.2518661476077237, 0.021657415301116336, -0.24528410345824433, -0.9145907071093566, 0.32149579633315933
0.009534097649791701, 0.020045830960937188, 0.034183783055366526, -0.06712462919532698, -0.31361206578451606, -0.9471756734364318, 0.9671047938446641, -0.2539037245067095, 0.015531143045211316, -0.24536218510206442, -0.914975612175532, 0.320338925586559
0.009529079863543207, 0.020031113980740936, 0.034138476936305534, -0.06221622062111382, -0.3135178895226157, -0.9475419119178369, 0.9673945927197865, -0.25248148444018, 0.020020039745260895, -0.2455134290993948, -0.9154013507550489, 0.3190039547837744
0.009524042061897197, 0.0200167460211221, 0.034093030687716824, -0.04841158803278495, -0.3143400348983952, -0.9480752399489292, 0.9681178979670758, -0.24832521409752448, 0.032898688108023634, -0.24577236170886732, -0.9162559306784837, 0.31634003179577413
0.00951934567750379, 0.02000273658916463, 0.03404743014669936, -0.029804689790079376, -0.31307342111647585, -0.9492611408126548, 0.9687753149651236, -0.2429088708588507, 0.049695770165113014, -0.24614237664559652, -0.918139593661282, 0.31053762569252924
0.009515831740463995, 0.0199887282175305, 0.03400180896455918, -0.00887920363132227, -0.3099724389790149, -0.9507040795201599, 0.9691091370649559, -0.23700828193224865, 0.06822429737813589, -0.2464723923689834, -0.9207302326788911, 0.3025015676504591
0.009514834427711462, 0.019973986096855616, 0.03395645278279312, 0.012291472976951564, -0.30622479711223216, -0.9518798733693391, 0.9690408268970092, -0.23111573331864993, 0.08686422519854389, -0.2465943947027538, -0.9234781488731365, 0.2939035778193718
0.009517394455969018, 0.019958005684083846, 0.033911570509303934, 0.03212505407145407, -0.30298556979743047, -0.9524535292576917, 0.9686287364680513, -0.22551508900382397, 0.10440936509673723, -0.24642717339857753, -0.9259280150887129, 0.2862358452127611
0.009522492823847156, 0.0199418957511573, 0.033866825616936116, 0.051515156609718976, -0.300956397488524, -0.952245470165233, 0.9678952771405482, -0.21984701376400326, 0.1218442572634075, -0.2460181317067858, -0.9279507192463292, 0.2799688224101443
0.009528472377424086, 0.019927052342670473, 0.03382176784587743, 0.07139971587734399, -0.3002914006094609, -0.9511714647173993, 0.966769642982529, -0.21385186651532323, 0.14008510483040604, -0.24547614543997556, -0.9295657340435483, 0.2750436476488984
0.00953448347366321, 0.01991331955991813, 0.033776399776869366, 0.08340318244197026, -0.29626582973625876, -0.9514570233537811, 0.9659837892918911, -0.21049674287327017, 0.15022130363241973, -0.2447840435645892, -0.9316209955611943, 0.2686318905970376
0.009539895340978988, 0.01990012153632595, 0.03373084655440273, 0.07656260653661719, -0.2834232278894843, -0.9559338058532214, 0.9667739770338415, -0.21342278306265364, 0.14070818384145523, -0.24389802092368118, -0.9349449125817504, 0.2576659966449098
0.009544320498233446, 0.019886928431515957, 0.03368522130506646, 0.054929965703433704, -0.26639533636645074, -0.962297367568895, 0.9684400837530602, -0.22044597489359605, 0.11630724970343718, -0.24311829023787013, -0.9383160964810406, 0.245878832021785
0.00954854581152898, 0.01987343260704127, 0.03363957913527506, 0.027807489066716644, -0.2531650551583006, -0.9670233701408147, 0.9696888220845317, -0.2281003218387204, 0.0876004081119811, -0.2427557041062432, -0.9401477001108746, 0.23914842692377325
0.00955339098536835, 0.019859563381439592, 0.03359392877481543, -0.0005309456933262971, -0.24524969315738285, -0.9694598011794405, 0.970094342227256, -0.2354410322881038, 0.059029547633194596, -0.24272759479576747, -0.9404361266568408, 0.23804034616707334
0.00955563803842434, 0.019847388207196212, 0.033547915558408255, -0.028778437026968452, -0.2401525694857472, -0.9703084792640319, 0.9696480640958424, -0.24249836425346102, 0.03125980053648659, -0.2428053404632402, -0.9399581302929345, 0.23984219799430812
0.009551328389437876, 0.019838991762769174, 0.03350121544566714, -0.055639954807037734, -0.23641576644330295, -0.970057617261004, 0.9684759315480728, -0.24905393630242115, 0.005148477868481225, -0.2428138493602939, -0.9391909934562274, 0.24282032939921097
0.009543468073718602, 0.019831466460639813, 0.03345446958863332, -0.08029193479041763, -0.23293305995839295, -0.9691725309696055, 0.9667782976199244, -0.2549222276235694, -0.01882501300286454, -0.24267865266383087, -0.9384864663072434, 0.24566282604295453
0.009535652211923708, 0.0198218583553937, 0.033408291234034465, -0.1043521764737072, -0.22903255178797097, -0.9678092340366932, 0.964538266918123, -0.2605239271649943, -0.04234636968044027, -0.24243876529091635, -0.9379079771470222, 0.2480968993925495
0.009528201998606232, 0.019810865741570233, 0.033362459227506615, -0.12946114820534585, -0.22450505248944785, -0.9658350234445133, 0.9615649706611334, -0.2662794389250305, -0.0669930414537536, -0.24214173184894602, -0.93738612205029, 0.25034903611700193
0.009520836600560186, 0.019799548006371414, 0.03331668894413047, -0.1491722525990816, -0.22373479144439604, -0.9631668506296552, 0.9588594914309693, -0.27065715916187433, -0.08563397624288349, -0.24152870377505595, -0.9363158896930867, 0.2549047664540325
0.009513514364078065, 0.01978804391119177, 0.0332709461492696, -0.15531690107779011, -0.23137005428946156, -0.96038771244622, 0.9582082111192477, -0.2717087863146237, -0.08950619857353692, -0.24023672571703775, -0.9341532173136942, 0.26390165251326303
0.009506223851099416, 0.01977637591437882, 0.033225228240197684, -0.15417541803426255, -0.24104806372132054, -0.9581887973933753, 0.9587534164596916, -0.2708778289232742, -0.08612251868519971, -0.23879243476464992, -0.931944758434756, 0.27286835713426877
0.009498953623563781, 0.019764566474280116, 0.03317953261418844, -0.15317367820023786, -0.24641659869525454, -0.9569831159399165, 0.9591394835384492, -0.2701935367133593, -0.08394583870522243, -0.23788500462241546, -0.9307385844617105, 0.27773442705218404
0.009491692243410704, 0.01975263804924317, 0.03313385666851557, -0.15301884099742444, -0.24887588343572659, -0.9563712819527214, 0.9592846773488299, -0.2698929272312504, -0.08325091972043393, -0.23739869861386376, -0.9301712758812937, 0.2800415244598742
0.00948442827257973, 0.01974061309761553, 0.0330881978004528, -0.1531685288963781, -0.25062340053379595, -0.9558908477753073, 0.9593421286229366, -0.2697686279896443, -0.08299137064657981, -0.23706978298579612, -0.9297380267889774, 0.28175365044237877
0.009477150273010404, 0.019728514077744713, 0.033042553407273814, -0.15356174038247783, -0.2519067936408245, -0.9554903239741905, 0.9593333981217407, -0.2697803660972492, -0.08305411077501264, -0.23685063466011308, -0.9293877131671331, 0.2830905428923199
0.009469846806642269, 0.019716363447978263, 0.03299692088625234, -0.15419866404984847, -0.25272672194956586, -0.9551711762913854, 0.9592682470648389, -0.26988967716856427, -0.08345053823073496, -0.2367006594380192, -0.9291333414373176, 0.2840493472112405
0.009462506435414868, 0.019704183666663697, 0.03295129763466208, -0.1550793952636665, -0.2530835727471923, -0.9549340743581056, 0.9591491747311476, -0.2700850055479316, -0.0841840269334536, -0.2366077804663536, -0.9289794373309297, 0.2846295192686371
0.009455117721267744, 0.019691997192148553, 0.03290568104977672, -0.15620393547642683, -0.2529774548269592, -0.9547788947661915, 0.9589750464042023, -0.27036753535891084, -0.08525406851292351, -0.2365738593245975, -0.9289261559312569, 0.28483153953002405
0.009447669226140445, 0.01967982648278037, 0.032860068528869996, -0.1575721883809153, -0.25240819759644284, -0.9547047225372692, 0.9587446306374989, -0.27073731555060876, -0.086660482298541, -0.2366003775834159, -0.928973308418797, 0.2846556754621624
0.009440149511972518, 0.01966769399690667, 0.0328144574692156, -0.1591839529006269, -0.2513753558733369, -0.9547098510010694, 0.9584566079578839, -0.2711932256226286, -0.08840342209587346, -0.23668840233690816, -0.9291203715536256, 0.28410198056904606
0.009432547140703497, 0.019655622192874984, 0.03276884526808726, -0.16103891302486445, -0.24987822038928184, -0.9547917801630131, 0.9581093700131929, -0.2717337660907799, -0.09048312250936097, -0.23683940462831107, -0.9293662546817626, 0.28317037464060457
0.009424850674272933, 0.01964363352903285, 0.03272322932275866, -0.1631366245041749, -0.24791583404816947, -0.9549472137105718, 0.9577009789046219, -0.2723572211334632, -0.0928998337005333, -0.2370554297005508, -0.92970924665976, 0.28186067466893805
0.009417048674620369, 0.019631750463727796, 0.032677607030503514, -0.16547649843198056, -0.24548701401055348, -0.9551720548774828, 0.9572291673381409, -0.2730616621526867, -0.0956538021175395, -0.2373391026860516, -0.9301470069911499, 0.28017261772269175
0.009409129703685347, 0.019619995455307345, 0.03263197578859554, -0.168042150377839, -0.24261729790564454, -0.955457315872015, 0.956695049275077, -0.27383953103725744, -0.09872433303827832, -0.23768975238522533, -0.9306711331067805, 0.2781273514287864
0.009401082323407414, 0.019608390962119044, 0.03258633299430844, -0.17073313203068516, -0.2394771543385249, -0.9557724050091188, 0.9561198443632944, -0.27465493192414014, -0.10197799558951715, -0.238086204643827, -0.9312439857092599, 0.27586155628979814
0.009392895095726113, 0.019596959442510414, 0.03254067604491591, -0.17342132875276137, -0.23628639950657618, -0.9560825174334302, 0.955533009943743, -0.2754641426575093, -0.105243398927506, -0.23849886717021837, -0.9318198557222218, 0.27355081217269395
0.009384556582580987, 0.019585723354828985, 0.032495002337691675, -0.17597926633557362, -0.23326591124383614, -0.9563567914076713, 0.9549659429042671, -0.2762255708508136, -0.10834888970869201, -0.23889609815348056, -0.9323553231787358, 0.27137097417984424
0.009376055345911582, 0.019574705157422295, 0.03244930926990944, -0.1782802326072358, -0.23063732406866735, -0.9565681279490522, 0.9544518607101468, -0.2768995663552663, -0.11112279576758222, -0.23924423555949734, -0.9328092274944058, 0.26949794220520834
0.009367387298508249, 0.019563914299310137, 0.03240359556357025, -0.18022258390194382, -0.22858161087981008, -0.956697584098182, 0.954019355553385, -0.2774555063922094, -0.113426236833224, -0.23951386072879122, -0.9331499821251854, 0.2680750293827373
0.009358587888043833, 0.019553290261796127, 0.03235786706542051, -0.18176376459179025, -0.22718065700468373, -0.9567397153689924, 0.9536828896265709, -0.2778814052248164, -0.11519926503148885, -0.23968913182481616, -0.9333653484639344, 0.2671670757632091
0.009349705795468018, 0.019542749106305022, 0.03231213200703037, -0.1828697222978686, -0.22650152327000506, -0.9566899835490428, 0.9534544915995512, -0.2781673068931602, -0.11639365027546711, -0.23975653716914944, -0.9334452363862455, 0.26682727287982483
0.009340789711204795, 0.019532206877494226, 0.03226639862167739, -0.18350607843248704, -0.22661093889216594, -0.9565422110668932, 0.9533455859872909, -0.2783024826130678, -0.1169611980528241, -0.23970338515940642, -0.9333783855145855, 0.2671087355316316
0.009331888288197566, 0.01952157968545609, 0.03222067513847744, -0.18363798611498106, -0.22757517309330963, -0.9562879433764624, 0.9533667234578113, -0.2782752163444913, -0.11685373152682706, -0.23951822615189694, -0.9331518871866341, 0.26806449742752597
0.009323038720264902, 0.01951080364603233, 0.03217496851416924, -0.18324552914444653, -0.22943279350986928, -0.955919279704531, 0.9535233326970131, -0.278077351037068, -0.11604413316746648, -0.23919517146245495, -0.9327559059595737, 0.2697259532313897
0.009314250645672633, 0.019499862982532815, 0.03212928264582896, -0.18239178665373548, -0.23207611257550012, -0.9554443542839646, 0.9537981286118227, -0.2777261041931023, -0.11461823984997743, -0.23875168275395067, -0.9322064626581206, 0.2720087222141802
0.0093055296451706, 0.019488749002023718, 0.03208362098000178, -0.18116765117795078, -0.23534843090429441, -0.9548766403245766, 0.9541659345487454, -0.2772474762126433, -0.11269962857276472, -0.23821345787629983, -0.9315282888912212, 0.2747897295788363
0.009296881299508638, 0.019477453011571198, 0.03203798696323288, -0.17966415278375733, -0.23909315929231562, -0.9542301888874163, 0.9546014727402146, -0.27666817737628435, -0.11041171980137972, -0.2376064402466992, -0.9307465717406131, 0.2779460356730916
0.009288311189436583, 0.019465966318241434, 0.031992384042067466, -0.17797253679213199, -0.2431543206238366, -0.9535207142530957, 0.9550798615287891, -0.2760161097603678, -0.10787754750132976, -0.23695618635081522, -0.9298876725254042, 0.28135508212108884
0.009279824895704279, 0.019454280229100604, 0.03194681566305072, -0.17615982406036232, -0.24741770772127009, -0.9527603026433114, 0.9555829860280142, -0.2753121918379113, -0.10518723230121309, -0.23628134331937092, -0.9289712993044282, 0.28492709921633697
0.00927142799906156, 0.019442386051214875, 0.03190128527272783, -0.174234048617962, -0.2518682498147173, -0.9519479402979266, 0.9561077888868637, -0.2745575990992505, -0.10235243429800729, -0.2355852124647604, -0.9279981193473005, 0.2886504774910433
0.009263126080258269, 0.019430275091650427, 0.031855796317644, -0.1721945280100008, -0.2565053782012736, -0.9510804568895497, 0.9566534158779592, -0.27375020031181574, -0.09937338536184356, -0.2348686577907869, -0.9269659210472965, 0.29252503278265257
0.009254924720044237, 0.019417938657473426, 0.031810352244344406, -0.1700405678181747, -0.26132844305621084, -0.9501545401385448, 0.9572189871000267, -0.2728876531299903, -0.09625040002205107, -0.2341324753879126, -0.9258724391723857, 0.2965505190514859
0.009246829499169312, 0.01940536805575005, 0.03176495649937424, -0.16777146696787607, -0.2663367031868958, -0.9491667374107576, 0.9578033862657838, -0.2719682338480252, -0.09298361702678408, -0.23337825119158953, -0.9247151130554324, 0.3007267057606194
0.009238845998383323, 0.019392554593546472, 0.031719612529278705, -0.16538652337092097, -0.2715293153950864, -0.9481134577508937, 0.9584047777882732, -0.2709927581483103, -0.08957235591287079, -0.23261036047409933, -0.9234905283283891, 0.30505354331307555
0.00923097979843611, 0.019379489577928857, 0.03167432378060296, -0.1628850399122859, -0.2769053234683618, -0.9469909744066493, 0.9590216876198061, -0.26996030446357094, -0.08601649079563327, -0.23183154756769456, -0.9221956819725509, 0.30953070559081824
0.009223236480077515, 0.019366164315963393, 0.03162909369989223, -0.16026633078744337, -0.2824636468264064, -0.9457954279004825, 0.9596533238580663, -0.26886691710288163, -0.08231694172986136, -0.23104155735299006, -0.9208283602871489, 0.31415749182024244
0.009215621624057379, 0.019352570114716243, 0.031583925733691696, -0.15771830439616327, -0.2877006421649789, -0.9446445241233646, 0.9602509201874351, -0.26779536606239296, -0.07876428248066042, -0.2303108914871016, -0.9195183426193128, 0.31850103743794744
0.009208140811125531, 0.01933869828125358, 0.03153882332854653, -0.15602450646914184, -0.29049350595258155, -0.9440709064368196, 0.9606153649208494, -0.2671257622408914, -0.07656335824143433, -0.22994450212832696, -0.9188347784812023, 0.32073069044660446
0.009200799622031821, 0.01932454012264159, 0.03149378993100195, -0.15516923696596496, -0.2907885628489058, -0.9441210301733926, 0.9607549685145564, -0.26686732188907125, -0.07570814343482724, -0.22993998863615206, -0.9188165454670605, 0.32078615525297144
0.009193603637526075, 0.01931008694594643, 0.03144882898760312, -0.15502056542630752, -0.2888214555974178, -0.9447490624930499, 0.9607033833824109, -0.2669630632531563, -0.07602454877261577, -0.2302555828910484, -0.9194089893214447, 0.3188565145993154
0.009186558438358137, 0.019295330058234274, 0.03140394394489525, -0.15544383686522076, -0.28482288998067956, -0.9458927713666451, 0.9604909953816754, -0.2673491916991575, -0.07733988290995579, -0.23085549889776757, -0.9205434976365108, 0.31512760524556077
0.009179579497921378, 0.019280501011648597, 0.03135908039559943, -0.15630300266439923, -0.27901953886514197, -0.9474795344964324, 0.9601455458309812, -0.2679611918448691, -0.07948163615581003, -0.23171081584384465, -0.9221414732005934, 0.3097825063240646
0.009172299449760456, 0.019266606932518433, 0.03131399489097155, -0.15746140513279655, -0.27163584217740827, -0.9494313430354907, 0.9596926419538044, -0.2687390891122813, -0.08227596831899384, -0.232800212356716, -0.9241175635316491, 0.30300295361431123
0.009164733265983894, 0.019253667077465415, 0.03126867853273568, -0.15878225882813085, -0.2628961354349188, -0.9516689635870349, 0.9591566213378707, -0.2696299176990333, -0.08554696502701346, -0.23410845782490858, -0.9263829280891339, 0.2949710164064356
0.009156949262614088, 0.019241560583068317, 0.03122315594202743, -0.16012900730318036, -0.2530266803341798, -0.954115401856171, 0.9585636359622389, -0.2705800191603719, -0.08911907226865072, -0.2356150607048502, -0.9288508773049836, 0.2858698845608124
0.009149015755673428, 0.01923016658590591, 0.03117745173998235, -0.1613656729242557, -0.24225728768813537, -0.9566987645877306, 0.957942908430359, -0.27153330585735563, -0.09281728286348671, -0.2372899150610638, -0.9314403203491697, 0.2758848053774426
0.009141001061184312, 0.019219364222556986, 0.031131590547736065, -0.1621737708391754, -0.2313312208516683, -0.9592630162322945, 0.9573762481175243, -0.2723627191406517, -0.09617311871163955, -0.23901963850741487, -0.9339723847532042, 0.2656411054904674
0.009132973495169134, 0.01920903262960031, 0.031085596986424126, -0.16166712369684344, -0.22264746779342467, -0.9614009809651566, 0.9571029590607201, -0.27275119559319316, -0.09777888861966716, -0.24045304504789106, -0.9359673554070461, 0.2571914515288899
0.009125001373650288, 0.019199050943614668, 0.031039495677182137, -0.15974647255088495, -0.21651910131991706, -0.9631202122638508, 0.9571533037731218, -0.2726911280335241, -0.09745307469752872, -0.24153388495974493, -0.9374214780211833, 0.25080341895762315
0.009117153012650165, 0.01918929830117884, 0.030993311241145686, -0.15641785882294582, -0.2129546788932915, -0.9644603455708793, 0.9575210581141637, -0.27219884067447264, -0.09519041129969752, -0.2422537444688472, -0.9383805709161547, 0.24648534929665566
0.009109496728191162, 0.01917965383887159, 0.03094706829945034, -0.15168294286135692, -0.21195640169398505, -0.9654360510286824, 0.9581909406172832, -0.2712774768717316, -0.09098709722303085, -0.24261575827609486, -0.9388732685102102, 0.24424286993292219
0.009102100836295673, 0.01916999669327172, 0.030900791473231715, -0.1455424111608565, -0.21351849434124925, -0.9660368829023714, 0.9591380196634278, -0.2699179365814579, -0.08484436780202918, -0.24263484042816713, -0.9389111566521371, 0.24407821312961117
0.009095033652986093, 0.019160206000957993, 0.030854505383625372, -0.1387326196357342, -0.21705527380552148, -0.9662506239905964, 0.9602090217634094, -0.2682855176380874, -0.07759842491842166, -0.24238790145789685, -0.9385679992088339, 0.2456383848016496
0.009088363494284813, 0.019150160898509187, 0.0308082346517669, -0.1325995055062627, -0.22145269653264682, -0.9661139033974794, 0.9611723007506684, -0.2667158459407027, -0.07078464377110344, -0.24200243678351938, -0.9379879320772495, 0.24822058711614542
0.009082158676214227, 0.01913974052250408, 0.03076200389879188, -0.1273735244905338, -0.22639674670662352, -0.9656710093709536, 0.9619976308557557, -0.26528316125178264, -0.06469468744938801, -0.2415295913273831, -0.9372136135571857, 0.25158318520185263
0.009076487514796736, 0.019128824009521466, 0.030715837745835924, -0.12320833336204723, -0.2316303242678581, -0.9649699992588959, 0.9626707158084794, -0.26404714322972084, -0.05953317627183253, -0.2410078826821572, -0.9362833433484707, 0.2555165385122329
0.009071416795359959, 0.019117291660771016, 0.03066976070503435, -0.1202573602915712, -0.2368978669349418, -0.9640630518474286, 0.9631790000553294, -0.26306955315644404, -0.05550336975792261, -0.24046700636078752, -0.9352399750030702, 0.2598111006253148
0.009066657914982606, 0.019105295122330314, 0.030623771649790323, -0.11867402324434015, -0.24194491213542027, -0.9630052625498916, 0.9635097791011835, -0.2624123376791517, -0.05280786504064991, -0.2399278678757231, -0.9341319095960414, 0.2642578167075913
0.009061630472821382, 0.019093236886585388, 0.030577838580472996, -0.11861190834680323, -0.2465172614581736, -0.961852616049617, 0.9636475282103136, -0.26213701990695715, -0.05164904808854075, -0.2394047964692487, -0.933013088116915, 0.2686483218448527
