0.009740553796291351, 0.020989058539271355, 0.037682779133319855, 0.13409027137970222, 0.45607722264176265, -0.8797802942261743, 0.9587810206335075, -0.2841436055241317, -0.0011687226858292758, -0.2505169726670981, -0.8433599340893085, -0.47537907818770253
0.009752671536419576, 0.021031025013881093, 0.03764414603688007, 0.09581005323192927, 0.35124445838851265, -0.931368758414762, 0.959403718857916, -0.28193310888441114, -0.007630619658429481, -0.2652639024467818, -0.8928275603755359, -0.36399726577623237
0.009758189888622613, 0.021045538747562337, 0.03760028235795551, 0.052197736086210374, 0.23777879366329768, -0.9699157910001782, 0.9598844670882382, -0.2798826318333043, -0.016956480790304394, -0.27549447578890446, -0.9301220122554299, -0.24284941039192742
0.009758621732974756, 0.021042348559899622, 0.03755354721192716, 0.00651035303520424, 0.12166039222657973, -0.9925504341173963, 0.9598796686070462, -0.27902036414483533, -0.027904447446789556, -0.2803366495807927, -0.9525473139722553, -0.11859585804764675
0.009755474667073893, 0.02103114999871977, 0.03750628428647028, -0.03761208626659775, 0.009758392262953967, -0.9992447671852559, 0.9593832359339456, -0.27941944838586613, -0.03884042317804536, -0.2795874417343979, -0.9601195475794567, 0.0011475104505087978
0.009749922214344805, 0.021018269601367302, 0.03745986159087665, -0.07717850851691066, -0.09222642039146699, -0.9927425472925402, 0.9586604219866106, -0.2803923346443865, -0.048480243286559054, -0.2738862412381439, -0.9554446221809231, 0.11005408127822656
0.00974260998834752, 0.021004710135763115, 0.037414105350352604, -0.11162485678469226, -0.18254354036069506, -0.9768406969513402, 0.9579611411125093, -0.28119484783807597, -0.05692020438948257, -0.2642921555139617, -0.9421291383997763, 0.20625795284516743
0.009734136990335221, 0.020991004302510604, 0.0373687056568028, -0.1380827354216317, -0.23089528962082947, -0.9631305848167178, 0.9566127766983391, -0.2830000323804404, -0.0693035145585221, -0.25656413162399233, -0.9309126419291893, 0.2599548027262505
0.009725102221561097, 0.020977684802213206, 0.037323352602131904, -0.15504660820129176, -0.2430023821796368, -0.9575543804611292, 0.9548879531166488, -0.2853641007278396, -0.08219687955444607, -0.2532776071388306, -0.9271014897360554, 0.2762847832422463
0.009716104683278323, 0.020965284335474316, 0.03727773627824456, -0.16510726236509185, -0.23907126416803393, -0.956861809543783, 0.953314158901387, -0.28740418395278505, -0.09268737500099335, -0.25284719961361213, -0.9274932698923114, 0.2753625391225582
0.009707670718204638, 0.02095424482877554, 0.03723159309415518, -0.17054457197736794, -0.23143137955091797, -0.9577860228298465, 0.9521757096055118, -0.28880650722505474, -0.09976081105175688, -0.25352705379563806, -0.9289942507591871, 0.2696177202078535
0.009699695111935282, 0.02094421919004361, 0.0371850620524346, -0.1727396153751022, -0.22216691120544146, -0.9595847481309273, 0.9514279527679749, -0.28970259497481154, -0.10419816292334773, -0.25484480762181905, -0.9309749030077523, 0.2614189243300956
0.009691815442368636, 0.02093458280966633, 0.03713842932081864, -0.173067376731968, -0.21254300451472888, -0.9617032569056668, 0.9509401555642195, -0.29029190985442743, -0.10697395761851038, -0.2564381088032997, -0.9330359469521639, 0.25235573710234166
0.009683911111163434, 0.020925171624522374, 0.03709176618881305, -0.17293082743031302, -0.20383529667335853, -0.9636109696108441, 0.9505502799857987, -0.2907861048263557, -0.1090761498167014, -0.25797111106321013, -0.9348233058016898, 0.24404158003670873
0.00967591675955837, 0.020915926377908362, 0.03704509501319065, -0.17374707750293975, -0.1973243303630209, -0.9648186677847671, 0.9500976778245106, -0.2913411685507544, -0.11151110303442174, -0.2590875443776871, -0.9360467040454051, 0.2380970646481677
0.009667767028792122, 0.020906787813120872, 0.03699843815072422, -0.1767795473466103, -0.19409280326550507, -0.9649233002474681, 0.9494270716011327, -0.29209669067014343, -0.11518575871368844, -0.2594941759477948, -0.936486789559836, 0.2359136825813341
0.009659396560103376, 0.020897696673456506, 0.036951817958186556, -0.18192552273315016, -0.19351659487948308, -0.964082170608149, 0.9485074916550975, -0.29307959779849285, -0.12015776141568521, -0.25930029396902954, -0.9362989249489309, 0.2368705990346864
0.00965073999473082, 0.02088859370221186, 0.03690525679235044, -0.18134611567101364, -0.19579394541238224, -0.9637314549556264, 0.9487300217446386, -0.29281789761183574, -0.11903371236167465, -0.2588917383221272, -0.9359072655867341, 0.23885698241941702
0.009641731973913133, 0.02087941964268352, 0.03685877700998866, -0.16855745040379294, -0.2022542982300094, -0.9647183966116015, 0.9512232772326172, -0.28993460004390514, -0.1054144418389635, -0.25838471851913447, -0.9354309843835981, 0.2412596333639768
0.009632307138889006, 0.02087011523816809, 0.036812400967874, -0.15536776277948777, -0.21092383090520825, -0.9650761606449348, 0.9536978275083976, -0.28670966658052977, -0.09087365347032267, -0.25752924512501424, -0.9345098740225021, 0.2457030387679155
0.009622400130897124, 0.020860621231962174, 0.036766151022779275, -0.14273244181519942, -0.2212926611103439, -0.9647056588370223, 0.9559730463673447, -0.28332134025543343, -0.07644967478677503, -0.2564039482391202, -0.9331444562845387, 0.2519889660934048
0.009611945591176169, 0.020850878367362345, 0.036720049531477235, -0.13030956581153524, -0.23301392134338997, -0.9637032372666317, 0.9580847273925024, -0.2797138563534916, -0.06191779793478277, -0.25513343997846205, -0.9313778347287608, 0.2596964704818334
0.009604372694750209, 0.020840179943242765, 0.036673748689373, -0.1177530033546912, -0.24573488845023025, -0.9621583002808337, 0.9600494312789101, -0.27584778417379596, -0.04704348485654858, -0.2538490096533597, -0.9292590406150267, 0.2683995449572311
0.009602726599578379, 0.020827723234182045, 0.03662699127007214, -0.10471625995493125, -0.25909816705914107, -0.9601576145235972, 0.9618669020649023, -0.2716878212156782, -0.03158782226025192, -0.252678783464538, -0.9268515887830538, 0.27766808379288044
0.009601160952430254, 0.020814358287225575, 0.036580465770223475, -0.0908556128829723, -0.2727423034007871, -0.9577874991579775, 0.963532556565525, -0.2671518984848592, -0.015325650858576394, -0.2516947954288347, -0.9242518591117729, 0.28706833834902185
0.009599140117845899, 0.02080027100933093, 0.03653421310678612, -0.07583300334230739, -0.2863020117892452, -0.9551337674114116, 0.9650363752045781, -0.2621087552843753, 0.00194805936366103, -0.2509066562211822, -0.9215911015459657, 0.2961683497863996
0.009596769144108975, 0.020785564419935256, 0.036488196790760895, -0.05931912702715762, -0.2994081082588538, -0.9522793843602781, 0.9663468035291906, -0.2564302955009609, 0.02042936264805825, -0.25031000075436843, -0.9190202871852963, 0.30454328963909827
0.009594153079503134, 0.020770341538475692, 0.036442380333148616, -0.0482245841307162, -0.31063502704004703, -0.949305150866279, 0.9670868355364538, -0.2522433079012445, 0.03341206595117913, -0.24983482947240854, -0.916449231324282, 0.3125753739302336
0.009591396972312032, 0.020754705384389366, 0.03639672724495006, -0.048717819730222385, -0.3183722713544327, -0.9467130879381319, 0.967157653677377, -0.25177007879473845, 0.03489842914748548, -0.2494647209005803, -0.9139206334558329, 0.3201818682712763
0.009588605870819326, 0.02073875897711343, 0.03635120103716604, -0.048366029056652125, -0.32385709598264295, -0.94486893726854, 0.9672180791048705, -0.2512927742961253, 0.036621428689241745, -0.24929884613847628, -0.9121230854266577, 0.32539447190414666
0.00958588482330867, 0.02072260533608502, 0.03630576522079735, -0.04583995000631647, -0.3272314429377662, -0.9438317020191078, 0.9673416433471093, -0.2503305360607818, 0.039809141689260585, -0.24929669879469407, -0.9111828606094329, 0.32801974102434517
0.009583338878063724, 0.020706347480741263, 0.036260383306844786, -0.04113654646295875, -0.3284940672325541, -0.943609788174177, 0.9675253878981708, -0.2488355177791181, 0.04444669688618592, -0.24940410645696098, -0.9111380427161476, 0.32806258366017976
0.00958107308336814, 0.020690088430519303, 0.03621501880630915, -0.03425295703571934, -0.3276353459380176, -0.9441831469722306, 0.9677531097921656, -0.24678134529702, 0.05052609326858359, -0.24956092126352997, -0.912005508593818, 0.32552311572702436
0.009579192487505573, 0.020673931204856277, 0.036169635230191254, -0.025187680549336032, -0.3246375503182903, -0.9455030627511918, 0.9679865431174836, -0.24419534574806756, 0.058057604656460565, -0.24973512586740526, -0.9137719048199727, 0.32039549445906695
0.00957780213875968, 0.020657978823189326, 0.036124196089491876, -0.014077132447904078, -0.31948547229406854, -0.9474866053591893, 0.9681697862298076, -0.24117725427347006, 0.066938755985143, -0.24989817801211103, -0.9163855984323117, 0.312711265566307
0.009577007085414119, 0.020642334304955587, 0.036078664895211825, -0.00502101828949311, -0.3124636267179598, -0.9499164549335884, 0.9682334270246847, -0.23900194509243436, 0.07349898661932369, -0.24999764032360608, -0.919371824791413, 0.3037377612552256
0.009576912375752544, 0.020627100669592197, 0.03603300515835191, -0.0019831938773882244, -0.304264980318675, -0.9525853708165589, 0.9682380289464882, -0.23875284323429993, 0.0742441859633285, -0.25002237148676154, -0.9221821412276505, 0.29507441799810724
0.00957762305805861, 0.02061238093653629, 0.035987180389912915, -0.004010907563684143, -0.2956018340367534, -0.9553028149935618, 0.9682344391086103, -0.23998896584043045, 0.07019520780562832, -0.2500119668026918, -0.924675538764246, 0.2871744495363426
0.009579244180615974, 0.02059827812522501, 0.03594115410089565, -0.009909959744860263, -0.28715670945055255, -0.9578323532411015, 0.9681930202875906, -0.24224486958259822, 0.06260749657431722, -0.2500081361961015, -0.9267461612428946, 0.2804237587247391
0.009581815695939598, 0.020584890582623507, 0.03589489246789779, -0.0185056031884973, -0.2796063621896644, -0.9599363650126461, 0.9680582747537645, -0.2451168173092495, 0.05273445318716148, -0.2500414352290332, -0.9282984585224981, 0.2752112871474551
0.009583461328877909, 0.020572171666895886, 0.03584844244215331, -0.028635396354165236, -0.2736404461327334, -0.961405700168206, 0.9677912061246311, -0.24825412740462524, 0.041833832891570076, -0.25012036187298226, -0.9292420537550197, 0.27193567274206915
0.009582383359525904, 0.020559901999212576, 0.035801903039471776, -0.03918424326319609, -0.2699455297470476, -0.9620779625630537, 0.9674011314251798, -0.25132983492497646, 0.03111856349296981, -0.2501992126230069, -0.9294959521408203, 0.27099378029146265
0.009579142631235512, 0.020547849059467427, 0.0357553332346875, -0.04982897120433274, -0.26885166614860045, -0.9618918105680281, 0.9669160381177657, -0.2542315211793167, 0.020969236263965838, -0.2501808323180678, -0.9290237431023882, 0.2726250830218429
0.009574412786398725, 0.02053578016703798, 0.03570878994263144, -0.06087210355202896, -0.2703894812838949, -0.9608247058752066, 0.9663387518162883, -0.25703298876663183, 0.011111229627296711, -0.24996800544727535, -0.9278057830692363, 0.2769339725566226
0.009568867467407538, 0.02052346264130179, 0.035662330078134595, -0.07249192556309547, -0.2745559803418111, -0.9588346752108527, 0.9656600895661884, -0.2598050649645162, 0.0013855099438537751, -0.24949050512429455, -0.9258079400595626, 0.2839615219981289
0.009563180316653937, 0.020510663801636395, 0.035616010556027915, -0.0809429297799862, -0.28110455187029, -0.9562575348913261, 0.9651664753594005, -0.26159252614627193, -0.0047984483662858735, -0.2488009585209513, -0.9233361149560954, 0.29248675501095844
0.0095579994809604, 0.020497162352765583, 0.035569885373036916, -0.08263551847519944, -0.2894664763728934, -0.9536144557118439, 0.9652203350583357, -0.26140250910182306, -0.00429336990551089, -0.24803442478053167, -0.920802849306806, 0.30100006118314715
0.009553582257001278, 0.02048291153814103, 0.03552396379097964, -0.07883783982424505, -0.29894113177007425, -0.9510093557625361, 0.965732779492004, -0.25953396085073405, 0.0015237387498812686, -0.2472747330935673, -0.9183007801919569, 0.30915834692330124
0.009549880203586837, 0.02046800113205139, 0.035478220078326524, -0.07106468832555028, -0.30880312888965133, -0.9484674151815411, 0.9665095892282669, -0.25639206732859043, 0.01105991594807147, -0.24659485802222084, -0.9159168823637509, 0.3166816076093903
0.009546836728926105, 0.02045252454853209, 0.03543262757066777, -0.0608280869826579, -0.31833411691103636, -0.9460250175574115, 0.9673457935918924, -0.2524376404395078, 0.022745401939853784, -0.24605296066924687, -0.9137497620792054, 0.3232944677010321
0.009544395241228113, 0.020436575201618564, 0.03538715960359354, -0.049634152033342996, -0.32683819983351486, -0.9437760550477632, 0.968077611018105, -0.2481895850797127, 0.03503810644767698, -0.24568717914740623, -0.9119093820043457, 0.32872342328322585
0.009542499148701892, 0.02042024650534625, 0.03534178951269403, -0.038936232863598125, -0.3336688030211635, -0.9418859270956413, 0.9686152106924558, -0.24418397267539219, 0.046462469840429246, -0.24549652418232146, -0.9105159621768789, 0.3327042819614914
0.009541091859556473, 0.020403631873750595, 0.035296490633559434, -0.029387938489123334, -0.3385546183931107, -0.9404877029690791, 0.9689665784028609, -0.2406805309984152, 0.05636179500843816, -0.24543862574911027, -0.9096447946110703, 0.33512121482736973
0.00954011678200088, 0.020386824720867017, 0.03525123630177993, -0.021011546083360293, -0.34150666444382966, -0.939644460991303, 0.9691786219935442, -0.23770583829583983, 0.06472042267141559, -0.2454614299678902, -0.9093234477239227, 0.3359755256229194
0.009539517324244153, 0.02036991846073096, 0.03520599985294571, -0.013809431006701607, -0.34253994449533715, -0.9394017702987377, 0.9692933292628907, -0.23527119018911774, 0.07153956187632982, -0.24551933011828703, -0.9095679488043361, 0.3352706444741924
0.009539236894495312, 0.020353006507377862, 0.035160754622646936, -0.007782075106235965, -0.3416647342721454, -0.939789683206719, 0.969345757691846, -0.2333825615076803, 0.07682045319402045, -0.24557736327247626, -0.9103833200025461, 0.3330074613417545
0.009539218900963396, 0.02033618227484316, 0.035115473946473824, -0.002929023403862266, -0.33888588264488473, -0.9408229266795622, 0.9693637653648172, -0.23204169495494248, 0.08056390134657816, -0.24561211537634578, -0.9117636811950973, 0.32918335078482
0.009539406751857427, 0.020319539177162282, 0.03507013116001654, 0.0007504432416388276, -0.33420258390054813, -0.9425009653836637, 0.9693679244104151, -0.23124657786080677, 0.08276984566803111, -0.24561201916678455, -0.9136923186400677, 0.3237917276567642
0.009539743855386442, 0.02030317062837067, 0.035024699598865276, 0.0032654520083375163, -0.3275681403655805, -0.9448219145641239, 0.969371794704281, -0.23099132384700413, 0.08343459677621547, -0.24557618055296498, -0.9161561666685674, 0.31678102503176186
0.009540173619759465, 0.020287170042503758, 0.034979152598610216, 0.0046555431130471826, -0.3187848696998414, -0.9478156639182419, 0.9693822901972371, -0.2312667626762082, 0.08254489646989578, -0.2455123242737154, -0.9191800102981579, 0.30794773468560616
0.00954063945318553, 0.020271630833596985, 0.034933463494841555, 0.005035351476792229, -0.30785316298307436, -0.9514205564716488, 0.9694007249966655, -0.23201224235769607, 0.0802032030039511, -0.2454320264583342, -0.9227116285370367, 0.2972648162011192
0.009541084763873664, 0.020256646415685788, 0.03488760562314946, 0.004816586094584928, -0.29580502487563143, -0.9552361947480427, 0.9694227282233531, -0.23299091810323835, 0.07703769262770661, -0.24534949460389027, -0.9263987366894113, 0.28563789342081086
0.009541452960205267, 0.02024231020364337, 0.03484155231889761, 0.004491680054256459, -0.2839696790545068, -0.9588227397115541, 0.969443304963488, -0.23394281140492343, 0.07382709159536328, -0.2452743428729551, -0.9298558933348979, 0.27424170791219793
0.00954169155834069, 0.020228735578094757, 0.03479527151893338, 0.004554379188717911, -0.27370020980497856, -0.96180426947634, 0.9694600553301579, -0.23463751334777722, 0.07136132320255051, -0.24520697124970278, -0.9327558268285877, 0.2642727923337267
0.009541762825830719, 0.020216107618410868, 0.03474871177356416, 0.005500017694642645, -0.2663694291434039, -0.9638553195491405, 0.9694667655196157, -0.2348865831303142, 0.07044489774497806, -0.24516104983927006, -0.9348131472562756, 0.2569444285415114
0.009541665319173593, 0.020204511930207343, 0.03470185133330236, 0.007823056811619903, -0.26335303935122933, -0.9646678062662775, 0.969451224486482, -0.234514428205092, 0.07188397808482248, -0.24515938310369167, -0.935760738451934, 0.253473306776293
0.009541541320215426, 0.020193530487146436, 0.034654816843545044, 0.01118756363770835, -0.26521538598336525, -0.9641242852752683, 0.969405028573629, -0.2335673574460075, 0.07549953716315405, -0.24521160045155646, -0.9354715861924314, 0.2544880791522517
0.00954157225420428, 0.020182608099416688, 0.034607775364833206, 0.01207912469116211, -0.2693938654075422, -0.962954329149352, 0.9693730343328784, -0.23308825232806013, 0.07736786758673642, -0.24529577056069185, -0.9343964960911582, 0.25832764667685654
0.009541939547226902, 0.020171189574267744, 0.03456089395857377, 0.00938466862615041, -0.27474041229158985, -0.9614726381174997, 0.969376686941866, -0.23346578675612176, 0.07617457074350123, -0.24539919887479042, -0.9327440336277646, 0.26413595159201403
0.009542824625370032, 0.020158719718949267, 0.034514339686173665, 0.003890192851648811, -0.2815414510089707, -0.9595411808585081, 0.9693868621721128, -0.23451647256226196, 0.07274019208841134, -0.24550759224040739, -0.930449587812643, 0.2720102694598142
0.009544408914720413, 0.02014464334071091, 0.034468279609039795, -0.003665189042179672, -0.28988764380503107, -0.957053666394133, 0.9693684832483586, -0.23606981398706783, 0.06779223118387563, -0.24558361116748392, -0.9274891896368813, 0.28187318608313827
0.009546475355576813, 0.020128785292035323, 0.034422770408416375, -0.012840095828823278, -0.29882866748619685, -0.9542203935294669, 0.969293659065044, -0.23808692519741223, 0.06151762793167538, -0.24557063023782966, -0.9241298845608586, 0.29270979147635173
0.009547271234270582, 0.020112479741599295, 0.03437742923794738, -0.023277390331689924, -0.3071468843195798, -0.951377398592231, 0.9691377686384719, -0.24054469844569473, 0.05394657957751742, -0.24541831328935051, -0.9207600336148635, 0.3032668989516756
0.009546211995230902, 0.02009638938136281, 0.034332056770463616, -0.03462558586998609, -0.3136400023958131, -0.9489104371331968, 0.9688685289181523, -0.24343201161802552, 0.045106866346232906, -0.24514249422557416, -0.9178076076263237, 0.3123049037529006
0.009543638513586925, 0.020080546973150256, 0.03428663006815145, -0.04653094908334814, -0.3171166526041016, -0.9472443715423029, 0.9684423246754212, -0.24676257863824755, 0.035038458314665094, -0.24485574233549987, -0.9157211684923376, 0.31859128522349617
0.00953990247956575, 0.020064977917058833, 0.03424112825458557, -0.057950287597367554, -0.31693269648199485, -0.9466759900134968, 0.967865429772142, -0.25026857806077085, 0.024538718129249435, -0.24470037600986497, -0.9148329381565202, 0.3212513365645957
0.009535355583394472, 0.02004970761318574, 0.034195530453340645, -0.06567754105844079, -0.3143151925214647, -0.9470440435115525, 0.9673629689878626, -0.2528353924565496, 0.016827077949844643, -0.24473525866026016, -0.9150301765906615, 0.3206624847046478
0.009530349515300192, 0.020034761461628175, 0.03414981578799136, -0.06350120058658587, -0.313569988720686, -0.9474394227061543, 0.9674751232472729, -0.2522776625830691, 0.018651189219384644, -0.2448662561925108, -0.9154396993441631, 0.31939109793939413
0.009525235965510003, 0.020020164862483324, 0.034103963382112384, -0.051428540921387815, -0.31445259038804013, -0.9478790395282242, 0.9681344412454015, -0.24863308420166724, 0.029954851273554774, -0.24509346962567422, -0.916133810007369, 0.31721921963877064
0.0095203695570098, 0.02000594097185228, 0.03405795326334278, -0.033753228585130864, -0.3135934659588436, -0.9489572475449036, 0.9688221385325337, -0.24345114643500576, 0.04599133819241769, -0.24544731298045996, -0.9178184337914558, 0.3120335545150091
0.009516438546151355, 0.019991857666751357, 0.034011868306523786, -0.013284767654672725, -0.3106783436841555, -0.9504222649507066, 0.9692296938144982, -0.23765539978003583, 0.06413822248585867, -0.24579934006545973, -0.9203254194691469, 0.30427587269174555
0.009514768038812422, 0.019977195539708198, 0.03396598770436734, 0.00786528018648114, -0.30689701643769196, -0.9517102283096632, 0.9692446473670363, -0.2317702181628768, 0.0827488943919014, -0.24597347604556413, -0.923090887873115, 0.29563535277041336
0.009516615927367, 0.01996128912583752, 0.03392057595943472, 0.027862130197975187, -0.3034578514903319, -0.9524374174032134, 0.9689040359239445, -0.22615272505044526, 0.1003987755032374, -0.24586311409221767, -0.9256177814417405, 0.2877204403718091
0.009521405708087197, 0.019944909761368923, 0.03387541174858218, 0.047236180345884345, -0.3011498135856927, -0.952406180704238, 0.9682464446400398, -0.22052910026964173, 0.11775286992759258, -0.24549453294982623, -0.927726094120223, 0.28117028395650534
0.00952736440237831, 0.019929651561118873, 0.03382998659908754, 0.06732042999379372, -0.30033799396028193, -0.9514541760323323, 0.9671893710490479, -0.21449897946634533, 0.13614297021015634, -0.24497485633264054, -0.9294015693938815, 0.27604355194967356
0.009533474263380215, 0.019915628473336344, 0.033784223037521224, 0.08148301072753779, -0.2972376771412161, -0.9513202837375382, 0.9662654440323093, -0.2104196038450249, 0.14850818828181483, -0.24431866615512648, -0.9313288106814891, 0.27006487324860096
0.009539083830381052, 0.019902251632669683, 0.033738248708601704, 0.07749795988331133, -0.2855499161822971, -0.9552252674538126, 0.9668099167058002, -0.21243975163884551, 0.14194342845989472, -0.24345975267638859, -0.9345215873867809, 0.259608843329427
0.009543686506980798, 0.019888955184224233, 0.03369218537652324, 0.05776809058084338, -0.26880644603820547, -0.9614603175789175, 0.9683906728461521, -0.21899818171046911, 0.11941231574709998, -0.2426568615457231, -0.9379674253276697, 0.24765854834623036
0.00954791122910815, 0.0198753881422698, 0.033646098737381114, 0.03129478845122988, -0.25491846936337564, -0.9664560053066185, 0.9697117491614625, -0.2265993211383246, 0.09116946417450998, -0.24223905497258197, -0.9400368724880339, 0.2401060570017055
0.009552768586829342, 0.01986138711414468, 0.03360001327090257, 0.0030933459762228686, -0.2463306531798839, -0.9691809121699845, 0.9702273967182357, -0.23397532561510193, 0.06256473176369015, -0.24217603074628763, -0.9405194077249437, 0.2382729817345944
0.009555702240169387, 0.019848679957529307, 0.03355363198018569, -0.025247148473489866, -0.24089622320937612, -0.9702224441525851, 0.9698856223691943, -0.24108764512725778, 0.034621191321418145, -0.24224875854269795, -0.9401307127258698, 0.23972855894546602
0.009552081593286773, 0.019839827220660213, 0.03350654010835075, -0.052421763999890195, -0.2370433722050339, -0.9700837068793629, 0.9687906279437704, -0.2477452646122371, 0.008185540332064202, -0.2422739727404804, -0.9393789030821793, 0.24263264120201672
0.009544316697354893, 0.019832325267524795, 0.033459302991967546, -0.07736696525748789, -0.23360117840320047, -0.9692496283906858, 0.9671477598541942, -0.2537075622147534, -0.01605252266968681, -0.24215607218457363, -0.9386495418012429, 0.24555544054338616
0.009536366322713073, 0.01982284514841728, 0.03341261764115716, -0.10136342535805637, -0.2298205739966655, -0.9679400600076045, 0.9649859507047239, -0.25931268345387676, -0.03948477101933927, -0.24192472164328696, -0.9380508706716245, 0.24805844692335194
0.009528825972437085, 0.01981181171035931, 0.03336632355207638, -0.12642842014998978, -0.2253008914704665, -0.9660514286936234, 0.9620950886849163, -0.2650764349202868, -0.06408996784453827, -0.24163794177806733, -0.9375361283452301, 0.2502740760460326
0.009521384830417772, 0.01980039965420399, 0.033320104937725935, -0.1474894581005483, -0.22364496566965483, -0.9634468273235557, 0.9592291962648608, -0.2697902574242386, -0.0842173736946965, -0.24109377590944922, -0.9365875006263867, 0.2543179995362938
0.009513988571454716, 0.019788795888162448, 0.033273914584764405, -0.1551373607413264, -0.23046543502934663, -0.9606342085096437, 0.9583289228575693, -0.2712197534590987, -0.0896968279719899, -0.23987095471704487, -0.9345188754596239, 0.26293800884013274
0.009506625419604845, 0.019777023532723745, 0.03322774981117699, -0.15434654989304464, -0.2403384721433627, -0.9583394812611593, 0.9588229569552176, -0.27048197091900233, -0.08659122717357033, -0.23840234846109798, -0.9322429523549997, 0.27219000355021716
0.009499283598925073, 0.019765105708376952, 0.03318160793494884, -0.15322776601409677, -0.24616967585894553, -0.9570380046841562, 0.9592423995763523, -0.2697501470804268, -0.0841954690294531, -0.237434771205337, -0.9309325157268865, 0.2774696029929756
0.009491951333472321, 0.019753065535611142, 0.03313548627406514, -0.15303789463874365, -0.24876702077664176, -0.9563965559214728, 0.9593990721161018, -0.2694282194846367, -0.08343773108193452, -0.23692366540154577, -0.9303351030243094, 0.27989957637239127
0.009484616847303513, 0.01974092613491538, 0.033089382146511075, -0.15318146474776517, -0.2505460851901304, -0.9559090427721819, 0.9594603665658107, -0.2692932730084678, -0.08316813152756959, -0.23658242505970187, -0.9298966567894987, 0.28163977674430823
0.009477268364475565, 0.01972871062677873, 0.03304329287027178, -0.15357331822358233, -0.2518519078526668, -0.9555029316756543, 0.9594534370557022, -0.26930007618108515, -0.083226024120232, -0.23635637933383144, -0.9295418685997062, 0.28299748491527
0.009469894109045397, 0.019716442131690257, 0.032997215763332456, -0.15421365176951288, -0.2526851715180323, -0.9551797494203979, 0.95938819580304, -0.26940951874395347, -0.08362296911697811, -0.23620423231114873, -0.9292839799033737, 0.28396979651583887
0.009462482305069938, 0.019704143770139043, 0.03295114814367828, -0.15510256487526697, -0.25304627697219984, -0.9549401950277422, 0.9592679457862917, -0.2696068251327021, -0.08436330973126203, -0.23611057273248454, -0.9291284849537084, 0.2845558923859508
0.009455021176606095, 0.019691838662614144, 0.032905087329294404, -0.15624005913627742, -0.2529353360457308, -0.954784142987579, 0.9590916227731736, -0.26989281165373247, -0.08544664618323716, -0.2360769007069793, -0.9290756621487165, 0.2847562307580134
0.009447498947710797, 0.019679549929604627, 0.03285903063816602, -0.15762603422065172, -0.2523521706659824, -0.9547106448008407, 0.9588579301395275, -0.2702676327336204, -0.08687276043217504, -0.23610485624910627, -0.929125281464632, 0.28457109515700485
0.009439903842440969, 0.01966730069159957, 0.03281297538827829, -0.1592602804844943, -0.2512963179400683, -0.9547179288406415, 0.9585654981780241, -0.27073015410676865, -0.08864180368224626, -0.23619557312260706, -0.9292767855957069, 0.2840005404751791
0.00943222408485352, 0.01965511406908803, 0.0327669188976164, -0.16114246824358056, -0.24976704128982796, -0.954803398618633, 0.9582126583507231, -0.27127884312603506, -0.0907540117495662, -0.23635060039019784, -0.9295290282489974, 0.28304448296631324
0.009424447899005376, 0.019643013182559073, 0.0327208584841655, -0.16327213371836097, -0.24776334768971736, -0.9549636296177136, 0.9577973992043213, -0.27191194541154035, -0.09320963480214652, -0.23657208717110242, -0.9298802167398206, 0.28170273354622
0.009416563508953462, 0.01963102115250178, 0.03267479146591079, -0.16564866164178674, -0.24528401115060977, -0.9551943649175033, 0.957317369509289, -0.27262747697987166, -0.09600892058243721, -0.23686277658614924, -0.9303279059930736, 0.2799750210258816
0.009408559138754692, 0.019619161099405213, 0.03262871516083743, -0.16824873893226663, -0.24236640118519087, -0.9554846358912534, 0.9567752210248875, -0.2734154621554929, -0.09912195259918823, -0.2372204423747656, -0.9308611672160556, 0.2778919737752122
0.00940042301246599, 0.019607456143758438, 0.032582626886930595, -0.1709622122992372, -0.23919775781143274, -0.9558014200783204, 0.9561945106401722, -0.2742367924922738, -0.10240234111167058, -0.23762150531328588, -0.9314390019220437, 0.2756037117150554
0.009392143354144275, 0.01959592940605052, 0.032536523962175455, -0.17365850375503106, -0.23600234401888576, -0.9561096263981215, 0.9556054588404858, -0.27504712531592945, -0.10567537977082501, -0.23803556689668998, -0.9320150065707284, 0.2732894004880843
0.009383708387846464, 0.01958460400677053, 0.03249040370455718, -0.1762077197038742, -0.23300546671638658, -0.9563782159778839, 0.9550402687252048, -0.27580430393102673, -0.1087661300516406, -0.2384301252569597, -0.9325451401478647, 0.2711284510274601
0.009375106337647928, 0.019573503066374898, 0.03244426343206429, -0.1784812195401439, -0.2304323759393351, -0.9565800407652336, 0.9545328629309962, -0.27646826049308304, -0.11150028934798734, -0.23877074330038653, -0.9329877925561951, 0.2692996678143128
0.009366336124853441, 0.019562630773580923, 0.03239810239052754, -0.18038546508568593, -0.22845069252331018, -0.9566981577652592, 0.9541099911602214, -0.27701102940215805, -0.1137497883857323, -0.2390297235786021, -0.9333140793297703, 0.2679358515965348
0.009357437930077648, 0.019551918297218248, 0.0323519272614828, -0.1818811678821713, -0.2271369359585203, -0.9567277842172205, 0.9537853361104126, -0.2774215840120163, -0.11545907216416999, -0.23919191748586457, -0.9335127621236031, 0.26709764050211404
0.009348461879935589, 0.01954127920388719, 0.032305746518922596, -0.18293356602684321, -0.22655943122955136, -0.9566640656686363, 0.9535710737311464, -0.2776896510147612, -0.1165790078124222, -0.23924363683059838, -0.933573393922643, 0.266839278210361
0.009339458101042319, 0.019530627060188075, 0.03225956863683944, -0.18350754718824794, -0.22678615334098354, -0.956500402915625, 0.9534787312754693, -0.27780415845571443, -0.11706049098664144, -0.23917209103545967, -0.933484274210076, 0.26721493347530856
0.00933047645583081, 0.019519875893961206, 0.03221340205992365, -0.18356750313021244, -0.2278845895512, -0.9562277896189906, 0.9535189132646865, -0.2777529883045684, -0.11685443737579403, -0.2389658005679276, -0.9332319600897536, 0.2682786887286542
0.009321550488142817, 0.01950896822395202, 0.03216725342286306, -0.18309958422331948, -0.22988254834941382, -0.9558391895196738, 0.9536952901714257, -0.27752968996845434, -0.1159420747220514, -0.2386206943290704, -0.9328082788817824, 0.2700534744962918
0.009312688175366703, 0.019497891205810542, 0.03212112652460154, -0.18217577063971616, -0.2326567142313063, -0.9553443577657837, 0.9539881235943956, -0.2771541544942708, -0.11442130346841098, -0.23815677322442427, -0.9322319603884316, 0.27244251393215413
0.009303895263449422, 0.01948663589109818, 0.03207502491657911, -0.1808887517342222, -0.236047275193792, -0.9547570074996157, 0.954371700166907, -0.27665291578935364, -0.11241806841329507, -0.23760033126357888, -0.9315282325613299, 0.27532023994723415
0.009295177498337925, 0.019475193331376338, 0.03202895215023576, -0.17933136825658821, -0.23989462171760023, -0.9540916260140792, 0.9548202826342372, -0.276053329766025, -0.11005810735863857, -0.23697782223131197, -0.9307229069900772, 0.27856127184956087
0.009286540625979167, 0.019463554578206414, 0.03198291177701152, -0.1775962260229055, -0.2440406188772096, -0.9533644407258169, 0.9553087205526191, -0.27538388317862034, -0.10746611243355708, -0.23631510518487603, -0.9298429400836964, 0.2820412697425121
0.00927799039232011, 0.019451710683149822, 0.031936907348346366, -0.17574160822843882, -0.24838577145576385, -0.9525856369248945, 0.9558211424206972, -0.2746626255031869, -0.10472051304920886, -0.2356285866334459, -0.9289052431168754, 0.2856820233600699
0.009269532543307705, 0.019439652697767967, 0.03189094241568034, -0.17377156509530675, -0.2529216176929149, -0.9517531709786559, 0.9563554637149969, -0.2738892850768828, -0.1018277297328544, -0.23492056143896983, -0.9279091091392913, 0.2894771407028994
0.00926117282488891, 0.01942737167362225, 0.03184502053045344, -0.17168539074979344, -0.25764755477692236, -0.9508637463488464, 0.9569107998376112, -0.2730616202632718, -0.09878801897669501, -0.23419190369701906, -0.9268522476946741, 0.29342641869146113
0.009252916983010683, 0.019414858662274073, 0.03179914524410567, -0.16948236807543637, -0.2625628932337681, -0.9499139192622957, 0.9574862333745049, -0.272177192913654, -0.09560171837339997, -0.23344344028017916, -0.9257323062064737, 0.29752959085744374
0.009244770763619977, 0.019402104715284852, 0.03175332010807703, -0.16716177436413965, -0.26766684607472757, -0.9489001004867902, 0.9580803452531198, -0.27123522620997437, -0.09226865178643615, -0.2326778743909593, -0.9245463274359117, 0.3017865059834068
0.00923673991266375, 0.019389100884215978, 0.031707548673807526, -0.16472288732522958, -0.27295851753363326, -0.9478185575821361, 0.9586912955203263, -0.2702362970925947, -0.08878819531469999, -0.23189948314905354, -0.9232908487792588, 0.30619705791479734
0.009228830176088956, 0.01937583822062887, 0.0316618344927372, -0.16216499146096383, -0.27843689141710787, -0.9466654176859126, 0.9593177932295577, -0.26917847823591307, -0.08516054513546671, -0.2311101190723533, -0.921963038495891, 0.3107607898525599
0.00922104729984255, 0.019362307776084914, 0.031616181116306014, -0.15948746118666215, -0.2841006155753025, -0.945436719169489, 0.9599592569520677, -0.2680566259261092, -0.08138716292600387, -0.2303084338800185, -0.920560962417397, 0.31547668655051037
0.009213397029871496, 0.019348500602145532, 0.03157059209595402, -0.15715692596544983, -0.28869969246499433, -0.944433262963407, 0.9604954872085559, -0.26708709843352574, -0.07818504270229011, -0.2296739420854898, -0.9194112080135732, 0.31926933912596944
0.009205885112122737, 0.01933440775037212, 0.031525070983121184, -0.15574786023663414, -0.2906429090129539, -0.9440706030124005, 0.9607828142140938, -0.2665576550600496, -0.07644213785428551, -0.22943188083297367, -0.9189525101817697, 0.3207604964581343
0.009198517292543241, 0.019320020272326096, 0.03147962132924755, -0.1551375550811434, -0.29015040956060006, -0.9443225502100758, 0.9608557094623343, -0.2664232652616647, -0.07599308732343132, -0.2295400718765227, -0.9191470957138084, 0.32012493161856687
0.009191299317079956, 0.019305329219568845, 0.031434246685773104, -0.1551903764321799, -0.28746079606342084, -0.9451360948505896, 0.9607472832391999, -0.26662284707214673, -0.07666104074195211, -0.22995783268098283, -0.919933991189437, 0.3175544788582553
0.009184236894756876, 0.01929032574180184, 0.031388950580527784, -0.1557684780196005, -0.28280781966028484, -0.9464438273846225, 0.960487542834507, -0.26709072954329144, -0.07827018750305553, -0.230650951255763, -0.9212395341772021, 0.31323770423399466
0.009177110494029637, 0.01927560391169922, 0.03134359104218491, -0.15673294153304837, -0.2764216938921505, -0.948169727519389, 0.9601040600342902, -0.2677623358094085, -0.08064443829280304, -0.2315922687484844, -0.9229812450248834, 0.3073607691105779
0.009169650919715297, 0.01926192459241423, 0.03129798227579935, -0.15794444595903478, -0.2685311108135553, -0.950233968302508, 0.9596223238459526, -0.2685797430540753, -0.08360572466943103, -0.23276285693208731, -0.9250707887217308, 0.30010912729633477
0.009161924251169136, 0.019249174547120107, 0.031252146960836946, -0.1592636953802259, -0.2593654243206664, -0.9525569022377588, 0.9590676241746038, -0.26948969336443485, -0.08697469419563258, -0.23414603903101916, -0.9274183963224493, 0.2916689057283634
0.009154000821700748, 0.019237229349217712, 0.031206110456297072, -0.1605517676669895, -0.249156603409304, -0.95506236282064, 0.9584677194305091, -0.27043711388361935, -0.09057261310118632, -0.2357175443378874, -0.9299380379422261, 0.28222771812754144
0.009145950964619736, 0.01922596457210792, 0.031159898121179166, -0.16167041013617967, -0.2381408785368592, -0.9576803226839802, 0.9578537654954392, -0.27136423527616094, -0.09422110028646744, -0.23744229280523646, -0.932550467150533, 0.27197570443831026
0.009137845013235698, 0.019215255789191605, 0.03111353531448262, -0.16202919030383514, -0.22782514393012004, -0.9601261611281633, 0.9573816903831229, -0.27204544181063345, -0.09701328006624349, -0.23909588120383363, -0.9349261903397922, 0.26219492407002265
0.009129753300858225, 0.019204978573869623, 0.031067047395206868, -0.16094899566887164, -0.22008179527614868, -0.9621119603150191, 0.9572368854489564, -0.27225312179796773, -0.09785592883030897, -0.240401676219537, -0.9367188698106217, 0.25448927877525335
0.009121746160796924, 0.019195008499542858, 0.03102045972235131, -0.15842996418760863, -0.2149480574336631, -0.963689410055443, 0.9574201555546334, -0.2720116877216648, -0.09672790435315494, -0.2413433077283367, -0.9379802633042479, 0.24889040452865835
0.009113893926361383, 0.019185221139612157, 0.030973797654915345, -0.1544764717324973, -0.2124299876332939, -0.9648888640849772, 0.9579211943209461, -0.27133276805212175, -0.09362432617597721, -0.24191735190310606, -0.9387502486472599, 0.24540571613737255
0.00910626693086121, 0.019175492067478414, 0.0309270865518984, -0.14908840119674163, -0.21252746578476986, -0.965714618774979, 0.958720310453751, -0.2702141937542619, -0.08854183088912025, -0.24213222617417698, -0.9390507791279649, 0.24404020010461297
0.009098935507605998, 0.019165696856542486, 0.03088035177229988, -0.14240759070537223, -0.21512133876223113, -0.9661484811966722, 0.9597642843465061, -0.2686761167724079, -0.08164351026835265, -0.24201776092330568, -0.9389014612222334, 0.24472729621442896
0.009091969989905344, 0.019155711080205237, 0.030833618675119197, -0.13586430100904223, -0.21907123994296085, -0.9662032309722309, 0.9607914826831598, -0.26706145217176497, -0.07455137535554643, -0.2417035757179026, -0.9384487053610133, 0.24676589896381224
0.009085440711068846, 0.019145410311867547, 0.03078691261935576, -0.13014538345652082, -0.22372893295753254, -0.9659231562203274, 0.9616906037202009, -0.26555228058418856, -0.0680673856763422, -0.24127445343680853, -0.937777879262579, 0.24971841598998865
0.009079418004406103, 0.019134670124930274, 0.03074025896400898, -0.1254077373678801, -0.22883122785639762, -0.9653544263978916, 0.962445128535379, -0.2642072579137542, -0.06240111717119246, -0.2407743216515971, -0.936926247910383, 0.25337113491829505
0.009073972203226713, 0.01912336609279429, 0.03069368306807827, -0.12180780561401454, -0.23411665395274558, -0.964547692358169, 0.9630411793506463, -0.2630882580051566, -0.05776032699637931, -0.24023851765779564, -0.9359348058715322, 0.25751018191870106
0.009069102720927582, 0.019111427742700065, 0.030647205225256532, -0.11950190193813735, -0.23932516270809592, -0.963557347503464, 0.9634658558087777, -0.26225834044692764, -0.05435170242672004, -0.23969322085496528, -0.9348497362468297, 0.26192199318767806
0.009064182630037417, 0.01909927021809898, 0.03060079780794793, -0.11864643752816031, -0.24419748494098323, -0.9624399260267493, 0.9637050195944546, -0.2617800685646703, -0.052381589425370724, -0.23915613742977193, -0.933723076747477, 0.2663936145610425
0.009058948378779906, 0.019087076584245757, 0.03055444363125039, -0.11939803058012914, -0.24847410936419445, -0.9612516461724562, 0.9637398606638621, -0.2617167673020353, -0.052055880364970004, -0.2386411348891601, -0.9326118971408432, 0.2707128701228869
0.00905339407722701, 0.019074847365760855, 0.03050813920030103, -0.12191327722503167, -0.2518940105059564, -0.9600450824349228, 0.9635427764651696, -0.26213466131392, -0.05357926146960693, -0.23816479747864636, -0.9315765276181349, 0.2746683498929096
