0.0003044010081794113, 0.0012459225254133344, 0.007277987897396088, 0.18293951840612763, 0.5450775847270446, -0.8181830841770475, 0.9480306385900382, -0.31817905068461755, 0.0, -0.26032871700966553, -0.7756626317759334, -0.5749577730290586
0.00030589591639834765, 0.001250376680362827, 0.007271302034069304, 0.05211949533507578, 0.19708943999031744, -0.9789991373082615, 0.9488076745939878, -0.31558589571093587, -0.013020716565362857, -0.3115245653838012, -0.928203261722684, -0.20344815086356624
0.0003062683101434684, 0.0012517848842260818, 0.007264307086154548, -0.06973030740862624, -0.11689986429536794, -0.9906927404379338, 0.9477932361482746, -0.31754199533207617, -0.02924145536912886, -0.3111682273952139, -0.9410108941602369, 0.13293920163545514
0.0003057591479714286, 0.0012509312957216315, 0.0072570731689915345, -0.14654341533012033, -0.2971275702570457, -0.9435254286009085, 0.9454448466049784, -0.3226253584220866, -0.04524290144441693, -0.2909623162051624, -0.8986813034085912, 0.3281963519790593
0.000304609388438883, 0.0012486000735680086, 0.007249670397919977, -0.18813844509816255, -0.3672792160406732, -0.9108841325550654, 0.9421819322547332, -0.3293531543462502, -0.06180377217381266, -0.27730332130860436, -0.8698462376688904, 0.4080078317930838
0.0003030599901024868, 0.0012455753764837449, 0.007242168888279594, -0.20681638787199375, -0.3553830398066467, -0.9115535512109907, 0.9379569144213967, -0.3370626244929289, -0.0813978737992064, -0.2783232085124663, -0.8718323704633398, 0.4030440539390206
0.00030135149708213776, 0.0012426395866785584, 0.007234638620025986, -0.21023841739570184, -0.2910152862026106, -0.9333326904418185, 0.9333432531718477, -0.3438866779137168, -0.10301613714394324, -0.2909814076698764, -0.8927777192279612, 0.3439153448751262
0.00029965978902011994, 0.0012402978980759812, 0.007227128449161289, -0.2074326220134211, -0.23088191508073252, -0.9506130909120127, 0.9300894870221558, -0.3476915462674598, -0.11850795241251157, -0.3031587924759901, -0.9087376573812689, 0.28686341105429136
0.00029802647498902224, 0.0012384799454908586, 0.0072196433695028385, -0.19990118462324025, -0.18522421140526862, -0.9621494207738847, 0.9286158171784273, -0.34909106087075437, -0.1257302481751027, -0.3125894759461151, -0.9186007961728684, 0.2417858490447808
0.0002964764521509806, 0.0012370437270993692, 0.007212182915585975, -0.18801555208456247, -0.15602205565431115, -0.9696944211058144, 0.9289541585575243, -0.3488120900774038, -0.12399313333614567, -0.3188954742121927, -0.9241143024351675, 0.210519435116439
0.00029503461766813036, 0.0012358472410776895, 0.0072047466219460265, -0.17204496217660364, -0.14443972773730804, -0.9744422486945151, 0.9309731526868179, -0.34719020348702356, -0.11290682698139264, -0.32200857126172583, -0.9266046231558591, 0.1942018341318396
0.00029372586870260724, 0.0012347484856019982, 0.0071973340231183324, -0.15211140244781793, -0.15108837008903298, -0.9767468585407365, 0.9343952226790538, -0.3440750780455951, -0.09229251596136724, -0.3221299257751747, -0.9267063424255587, 0.19351399388241508
0.00029257510241654687, 0.0012336054588484718, 0.007189944653638226, -0.12823263079886416, -0.1761153062179243, -0.9759814502920479, 0.9387984701158378, -0.33880273277311845, -0.06221045550089808, -0.31970896907432006, -0.9242273027676869, 0.20878234578671115
0.000291607215972085, 0.0012322761589932895, 0.007182578048041047, -0.10122508329805023, -0.21653259378211698, -0.9710134491042293, 0.9434280100539928, -0.3306626698993793, -0.02461277271210203, -0.31574843207348835, -0.9185727159920455, 0.23775427036781255
0.0002908415431915564, 0.0012306382930834334, 0.007175233242353734, -0.07624659058122245, -0.2555514577407167, -0.9637841614549049, 0.9468186184639609, -0.3216006531703008, 0.010369359210313518, -0.3126035207011208, -0.9117381599598816, 0.2664818314974463
0.00029026187966539537, 0.0012286954670766524, 0.007167906088165876, -0.055412593590296336, -0.2869281251658735, -0.9563481037051276, 0.9488991997325406, -0.3131632176894172, 0.03897573390399377, -0.3106762836435071, -0.9053182037688227, 0.28961905445990876
0.00028983804048825397, 0.0012265008146954955, 0.007160591184331342, -0.03875310564652352, -0.31098127397609826, -0.9496256336256684, 0.9500785559710107, -0.3059084256927845, 0.06140661669723846, -0.3095947904710103, -0.8998392536038673, 0.30731154125227084
0.00028953980724836755, 0.0012241075883634475, 0.007153283126701623, -0.026215246379712318, -0.32807524566351265, -0.9442877707775722, 0.9506815756360503, -0.3002231170687027, 0.07791419462273039, -0.3090587364942264, -0.8956744459681643, 0.31976551445741375
0.00028933696153397154, 0.001221569040503994, 0.007145976511128213, -0.017717419462240043, -0.33853061419069425, -0.9407885608909531, 0.9509479318274134, -0.2963528596932353, 0.08873000340812966, -0.30884320293761386, -0.8930688695768725, 0.3271755953489241
0.00028919928493330126, 0.0012189384235406192, 0.0071386659334625995, -0.01318321072711649, -0.34257871374771637, -0.9393966296734754, 0.9510373180040312, -0.2944271139699771, 0.09402496648768016, -0.30879479062740633, -0.892161700279871, 0.3296866358151419
0.0002890965590345919, 0.0012162689898968075, 0.007131345989556276, -0.012561564366108708, -0.34033777843727436, -0.9402193380637609, 0.9510354949175458, -0.2944767854420551, 0.09388775342211877, -0.3088263177056237, -0.893002586448715, 0.3273723966498865
0.00028899856542607906, 0.0012136139919960444, 0.0071240112752607365, -0.015835445271163744, -0.3318050798216984, -0.9432150484791791, 0.9509585405140082, -0.29644210307690516, 0.08831723357764915, -0.3089127593618164, -0.8955598631737902, 0.3202271671417193
0.0002888750856959979, 0.0012110266822618148, 0.007116656386427469, -0.023020372519593938, -0.31686229241780406, -0.9481921482973761, 0.950754257311977, -0.30017051538909917, 0.07722696351789095, -0.30908963853906557, -0.8997199282747809, 0.30816821058151533
0.0002886959014325838, 0.001208560313117603, 0.007109275918907967, -0.034152993607732315, -0.2952944100591916, -0.9547956767892408, 0.9503009097420506, -0.3054055007556263, 0.06046206291250849, -0.3094539609878361, -0.9052782398224313, 0.2910490586360651
0.0002884307942240721, 0.001206268136986894, 0.0071018644685537195, -0.04808984803653514, -0.2694251097647806, -0.9618198774947723, 0.9494845313127644, -0.3112892949255707, 0.039725302547887004, -0.3101072255101501, -0.9113227118276912, 0.2707848289572738
0.00028805859281941714, 0.0012041828651800964, 0.007094420263091547, -0.05875952392197654, -0.25263189327230623, -0.9657766019375872, 0.948687047259534, -0.3152469322835257, 0.02474384868634669, -0.3107091963725073, -0.9147658160357088, 0.25819236453093347
0.00028760471155422744, 0.0012022314388292301, 0.007086960231479309, -0.0641999425393824, -0.249514619745815, -0.9662405610980329, 0.9483098336662762, -0.31678880752663424, 0.018796563454335696, -0.3107842125169485, -0.9150886874827787, 0.25695499078878736
0.0002871095165926127, 0.0012003068517087425, 0.007079507304909008, -0.06439273973230279, -0.2601962733475454, -0.9634061834998865, 0.9485244078358714, -0.31594373069088877, 0.021931866695124192, -0.31008873376725166, -0.9124020267257043, 0.26714699851851226
0.0002866133810327279, 0.0011983020818496885, 0.007072084417356245, -0.059525862354181544, -0.2837265175495252, -0.9570558682491895, 0.949320553386962, -0.3125083634262806, 0.033600739660016685, -0.30862138394489697, -0.9065526934645591, 0.28794974447651417
0.0002861548984778697, 0.0011961167517510983, 0.007064712942130803, -0.052541133527644765, -0.30900827357500277, -0.9496069271808345, 0.9502010215975005, -0.30797431419309873, 0.047642841564676894, -0.3071765743716415, -0.899814263423006, 0.30980129679815194
0.00028574996534176835, 0.0011937352331027778, 0.007057394346484507, -0.045515936100813094, -0.3285729378289603, -0.9433812188544528, 0.9508729289543594, -0.3037293845972658, 0.05990938085078182, -0.30621719831293687, -0.8943088311420236, 0.3262556390298305
0.00028539881976390657, 0.0011912003641314324, 0.007050116364933059, -0.03851334208337983, -0.3423919330622377, -0.9387675360042403, 0.951360618837887, -0.2999363895892317, 0.07036430291397254, -0.30566271510598286, -0.8903964995293281, 0.3372897540986948
0.00028510138927749685, 0.0011885561428386401, 0.00704286645958195, -0.031542004315835044, -0.35057301482034725, -0.9360040936040358, 0.9516943292283363, -0.2966956710600926, 0.07905430088760859, -0.30542266726352685, -0.8882962569176873, 0.34299672632207295
0.00028485760141575147, 0.0011858465672259775, 0.007035632092536667, -0.02460073891689493, -0.3531897508319418, -0.9352282093435876, 0.9519038211571136, -0.29407478884357013, 0.08601821803022715, -0.30540779117636935, -0.8881311944042279, 0.343437130512836
0.00028466738371188264, 0.0011831156352950217, 0.0070284007259026945, -0.01768230199035837, -0.350269174667021, -0.9364821629237825, 0.9520182062264102, -0.2921112532084112, 0.09128171099656276, -0.30553014779194915, -0.8899339981296902, 0.3386278307569156
0.00028453066369910274, 0.0011804073450473497, 0.0070211598217855215, -0.010777035150394002, -0.34178802168140354, -0.9397152780222741, 0.9520660526991311, -0.2908140898890627, 0.09485460674048167, -0.3057026117180919, -0.8936487639767141, 0.3285388863310232
0.0002844473689106241, 0.001177765694484538, 0.0070138968422906334, -0.003876440670725079, -0.3276772127958768, -0.94478178296475, 0.9520756266977014, -0.29016402000844466, 0.09673077349384805, -0.30583815042585116, -0.8991287370042538, 0.3130982913355323
0.000284417426879659, 0.001175234681608164, 0.0070065992495235195, 0.0030232281994415607, -0.30783488580679286, -0.9514349915635714, 0.9520751324968102, -0.29011233640913897, 0.0968905276299596, -0.30584931285264566, -0.9061305178303783, 0.2922048638952048
0.00028444076513941966, 0.0011728583044198046, 0.006999254505589664, 0.009896413068948723, -0.28222511824494695, -0.9592971612800667, 0.952092731138485, -0.29057775060521346, 0.09531003182496013, -0.30564929628845755, -0.914283081701089, 0.2658288061770783
0.0002845171497803563, 0.0011706799733244631, 0.006991850250259436, 0.015029956573197023, -0.25701768031687816, -0.9662898180204214, 0.9521439634737358, -0.291376829227114, 0.09231151721252723, -0.3052801553097307, -0.9214344552891889, 0.24033845173001853
0.00028463321080878765, 0.0011686952878626423, 0.006984388579329382, 0.01549922190639607, -0.2430939798710541, -0.9698789053643491, 0.9522124511523714, -0.29233726707118945, 0.08848937875101594, -0.30504298384111217, -0.9249022863155868, 0.2269461142595559
0.0002847529384875371, 0.0011668174466326958, 0.006976896503229781, 0.011025711171253798, -0.24163132253257458, -0.9703054867743081, 0.9522751788498498, -0.29348226813749356, 0.08390555425810092, -0.3050416650879923, -0.9249229493639085, 0.22686366015806475
0.00028483808250815324, 0.0011649514933179687, 0.00696940349809962, 0.0015956570295507606, -0.2526366004723301, -0.967559921648488, 0.9522984939678253, -0.29488125996177156, 0.07856602898180673, -0.30516394325879337, -0.921531220645911, 0.24011492479561036
0.0002848503925621847, 0.001163002471601807, 0.006961939040077881, -0.012795920409516643, -0.27594349346566316, -0.9610886810460515, 0.9522366148780269, -0.2966322282366723, 0.07248965758632865, -0.30509292634623586, -0.9142562603478919, 0.26655918049877403
0.00028475178127752756, 0.001160875923333877, 0.006954532445907687, -0.029787949640757105, -0.30409470960047874, -0.9521759740978557, 0.9520471907703769, -0.29882449320232607, 0.06565111429828514, -0.30449765943670776, -0.9045608491723338, 0.298413882958205
0.00028452224666493744, 0.001158532685138545, 0.006947195339931345, -0.04488709155850857, -0.32341896942015824, -0.9451906258689942, 0.9517132684770421, -0.3014677427581802, 0.05795735226037709, -0.3036889915952895, -0.8969489229022412, 0.3213341346454586
0.0002841760670268905, 0.0011560384031994836, 0.006939905811084902, -0.057600817154147645, -0.33260771106454196, -0.9413045502936765, 0.9512282679333804, -0.30450858570871053, 0.04938930566572041, -0.3030625812396435, -0.8925506326086421, 0.3339258002644861
0.0002837313439350319, 0.001153470413074538, 0.006932638208112067, -0.06795499993798301, -0.33182195945839743, -0.9408912292101667, 0.9505922737537584, -0.30786498824890723, 0.039918392880475655, -0.3029132665683174, -0.8916912785441439, 0.3363483561803471
0.00028320617896100664, 0.0011509060503215544, 0.006925366879756542, -0.07596524849050552, -0.32110704300194753, -0.9439912859535945, 0.9498116993860132, -0.3114280082509078, 0.02950137939700888, -0.30345842669339324, -0.8943728879004651, 0.32864893223218083
0.00028261867367645983, 0.0011484226504983783, 0.006918066174762032, -0.07537726170622241, -0.3034520240855982, -0.9498605884528663, 0.9494387100142823, -0.31298363227000564, 0.024645118329796458, -0.3047694281651088, -0.8999767302599703, 0.31170094745843346
0.00028203566417705237, 0.0011460755844382468, 0.00691071942676873, -0.0214786820888744, -0.300107267560868, -0.9536636168864128, 0.9517052891757746, -0.2983420713213515, 0.07245033495120018, -0.3062608508617785, -0.9060505705736492, 0.292021668361415
0.0002818702251220593, 0.0011437640151093478, 0.00690337385468446, 0.07342273061982547, -0.30931356434305063, -0.9481214170884055, 0.9489970265157437, -0.27061630467400133, 0.16177595405023873, -0.3066166112470188, -0.911642437887786, 0.2736682647831294
0.00028243549898014723, 0.0011413826426052325, 0.006896074367906334, 0.12987866887445118, -0.31081657643742405, -0.9415543463779027, 0.9432779320374531, -0.2538921452353536, 0.2139287767434202, -0.3055458628463928, -0.9159322215095991, 0.2602112436040078
0.0002834398512816864, 0.0011389790966911363, 0.0068887933241213615, 0.13714848061195348, -0.3041210243294764, -0.9427092323864357, 0.9426158368913261, -0.2524018197531879, 0.21856053035016224, -0.3044103781205522, -0.9185878966903872, 0.25205276778173485
0.0002845020269060081, 0.0011366237666324643, 0.00688149231164936, 0.097562391450396, -0.28457157770463665, -0.9536774071651134, 0.9479168035840667, -0.26537141231976763, 0.1761583009862943, -0.3032083660742983, -0.9211932645683565, 0.2438599107201685
0.00028525540227823665, 0.0011344263090354158, 0.006874128028538544, 0.019922372168502, -0.2408873744119381, -0.9703485826939217, 0.9533817276480545, -0.2877191609157945, 0.09099981224553269, -0.30110858585233125, -0.9269255403163914, 0.22392557298168375
0.0002854088727672306, 0.001132570651344113, 0.006866653021535307, -0.04895521728026159, -0.20691965634926227, -0.9771323567037097, 0.9524170467278223, -0.30433840187570893, 0.016730398859339808, -0.30084074824281287, -0.9298184731225998, 0.21197276060065318
0.0002850305749236554, 0.0011309716949072103, 0.006859102303063108, -0.08409468189364834, -0.20436366627985722, -0.9752761539081437, 0.9500960710965088, -0.3115129369757623, -0.01664769604817213, -0.3004089548668343, -0.9280060247656746, 0.2203616977481033
0.00028437989729052565, 0.001129390443112467, 0.006851556161438179, -0.10156261861887132, -0.21720088391908593, -0.9708289295875178, 0.9488853216061566, -0.31429038590358593, -0.028951679898685863, -0.29883386846148924, -0.9241457295001384, 0.23801888518980713
0.00028359496614378284, 0.001127711796567049, 0.006844053067530647, -0.11691374617106239, -0.22882086264415646, -0.9664223656223154, 0.9476521345117807, -0.31683633925984833, -0.03962532119345275, -0.29713062432457954, -0.9204649623658699, 0.2538851022515564
0.0002826920791824194, 0.0011259446872224639, 0.0068365897008892795, -0.13079518596489384, -0.23852374237785953, -0.9622884409835074, 0.9463618818130812, -0.31929661719986774, -0.04948594644871321, -0.2954518708345111, -0.9171456234245365, 0.267492238118428
0.00028168235821102346, 0.0011241033165093292, 0.006829160965556056, -0.1432062274299798, -0.2463257987580636, -0.9585486827967972, 0.9450522276223488, -0.32163607257867566, -0.0585365175100252, -0.29388477927805223, -0.9142613618010808, 0.27885103339654965
0.00028057692503418303, 0.0011222018858582632, 0.006821761765572952, -0.1541522897648069, -0.2522463321099335, -0.9553056366929654, 0.9437570117650254, -0.3238250633316119, -0.06678346429040206, -0.2925060243902967, -0.9118712169464298, 0.28797761961656065
0.00027938690145648613, 0.0011202545966998837, 0.006814387004981943, -0.16364227271935874, -0.2563049191518606, -0.9526431624684036, 0.9425061830514458, -0.32583927263687257, -0.0742351892115086, -0.29138171097211585, -0.9100200859464763, 0.29489005016265013
0.00027812340928252076, 0.001118275650464808, 0.006807031587825004, -0.17168630161215523, -0.2585192201979798, -0.9506269650220157, 0.941325838077697, -0.3276594683615238, -0.08090079950386789, -0.2905675143681095, -0.908739283612892, 0.29960546392325105
0.00027679757031687485, 0.001116279248583654, 0.00679969041814411, -0.17829388010730066, -0.25890333098665697, -0.9493051972470693, 0.9402383222001007, -0.3292712478873747, -0.08678907063121957, -0.2901089274438539, -0.9080470860691668, 0.30213788193252455
0.00027542050636413635, 0.0011142795924870394, 0.006792358399981235, -0.1834724465868048, -0.2574666565121107, -0.9487090081410247, 0.9392623564775455, -0.33066480362702166, -0.09190763486539884, -0.2900415264194083, -0.9079491772267752, 0.30249661903155495
0.0002740033392288933, 0.001112290883605582, 0.0067850304373783575, -0.18722632197578878, -0.25421328277102023, -0.9488529449931636, 0.9384131618079937, -0.33183473440476824, -0.09626238511506517, -0.2903911880635197, -0.9084389445115716, 0.3006852872851602
0.0002725571907157338, 0.0011103273233698998, 0.006777701434377453, -0.18955603631515958, -0.24914182797123163, -0.949735151845839, 0.9377025586309626, -0.3327799186796072, -0.09985708417804011, -0.29117421011042866, -0.9094975949823877, 0.29670137190080653
0.0002710931826292457, 0.0011084031132106101, 0.006770366295020495, -0.19045802593049518, -0.24224576451216193, -0.9513373376119415, 0.9371390272313861, -0.33350345723958946, -0.10269317235850138, -0.2923973050465246, -0.9110940860224918, 0.2905363702126984
0.000269622436774017, 0.0011065324545583306, 0.00676301992334946, -0.18992470057152722, -0.2335142142191703, -0.9536245172343354, 0.9367277199280635, -0.3340126851873133, -0.10476977069905286, -0.2940574549831837, -0.9131848870253845, 0.282176496677609
0.0002681560749546358, 0.0011047295488436795, 0.006755657223406323, -0.18804294601387297, -0.22381268743397945, -0.956319889680228, 0.9365036122705702, -0.3342804580108926, -0.10591298124498956, -0.2959743817606471, -0.9155132201861466, 0.2724604723731408
0.0002667044635524356, 0.0011030018102822327, 0.006748274841426899, -0.18553428190312599, -0.21960004538751096, -0.9577853884375636, 0.9367075921577134, -0.3340398927078642, -0.1048629432822555, -0.2969106212865925, -0.9166205158873119, 0.26767688137321083
0.0002652724242215795, 0.0011013068356455944, 0.006740882211166374, -0.1827330715707305, -0.22377237565344182, -0.9573581087810042, 0.9374409583424189, -0.3331535113791, -0.1010603160386079, -0.296332708583399, -0.9159337649361939, 0.27065155472199953
0.00026386230837013283, 0.0010995800274038654, 0.006733494463381591, -0.1796864732981464, -0.2351610930493362, -0.9552026128678229, 0.9386161847581392, -0.3316477311577513, -0.09491807060823886, -0.29446974211920185, -0.9136241255208607, 0.2803186191505898
0.000262475949567043, 0.0010977656579329246, 0.006726124662378895, -0.17675418906750928, -0.2469432217742662, -0.9527733213450263, 0.93977199957449, -0.33006690006646605, -0.08879431454929078, -0.29255178253234426, -0.9110844564036088, 0.2904110325674437
0.00026111222330462666, 0.0010958603964020047, 0.006718773651309213, -0.17408521908368713, -0.25666762359841844, -0.9506924147656408, 0.9407496408644729, -0.32865174964743893, -0.08353526600809001, -0.29100592727631835, -0.9089058028475876, 0.29867338656136133
0.00025976893428472213, 0.0010938798790303432, 0.006711437849402635, -0.17169169834140027, -0.2643450986559469, -0.9490224599751174, 0.9415556195815196, -0.3274299170632964, -0.07913699922529127, -0.289818867493313, -0.9071445960972819, 0.30511261169671927
0.0002584438857312578, 0.001091839768215591, 0.006704113669783334, -0.16958256729186616, -0.26998919481421313, -0.9478120001109251, 0.9421961221473106, -0.32642294625077406, -0.07559449432025198, -0.2889778889141347, -0.9058442994491587, 0.3097384136238075
0.000257134880868162, 0.0010897557263553988, 0.006696797525575478, -0.16776406364631954, -0.2736112570904641, -0.9470966682141004, 0.9426766525942414, -0.3256467573907254, -0.07290348451632539, -0.2884717448946945, -0.9050365016916623, 0.3125587672792563
0.00025583972291936315, 0.0010876434158474187, 0.006689485829903249, -0.16623997581318709, -0.2752192916665161, -0.9468994729833848, 0.9430019406264031, -0.3251117970472626, -0.07106095549271328, -0.2882908434488838, -0.904741212123821, 0.3135789034170675
0.0002545562151087897, 0.0010855184990893013, 0.00668217499589081, -0.1650118414325567, -0.2748172396030663, -0.9472310050900928, 0.9431758857054799, -0.3248231489565913, -0.07006547313482991, -0.2884273579442842, -0.904967074936362, 0.312800659319006
0.0002532821606603696, 0.0010833966384786982, 0.006674861436662336, -0.16407908555492684, -0.2724046488775494, -0.9480895321399545, 0.9432015330388617, -0.3247805922444869, -0.06991734387447524, -0.28887527024063564, -0.9057114740198555, 0.31022218500968046
0.00025201536279803165, 0.0010812934964132613, 0.006667541565342004, -0.16343909633400897, -0.26797673874408373, -0.949460967750443, 0.9430810785028186, -0.3249786013521229, -0.07061860968029918, -0.28963035262120407, -0.9069605152129299, 0.30583800072131967
0.00025075362474570394, 0.0010792247352906404, 0.006660211795053979, -0.16308723896877098, -0.2615248571456423, -0.9513187171397893, 0.9428159007741265, -0.32540628922229703, -0.07217287705258432, -0.2906900922512078, -0.9086888884703754, 0.29963940701693126
0.00024949474972731496, 0.001077206017508488, 0.006652868538922441, -0.16300059425865446, -0.25309275899600764, -0.9536114835797198, 0.9424118757140599, -0.32603920012138715, -0.07455398377895919, -0.2920456518841408, -0.9108471306031517, 0.29166220510647656
0.00024823666569318145, 0.001075252577027514, 0.006645508299607274, -0.16269605551465832, -0.24430248656725898, -0.9559530786482283, 0.9420234127521392, -0.3266275444802294, -0.0768526968533217, -0.2934653017765202, -0.9130338122128173, 0.28327967524929487
0.00024698097085596154, 0.0010733670404044404, 0.006638130214492144, -0.1616338836624636, -0.23701864777056245, -0.9579648470905407, 0.9418262941492748, -0.32691787688025836, -0.07802521018970811, -0.29468240412558244, -0.9148479996071033, 0.2760714007528644
0.0002457334433829909, 0.0010715376759914835, 0.006630736421570722, -0.1597903234466956, -0.23135133806577807, -0.9596580697873458, 0.9418288002066529, -0.3269142487099393, -0.07801016018258514, -0.2956781419619939, -0.9162988772041523, 0.2701310866973902
0.0002445000886471241, 0.001069751971686631, 0.006623329221937761, -0.15716949289016002, -0.2273063277303308, -0.9610564935935874, 0.9420268045762057, -0.3266292152901111, -0.07680400496660032, -0.2964510920279992, -0.9174122241897139, 0.26546480170201303
0.00024328691202121574, 0.00106799741538787, 0.006615910916688027, -0.15377373856836704, -0.22488669837738193, -0.9621744177744634, 0.9424133144983299, -0.3260692653692546, -0.07440415874013108, -0.29700299995619495, -0.9182073878348372, 0.26207710877248597
0.00024209991887812028, 0.001066261494993188, 0.0066084838069162734, -0.14960365214790933, -0.22409328623512528, -0.963016586735841, 0.9429784928793976, -0.3252347909978841, -0.07080884613847674, -0.2973387112888384, -0.9186971915647205, 0.25997146185723535
0.00024094511459069244, 0.0010645316984005736, 0.006601050193717264, -0.1446582026217153, -0.22492488221250545, -0.963578124375987, 0.9437096488147483, -0.3241200959695926, -0.06601713506815093, -0.2974661378177341, -0.9188878934616305, 0.25915041211900136
0.0002398285045317868, 0.001062795513508014, 0.0065936123781857574, -0.1389349835186555, -0.22737818785300085, -0.9638445051165444, 0.9445912003659639, -0.3227134417377131, -0.06002914886109141, -0.2973962584597499, -0.9187791868618298, 0.25961562211018147
0.00023875609407425773, 0.0010610404282134969, 0.00658617266141651, -0.13243057607379086, -0.23144752838242755, -0.9637915667437795, 0.9456046163818409, -0.32099713609289077, -0.052846457757485504, -0.29714315068349706, -0.9183642415870882, 0.26136768693940926
0.00023773388859096, 0.0010592539304150096, 0.006578733344504283, -0.12555823483524034, -0.23701293130007478, -0.9633587078869452, 0.9466743054994331, -0.31904979636683867, -0.04488860373685891, -0.2967202200259103, -0.9176230695851239, 0.2644333813892463
0.0002367646831077827, 0.0010574243870728195, 0.006571297013918911, -0.12101470571214924, -0.2433503726057254, -0.9623596194531733, 0.9474527520567029, -0.3175282147757896, -0.038847335062781804, -0.29612281847500693, -0.9164913687394742, 0.2689885637057149
0.00023583051293798497, 0.0010555458496045041, 0.006563868101508469, -0.1198756721940902, -0.2501800887534563, -0.9607495752834491, 0.9478393958425759, -0.3167329323964946, -0.03578727740829632, -0.2953477660399614, -0.9149263209279916, 0.27509911735295317
0.00023490515490544078, 0.001053614630780256, 0.00655645177323702, -0.12214371842996936, -0.2575022604667209, -0.9585267330140715, 0.9478503779328296, -0.3167097894057004, -0.035701125293036776, -0.29438167928845804, -0.9129005943415339, 0.2827577262431242
0.00023396236469630855, 0.001051627049158229, 0.006549053196947603, -0.12781519717202985, -0.2653081988047569, -0.9556541398533523, 0.9474704397761947, -0.3175087539416238, -0.03857404465105544, -0.2931945448370064, -0.9103843972835942, 0.2919541197866673
0.0002329758979967467, 0.0010495794232965767, 0.0065416775404832555, -0.13687777102657864, -0.27358020897465674, -0.9520600532824484, 0.9466532653550024, -0.31918318000563256, -0.04438122118873647, -0.29173973159565886, -0.9073455608856392, 0.302674680390709
0.00023191953763215828, 0.0010474680557083324, 0.006534329974129328, -0.1482930725070216, -0.2829146452897473, -0.9476119818401431, 0.9454937508448075, -0.3214637353475095, -0.051986863435331127, -0.2899150423138555, -0.9036704987643467, 0.31516487415819766
0.00023077502413124034, 0.0010452845441951686, 0.006527016384299996, -0.15960697165460577, -0.2947788124913311, -0.9421417442749507, 0.9443739950137189, -0.3235849343592265, -0.05874136359979861, -0.28754716507222694, -0.8991096940651546, 0.3300278562439688
0.00022954308120233391, 0.0010430092634234364, 0.006519744365741817, -0.1704460118365685, -0.30935876844143234, -0.9355454609143312, 0.9433838388212664, -0.3254175981294522, -0.06426756163500474, -0.2845612231135141, -0.8935326178803203, 0.34731019432789806
0.00022822720296186965, 0.0010406209501534302, 0.006512521762515626, -0.1807837055696728, -0.3266037058092271, -0.9277107691259047, 0.9425544214480961, -0.3269379118183352, -0.06857670467812926, -0.280906415749343, -0.8868154380521047, 0.36694681416154984
0.00022683088540603353, 0.0010380983639126764, 0.006505356410806594, -0.19041226475100123, -0.3441649348421726, -0.9193985354879993, 0.9418182226723528, -0.3282840455726526, -0.07216661877033709, -0.2769866510766994, -0.8796477039403534, 0.38665011583831066
0.0002253591016908841, 0.0010354381553011746, 0.006498249957900144, -0.19886681448792154, -0.35570369014134623, -0.9131959674217008, 0.9409090564793444, -0.32993173153971744, -0.07638848053439606, -0.274120662356154, -0.8744254898749424, 0.4002972959269028
0.00022382094994972615, 0.001032686935839365, 0.006491186768544368, -0.20613102943989203, -0.36024172093745904, -0.9097999237184339, 0.9397700321284149, -0.331953256049141, -0.08148203796991921, -0.2726578174478192, -0.871798679910902, 0.40697024005472493
0.00022222624277045414, 0.001029899970382426, 0.006484148214116162, -0.21224687383724822, -0.35784329595663666, -0.9093401124360488, 0.9383935319318817, -0.3343155050983171, -0.08746840732096264, -0.27270651582740724, -0.8718837758495958, 0.4067552552033324
0.00022058479274096243, 0.001027132523785536, 0.006477115665992411, -0.2172183870621943, -0.34848829607262455, -0.9117960735945826, 0.9367743619753736, -0.3369660032237638, -0.09438065170909958, -0.27435372617795933, -0.8746483980273452, 0.399650112924378
0.00021890641244914528, 0.0010244398609038723, 0.006470070495550006, -0.22100648495718828, -0.3320756708247841, -0.9169961191047309, 0.9349107703243011, -0.3398305037224175, -0.10225986637674647, -0.2776652393413518, -0.879909641716715, 0.38556586632568013
0.00021720091448289703, 0.001021877246592614, 0.006462994074165839, -0.2235262901092067, -0.3084445703700473, -0.9246069135796312, 0.9328061683084625, -0.34280988838773724, -0.11114869675021577, -0.2826811808304527, -0.8873236880827786, 0.36434602038649594
0.000215478111430112, 0.001019499945706938, 0.006455867773216797, -0.22464781860296867, -0.2774150761456844, -0.9341168198485733, 0.9304715127233188, -0.34577732741611145, -0.12108180645889793, -0.2894064989030247, -0.8963698541182962, 0.33580494787992354
0.00021374781587868452, 0.001017363223102023, 0.006448672964079771, -0.22400282569843005, -0.24020724215165642, -0.944522744510165, 0.9280624531897235, -0.34844203305921406, -0.1314847237401898, -0.2975278424930871, -0.9060290450175741, 0.30097932242257397
0.00021202143910037312, 0.0010155119598264824, 0.006441393582100436, -0.21906247227479403, -0.21404769476042446, -0.9519428646765535, 0.9272896542242884, -0.3492050709422358, -0.13486925371198455, -0.303554822741222, -0.9122715619792038, 0.27498193903340107
0.0002103305941726958, 0.001013859821716251, 0.00643404596227554, -0.20840359317706722, -0.21091720346984735, -0.955029777353223, 0.9292478157187262, -0.34727787272501953, -0.12608162474191642, -0.3050679257687765, -0.9137351981816417, 0.26836830712864
0.00020872073896245562, 0.0010122305496208955, 0.006426668643873451, -0.19443910906631945, -0.22530406599848488, -0.9546892220560816, 0.9328840259879787, -0.34329340800942104, -0.1089817878075851, -0.3031844767166622, -0.9118046467647704, 0.27693222856182015
0.00020721866387214032, 0.0010104900375042325, 0.006419293507737882, -0.18671077174015213, -0.2346477236331238, -0.9539808873923996, 0.9348646048674949, -0.3408853594701233, -0.09912286449083023, -0.3019391632136174, -0.9103502718694152, 0.28301081997892336
0.00020577640873753407, 0.001008677491387694, 0.00641192444263074, -0.18766007385790048, -0.23348351860298752, -0.9540802603661894, 0.934626195050141, -0.3411832064650493, -0.10033890149051575, -0.3020886826839814, -0.9105380091830302, 0.2822462783231355
0.0002043275723848785, 0.0010068748734810523, 0.006404558431650608, -0.19728956584029297, -0.22177981734304827, -0.9549295994102566, 0.9321572668737146, -0.3440745741212764, -0.11267438598807121, -0.30357809048921053, -0.9123740461359838, 0.2746159917273178
0.00020280575364041496, 0.0010051641459940773, 0.006397192457896061, -0.21548614768383856, -0.19938702595214894, -0.9559343774749061, 0.9271458165391083, -0.34907549556313433, -0.13618712593847576, -0.3065393205290457, -0.9156369980943919, 0.2600817807734362
0.00020114464950519846, 0.0010036271441177266, 0.006389823508362706, -0.23707324823925668, -0.17257346289238543, -0.9560411470614736, 0.9205822473879829, -0.3542949528916284, -0.16432714976415072, -0.310362047878568, -0.9190720789257225, 0.24286192162579168
0.0001993162340877081, 0.0010022961800273216, 0.006382450089446717, -0.24969068550410758, -0.1576535325875137, -0.9554056338724232, 0.9164685692124787, -0.35702761934798327, -0.18060077704246952, -0.3126338484843269, -0.9206935661149096, 0.23363097846066908
0.00019738866579805577, 0.0010010791224124016, 0.00637507452555698, -0.25168480058434084, -0.1572654814059943, -0.9549462443053858, 0.9159547761171843, -0.3573506151443175, -0.18255789756703647, -0.3125405721869391, -0.9206346214509418, 0.23398778712347781
0.0001954449714456163, 0.0009998646031910072, 0.0063676997312999166, -0.2430907079489229, -0.17140607382225034, -0.9547391610098188, 0.9191638511430139, -0.35517117460695596, -0.1702681751833227, -0.30991082985406454, -0.9189523353173202, 0.2438890792020188
0.00019356817783976432, 0.000998541254281178, 0.006360328621281938, -0.22464376462533234, -0.19785884881437502, -0.9541420517725905, 0.9253794672117721, -0.35009814149781804, -0.14527261607966807, -0.305299886468723, -0.915578050886774, 0.26174188059338305
0.00019183397431083536, 0.0009970138247777775, 0.006352962841439158, -0.20421278558063033, -0.21904683959923982, -0.9541046170452088, 0.9310766378861857, -0.34445239995865956, -0.12020332168986231, -0.30231346742736487, -0.912891574188471, 0.27429097904914607
0.00019025665285443024, 0.0009953219264028778, 0.006345593421939582, -0.185952096657053, -0.22643675808685318, -0.9561109832733655, 0.9349394735696548, -0.340038085087875, -0.10130291926231962, -0.3021754432612666, -0.9127433896100738, 0.2749354582678815
0.00018881990800988257, 0.0009935723798764012, 0.006338206102566858, -0.16994788256825127, -0.22007449892746528, -0.960564902613245, 0.937273699571552, -0.3371515318377575, -0.0885824851249374, -0.3043611823180217, -0.9153666257305205, 0.2635682287315702
0.0001875072102365156, 0.0009918724981223528, 0.006330786584360572, -0.15614286307421887, -0.19989827947423883, -0.9672952414719224, 0.9383462510150964, -0.3358132624549812, -0.08207171233290869, -0.30842457670701207, -0.920472775600985, 0.24000864538703492
0.00018630202999365272, 0.000990329594064739, 0.00632332056836032, -0.1444192172591224, -0.16590462829219402, -0.9755094791940728, 0.9383837560337753, -0.3357702253649549, -0.08181859305996073, -0.31397295440564055, -0.9272184262996483, 0.20417388136634232
0.00018518776211165353, 0.000989049555283963, 0.00631579401544111, -0.1355231794505672, -0.13348052660017778, -0.981741522423366, 0.9381106766515329, -0.33604178308642607, -0.08381096809188145, -0.31871903956935543, -0.9323405327661319, 0.17076095800080607
0.00018414147499465347, 0.0009880190381730278, 0.006308214621928502, -0.13113211711750344, -0.12976498280225998, -0.9828353967468869, 0.9385032609323319, -0.33565883973748206, -0.0808997683894502, -0.3193994318712241, -0.9330027827098998, 0.1658005137987298
0.00018312923515138087, 0.0009870173515630547, 0.006300627882921807, -0.13127300961518693, -0.15638784523499424, -0.9789332146828642, 0.9396513957221624, -0.3343434201748384, -0.07259291909810187, -0.31594722892274774, -0.9293854524622962, 0.19084032406042992
0.00018211725194669393, 0.0009858117581721595, 0.006293081289949853, -0.13288573985818186, -0.1935084228767112, -0.9720575448079766, 0.9410838020715631, -0.33234957328544323, -0.06249030817266686, -0.31097050924625425, -0.9230916809357301, 0.2262721612712744
0.00018109332929663175, 0.0009843207204026235, 0.00628559130841869, -0.1335513021186917, -0.22435889518422267, -0.9653119370722176, 0.9423531028546369, -0.3302982866407063, -0.05360663561959483, -0.3068137533466193, -0.9168239351118234, 0.2555370672983297
0.0001800635617553606, 0.0009825907671622512, 0.0062781481245318335, -0.1332776229559748, -0.24847480927869262, -0.959425528310104, 0.9434365337729175, -0.3283436646621968, -0.04602113230616585, -0.30358620186323976, -0.9112906819616429, 0.27818107593460784
0.0001790346216773818, 0.0009806724729732902, 0.006270741094334121, -0.13213458585593682, -0.2659741626480645, -0.9548812470796256, 0.9443312725835815, -0.32659137751670025, -0.039705412130056725, -0.3012953681047114, -0.9069706814089445, 0.29432173590008837
0.00017801318141719656, 0.000978616412357987, 0.006263359573870384, -0.13017263458046158, -0.27697971411510325, -0.9520175015067197, 0.9450389687214026, -0.3251187733940074, -0.034628467837373576, -0.29992737921765256, -0.9042013167185126, 0.3040781906683522
0.00017700591332930616, 0.0009764731598385898, 0.006255992919185461, -0.1274207851608674, -0.28158363741531756, -0.9510386946118161, 0.9455645539436566, -0.3239772240167981, -0.030764145424557125, -0.299452196242275, -0.9031884706185793, 0.30753693876890564
0.00017601948976821171, 0.0009742932899373451, 0.006248630486324188, -0.12388654246557444, -0.2798264407542913, -0.9520237852337043, 0.9459155072148936, -0.3231941768513351, -0.02809585840970885, -0.299826579552774, -0.9040147604459636, 0.3047315787533532
0.00017506058308841454, 0.0009721273771765, 0.006241261631331403, -0.11955725022701892, -0.2716887708890118, -0.9549299847061941, 0.9461015640534588, -0.3227743285382627, -0.026618852948101165, -0.30099484117465036, -0.9066432289547481, 0.29563518223776303
0.00017413586564441586, 0.0009700259960783017, 0.006233875710251933, -0.11440273761614275, -0.25709541526400953, -0.9595905173959144, 0.9461348253466724, -0.3226996842286596, -0.026340198650452035, -0.3028876126423032, -0.9109153974156712, 0.28016465312186734
0.00017325200979071678, 0.0009680397211649973, 0.006226462079130619, -0.10837943595729341, -0.23593184761962008, -0.9657070265563833, 0.9460301948955672, -0.32292857453457186, -0.027276475119134135, -0.30541900433246494, -0.916544215533469, 0.25819746854821013
0.0001724156878818187, 0.000966219126958834, 0.006219010094012297, -0.10143637628666465, -0.20807452267012871, -0.9728389664180954, 0.9458060407375204, -0.3233940212271809, -0.029448944614868543, -0.3084827302625645, -0.9231041653302794, 0.22960205809104184
0.0001716335722722227, 0.0009646147879820586, 0.0062115091109418, -0.09368114138099269, -0.17441249457282135, -0.9802061647870005, 0.9454989451020054, -0.32397734719749344, -0.032717324369051795, -0.31185828281536704, -0.9298488910784163, 0.19525739729825917
0.00017091113306113214, 0.000963269774213801, 0.006203950072292656, -0.0877063893252106, -0.15100077042489898, -0.984635138821798, 0.9453433927011119, -0.32424828572143216, -0.034480705953674765, -0.31405964266025316, -0.93384250092711, 0.17118622699947184
0.00017023414794160925, 0.0009621042345604115, 0.00619634990379558, -0.08572413376418879, -0.15106412019706772, -0.9847999819656097, 0.9455079872030779, -0.3239618280091211, -0.0326095097812414, -0.3141114754757675, -0.9339316707244029, 0.17060367930487838
0.0001695723141706823, 0.0009609379429697982, 0.006188746748685655, -0.0870035449723172, -0.17089126607958538, -0.9814410620816548, 0.945964376067079, -0.32309380538218574, -0.02760058216198365, -0.3123808290761008, -0.9308096304300761, 0.18976735631913424
0.00016890088707435197, 0.0009596191343326497, 0.006181172734055073, -0.08785864075062032, -0.19158058494428798, -0.9775365664351682, 0.9464868834296846, -0.32199413742829175, -0.0219625808450033, -0.310553439428734, -0.9271551407041946, 0.20961847801367317
0.00016822290984698518, 0.0009581407678033232, 0.006173629394830847, -0.08725691013344701, -0.20772386197651743, -0.9742879598966233, 0.9469992819871816, -0.32081610080058875, -0.016413085720514375, -0.3091578747981782, -0.9240821536165857, 0.22470776982028628
0.00016754942672179605, 0.0009565374733991741, 0.006166109457452113, -0.08521883987142166, -0.21935853198464814, -0.9719154200734286, 0.9474935099967421, -0.319587547936896, -0.01094749824095691, -0.3082106387602845, -0.9218164858849197, 0.23507566549040154
0.00016689148266496213, 0.0009548438849549654, 0.00615860564755107, -0.08175875064851056, -0.22652112757455087, -0.9705687432916583, 0.9479621099113762, -0.3183346413606548, -0.005558262512275511, -0.30770658891997543, -0.9205168303035731, 0.24076008860086404
0.00016626012264266127, 0.0009530946363054608, 0.0061511106907599184, -0.07688320248971652, -0.22923581197341258, -0.9703297973801566, 0.9483980549021165, -0.31708212440012484, -0.00023631289835122815, -0.30762006214290943, -0.9202770609413201, 0.24178508736561607
0.0001656663916210712, 0.0009513243612854237, 0.0061436173127108595, -0.0706798149453617, -0.22765800755162932, -0.971172587832313, 0.948792284991574, -0.31586117559610666, 0.004991762365486666, -0.30789212997372545, -0.9210882418903565, 0.2383251706210966
