0.003044010140001774, 0.012459225952625275, 0.07277987897396088, 0.13399885102484854, 0.4561194587144903, -0.8797723269721667, 0.9588406779910287, -0.2839422279357123, -0.0011685138461639871, -0.2503374964996756, -0.8434049149589447, -0.47539382333952396
0.0030561167401524755, 0.012501182724044551, 0.07274125636049918, 0.09574616089661184, 0.3512864810117461, -0.9313594799710497, 0.9594624737213657, -0.2817331689634508, -0.007627779905662268, -0.26507439369738767, -0.8928741399347367, -0.3640210653818904
0.0030616291546113456, 0.012515697006762241, 0.07269740524384397, 0.05216378728565108, 0.23782014170924404, -0.9699074798625962, 0.9599425120981975, -0.2796838589621841, -0.016950295060060756, -0.2752985883774549, -0.9301712311361905, -0.24288303358605445
0.0030620595830017955, 0.01251251188311556, 0.07265068300569749, 0.0065039428239390355, 0.12169867559353632, -0.992545782866726, 0.9599376600311529, -0.278821552909507, -0.02789678273646908, -0.2801381580250319, -0.952600637198984, -0.11863658131635499
0.0030589149712663224, 0.012501317532485678, 0.07260343171073227, -0.03759824447043275, 0.009788950191684447, -0.9992449892127987, 0.959441463675442, -0.2792200745975043, -0.03883590763829013, -0.2793894231947001, -0.9601772369702946, 0.001106259926013712
0.0030533683022999454, 0.012488441228758532, 0.07255701975924839, -0.07715343974058723, -0.0922073798038887, -0.9927462645842073, 0.9587183822385509, -0.28019340582464786, -0.048484212794269524, -0.27369035476993225, -0.9555048165457282, 0.11001879504804168
0.0030460638418621623, 0.012474886226369615, 0.0725112740844831, -0.11159243040010247, -0.18253271213959166, -0.9768464252257687, 0.9580180951846751, -0.2809978494525665, -0.056934505370289844, -0.26409933505430316, -0.9421900114106484, 0.20622687415047822
0.0030375990552361735, 0.012461184513307116, 0.07246588517357062, -0.13804658682883358, -0.2308933151371307, -0.9631362400459733, 0.9566692826335778, -0.2828042250887443, -0.06932282407195023, -0.25637282135644773, -0.9309726350956512, 0.25992870017140185
0.0030285714077051807, 0.012447868077559224, 0.07242054351364523, -0.15501392334521433, -0.24300650078732985, -0.9575586270010946, 0.9549440762094195, -0.28516921182960897, -0.08222123774924679, -0.2530859436666971, -0.9271603751237307, 0.27626281675021047
0.003019578364552385, 0.01243546890711413, 0.07237493959184106, -0.16508407765927086, -0.23907414374970606, -0.9568650903307805, 0.9533690893712986, -0.2872111271343443, -0.09272080608774037, -0.2526551537862006, -0.9275523285726603, 0.2753398827353331
0.003011145583351023, 0.01242442918422799, 0.07232880973566014, -0.17053564215019257, -0.23143150560495154, -0.9577875823844485, 0.9522285311714306, -0.2886162980490558, -0.09980709856297079, -0.25333459925466445, -0.9290533303927627, 0.2695950483718028
0.003003169873662476, 0.012414404628708372, 0.07228229171403817, -0.17274639818614132, -0.22216476021050557, -0.959584025103755, 0.9514783532277933, -0.2895154751845252, -0.10425801152719741, -0.254651968876429, -0.9310336239627908, 0.26139771574761533
0.0029952896260423746, 0.012404771090692797, 0.07223567161849065, -0.17308765141946406, -0.212538692480614, -0.9617005610504369, 0.9509884892931999, -0.2901072871067294, -0.10704510824606114, -0.2562451134322983, -0.9330943500880309, 0.2523358390634671
0.0029873843993695453, 0.012395363704945123, 0.0721890209984103, -0.17295871938879762, -0.203828602688792, -0.9636073796486418, 0.950597513327907, -0.29060266581934696, -0.10915337041744816, -0.25777829435813027, -0.9348818060827923, 0.24402122779215257
0.0029793892271561388, 0.012386122845700785, 0.0721423622097313, -0.17377308408381012, -0.19731469030538268, -0.9648159556297211, 0.9501452348337004, -0.2911573006919158, -0.11158610566109828, -0.2588956314247375, -0.9361059444547334, 0.23807291485109816
0.002971239142914307, 0.012376988887195219, 0.07209571760838777, -0.1767923345551471, -0.19408131920675278, -0.9649232674039463, 0.94947675753501, -0.29191042403531364, -0.11524838931771281, -0.2593036007141911, -0.9365472470059854, 0.2358832270047309
0.0029628691801562024, 0.012367902203663865, 0.07204910955031385, -0.18191727002097235, -0.19351095455498502, -0.9640848600280657, 0.9485610494759973, -0.292889143447975, -0.12019935551951191, -0.2591100968413063, -0.936359685226532, 0.23683854753261518
0.0029542143723939765, 0.01235880316934216, 0.07200256039144365, -0.18141175752381344, -0.19577451819514785, -0.9637230474869732, 0.9487697574162863, -0.292642457061782, -0.11914839376627871, -0.2587000611603373, -0.9359662014999798, 0.23883372459796576
0.0029452097531397817, 0.012349632158465544, 0.07195609248771136, -0.16864618130837325, -0.20221681740779432, -0.9647107464352027, 0.9512592315559286, -0.28976514528735126, -0.10555583809635666, -0.25819438396240796, -0.9354915923374528, 0.24122839956400177
0.002935790355905768, 0.01234032954526945, 0.07190972819505106, -0.15544970679793094, -0.21087481000459216, -0.965073677582165, 0.9537354400337898, -0.28654047375500197, -0.09101245697052843, -0.25734043421116426, -0.9345728283048819, 0.24566141234272681
0.0029258912142040893, 0.01233083570398932, 0.07186348986939689, -0.14280776491980157, -0.22123529444170187, -0.9647076690748884, 0.9560122064268437, -0.28315246392116317, -0.07658552956174153, -0.25621593127963116, -0.9332093155710931, 0.2519400124828199
0.0029154473615468964, 0.012321091008860587, 0.07181739986668303, -0.13037954938002586, -0.2329505426695479, -0.9637090939559637, 0.9581252151560599, -0.27954547872315516, -0.06205157054898807, -0.25494557298689347, -0.9314442388009092, 0.2596428023631301
0.0029078379451448204, 0.012310401934004511, 0.07177111505553357, -0.11782004190269128, -0.24566698173935986, -0.9621674343944099, 0.9600909778138975, -0.2756802881465173, -0.04717725138037684, -0.25366070260567003, -0.9293266986429081, 0.26834331581589965
0.002906177924297523, 0.012297958619380333, 0.07172436970950148, -0.10478385362911871, -0.2590263932065628, -0.9601696056640362, 0.9619092362469965, -0.27152192692435523, -0.03172482343536024, -0.25248953491452103, -0.9269202613071333, 0.27761099390507693
0.002904613169087794, 0.012284604799624316, 0.07167785454440384, -0.09092834953928713, -0.2726665436587537, -0.9578021670570861, 0.9635753694900236, -0.2669891055363082, -0.015470127248549128, -0.2515045577364861, -0.9243212501582505, 0.28701164426493836
0.0029025936743482944, 0.012270527528863661, 0.07163161233080799, -0.0759165231054665, -0.28622142835874725, -0.955151284073814, 0.9650794763900157, -0.261951134839247, 0.0017908677237120712, -0.250715547524182, -0.9216609446562816, 0.29611284559258905
0.0029002243075586165, 0.012255829843824617, 0.07158560660491685, -0.05942006010912279, -0.299321221366421, -0.9523004058049865, 0.9663902701422944, -0.2562804143258544, 0.020253271520216345, -0.25011817653047824, -0.9190903958113601, 0.3044893135996503
0.0028976099361983556, 0.012240614781233436, 0.07153980090293324, -0.04824757706154981, -0.3105629362812451, -0.9493275693437229, 0.9671352885780166, -0.2520709948157254, 0.03330986580170072, -0.24964275454097723, -0.916521072415131, 0.3125181897493514
0.0028948554277471047, 0.012224985377816376, 0.07149415876106016, -0.04871526006106783, -0.31832496186616005, -0.946729128151284, 0.9672077310778617, -0.25158793758526543, 0.03482405210206416, -0.24927099386089277, -0.9139872692299934, 0.3201425359197095
0.002892065649684457, 0.012209044670299691, 0.07144864371550048, -0.048370876261783984, -0.32383198437253713, -0.9448772958575161, 0.9672681786616586, -0.2511110537561037, 0.03654461971422019, -0.2491034501531943, -0.9121820457446222, 0.32537883542561735
0.0028893454694900057, 0.012192895695409631, 0.07140321930245705, -0.04585540153556684, -0.3272276888972233, -0.9438322529819555, 0.9673915892662577, -0.25015044466507547, 0.03972742189935299, -0.2490999702266464, -0.9112336663297989, 0.32802806309862703
0.002886799754643344, 0.01217664148987245, 0.0713578490581328, -0.04116581366992046, -0.328510915792726, -0.9436026462393574, 0.9675750535860133, -0.24865824052162616, 0.04435758220093515, -0.24920652371660942, -0.9111803650352184, 0.32809518574854074
0.002884533372624066, 0.012160385090414404, 0.07131249651873063, -0.0342992512623776, -0.3276721322019979, -0.9441687005726449, 0.967802503721571, -0.24660784478689268, 0.05042702330916013, -0.2493629386117733, -0.9120392232068533, 0.3255803743764983
0.0028826511909117642, 0.012144229533761739, 0.07126712522045342, -0.02525418949223838, -0.3246936951510019, -0.9454820094757374, 0.9680359269929433, -0.24402606824317152, 0.057945854629058824, -0.24953691102520917, -0.9137971779049043, 0.32047784274272323
0.0028812580769860333, 0.012128277856640718, 0.07122169869950408, -0.0141582904406769, -0.3195598767543782, -0.94746030417138, 0.9682197235252533, -0.24100982182603503, 0.0668194040684669, -0.24970003962450552, -0.9164037052260916, 0.31281646257735685
0.002880458898326466, 0.012112633095777588, 0.07117618049208549, -0.005052342474533607, -0.31255041911955284, -0.949887735126479, 0.968284271696061, -0.2388170871421758, 0.07343002161892072, -0.24980000604793587, -0.9193903601828325, 0.3038442406584877
0.002880358522412655, 0.01209739828789861, 0.07113053413440058, -0.0019613484312451237, -0.3043569861737468, -0.9525560235910353, 0.9682890176055863, -0.23855124815875325, 0.07422722132957442, -0.24982500174470118, -0.9222039508531368, 0.295173409259922
0.0028810618167241955, 0.012082676469730026, 0.07108472316265221, -0.003947355787950208, -0.2956921153226057, -0.9552751390663982, 0.9682856733873659, -0.2397754806418466, 0.07021804323496049, -0.24981447735281212, -0.9247020557017349, 0.28726091813180404
0.002882673648740679, 0.012068570677998096, 0.07103871111304327, -0.009816643352997704, -0.2872383754139455, -0.9578088270645857, 0.9682450523727325, -0.24202394514039172, 0.06265723050379189, -0.2498102321143085, -0.926778574238873, 0.28049299859846294
0.0028852380187745796, 0.01205517957132851, 0.07099246401396386, -0.018394873045600998, -0.27967234778632033, -0.9599192708396492, 0.9681116169076338, -0.24489246364870676, 0.05279752320472856, -0.24984300241176102, -0.9283377936568963, 0.275258814598411
0.00288690743264425, 0.01204245875678964, 0.0709460275085835, -0.028520163717112395, -0.27368336913881114, -0.9613969074832612, 0.9678459530790673, -0.2480301272990037, 0.04189590744347298, -0.24992161045019926, -0.9292892280710401, 0.27195720108338667
0.002885854906636473, 0.01203018935428571, 0.07089950091183979, -0.039075030091512884, -0.2699590952068025, -0.9620785981085288, 0.9674567740561438, -0.2511094546863429, 0.031167805505153006, -0.2500010647101866, -0.9295515739765343, 0.27098586487402077
0.002882634019861939, 0.012018138996461654, 0.07085294329128636, -0.04972313820203675, -0.2688356984079141, -0.9619017500705933, 0.9669722958430065, -0.2540142935205288, 0.02100756433695923, -0.2499843767107177, -0.9290877816163529, 0.2725870603160728
0.002877917787276762, 0.012006075155707244, 0.07080641153523326, -0.06076517651097617, -0.27034480545288386, -0.9608440453519146, 0.9663956075642278, -0.2568177866334124, 0.01114244808298373, -0.249774143986436, -0.9278783921578072, 0.27686561065341025
0.002872379223837058, 0.011993765304412258, 0.07075996253199052, -0.0723878313989552, -0.2744842351510886, -0.9588630801730132, 0.9657172086774864, -0.2595925592587631, 0.0014057174857504294, -0.2492995682497678, -0.9258888204482262, 0.2838654918081307
0.0028666913444989426, 0.01198097691496648, 0.07071365316986815, -0.08090340067010633, -0.28101091426576064, -0.9562884009667447, 0.9652186311513918, -0.26139915388230117, -0.004845247965829996, -0.24861141131944367, -0.9234193784046003, 0.29238505048756525
0.002861503196204353, 0.011967488166305253, 0.07066753759270301, -0.08266137562298013, -0.2893579878751656, -0.9536451393641935, 0.9652667699710817, -0.2612291176812493, -0.004405776330082735, -0.24784503176321954, -0.9208861509048291, 0.300901208541902
0.002857078285857395, 0.011953249458639691, 0.07062162579781636, -0.07891495633634847, -0.298825671606541, -0.951039246117284, 0.9657751733880793, -0.2593770652676755, 0.0013610585415709377, -0.24708448784506443, -0.9183826849424087, 0.3090671445888652
0.00285336893746307, 0.011938350198018529, 0.07057589215032709, -0.0711779314399363, -0.3086888660474863, -0.9484961181018343, 0.966550201812487, -0.25624734012230954, 0.010863151314519414, -0.24640294124091228, -0.915995897730202, 0.3166024413823574
0.0028503185927892883, 0.011922883758198251, 0.07053030999828766, -0.06096141443696081, -0.31822927141536783, -0.9460517093501228, 0.9673867647707102, -0.2522997847288046, 0.022531444078385872, -0.24585880764435444, -0.9138243537136899, 0.3232313370690616
0.0028478706936039613, 0.01190694351293535, 0.07048485268975051, -0.049770598216730445, -0.3267509242535803, -0.9437990893471871, 0.9681204829499789, -0.24805237183530215, 0.034824579244848865, -0.24549056610356448, -0.9119779900448871, 0.32867997752805
0.002845968681675, 0.011890622835986322, 0.07043949357276809, -0.039060950758808735, -0.3336058082560117, -0.9419030771919534, 0.9686605317467639, -0.2440416887665281, 0.046264763914426785, -0.24529781157175967, -0.9105771899415415, 0.3326832800070832
0.002844555998770315, 0.011874015101107659, 0.07039420599539287, -0.029498942764347873, -0.3385166777975659, -0.9404978847550295, 0.969013878785132, -0.240532045798127, 0.056182182815919426, -0.24523848616719887, -0.9096981883004203, 0.33512280003806655
0.0028435760866578176, 0.011857213682055851, 0.07034896330567732, -0.021108405617790718, -0.34149390306114774, -0.9396469280449642, 0.9692273801200149, -0.2375507056280319, 0.06455964592000624, -0.2452605162637624, -0.9093687791142204, 0.3359995576401035
0.002842972387105419, 0.01184031195258739, 0.07030373885167387, -0.013891743462031493, -0.3425525390892113, -0.9393959641318029, 0.969343081140528, -0.23510904812636635, 0.0713983650660271, -0.2453181821809644, -0.9096051305113931, 0.3353170082754211
0.002842688341881029, 0.011823403286458764, 0.07025850598143497, -0.007849454129449093, -0.34170292653571377, -0.939775236993824, 0.9693961102842699, -0.23321311028962216, 0.07669958640545772, -0.24537637913132027, -0.9104124093980537, 0.33307608346807716
0.0028426673927525615, 0.011806581057426477, 0.07021323804301315, -0.0029810889523952154, -0.3389499864788158, -0.9407996703733843, 0.9694144056067149, -0.23186469039018923, 0.08046412587259778, -0.24541153866686358, -0.9117848825333047, 0.329274208939738
0.0028428529814879255, 0.011789938639247015, 0.07016790838446081, 0.0007140708822649311, -0.33429298799235413, -0.9424689322635091, 0.9694186268463701, -0.23106182983477846, 0.0826919386439946, -0.24541193130341768, -0.9137059860658394, 0.32390485485923015
0.002843188549855032, 0.011773569405676868, 0.07012249035383039, 0.003244750155086023, -0.32768729148864195, -0.9447806679823995, 0.9694224264727118, -0.2307986596435502, 0.08337948044033497, -0.24537650793869942, -0.9161621132220971, 0.31691852525251807
0.002843617539621793, 0.01175756673047253, 0.0700769572991744, 0.0046500542967647255, -0.31893768981448767, -0.9477642781888516, 0.9694328026077201, -0.23106605457158738, 0.08251375432533263, -0.24531289860742808, -0.919177473853944, 0.3081141887941934
0.0028440833925561185, 0.011742023987390493, 0.07003128256854527, 0.005041094305799274, -0.3080334980656447, -0.9513621557733114, 0.9694511499917702, -0.23180556938399216, 0.08019130739798119, -0.24523265514167228, -0.922703387916185, 0.2974548751998528
0.0028445295504259203, 0.01172703455018725, 0.06998543950999545, 0.004825506875467692, -0.295992566137978, -0.9551780542257289, 0.9694731581067136, -0.23278258423985212, 0.07703287730061337, -0.2451499749010593, -0.9263912074634942, 0.28583355390915727
0.0028448994550290046, 0.011712691792764346, 0.06993940147153817, 0.004495548545639925, -0.28414304287520353, -0.9587713602464845, 0.9694937765080366, -0.2337369140597635, 0.07381647727983259, -0.24507469750151503, -0.9298547124101911, 0.2744241360615023
0.002845140460022619, 0.011699108069480492, 0.0698931366677516, 0.004544770770445871, -0.273836912230315, -0.9617654030785319, 0.9695106128044815, -0.23443768735716156, 0.07133121621074799, -0.24500717687064358, -0.9327659493392716, 0.264422327035908
0.0028452146515828736, 0.01168646721730963, 0.06984659398009874, 0.005468326175229938, -0.26644603283922996, -0.9638343265276856, 0.9695175724602851, -0.23469600697579038, 0.07038082835783811, -0.2449607603261327, -0.9348391818349592, 0.25704071663179606
0.002845118904053792, 0.01167486024676678, 0.06979975004891006, 0.007760564514409424, -0.2633455427223595, -0.9646703575660879, 0.9695025824968123, -0.23433663838843768, 0.07177104179833399, -0.24495819269914063, -0.9358073867185879, 0.2534955991580488
0.002844993507785784, 0.011663876076864612, 0.06975272945823574, 0.011130075760173592, -0.2651418049512481, -0.9641451885897513, 0.969456760369049, -0.2333928395369324, 0.07537487796100147, -0.24500961448139322, -0.935535999157746, 0.2544458352805112
0.0028450197781646645, 0.011652960000236978, 0.06970569911234166, 0.012090242430629635, -0.26930318842654033, -0.9629795526080852, 0.9694240918968248, -0.23289755213961497, 0.07730239490075265, -0.24509336198270487, -0.934470182997122, 0.2582532110184503
0.0028453790338548303, 0.01164155729803959, 0.0696588259188758, 0.009457545947300828, -0.27463213699414457, -0.9615028570704738, 0.9694272699186306, -0.23326006030499652, 0.0761610963984881, -0.24519649908341903, -0.9328273868173784, 0.26402981506014833
0.002846252593520677, 0.01162911325142816, 0.06961227678548618, 0.0040125544105752186, -0.28140980316099695, -0.959579294322252, 0.9694376373836574, -0.23429875533527664, 0.07276510477098676, -0.24530504811579945, -0.9305442579121259, 0.27186911820888415
0.002847821775826602, 0.011615073141558411, 0.06956621861982074, -0.0035033397707373167, -0.28973830968826464, -0.9570994924820712, 0.9694200953441494, -0.23584204870848838, 0.06784693658466244, -0.24538216184839312, -0.9275937903845467, 0.28170437463170284
0.0028498910647226997, 0.011599241796351249, 0.06952071392176365, -0.012645836186865938, -0.2986814343860633, -0.954269083424701, 0.9693466508203139, -0.23784973091280331, 0.061600130260798594, -0.24537145997563625, -0.924238554842737, 0.29253365681855126
0.0028507215937070333, 0.01158293796606425, 0.0694753844903912, -0.0230587291212137, -0.30702205320686604, -0.9514230152019421, 0.9691926694310133, -0.24029912793890892, 0.05405458937950072, -0.24522207187058234, -0.9208657817274135, 0.3031045158209603
0.0028496947902657515, 0.011566847393639638, 0.0694300245937341, -0.03439144796404524, -0.3135584680157784, -0.9489458970049527, 0.9689260510342905, -0.24317868674260304, 0.04523752801865141, -0.24494802700579507, -0.917902616539326, 0.31217823533396327
0.0028471487446429526, 0.011551004234849388, 0.06938461091247826, -0.04629260816234277, -0.31709898288938937, -0.9472619645483727, 0.9685031318326781, -0.24650266910044497, 0.03518689751385743, -0.2446603320111823, -0.9157972860720168, 0.31852260950096895
0.00284343449720397, 0.011535433824987994, 0.06933912259661687, -0.05775033526951491, -0.3169753902074862, -0.9466739147029829, 0.9679275679859256, -0.25001562274581673, 0.02466599918658978, -0.24450178303871328, -0.9148873102113907, 0.3212477045911094
0.0028389030883141358, 0.011520161499349955, 0.06929353879614322, -0.06561580916447739, -0.3143606808148454, -0.9470332243091146, 0.9674180832486349, -0.25262432724339656, 0.016828591395561816, -0.24453387861649842, -0.9150728449923801, 0.32069435692934084
0.0028339055583387817, 0.011505212593229763, 0.06924783866105044, -0.06367505572826583, -0.31355147549907375, -0.9474338813291173, 0.967514956412849, -0.25214176392904775, 0.01842118346336663, -0.24466363929984553, -0.915483480514587, 0.31942088302027627
0.0028287929476432418, 0.011490612441921915, 0.06920200134133181, -0.05175909183884549, -0.3144402168944538, -0.9478651520186755, 0.9681688209497634, -0.24854373020551218, 0.029582905811880535, -0.2448879959343924, -0.9161623023105122, 0.31729561180756755
0.002823918573258262, 0.011476384641125846, 0.06915600668781578, -0.034163826982984154, -0.3136367825189181, -0.9489282383705617, 0.9688602982099239, -0.2433803990405553, 0.045559893716263414, -0.24523979179255123, -0.9178223956812347, 0.3121850324847512
0.0028199553282494925, 0.011462308599193295, 0.06910993292773401, -0.013732754811991398, -0.31075437159522173, -0.9503910416137836, 0.9692756015938678, -0.23759116736402167, 0.0636808082976883, -0.2455936065945513, -0.9203163356830413, 0.3044694117227879
0.0028182220279768535, 0.011447670176666867, 0.06906405712523045, 0.007424053373022685, -0.30697923106826297, -0.9516872569937314, 0.9692989775352971, -0.23170275682403838, 0.08230021038349818, -0.2457730163800372, -0.9230804862918935, 0.29583448116570094
0.0028199901391445297, 0.011431793776614107, 0.06901864716740658, 0.02744985042431141, -0.3035233423939304, -0.9524285203277462, 0.9689650359907799, -0.22607942837304598, 0.09997425215475945, -0.24566901460922905, -0.9256142137459503, 0.28789765989392263
0.0028247351206890222, 0.011415410029416753, 0.06897349550340494, 0.04681797050295578, -0.3011852884944376, -0.952415612866834, 0.9683147487199454, -0.2204616119832311, 0.11731677225863399, -0.24530516718857212, -0.9277306180332078, 0.2813205916997706
0.0028306811519348903, 0.011400124126277722, 0.06892809067079836, 0.06690071782628451, -0.3003513566150188, -0.9514795618056364, 0.9672658473266623, -0.21443437812373561, 0.13570069297583107, -0.24478781536212513, -0.9294121583335376, 0.2761737956288279
0.0028367927859645485, 0.011386084716499071, 0.06888234505479772, 0.08135941300374941, -0.2973874274869873, -0.9512840605667464, 0.9663221240353111, -0.21025364112259964, 0.14837438793327493, -0.24413561500848296, -0.9313184870748358, 0.27026593776698693
0.002842418568324667, 0.011372704093082997, 0.06883638591116714, 0.0778221394341984, -0.2858849721172903, -0.9550986846035232, 0.966829436556824, -0.212129746764803, 0.14227371909356612, -0.24327876031642917, -0.9344895682965095, 0.25989361578135145
0.002847040754021872, 0.01135941411529859, 0.06879033556932616, 0.05835683332369196, -0.26915837030243067, -0.9613262982466309, 0.9684023913385353, -0.2186255844755021, 0.11999859275237969, -0.24246914948965612, -0.9379534239549877, 0.24789531265612533
0.0028512603224780547, 0.011345859394616496, 0.06874426096865766, 0.031947025808785535, -0.25514569440080564, -0.9663747007091522, 0.9697399486677768, -0.22622864645852594, 0.09178797023227446, -0.24204094591574876, -0.940064505313478, 0.2401976401839444
0.002856105519261935, 0.011331866610322084, 0.06869818834850348, 0.0037542681328066605, -0.24646473210052086, -0.9691444893829844, 0.9702758938633417, -0.23361162522790718, 0.06316880833187342, -0.24197230266805358, -0.9405746883629148, 0.23826174756457566
0.00285914880355945, 0.011319096158592737, 0.06865183211817746, -0.02460070231633309, -0.24098961545916162, -0.9702158577792823, 0.9699533365846098, -0.24073106279361273, 0.03520057179422581, -0.24204406684305632, -0.9401981496722397, 0.23967083481093604
0.0028556844498070577, 0.011310168802327915, 0.06860476540677268, -0.05181880007178448, -0.2371201640508633, -0.9700973351986966, 0.9688735769714851, -0.24740244850577256, 0.008718963231273644, -0.24207189800883575, -0.9394498689519524, 0.24255955953241587
0.002847968782852271, 0.01130268712072454, 0.06855753325339589, -0.07681278935267763, -0.23368056883224186, -0.9692745674689401, 0.9672416752093687, -0.25337970928985404, -0.015564853303623427, -0.24195730435354798, -0.9387183361746105, 0.24548838709710008
0.0028400046639482962, 0.011293264373354773, 0.06851084624264055, -0.1008066161953654, -0.22991378072594446, -0.9679760738590303, 0.9650935296535909, -0.2589867039234042, -0.03899187366188563, -0.24172816375427544, -0.9381180845838083, 0.24799587541891283
0.0028324584726614685, 0.011282249479702354, 0.06846456105756661, -0.1258552962435422, -0.22539902361863612, -0.9661033715701522, 0.962219025704804, -0.2647488409947069, -0.06358142624742699, -0.24144355650782615, -0.9376051041583151, 0.2502032727146615
0.00282501579067189, 0.01127084211193592, 0.06841835499895972, -0.14713988713305418, -0.22359499195352606, -0.963511874959398, 0.9593286903441907, -0.2695177903066157, -0.08395608727626092, -0.24091143081425606, -0.9366778743418368, 0.25415790804436156
0.0028176188579182595, 0.011259243676933069, 0.06837217689616035, -0.15510571769613185, -0.23024129330318288, -0.9606930639887256, 0.9583760693668603, -0.2710265819815898, -0.08977695430512084, -0.23970299539825327, -0.934630161463589, 0.26269551819483083
0.0028102558497604957, 0.011247477159444817, 0.06832602410514298, -0.15440801604059123, -0.24014471629401585, -0.9583781507413841, 0.9588559524838289, -0.27031362354619015, -0.08675141100672641, -0.2382297776700845, -0.9323417078310909, 0.27200278099656794
0.0028029149415585188, 0.01123556554422219, 0.06827989398188207, -0.1532531922740188, -0.24608480120181225, -0.9570557610062682, 0.9592844720485583, -0.2695688676089689, -0.08429666246380722, -0.23724831030871743, -0.9310074630385531, 0.2773776180988217
0.002795584308672245, 0.011223531816016197, 0.06823378388235204, -0.1530420165509884, -0.24871004210986708, -0.956410715186585, 0.9594455305455454, -0.26923932298804654, -0.08351323771184614, -0.236732792587305, -0.9304050203597606, 0.27982866722901995
0.0027882521264615953, 0.011211398959577859, 0.06818769116252738, -0.15317214897797524, -0.25048884164380814, -0.9559255373664897, 0.9595091173600164, -0.2690997770739575, -0.08323198713084248, -0.23639066496050828, -0.9299680909529582, 0.2815649184980954
0.002780906570286487, 0.011199189959658191, 0.06814161317838252, -0.15355162454816138, -0.25179705533672736, -0.9555208744566355, 0.9595042748386248, -0.2691027099372459, -0.08327831693085179, -0.23616402174130036, -0.9296138845930517, 0.2829215092685445
0.002773535815506838, 0.011186927801008216, 0.0680955472858919, -0.1541806380639558, -0.2526353652949278, -0.9551982532691786, 0.9594409043539898, -0.2692090753693392, -0.08366376032179958, -0.23601161390615835, -0.9293556079031771, 0.28389553036341836
0.0027661280374825688, 0.011174635468378944, 0.06804949084103001, -0.15505928808354097, -0.2530041739430444, -0.9549583787508351, 0.959322485425112, -0.2694034420145205, -0.0843928574496356, -0.23591732903034288, -0.9291989417762627, 0.28448609889599574
0.002758671411573597, 0.0111623359465214, 0.06800344119977132, -0.15618757633246005, -0.25290359703391374, -0.9548011372043395, 0.9591479909635082, -0.2696865300831446, -0.0854652380935033, -0.23588253947687193, -0.9291442009177161, 0.2846936625057205
0.0027511541131398413, 0.011150052220186599, 0.06795739571809023, -0.15756540377383485, -0.2523334626204129, -0.9547255978424278, 0.9589161251116175, -0.2700585381697237, -0.08688067082241341, -0.2359088988031377, -0.9291911588062086, 0.28451850882124763
0.0027435643175412203, 0.011137807274125553, 0.06791135175196124, -0.15919256333799653, -0.2512933159798086, -0.9547300126851308, 0.9586255235330515, -0.27051835450155715, -0.08863930002404512, -0.23599752839566093, -0.9293392756263139, 0.2839606968745803
0.002735890200137653, 0.011125624093089289, 0.06786530665735878, -0.16106872931926364, -0.24978243051116922, -0.954811814884698, 0.9582745247901748, -0.27106445933507073, -0.0907413578449774, -0.23614995145805615, -0.9295874333774735, 0.28302014792773866
0.0027281199362890578, 0.011113525661828817, 0.0678192577902573, -0.16319344345628967, -0.24779982465512898, -0.9549676156361356, 0.9578611240228179, -0.2716951105417758, -0.09318709134550938, -0.23636828699853724, -0.9299338760409687, 0.28169667923636865
0.002720241701355353, 0.011101534965095158, 0.06777320250663128, -0.16556609772413258, -0.24534428491157476, -0.9551931999054595, 0.9573829752760697, -0.2724083388528111, -0.09597674496977092, -0.23665524700699833, -0.9303762028258677, 0.2799900271069964
0.002712243670696458, 0.011089674987639332, 0.06772713816245517, -0.16816517226636346, -0.24244980794639825, -0.955478186806679, 0.9568422961787842, -0.2731948120828634, -0.09908286882362942, -0.2370090611768586, -0.9309042299172153, 0.27792808357972854
0.0027041140196722904, 0.01107796871421235, 0.06768106211370338, -0.1708820201383297, -0.2392994042858218, -0.9557903171208076, 0.9562621742252814, -0.27401601163506945, -0.10236151382989214, -0.23740680137557385, -0.9314778690210844, 0.27565737825162334
0.0026958409236427696, 0.011066439129565231, 0.06763497171635044, -0.17358561236227285, -0.23611609946605386, -0.9560947770769127, 0.955672785180109, -0.2748275123449083, -0.10563790098445926, -0.23781834001377586, -0.9320509782363011, 0.27335583242697836
0.002687412557967815, 0.011055109218448999, 0.06758886432637075, -0.17614559884438252, -0.23312396001220553, -0.9563607830081603, 0.9551062918718104, -0.2755870675301019, -0.10873701962551285, -0.2382114590749866, -0.9325797485890345, 0.27120161003758697
0.002678817098007343, 0.011044001965614666, 0.06754273729973878, -0.17843273912273647, -0.23054724399233603, -0.9565614072795827, 0.9545966229970839, -0.2762544799211798, -0.11148430241985567, -0.23855197540938713, -0.9330227385283902, 0.26937246410363186
0.002670052568503572, 0.011033123081256205, 0.06749658974154744, -0.18035112350851237, -0.22855617787302887, -0.9566794373275145, 0.9541710273458481, -0.2768010874047258, -0.1137488838860853, -0.23881189841167066, -0.9333505405621373, 0.26800307014916863
0.002661158382608247, 0.011022405685589905, 0.06745042810691732, -0.18186075127317494, -0.22722814016763887, -0.9567100080287194, 0.9538433552508214, -0.2772156700409668, -0.11547435181715919, -0.23897598371010348, -0.9335517364344056, 0.2671547016432514
0.0026521848231915324, 0.011011763834735904, 0.06740426078128527, -0.182926860938706, -0.22663122850689701, -0.9566483417706666, 0.9536257888155967, -0.27748798342658854, -0.11661163732525258, -0.2390305805811094, -0.9336159303050158, 0.2668813898115749
0.002643182173169511, 0.01100111158473384, 0.06735809615009657, -0.18351434668296845, -0.22683319467370194, -0.9564879436540984, 0.9535298675197958, -0.2776069905780176, -0.11711170108019463, -0.23896291827227853, -0.9335314995094375, 0.267237091576857
0.002634200517734201, 0.010990363332898453, 0.06731194257724901, -0.18358761349066446, -0.22790130877011688, -0.956219944172715, 0.953566213434535, -0.277560621888446, -0.11692552233375786, -0.23876152279822094, -0.9332851089767623, 0.2682756802121796
0.0026252744593226866, 0.010979460200045204, 0.06726580673937962, -0.18313105820933823, -0.22986657235313362, -0.9558370020216572, 0.9537389899074162, -0.2773419083114268, -0.11603191381924843, -0.23842179986215467, -0.9328680639880421, 0.27002262968442653
0.002616412251004498, 0.010968388786450109, 0.06721969244165617, -0.1822151762252456, -0.23260969453130842, -0.955348292280493, 0.954028933059766, -0.27697021583123693, -0.11452639183717706, -0.23796307368591307, -0.932298358655881, 0.27238455537989537
0.0026076195802734927, 0.010957140120616826, 0.0671736032096582, -0.18093309663158674, -0.23597184855511447, -0.9547672497696948, 0.9544103050927436, -0.27647212041226865, -0.11253504417522672, -0.23741142364275794, -0.9316010161674505, 0.2752369208512782
0.0025989021346235265, 0.010945705231049013, 0.0671275425689653, -0.17937809272234656, -0.23979439560024668, -0.954108037745205, 0.9548573320605354, -0.27587499895976475, -0.11018375723847113, -0.23679310644849813, -0.930801607641318, 0.27845536796910203
0.0025902656015484565, 0.01093407514625033, 0.06708151404515704, -0.17764333826510043, -0.24391991261272944, -0.9533865536082569, 0.9553447829458989, -0.2752073934049468, -0.10759756648413588, -0.23613383931170123, -0.9299268610198618, 0.2819163760508822
0.002581715668542141, 0.010922240894724428, 0.06703552116381299, -0.17578947185104554, -0.2482460409158129, -0.9526132293622396, 0.9558562398387135, -0.27448806777449847, -0.10485775799061421, -0.23545044138358787, -0.9289941893354592, 0.28553963968812945
0.002573258023098435, 0.01091019350497497, 0.06698956745051271, -0.17382125765875409, -0.2527632239617732, -0.9517861750405809, 0.9563894487915333, -0.27371700960553985, -0.10197166710821041, -0.2347453782849748, -0.9280030987367721, 0.2893179152917994
0.0025648983527111965, 0.010897924005505606, 0.06694365643083577, -0.171737996159419, -0.2574708527263093, -0.9509021088795284, 0.9569435306968848, -0.2728920009816275, -0.09893955153336755, -0.23401952852812918, -0.9269513017395415, 0.293250992275971
0.0025566423448742832, 0.010885423424820004, 0.06689779163036177, -0.16953897703276463, -0.2623682315271059, -0.9499576023970874, 0.9575175755867591, -0.2720106236301849, -0.09576175162753148, -0.2332737184278136, -0.9258364497672669, 0.29733859583512584
0.0025484956870815497, 0.010872682791421813, 0.06685197657467026, -0.1672234847653636, -0.2674545672217932, -0.9489490822036405, 0.9581102069693532, -0.2710719864438496, -0.09243813859294431, -0.23251051039484472, -0.9246556292142436, 0.301580552951181
0.0025404640668268553, 0.010859693133814692, 0.06680621478934082, -0.16479080460260004, -0.2727289579981707, -0.947872832286937, 0.9587195849011093, -0.2700767260261646, -0.08896808183855932, -0.23173421897827753, -0.9234053700992972, 0.30597675438880595
0.002532553171604056, 0.0108464454805023, 0.066760509799953, -0.1622402288623695, -0.27819038178035443, -0.9467249968304348, 0.9593444040952032, -0.26902303461434934, -0.08535174970735095, -0.2309467957558746, -0.9220828153326508, 0.3105267447391724
0.002524768688907009, 0.010832930859988295, 0.0667148651320864, -0.15957106500519505, -0.2838376805838452, -0.9455015845009943, 0.9599840823666269, -0.26790587937305627, -0.08159044919630458, -0.2301469895866838, -0.9206859458458854, 0.3152296818290663
0.00251711630622957, 0.010819140300776334, 0.06666928431132058, -0.1572148264303713, -0.2885162961217427, -0.9444796690361625, 0.960527503252999, -0.26692446504772555, -0.07834695561121455, -0.22950035696056836, -0.9195160014002891, 0.3190923210041183
0.0025096017110655977, 0.01080506483137007, 0.0666237708632351, -0.15577994208544924, -0.2905484488049791, -0.9440943853984486, 0.9608222038298313, -0.2663817435187471, -0.07656016815223594, -0.2292450703318182, -0.9190333865627152, 0.3206623334781104
0.0025022305909089483, 0.010790695480273166, 0.06657832831340954, -0.15514845240749986, -0.2901413939276413, -0.9443235299648542, 0.9609015294868445, -0.26623546188058095, -0.076071870406063, -0.2293408126465956, -0.9192043572388889, 0.3201033290792837
0.002495008633253478, 0.010776023275989274, 0.06653296018742345, -0.15518474422173495, -0.2875331478213968, -0.9451150110249829, 0.9607986647523002, -0.26642489912157924, -0.07670527321021263, -0.22974686280998863, -0.9199687288337443, 0.31760654432330765
0.0024879415249221483, 0.010761039248804064, 0.06648767001042914, -0.15575094208783558, -0.2829568832346475, -0.9464021588462728, 0.9605436801680146, -0.26688452718133154, -0.07828465775925735, -0.23042890992242845, -0.921253521774181, 0.31335996248823855
0.0024808266841251374, 0.010746291329626081, 0.06644232738156611, -0.15670806557014957, -0.27664219831704, -0.9481095275840113, 0.9601641991083371, -0.2675497293617191, -0.08063406891083075, -0.23135966142762968, -0.9229768341777524, 0.3075491353187425
0.0024733785554301177, 0.010732582032625448, 0.06639673726863074, -0.1579167086760355, -0.2688171061610033, -0.9501577114122435, 0.9596857704475082, -0.2683623202194057, -0.08357563692266787, -0.2325199671458359, -0.9250508248316311, 0.3003588459773049
0.0024656609446636374, 0.010719804374452187, 0.06635092078880134, -0.15923747213471418, -0.2597102072689911, -0.9524673410193358, 0.9591336244993266, -0.2692691001371328, -0.08693009873526845, -0.23389338986583375, -0.927385982184137, 0.2919745232472051
0.002457744157560176, 0.010707834287051195, 0.06630490313705636, -0.1605313125251917, -0.24955264559783166, -0.9549623944292582, 0.9585354078092788, -0.27021513607220604, -0.09051879480736955, -0.2354560886340354, -0.9298963691254001, 0.28258303737584656
0.0024496984998542094, 0.010696547702367352, 0.06625870950837416, -0.16165990933582255, -0.23857956722927742, -0.9575729026106703, 0.9579221141011383, -0.2711428604169769, -0.0941635415694709, -0.23717355887522396, -0.9325027288676374, 0.2723735736536682
0.0024415942772802175, 0.01068582055234556, 0.06621236509773314, -0.1620665915256715, -0.22820002430796632, -0.9600308165976208, 0.9574403658848031, -0.27183897916463556, -0.09701296398473348, -0.2388354364109847, -0.9348948167107209, 0.26254393156537076
0.0024335017955726757, 0.010675528768930699, 0.06616589510011167, -0.16103845087811247, -0.220372614641135, -0.9620304195060609, 0.9572842981765691, -0.27206239183306385, -0.09792255825225393, -0.2401528467525867, -0.9367059120483346, 0.2547717498670651
0.002425491360466064, 0.010665548284067666, 0.06611932471048819, -0.15857116298455892, -0.21514723845227926, -0.9636217370192945, 0.9574561979520324, -0.271836398183186, -0.09686383032913283, -0.2411074766011272, -0.9379854148168565, 0.24909947072984004
0.0024176332776948573, 0.010655755029701345, 0.06607267912384104, -0.15466924625940645, -0.21253020937191244, -0.9648359105909553, 0.9579461041675095, -0.2711730953260763, -0.09383183831496544, -0.24169544011387173, -0.9387737014188274, 0.24553462434564308
0.002409997852993535, 0.010646024937776626, 0.06602598353514863, -0.14933274869048285, -0.2125216339140001, -0.9656781478769564, 0.9587346774516669, -0.27007085033408706, -0.08882316168360314, -0.24192467509576918, -0.9390933345085285, 0.24408228256360537
0.002402655392096575, 0.010636233940238403, 0.06597926313938937, -0.1426794901449379, -0.2150218672790776, -0.9661305086186851, 0.9597730436534966, -0.2685443407022821, -0.0819734210148624, -0.2418228024154956, -0.9389619447392932, 0.24468796162320863
0.002395676200738453, 0.010626257969031562, 0.06593254313154162, -0.13610263303683717, -0.21892738016673424, -0.9662022953262791, 0.9608050047437235, -0.26692622670997884, -0.07486075309390428, -0.24151566437780708, -0.9385207465515631, 0.24667588482144592
0.002389130584653649, 0.010615972956100995, 0.0658858487065838, -0.1303447118084834, -0.2235525555038507, -0.9659371154641803, 0.9617095046157851, -0.26541160079419923, -0.06834845203456827, -0.24109144496481927, -0.9378597640860591, 0.24958761602534923
0.0023830888495766384, 0.010605254833391586, 0.06583920505949427, -0.1255629012306612, -0.22863410853608765, -0.9653809622363846, 0.9624698929453563, -0.2640589626000419, -0.06264638412824791, -0.2405943952137987, -0.9370161731178914, 0.25320945540640516
0.002377621301241901, 0.010593979532848234, 0.06579263738525146, -0.12191350601647805, -0.23391074816999846, -0.964584293331237, 0.9630722676156493, -0.26293002715929686, -0.05796212701120075, -0.24006020994829888, -0.936030748805061, 0.2573276761077512
0.0023727390931300558, 0.010582067752646184, 0.06574616675414402, -0.11955268774326282, -0.2391226124022716, -0.9636013341062137, 0.9635037679143839, -0.2620877795046179, -0.05450215637132135, -0.23951543597051753, -0.934949395460659, 0.2617288365075602
0.0023678334818598512, 0.01056991734862648, 0.06569976820804835, -0.11863669156498076, -0.24401064741852763, -0.9624885138851822, 0.9637503915965422, -0.26159474602318217, -0.05247257903494442, -0.23897807035798763, -0.9338238553386061, 0.26620009220230356
0.0023626139162880545, 0.010557729466199333, 0.06565342356820159, -0.11932196263277177, -0.24831560551488768, -0.9613020489373972, 0.9637936263045015, -0.2615140839777471, -0.052079072342915755, -0.2384619783703101, -0.9327109648433723, 0.27052937166352803
0.0023570743870149416, 0.010545504982809793, 0.06560712923038085, -0.12176493464334215, -0.2517767858702352, -0.960094657202172, 0.9636063212051246, -0.2619118410950776, -0.05352611724862192, -0.23798352553239685, -0.9316708848037704, 0.2745053806105273
