0.0003044010081794113, 0.0012459225254133344, 0.007277987897396088, 0.15461906517221907, 0.46994458526865635, -0.8690483481728387, 0.9499065703203808, -0.31253401040874174, 0.0, -0.2716071654935498, -0.8255147358554535, -0.4947271657571074
0.00030620763740245364, 0.0012514135405091197, 0.007267833598892879, -0.041679141204479894, -0.044925009817328214, -0.9981205301372024, 0.9491515109443339, -0.31378431760435505, -0.02551100346237231, -0.3120484873550022, -0.9484308859998615, 0.055718901828489396
0.0003057578512532947, 0.0012509287261251686, 0.007257062244765299, -0.15850140386613687, -0.319236060677365, -0.9343263041013355, 0.9452918766104869, -0.322335960334345, -0.050227449562562795, -0.28513255336191967, -0.8911721866387737, 0.3528619571089788
0.00030386609743767525, 0.0012471185640626308, 0.007245910827126689, -0.20301089286810065, -0.36150450408882834, -0.9100005884066158, 0.9396819528796474, -0.3332091029826194, -0.07726267612379423, -0.2752896743599163, -0.8707962949008273, 0.40734433588525915
0.0003013463925931191, 0.00124263168832206, 0.007234616197273271, -0.20978616209067225, -0.27542455648575914, -0.9381530151739049, 0.9332898661812914, -0.3424485272881448, -0.1081620628570294, -0.29147863022625414, -0.898259606039815, 0.3288919097190184
0.0002988281879322337, 0.001239325581785038, 0.007223354914489454, -0.20197181667764608, -0.19590783174763748, -0.9595975754074574, 0.9298758800315869, -0.34595369589785296, -0.12508752148035257, -0.3074707026749266, -0.9175707938652773, 0.2520428638982497
0.00029646974647473874, 0.0012370379499765912, 0.0072121496149502385, -0.18413438055674577, -0.1523153254094509, -0.9710275853663463, 0.930420389993371, -0.3455080834069918, -0.12223772815710711, -0.3168792006136836, -0.9259720330257498, 0.20533720138492334
0.0002943552214329639, 0.001235288822144784, 0.007200998725370014, -0.15715692108518428, -0.14872391508588823, -0.9763108619884092, 0.9345522193857047, -0.34196624709623696, -0.0983424378799365, -0.31923948909287353, -0.9278686776308601, 0.19273262742794786
0.00029256876601923887, 0.0012335982275376808, 0.007189900672463185, -0.12132343147642578, -0.1862788999491927, -0.9749773312280156, 0.9411622699116109, -0.3337165589304021, -0.05335578685087139, -0.3154270227320563, -0.9240851853207962, 0.21580631038276132
0.0002911941301661822, 0.0012314876240753325, 0.007178853846807879, -0.08214821054493802, -0.24642734313189502, -0.9656734624401873, 0.9473095957993478, -0.3203173366175225, 0.00115480246496371, -0.3096065264343451, -0.914696872422341, 0.25975648282583275
0.0002902581826857998, 0.0012286799786090268, 0.00716785154209488, -0.050928087958720836, -0.29347069588404295, -0.9546105386565793, 0.950532134517695, -0.30751868728219495, 0.04382828106907884, -0.30642289585816423, -0.9051559023889594, 0.29461466573191064
0.00028967268127178816, 0.001225306054428909, 0.007156876737372839, -0.029075345546571246, -0.32423224096366376, -0.9455305802569413, 0.9518693050949347, -0.2977273255137818, 0.07282352408732291, -0.30512202526109733, -0.897904167248427, 0.31728324276342573
0.00028933548671616704, 0.0012215458464466973, 0.007145911166445222, -0.016367699419695188, -0.3398601285400098, -0.9403335532907854, 0.9522893252983181, -0.29194925197136223, 0.0889419765703252, -0.30475750907661114, -0.8940138294803555, 0.32842371010523774
0.00028914445981095566, 0.0012175793495741059, 0.007134936563115483, -0.012558658868055749, -0.34111988168754076, -0.9399359054770247, 0.9523476777629646, -0.29057674201750217, 0.09273110404811721, -0.3047559363604334, -0.8939811985248751, 0.32851398134189547
0.0002889974613481738, 0.001213586558722851, 0.00712393466118708, -0.01753472573387775, -0.328202632960556, -0.9444445802222575, 0.9522292374878816, -0.29351284123783555, 0.08431898541693278, -0.30488032515510977, -0.897849232191158, 0.31767081009602194
0.0002887923521198409, 0.0012097474688046491, 0.007112887194463474, -0.031342868893706834, -0.30071531332380813, -0.9531987856171849, 0.9517705243830513, -0.3001872631611674, 0.06340722318016839, -0.305205657688588, -0.9052391437451055, 0.29562070148503555
0.00028842699291797646, 0.0012062420747312157, 0.007101775896748121, -0.05111996534037334, -0.26442765821252845, -0.9630497197527432, 0.9506571711625313, -0.30835221799445284, 0.03420310768270949, -0.3060027647928244, -0.9137816605897383, 0.2671430042299587
0.0002878335638733901, 0.001203172451120745, 0.007090596278935849, -0.06311026652995713, -0.24972729107100297, -0.966257405846318, 0.9497670083615061, -0.31239835688306944, 0.01870551909980535, -0.3065285045253583, -0.9165388953618373, 0.2568982857131408
0.0002871027780041308, 0.0012002807318250187, 0.007079407493068109, -0.06329084580060253, -0.26601749931124025, -0.9618882257819973, 0.950095288086006, -0.3110723551477121, 0.023514536347228544, -0.30547211393941315, -0.9123972160868586, 0.2724300051065158
0.00028637106788928274, 0.0011972052839855972, 0.007068287032672062, -0.054197563721513776, -0.3032574696932325, -0.951366139381632, 0.9514041529636531, -0.3049282012397316, 0.04299918385522811, -0.30313818929683933, -0.9028032449897154, 0.3050467817005674
0.0002857443375253691, 0.0011936984720315217, 0.007057285614788898, -0.043656869448844, -0.3325027086594706, -0.9420913047491957, 0.9524269227378427, -0.29855181515940693, 0.061235369755941314, -0.3016239953883811, -0.8945997777772687, 0.3297183692286667
0.0002852387470054296, 0.001189847755764534, 0.007046375248594255, -0.03317158580943347, -0.34887092438180595, -0.9365835381939357, 0.9530417329204067, -0.2932792433784782, 0.07549000407614007, -0.3010167789458848, -0.8900990751171084, 0.34221708792623545
0.0002848540513893809, 0.0011858018498513358, 0.007035513555599639, -0.02275435851206543, -0.3526644018191474, -0.9354731737779803, 0.9533538539183897, -0.2893739617292492, 0.08590191786027221, -0.300996126864879, -0.8898823124226384, 0.34279848548335173
0.00028459000573713953, 0.001181709468958626, 0.007024658157316558, -0.012382525653877785, -0.34396971351266764, -0.938899094282471, 0.9534653757196625, -0.2869466285965417, 0.09254949832841441, -0.3012481541224674, -0.894061781155582, 0.33151633612043074
0.00028444636510862204, 0.0011777193277531064, 0.007013766675256514, -0.0020259792966556404, -0.32262944439099456, -0.9465231835617381, 0.953475967551485, -0.2859653918053156, 0.09543256253183173, -0.3014622276665008, -0.9022937638605237, 0.30819878161465913
0.00028442288456374484, 0.0011739801409014763, 0.007002796730931011, 0.008308609508308192, -0.28837209399156044, -0.9574823770780124, 0.9534846464384243, -0.2862505870366352, 0.09448613881080443, -0.3013270582178629, -0.9137297942105775, 0.2725800197330397
0.0002845191236348441, 0.001170639911416753, 0.00699170616102617, 0.015385814800824444, -0.25268880553083484, -0.967425265466183, 0.9535616885419806, -0.2873666777236724, 0.09022471213046754, -0.30080455922057014, -0.9238878503874044, 0.23653299359425442
0.00028469744467394674, 0.001167711257266474, 0.006980493737061284, 0.01223183635810456, -0.2415150543982268, -0.9703199785010768, 0.9536609669362557, -0.2889376767994383, 0.08393913907081249, -0.3006345660790096, -0.9263830187480581, 0.22678924192677372
0.00028483921626812315, 0.0011649120067469924, 0.006969247362748717, -0.0020792720567514365, -0.2584109007680996, -0.9660328581326484, 0.9536771844192797, -0.29112022746131133, 0.07582111236977154, -0.30082470733938926, -0.9211258434801913, 0.24704589842188654
0.000284815151139118, 0.00116192120444042, 0.006958066668390468, -0.025895548602111622, -0.2977470784449857, -0.9542935071769435, 0.9534598927387659, -0.29422410375117075, 0.06592730625773734, -0.3004058146926868, -0.9081733612308258, 0.2915089920560382
0.000284515715152384, 0.001158478288764014, 0.00694703196036609, -0.04846823912374955, -0.32640284848867146, -0.943987293502791, 0.9529317302405214, -0.29829822136542905, 0.054215206640091294, -0.2992857285221755, -0.896927729323106, 0.32549762068907323
0.00028395457776506913, 0.0011546993843737508, 0.006936103018586668, -0.06569401871206845, -0.332353411868534, -0.9408642333114821, 0.9520807839564298, -0.3031393255499334, 0.04060455794663472, -0.29870801249107554, -0.8931112802582196, 0.33634173744742923
0.00028319282352505797, 0.001150845584200821, 0.006925193238167523, -0.07733417740865751, -0.3160533357178527, -0.9455843241013171, 0.9509518197859571, -0.30830473525428553, 0.025275020584787856, -0.2995163792688187, -0.8972505108393103, 0.32439398784239815
0.000282295100618931, 0.0011471767235684456, 0.00691421655572433, -0.03622242347270382, -0.3001173586393033, -0.9532143028097784, 0.9527334878825847, -0.29827629778614667, 0.05770746265497099, -0.3016402445046898, -0.9060688832657029, 0.2967361482408122
0.00028187602670401934, 0.0011437045274987183, 0.00690318838004389, 0.09141424988236262, -0.31022638242029893, -0.946257378607353, 0.9487485628174129, -0.2615436756173587, 0.17740087456508027, -0.3025220644355358, -0.9139772958859407, 0.27041801555126693
0.000282933312144911, 0.0011401164891137229, 0.006892244089071472, 0.1372093218886062, -0.30587882623594587, -0.9421314906356695, 0.9437172923491282, -0.24860817688209852, 0.21815509737017239, -0.30095061739112455, -0.9190386923562464, 0.2545517783163609
0.00028452778670972153, 0.0011365619492207026, 0.006881295819100827, 0.0769423765749276, -0.2731472004404563, -0.9588902322886302, 0.9512461688514304, -0.2679973298874847, 0.15267009339964013, -0.29868143051163754, -0.9238874596317022, 0.23920987647419986
0.0002854182275663869, 0.001133400863769708, 0.006870198747787262, -0.03483092604581904, -0.2134786477698831, -0.9763266223642233, 0.9543757505917346, -0.2970058725354465, 0.030893985853583866, -0.29656994667911657, -0.9307063869050219, 0.21408383428214683
0.00028501471833804323, 0.0011309277568440936, 0.00685888820147898, -0.08914015127852584, -0.20792281752927502, -0.9740750152738388, 0.9509720535649636, -0.308551876429066, -0.021163480114064673, -0.296152303331373, -0.9282046334202337, 0.22523314971098787
0.0002839799947624497, 0.001128514224467094, 0.006847581305896638, -0.11357847773465166, -0.2263265223622798, -0.967406964348963, 0.9491101297990128, -0.3126074743050127, -0.03829528066932194, -0.2937514100534337, -0.922525269184556, 0.2503142760762601
0.00028266347268123346, 0.0011258908061030008, 0.006836367802638888, -0.13434546979331383, -0.24080463028702612, -0.9612306823954083, 0.9471510481936389, -0.3163584721776141, -0.05312446693508626, -0.29130085247335796, -0.9175676798546113, 0.27057968555403505
0.00028110708180883, 0.0011231010869618358, 0.0068252319551655345, -0.151804387333777, -0.2510138836721455, -0.9560059927584361, 0.9451761447735192, -0.3197977532962739, -0.06611695953175106, -0.2891322938332629, -0.9136309031498893, 0.2857990368637264
0.00027934841420404043, 0.0011201930683378681, 0.006814156538973826, -0.16597944294584166, -0.2570196687383152, -0.9520460673733362, 0.9432926927113132, -0.32283717976518284, -0.07729845560360815, -0.2874886439441184, -0.9108880530794714, 0.2960291106635667
0.0002774250619256658, 0.0011172147515253685, 0.006803124329561015, -0.1769038477281136, -0.2588804566477452, -0.9495714495628242, 0.941588248472303, -0.325414854691541, -0.08669915042804041, -0.2865599396249398, -0.9094427312986444, 0.301325935641479
0.0002753746170325071, 0.0011142141378186062, 0.006792118102424352, -0.18460583689763221, -0.256635337357929, -0.9487143872644216, 0.940131393422117, -0.32749319652571623, -0.09434600856187524, -0.28648498753951074, -0.9093330027270268, 0.3017280929345754
0.00027323467158336544, 0.0011112392285118513, 0.006781120633061086, -0.1890992514897455, -0.25029743996351944, -0.9495223349841363, 0.9389726650628979, -0.3290573688455169, -0.10025757962939491, -0.28735310569175515, -0.9105341506808923, 0.2972469564068389
0.0002710428176370418, 0.0011083380248993744, 0.0067701146969684715, -0.19037848889794706, -0.23985290113100668, -0.9519593566870246, 0.9381452559771993, -0.33011439487140026, -0.10444120348868258, -0.2892049613205303, -0.9129595128578971, 0.28786354098749956
0.0002688366472523373, 0.0011055585282754446, 0.0067590830696437525, -0.1884918719906003, -0.2259328180507928, -0.9557327952524736, 0.9376897663856495, -0.33066465921268645, -0.10676509337505478, -0.29190532062486524, -0.916305213820911, 0.2741824919930325
0.0002666528914395517, 0.0011029410037132076, 0.006748010512376103, -0.1847476832610297, -0.22037456764582183, -0.957759543656235, 0.9380404948627962, -0.33024888253923707, -0.10495573152117955, -0.2931694450778303, -0.917807564534365, 0.26773298443832944
0.00026451300436771584, 0.001100388459183594, 0.00673691701864876, -0.18034564183434082, -0.23250792950905783, -0.9557277395716683, 0.9394988755406032, -0.3284170136443739, -0.0973864878042819, -0.2912341194456825, -0.9154683652996001, 0.2776695154430457
0.0002624247477785386, 0.0010976962055150566, 0.006725850464839529, -0.17597392026765477, -0.24984507122383284, -0.9521610261771855, 0.9412045381773098, -0.3260696268796191, -0.08838900237599145, -0.288387233940877, -0.9117324381701816, 0.2925350653993227
0.0002603871298745165, 0.0010948032268874109, 0.0067148253063870735, -0.17219000100639664, -0.26278511257724463, -0.949365360733781, 0.9425285120122482, -0.32409908270472765, -0.0812390831677188, -0.2863400209495602, -0.90879247862079, 0.30348908251350076
0.0002583928796094629, 0.001091759732623247, 0.006703830056307449, -0.16904211615207382, -0.27113878761720883, -0.9475803505857955, 0.9434776326688911, -0.32260478581184415, -0.076000715949254, -0.28508721405972215, -0.9068681877873787, 0.3103471771402181
0.0002564345718092882, 0.0010886186621326067, 0.006692852590844493, -0.166551155919344, -0.27494343652019243, -0.9469249279517343, 0.9440710581241548, -0.32163685532910957, -0.07266065308225769, -0.28458838640090206, -0.9060661344562374, 0.3131351310812355
0.0002545047812999024, 0.0010854329548255284, 0.006681880786242026, -0.16472584431493223, -0.27421863829451293, -0.9474542388034557, 0.9443239550160708, -0.32121807037290345, -0.0712124936279758, -0.284811629322854, -0.9064342721222602, 0.3118641469047857
0.00025259608290721577, 0.0010822555501120532, 0.006670902518743874, -0.1635639987171229, -0.26896230848967345, -0.9491607318760984, 0.944247225684176, -0.32134444975794985, -0.07165836585840758, -0.2857341336127029, -0.9079631166637036, 0.3065272967729495
0.00025070105145713866, 0.0010791393874022214, 0.006659905664593871, -0.16305308865381923, -0.259151311126584, -0.9519738905147674, 0.9438475730139819, -0.32198519719245416, -0.07400872721883942, -0.28734204216589315, -0.9105855976954109, 0.29710001695325633
0.0002488122617755813, 0.0010761374061060733, 0.00664887810003584, -0.16277739386445833, -0.24609745745946443, -0.9554787080195362, 0.9432543741837994, -0.32289389927439544, -0.07752880364422912, -0.2894386042493708, -0.9138794073855498, 0.2846923306427704
0.0002469268418292057, 0.0010732869055296065, 0.006637810969817886, -0.16113309456033886, -0.23527177585136236, -0.9584796906169453, 0.9429799135541229, -0.3232971327379174, -0.07916973283332672, -0.2912473321266099, -0.9165839598482989, 0.27395042631458794
0.00024506040127571016, 0.001070561700103992, 0.006626708685900665, -0.1577315810146495, -0.22809058464896412, -0.9607785559352962, 0.9431488930531315, -0.32305373878704763, -0.07814376103287196, -0.2925592485006613, -0.9184829704737065, 0.26607915939908666
0.00024323323846880886, 0.0010679194985220763, 0.006615579026058415, -0.15258351131970252, -0.22456852166075067, -0.9624381804315825, 0.9437429074306302, -0.32219214753929587, -0.07444155249857266, -0.29337279483232825, -0.9196527600910692, 0.2610961587406967
0.00024146565176275556, 0.0010653180094748497, 0.006604429768065757, -0.14569070521998784, -0.22470820274179842, -0.9634731143280819, 0.9447291574855688, -0.32071003019177485, -0.06805803061357377, -0.29370229384380003, -0.9201365660351412, 0.2590128615261189
0.0002397779395118045, 0.0010627149416533035, 0.006593268689697318, -0.13704718855558734, -0.228501660267402, -0.9638490853676472, 0.9460603620959083, -0.3185743922457739, -0.058992778169830125, -0.29357768883205054, -0.919944209101985, 0.25983608825518284
0.0002381904000702095, 0.0010600680037484277, 0.00658210356872772, -0.12696945361772685, -0.23584129003781645, -0.963461282959162, 0.9476314158249941, -0.3158019658598475, -0.047579597524284305, -0.29304173352874685, -0.9190473351641657, 0.26358781864515796
0.0002367195445864225, 0.00105733594146989, 0.006570942519584959, -0.12049684116841854, -0.24536081168997492, -0.9619140207707078, 0.9487628723680317, -0.31359033562809446, -0.038860177773926724, -0.29211217585782867, -0.9173108379865005, 0.27057587332966193
0.0002353236002111739, 0.0010544934599437037, 0.006559798837694653, -0.1215918190837096, -0.25601610457972496, -0.9589948820133181, 0.9490313210260944, -0.3130306448472139, -0.03676094528169356, -0.2907833923101191, -0.9145860099424006, 0.2810292674691705
0.0002339150857294082, 0.0010515277802328217, 0.006548689881603413, -0.1303533193832295, -0.2677638602165242, -0.9546258572276992, 0.948416784888221, -0.31431903154946883, -0.041341849838801514, -0.28898722163456253, -0.9107722336389872, 0.2949242685236102
0.00023240529451250947, 0.0010484264589448744, 0.006537633118787657, -0.14596548824396777, -0.2810158755088903, -0.948537903277287, 0.9468829388337322, -0.31739901718302355, -0.05167750029602204, -0.28654280027125917, -0.9056974890123206, 0.3124184405720678
0.0002307146741755759, 0.0010451716405638167, 0.006526646840531576, -0.162899099759637, -0.2990310626896971, -0.9402363037259145, 0.9451871298127212, -0.3206306613838929, -0.06178404823995783, -0.2829932383183207, -0.8987638191022144, 0.33487075796329596
0.00022882764264270093, 0.001041707649385, 0.006515755094928914, -0.17875342538060934, -0.32311907237666626, -0.9293230213338856, 0.9437982262155182, -0.3232051828631791, -0.06916153528385888, -0.2780146059241141, -0.8894562804527391, 0.3627332409030608
0.00022675591388206622, 0.001037962741706017, 0.00650498436297165, -0.19303850769099445, -0.3480378767976738, -0.9173907405585698, 0.9426094716918055, -0.3253880363628467, -0.07489999778922611, -0.2724399354450981, -0.8791997850921588, 0.3908762201369799
0.0002245162235048414, 0.0010339247023899377, 0.006494340521810833, -0.2047341911509464, -0.3595371448099752, -0.9103938447043997, 0.9410398285744614, -0.3282048744073524, -0.08200976436865494, -0.2693101409347891, -0.8735070703303693, 0.4055335326117176
0.00022213927603952928, 0.0010297505051039967, 0.0064837709226176505, -0.2138210277504847, -0.3553768928735123, -0.9099383672003806, 0.9389580041441048, -0.33175867602863435, -0.09107166042983338, -0.26951518425766985, -0.873866949192665, 0.4046209591250292
0.00021965823835021152, 0.0010256269468440452, 0.006473212600044181, -0.22030236415413823, -0.3354760907115202, -0.9159272137615595, 0.9363520023239372, -0.3358569725489462, -0.10220088910674786, -0.2733345863443755, -0.8801453780774926, 0.38811379433972304
0.00021710627730096998, 0.0010217408246059351, 0.006462602588742512, -0.22396019769377937, -0.2993860838879755, -0.9274749606448603, 0.9332309150132881, -0.34019303236683096, -0.11553683392114077, -0.2809303990536165, -0.8914239583404086, 0.3555860477919422
0.0002145165597558865, 0.0010182789353855182, 0.00645187792336473, -0.22417770474165166, -0.24769870125439258, -0.9425442748718238, 0.9297535424304898, -0.3442118228631597, -0.130677355877659, -0.29206627164861126, -0.9056288281620168, 0.3074633613411062
0.0002119243112012561, 0.0010154147049704085, 0.006440978940180709, -0.21609847362317236, -0.21182570187394814, -0.9531166359493178, 0.9290125418602836, -0.3449456646199643, -0.13397083834247678, -0.30039498458534564, -0.9144082023284243, 0.2713309653365602
0.0002094203791810715, 0.0010129602815368347, 0.0064299351821026874, -0.1972302297969067, -0.22206141820477782, -0.9548764124215983, 0.9334243049713777, -0.34029395591144473, -0.11366217690524899, -0.29969868758965196, -0.9137224688684319, 0.27439378007166587
0.00020713384048780652, 0.0010103858687527023, 0.006418865064370044, -0.1865299260737017, -0.2348604458336565, -0.9539639184276077, 0.936175341526251, -0.3369837942708429, -0.10008822266897123, -0.2979636162304833, -0.9117469459129778, 0.2827281203227068
0.00020497176579493774, 0.0010076635933678282, 0.006407807636270666, -0.1952379456410745, -0.22428188157293683, -0.9547668732103958, 0.9339666590156189, -0.3396166837591106, -0.111206060804558, -0.29931325468320913, -0.9134320695654208, 0.2757778632529757
0.00020271128940819834, 0.0010050668445872343, 0.006396753289408705, -0.2224993218400296, -0.19069395813857823, -0.9561013890326534, 0.9264213007247125, -0.34685285104579405, -0.14641268143482702, -0.3037064789303298, -0.9183294147803645, 0.25383746887505554
0.00020013720418861106, 0.0010028607142716461, 0.006385692192981161, -0.24757142926530637, -0.16012295716561267, -0.9555464541298202, 0.918553941580217, -0.3524857208772174, -0.1789202978566595, -0.3081672335258581, -0.922016515668894, 0.23434696715513836
0.00019726952076760796, 0.0010010059689524932, 0.006374623853097846, -0.2495978988799473, -0.1608734863327073, -0.9548929836740219, 0.9181275315117352, -0.35276194228861363, -0.18055704902587574, -0.3078030616398792, -0.9217801980233276, 0.23575101649238261
0.00019437694363038928, 0.0009991416144421435, 0.006363557647711259, -0.22841575749491855, -0.1924917851861941, -0.954344358375872, 0.9255254598786993, -0.34705193334504025, -0.15151758537474155, -0.3020411641553927, -0.9178790052056437, 0.25742817825240744
0.00019173080744379383, 0.0009969116479810298, 0.00635250182052636, -0.1983767442361131, -0.22212727971485127, -0.9546235587668889, 0.9337684336073346, -0.33882878169333946, -0.11520229639513267, -0.29786436467759025, -0.9142508016418075, 0.2746311926066084
0.00018943104879788424, 0.0009943365521249924, 0.006341434980049081, -0.17287983362343315, -0.22158854490866028, -0.9596932217597437, 0.938228796868339, -0.3335619539921282, -0.09199536714390759, -0.2997320267394245, -0.91631596058031, 0.26556688899872466
0.0001874269296626235, 0.0009917677745313411, 0.006330309682728989, -0.15235324510598805, -0.18994941431937917, -0.9699008757112242, 0.9397418071530347, -0.331745493963123, -0.08264540594559489, -0.3060617986525325, -0.9240476974890898, 0.22904590843472467
0.0001856625796565322, 0.0009895680363499963, 0.006319077597617979, -0.1370969555397304, -0.13923743316747622, -0.9807228772628228, 0.9395247245618317, -0.3319675959271046, -0.08420693078003054, -0.31384345893892945, -0.9329579049771277, 0.17632875778481902
0.00018407443675674072, 0.000987955097973651, 0.006307716819633841, -0.1309747250403078, -0.13676984597221523, -0.9819061210896652, 0.9401957559526226, -0.3312835014487967, -0.07926652607817236, -0.31444802732612626, -0.9335658792503942, 0.17198019423801722
0.00018255780802905252, 0.0009863713643378743, 0.006296346785982851, -0.132610153009382, -0.18677391448229824, -0.9734115533461617, 0.9421963935504912, -0.3286363031259301, -0.06530035411978818, -0.30770197155571855, -0.9258043449545271, 0.2195582190764965
0.00018102437748367573, 0.0009842116139790425, 0.006285090792567188, -0.13351953519423027, -0.23240039000709486, -0.9634119536553752, 0.9440827062263708, -0.32553204677198994, -0.05231376806091238, -0.3014637250579391, -0.9165254744135535, 0.2628700767017847
0.00017947879068383674, 0.0009815214085753922, 0.006273938590784799, -0.132363064954079, -0.262944525601994, -0.9556883359609998, 0.9455432694688793, -0.32275496233084955, -0.04215637381125362, -0.2973683651602243, -0.9092246206228437, 0.29134626246990236
0.00017794360040330242, 0.0009784716916459457, 0.006262854203723376, -0.12933924238916233, -0.27880834286010997, -0.9515972195891479, 0.9465818426935977, -0.32058812689154803, -0.034728489442556666, -0.295388177591776, -0.90525640613462, 0.30537954039398474
0.00017644135941583943, 0.0009752334067097244, 0.006251801654470602, -0.12454112970392593, -0.28028183391943023, -0.9518043919770652, 0.9472191534500382, -0.31918474796773794, -0.029949490849840794, -0.295407146747439, -0.9052972938430406, 0.30523995054875186
0.0001749946204952146, 0.0009719774972857507, 0.0062407449661141656, -0.11795563570333811, -0.26738677496204394, -0.9563423971471822, 0.9474879019863092, -0.31858182455835077, -0.027790225811504917, -0.297242566930451, -0.9094008652054767, 0.29092425606698197
0.0001736259364151948, 0.0009688749068930474, 0.0062296481617417545, -0.10947947130559565, -0.2398671306823494, -0.964612878299302, 0.9474325877792795, -0.31870332375037247, -0.028278667654667473, -0.30064220757655624, -0.9170016090763866, 0.2621494077330958
0.00017235785994954665, 0.0009660965790506358, 0.0062184752644410535, -0.09895403855427806, -0.19733581031395822, -0.9753290092176753, 0.9471131422733943, -0.3193522430160547, -0.03147762083817989, -0.3052618449574331, -0.9268617603765668, 0.21850053355732527
0.00017121292288444816, 0.0009638133262718646, 0.006207190324992053, -0.08869564024975914, -0.1547284508588559, -0.9839675756321974, 0.946798355477444, -0.31991429566308016, -0.03503879985962861, -0.30936379469144915, -0.9347266712388248, 0.1748716460976249
0.000170185677032247, 0.0009620213085479415, 0.006195794312652299, -0.08607643575867314, -0.15697813580046693, -0.9838438453777577, 0.9470782240518124, -0.31941434502298144, -0.03189535578113069, -0.3092469639850134, -0.9345225203675672, 0.17616462241863978
0.00016918851190863014, 0.0009602027722573651, 0.0061843968289966526, -0.08774001969274701, -0.18803885282603075, -0.9782346746932388, 0.9478263870325168, -0.3178892727973293, -0.02390711787880664, -0.3064748423430582, -0.9292942483779052, 0.20611979755118662
0.0001681724334429495, 0.0009580251772472785, 0.006173068324731226, -0.08667749892343624, -0.2117639931542719, -0.9734695795882556, 0.9485912707084341, -0.3161142615187561, -0.015696330788116258, -0.30440369957695357, -0.9247852641926174, 0.22827746891897777
0.00016716833039772503, 0.0009555720276636372, 0.006161791306111187, -0.08239033672351814, -0.2253613510244023, -0.9707852975189938, 0.9493098819892047, -0.31424947471616294, -0.007616797112819841, -0.303352238119694, -0.9222036267034911, 0.23982887758295648
0.00016621353511544882, 0.0009529603869867996, 0.006150541185538374, -0.07491374803767478, -0.22893252381162643, -0.9705554234025933, 0.9499576089167903, -0.31237863586816694, 0.00035932469682714823, -0.3032630403066658, -0.9219595909769487, 0.24087764734315922
0.00016534535701048962, 0.0009503072797816128, 0.006139293384029047, -0.0654374512143163, -0.22450745419022056, -0.9722727719069376, 0.9504837767137557, -0.3106770941083646, 0.0077674577783012, -0.3038067316280686, -0.9236212135986314, 0.23372061014823303
0.0001645871931793244, 0.0009477061174741669, 0.006128028549656566, -0.05716960800667628, -0.21749593995621086, -0.9743855253558149, 0.9508228198075084, -0.3094502205721194, 0.013286320828775214, -0.3044135365808516, -0.9257084190448044, 0.2244912507335365
0.00016392494917494226, 0.0009451866777362446, 0.006116741416604188, -0.05064984740752089, -0.2088041450997653, -0.9766449825534101, 0.9510048095713984, -0.30872556799114736, 0.016684598904730535, -0.3049990903751406, -0.9279490032634874, 0.21421064915787283
0.00016333827874355156, 0.0009427681271551099, 0.006105429067948522, -0.04588025230689095, -0.19843238275628916, -0.9790401380545732, 0.9510649709779726, -0.3084690710912738, 0.017951411051919143, -0.3055657432156365, -0.930307165216816, 0.20287472715774
0.00016280683563136056, 0.0009404696323180264, 0.006094088586766175, -0.04286113893059573, -0.1863792842371466, -0.9815425029904823, 0.9510271358403175, -0.308635361343774, 0.017076317622966797, -0.3061213969407146, -0.9327416449025138, 0.1904802199694721
0.00016231027358457766, 0.0009383103598122586, 0.006082717056133762, -0.04161224689793931, -0.17268360612820743, -0.9840979590887602, 0.9509033691233981, -0.30916919305314144, 0.014042530279115053, -0.30667768666447753, -0.9351977236079158, 0.17707064765425432
0.0001618280009945027, 0.000936309012223526, 0.006071311676540075, -0.05055903464485035, -0.17335961857627266, -0.9835599761391625, 0.9505168554370319, -0.31061718923387255, 0.005888062715804874, -0.30653138753784653, -0.9345926408866795, 0.18048574474064336
0.00016124222467095125, 0.0009343004699177794, 0.006059916163337296, -0.08451416313782893, -0.2208819258256614, -0.9716318907243933, 0.9491870547567269, -0.31451798396531644, -0.011062226025690045, -0.3031522576385717, -0.9231953274393996, 0.23623948883007923
0.00016026376344806018, 0.0009317432133440445, 0.006048667112377072, -0.07334946179257587, -0.23341981251374505, -0.9696056144540354, 0.9503521333554934, -0.3111619053036762, 0.003015180666005367, -0.30240813329241345, -0.9212456023307978, 0.24465457507425403
0.0001594141381201939, 0.000929039452745251, 0.006037435925835975, -0.040825397415509196, -0.19331422096922826, -0.9802871512454533, 0.9512642345195423, -0.30765742583713224, 0.021053846470864484, -0.3056626294623126, -0.9316525748895508, 0.19645314110966805
0.00015894137093120525, 0.0009268008310385476, 0.006026083982432236, -0.044485219261521956, -0.15780899655647468, -0.9864671235642335, 0.9507180739882893, -0.3099839284572872, 0.006716240777776122, -0.30684883747417374, -0.9375533503241434, 0.16382156828916655
0.00015842643070531007, 0.0009249741074282322, 0.006014665097421014, -0.052063177306846446, -0.1364391906877747, -0.9892794209995378, 0.9500882175214245, -0.31190320200905497, -0.0069836597469521994, -0.30760657420750687, -0.9402663132437341, 0.1458679391893842
0.00015782350737032002, 0.0009233940584160871, 0.006003208638583884, -0.06195489914151027, -0.12959527159736448, -0.98962955496083, 0.9494369787588672, -0.3134182963367319, -0.018395512676058236, -0.307784037658875, -0.9407305868849943, 0.14246034206548275
0.00015710566546550794, 0.0009218924997353829, 0.0059917422723298, -0.07417188905612668, -0.13728832211363748, -0.9877501948797923, 0.948793266446034, -0.31469784818347263, -0.027506397353290905, -0.30706655373145214, -0.9392109352855269, 0.15359996946475973
0.00015624596953014666, 0.0009203012471193904, 0.0059802936650677156, -0.08867913811972081, -0.15943767696134822, -0.9832169840007404, 0.9482024153396319, -0.31580851129935467, -0.03430981980386528, -0.3050380140350245, -0.9353312842817, 0.17918481698378924
0.0001552174841035089, 0.0009184521163013806, 0.005968890483206585, -0.09757978390676234, -0.19256101240134113, -0.9764212422288242, 0.9483783897291285, -0.31546474397555885, -0.03256417054402491, -0.30175588754404575, -0.9291944101270765, 0.21340368441313176
0.00015408491204109038, 0.0009162171326374982, 0.005957557526975026, -0.045377027417992245, -0.2133840524563624, -0.9759140185180286, 0.9524200379920044, -0.3039803977117571, 0.022180825915888, -0.30139176600235074, -0.9284735666481315, 0.21702497418887515
0.0001535614123937063, 0.0009137553919159365, 0.005946298732081625, 0.0486167995564217, -0.21862811510073396, -0.9745964057436242, 0.9519512282910702, -0.28524083048292354, 0.11147433597261314, -0.302366112115782, -0.933187770983371, 0.19425580642820958
0.00015412017378015893, 0.0009112426607237188, 0.005935097525011771, 0.11812610695296628, -0.22037902013264887, -0.9682351523992042, 0.9461422153645638, -0.27100798960659866, 0.17711458967127783, -0.3014318018410994, -0.9370100090472692, 0.17649677556279875
0.0001554837297605686, 0.0009086987765764291, 0.005923920970848156, 0.15775660618585388, -0.2208783685869239, -0.9624581027219318, 0.9407472796922388, -0.2626663298411794, 0.21447833205108982, -0.3001789615485639, -0.9392652157181931, 0.16635337563596972
0.00015731724156143435, 0.0009061316378356085, 0.005912734889124894, 0.16840474613115466, -0.22091742217578741, -0.960643187692343, 0.9390440018440556, -0.26037922045429146, 0.22449726981929424, -0.2997268824800386, -0.9398926290459036, 0.16360208367859122
0.0001592858704092548, 0.0009035491428627965, 0.005901505099376091, 0.15067377601854734, -0.22055420851490531, -0.963666568023752, 0.9418122299656456, -0.264262156268595, 0.20773838415519288, -0.3004781800854273, -0.9388936861384448, 0.16790327400593832
0.00016105382160619034, 0.0009009612401285801, 0.00589019778693325, 0.09810246254948488, -0.20545869879360884, -0.9737364273414875, 0.9487333000151907, -0.2761113067968576, 0.15384300991991057, -0.3004680220655986, -0.9389085521758596, 0.16783831018875958
0.0001622009824986417, 0.000898558709364879, 0.0058788114025350195, -0.003716530297535271, -0.14791960606645693, -0.9889924052002075, 0.9546215527703181, -0.295049217908109, 0.04054195355677766, -0.2977983854706641, -0.9439627901315589, 0.14230380338595447
0.00016215810514564027, 0.000896852171100049, 0.0058674014655565356, -0.1425289145639688, -0.052584155039046454, -0.98839284454717, 0.9439849307418072, -0.30748735990441667, -0.11976633095906912, -0.29762049500261645, -0.9500981160584634, 0.09346448960196767
0.00016051635515844758, 0.0008962464691894858, 0.005856016449787343, -0.19564428980249798, -0.015623507241116922, -0.9805504667732116, 0.9335900073840944, -0.3090661166784496, -0.18135003069718433, -0.3002216014550634, -0.9509122154766916, 0.07505297114017105
0.00015823933798869274, 0.0008960646341138201, 0.005844604257533188, -0.14490143764884253, -0.051328648716354223, -0.9881138310884288, 0.9439403573113678, -0.3065459277529942, -0.12249977966079545, -0.29661452291852797, -0.9504709169664315, 0.09287012864643215
0.00015655413035827077, 0.0008954676805440034, 0.005833112467010646, -0.06321399670262885, -0.09183946027463992, -0.9937653164391191, 0.9535319816502037, -0.29948157689697275, -0.03297794823117961, -0.29458572706618996, -0.9496716793901803, 0.10650328996382587
0.0001558215170845493, 0.0008944033148788307, 0.005821595307840784, 0.03258003517711301, -0.12608444165663069, -0.9914843694582349, 0.9551594967286716, -0.28817000646906876, 0.06803222163539638, -0.2942938618403192, -0.9492422035201303, 0.11104216289031178
0.00015619871943442726, 0.0008929435451941945, 0.005810116184752248, 0.03948845726839202, -0.1353677470153913, -0.9900081993653079, 0.9548312768615396, -0.2869136431623859, 0.07731619554950474, -0.294512978439872, -0.9483438903874818, 0.11792358159083938
0.00015665574694705982, 0.0008913768396556968, 0.005798658127989824, -0.02829213843660153, -0.12674715691597768, -0.9915314988019295, 0.9550929848434906, -0.2961165794763873, 0.010600078393875405, -0.2949524456678332, -0.9467048798717165, 0.12943309167922626
0.0001563283412482359, 0.0008899100809100823, 0.0057871838075174206, -0.0661274672111094, -0.12413134615251858, -0.9900598805035012, 0.953302262462676, -0.3009013076686037, -0.025946086927849464, -0.29468959001598083, -0.9455420730700925, 0.1382325344863691
0.00015556141042788815, 0.0008884704347365535, 0.005775701325753468, -0.06859476494977201, -0.1292941650144221, -0.9892309018195443, 0.9532463291118332, -0.30100744178311845, -0.02675735461508274, -0.29430629326655633, -0.9448161402539681, 0.14389672289282265
0.00015476536688676634, 0.0008869699735127293, 0.005764221282478326, -0.043489956649503024, -0.13968895240819607, -0.9892399204670852, 0.9547728094718512, -0.29733631153365825, 1.1695622830576031e-05, -0.2941385829228335, -0.9444988694639396, 0.14630235684187498
0.0001542611119114148, 0.0008853503156726178, 0.005752751297448631, -0.017165838436013606, -0.1463264890565234, -0.9890874039189761, 0.955589272632708, -0.2934776627083637, 0.026832881331084794, -0.2942014208328723, -0.9447007039754058, 0.1448658133870518
0.0001540621769034017, 0.0008836545370841443, 0.005741288757395157, 0.00465996213309844, -0.14733242353906673, -0.9890760545716508, 0.9557045239137179, -0.2904262604491448, 0.047764528809353696, -0.29429092361772247, -0.9454870407444148, 0.1394528883193076
0.00015411616942929052, 0.0008819474739224733, 0.005729828854297843, 0.021973246291585227, -0.14274684940012006, -0.9895152921677102, 0.955480961550299, -0.2882906945928798, 0.0628061105790753, -0.29423342529754404, -0.9468430769654992, 0.1300572144872409
0.00015437069705564476, 0.0008802939623627693, 0.005718366780136633, 0.034766893842545325, -0.13272569992440925, -0.9905428570597623, 0.9551997007401926, -0.28707259120298717, 0.07199207654908486, -0.29391290342274506, -0.9486691815167068, 0.11679892654486967
0.00015477324340684907, 0.0008787572059744196, 0.005706897840327781, 0.042326688700361596, -0.12637303898944188, -0.9910793643499171, 0.9549865920827485, -0.28639949378854196, 0.07730419716836268, -0.2936137945768912, -0.9497395353328406, 0.10856221561813864
0.00015526323381471555, 0.0008772942619355859, 0.005695424715524571, 0.043503778726840525, -0.13823651248543395, -0.9894433222031217, 0.9547946896375963, -0.28576002016981805, 0.08190428262546072, -0.2940655060974209, -0.9482783755250406, 0.11955584734866838
0.0001557672319871622, 0.0008756927700262159, 0.0056839618577976345, 0.04096769007950379, -0.16731984024306934, -0.9850511252877099, 0.9545573152727433, -0.28471997318492764, 0.08806173248844701, -0.2951982049891944, -0.9438954433254818, 0.14805205787340384
0.00015624281921486772, 0.0008737503813094758, 0.005672526560056545, 0.07972486007590172, -0.17946431874725283, -0.9805286864658588, 0.9520951974055447, -0.2776202569579868, 0.12822530173050192, -0.2952264923125545, -0.9437793975411658, 0.1487338798447059
0.00015716660894752682, 0.0008716708882268974, 0.005661164955504684, 0.18554156071371944, -0.15056092692090775, -0.9710333344085744, 0.93881691040648, -0.26464674902975055, 0.22041984248886415, -0.2901674309476317, -0.9525195564988161, 0.09224617338703049
0.00015931224201905152, 0.0008699297769479028, 0.005649935766594957, 0.22900830303685676, -0.1389644661186182, -0.9634542408939549, 0.9305147934569228, -0.25937179688429174, 0.2585894238727375, -0.28582759890885234, -0.9557275491150086, 0.06991019642812563
0.00016196692711570795, 0.0008683188882059757, 0.005638767317326111, 0.14858929711728158, -0.17635591773305775, -0.9730466643808626, 0.9427187184006809, -0.2719180563345674, 0.1932407529901726, -0.29866810803828736, -0.9460228120504083, 0.1258499118834334
0.00016368397724380205, 0.0008662809759403655, 0.0056275231030244715, 0.07992997002957886, -0.202007518800694, -0.976116879394603, 0.9489988159308308, -0.2841882158376578, 0.13652217893401106, -0.30497942103189835, -0.937245976426144, 0.16898974057632019
0.00016461099370861248, 0.0008639381213656115, 0.005616202237791527, 0.07623493063809934, -0.19556694514040068, -0.9777227650612702, 0.9494370446864687, -0.28527922094958713, 0.13109181618781998, -0.30456121474611425, -0.9382799880967558, 0.16393026081088
0.00016549576695008196, 0.0008616683954207219, 0.005604854907468523, 0.13093389308245787, -0.16110120926132157, -0.9782140440705251, 0.9447681492595478, -0.27875349288845974, 0.17236482920588006, -0.3004487639963931, -0.9467538701146266, 0.11570501128307466
0.00016701190955381427, 0.0008598029318564478, 0.005593527725843743, 0.15950582373751376, -0.1503776500242962, -0.975676408737542, 0.9411506743032969, -0.27516016374428176, 0.1962709671517152, -0.29798204719792565, -0.9495648722764498, 0.09763837814273076
0.00016886046571675052, 0.0008580601645692939, 0.005582220347867555, 0.14644249283500668, -0.17404027334000058, -0.9737887756325839, 0.9419571772280211, -0.2761063000095686, 0.19100258470409456, -0.3021113578813079, -0.9452382209531967, 0.1235047897384887
0.0001705580317380859, 0.000856042684201087, 0.0055709321574969215, 0.13660798289397036, -0.2037709824210118, -0.9694408933673142, 0.9419878550091418, -0.2761520320277565, 0.19078505240772145, -0.3065895301945531, -0.9392643088769619, 0.15422521857649157
0.00017214125109815093, 0.0008536810786963866, 0.0055596968141567804, 0.13207171509617757, -0.23820416171655942, -0.9621932443186583, 0.9411343608351807, -0.2745815092148601, 0.19715757569174402, -0.3111642282250808, -0.9315920631575825, 0.18791767062969073
