0.0003356345114298165, 0.0012399428524076939, 0.007265004329383373, -0.24676852625771079, -0.13234654303988072, -0.9599946286276764, -0.4726351401376105, 0.8812582052424258, 0.0, 0.8460031434667953, 0.4537271958327952, -0.280018415476571
0.000332921973551429, 0.0012384880679726059, 0.007254451841865246, -0.22281015207402136, -0.18506481691805812, -0.9571346037375501, -0.48632208659779436, 0.8720217451274479, -0.055397690493808396, 0.8448943509220067, 0.4531325298011235, -0.284296405563129
0.00033047986807806397, 0.0012364596693645714, 0.00724396119037214, -0.20330843719465452, -0.22548329936223405, -0.9527974396870452, -0.4959666581494156, 0.8627545438621148, -0.09834465440162517, 0.8442053976193045, 0.45256146406206027, -0.287237476448385
0.0003282512347720246, 0.0012339879589041089, 0.007233516783158668, -0.1887692840471121, -0.2536866832300848, -0.9486881595930559, -0.5022537735905934, 0.8550863329061028, -0.12871872509935195, 0.8438645058979254, 0.4521840665358657, -0.28882912882314715
0.00032617911339561376, 0.0012312032389117365, 0.007223103028479437, -0.17945100015094143, -0.2699563841929292, -0.9460025841287677, -0.5057428836770633, 0.8501264047365426, -0.1466602590333478, 0.843813648950309, 0.4521157446973063, -0.2890845537934619
0.00032420654371113504, 0.001228235811707973, 0.007212704334589064, -0.175461209683389, -0.2745437145675161, -0.9454306493275497, -0.506805041069134, 0.8484940115914793, -0.15233700351625679, 0.8440154111409075, 0.4524197841439617, -0.288017924219615
0.00032227656548089174, 0.0012252159796133377, 0.007202305109742162, -0.17682098845406552, -0.2675426720456693, -0.9471828000321747, -0.5055976356616668, 0.8503593155611595, -0.14580831681248155, 0.8444556642331553, 0.45311141353205825, -0.2856303171435419
0.00032033221846718704, 0.001222274044948349, 0.007191889762193342, -0.18348806911047863, -0.24885335356732638, -0.9510016492690238, -0.5020594695483238, 0.8554597157474515, -0.12698410833700902, 0.8451440217684582, 0.45415931472511356, -0.28190583413163217
0.0003183165424323241, 0.0012195403100335252, 0.007181442700197216, -0.19533785875772008, -0.2182309836691116, -0.9561476657414172, -0.4959194098204353, 0.8630818308086347, -0.09567493031806436, 0.8461129120272898, 0.45548325007054574, -0.27681753738857046
0.0003161725771386064, 0.0012171450771893853, 0.007170948332008398, -0.2109342905868405, -0.17864411044184164, -0.9610374638166139, -0.48742000108524314, 0.8714333483540843, -0.055006017111321935, 0.8473065959832298, 0.45682622645906895, -0.27088988763421856
0.0003138565214846689, 0.0012151835672761305, 0.0071603961536711265, -0.21425664340449913, -0.17418432537534226, -0.9611211742286059, -0.48624674551195135, 0.8724064172861973, -0.04971061815042175, 0.8471470906732036, 0.4566912128248127, -0.2716154319852404
0.000311504467539064, 0.0012132714168603875, 0.0071498452143204105, -0.19582682143500352, -0.22769521034088627, -0.9538379040457989, -0.497996025740067, 0.8610053935859058, -0.10329409742612629, 0.8447791512305223, 0.45477973064308735, -0.28199925929413205
0.00030935764157237955, 0.0012107752215666711, 0.0071393884037292575, -0.1702344395597661, -0.2777439295273279, -0.9454515033561959, -0.5084669835947394, 0.846618523098397, -0.15715725545057135, 0.8440862291151534, 0.4539772967422575, -0.2853472478590828
0.00030748836344849674, 0.0012077254235772085, 0.007129006768749954, -0.14468471951290282, -0.29932239574979963, -0.943118463048027, -0.5132996410304675, 0.8375709724791698, -0.187078444985763, 0.8459254166044817, 0.45703497619208344, -0.2748257995160497
0.0003058970825368114, 0.0012044333964965318, 0.007118634101803791, -0.11943159733780669, -0.2930748214718748, -0.9486006760363229, -0.5141118670283644, 0.8356249690983223, -0.1934422373734274, 0.8493674597828372, 0.4645837492192951, -0.25047326848067814
0.0003045839206847493, 0.0012012110107633138, 0.007108204146512412, -0.09620626136736933, -0.2691366655388706, -0.958284827458064, -0.5131812735212152, 0.8383405563578601, -0.18392958455000472, 0.8528712304802275, 0.47407865046657793, -0.21876950745232113
0.0003035272471108031, 0.001198254970291385, 0.007097678903777723, -0.07943536674928674, -0.25136403281859504, -0.9646274646279663, -0.5126029790838125, 0.8402390117926429, -0.17673875889607077, 0.8549433948185149, 0.4804316039426374, -0.19559464611613991
0.00030265493749317914, 0.001195494647373201, 0.0070870859670386635, -0.0698630990375121, -0.24341099360175508, -0.9674038637439283, -0.5124459589625018, 0.840792832518748, -0.17454670414563164, 0.8558728214728382, 0.4835478269818891, -0.1834753729665544
0.00030188772084590763, 0.0011928215771974864, 0.007076462213453089, -0.06752681028604328, -0.2453973505472365, -0.9670678726113227, -0.5126457357121468, 0.8400784002718494, -0.17737708716979778, 0.8559406986168753, 0.4837855121240062, -0.18252972007365956
0.00030114632618301866, 0.0011901272949529655, 0.007065844520178843, -0.07242871832968593, -0.2573282635966074, -0.9636058558951756, -0.5132510872830919, 0.838015509509504, -0.18521157421784024, 0.8551768250858084, 0.4811571163101316, -0.19277040037380094
0.0003003514825185426, 0.001187303335828363, 0.007055269764373777, -0.08430352526910556, -0.27883946585948477, -0.9566302670867143, -0.5144108906735229, 0.8344011177378099, -0.1978792820746185, 0.8533899174373191, 0.47541910668071674, -0.21378101370148633
0.0002994265233534784, 0.0011842439724303905, 0.007044773833980651, -0.0948053789033971, -0.3010652753288424, -0.9488791493768591, -0.5158578890263456, 0.8300718621058544, -0.21182856764233227, 0.8514121084764217, 0.46940430732076577, -0.2340021747942661
0.0002983858488250598, 0.00118093919197331, 0.007034358028751813, -0.0937281731858782, -0.3134149109111315, -0.9449794300246992, -0.5169831951048646, 0.8264818788567844, -0.2228364420388308, 0.8508486384371804, 0.4676524324110024, -0.239494878712822
0.0002973565825691914, 0.0011774974584910294, 0.007023980834715551, -0.0804814770870576, -0.31536172486621694, -0.9455525973394023, -0.5176715328004827, 0.8238836227970588, -0.2307205240432511, 0.8517857218654726, 0.47091693383886524, -0.22956115840864216
0.00029647284597696924, 0.001174034590932708, 0.007013598080069589, -0.057102017007272236, -0.30707703750637994, -0.9499700272587586, -0.5179193725034323, 0.8225835242169931, -0.2347676921392772, 0.8535214603273618, 0.4786021716656297, -0.20601232496525795
0.00029584592109158705, 0.001170663182239427, 0.0070031683285184335, -0.042905020719040086, -0.2912172419470107, -0.9556943429726238, -0.5176302667269355, 0.8246532358320389, -0.22804812562253055, 0.8545279785737273, 0.4849119081075696, -0.18612462279391073
0.00029537485801658036, 0.0011674658480536485, 0.006992675563139873, -0.048086444948090425, -0.2696478806994934, -0.9617576172022378, -0.5167028609507754, 0.8307439561097306, -0.20708122288715067, 0.8548133406174343, 0.48698511252545074, -0.179275354918171
0.00029484700391924567, 0.001164505871727295, 0.0069821181659475645, -0.0615320525860739, -0.2518862997254568, -0.9657986842583511, -0.5154469049374271, 0.8366339021106554, -0.18535965588424466, 0.8547094797034672, 0.4864123825004004, -0.1813138148495928
0.0002941714828680406, 0.001161740573141868, 0.006971515279890253, -0.06945188089381296, -0.2498931918091371, -0.9657793893678583, -0.515056325470222, 0.8380836686728841, -0.17981308600019186, 0.8543379997597114, 0.48494242647064967, -0.1869155562689585
0.00029340893331883025, 0.0011589968614048722, 0.006960911468610827, -0.07101304634062179, -0.26445676505697613, -0.9617794792284892, -0.5159549499538737, 0.8349396158942529, -0.1914845357423233, 0.8536671698428612, 0.48263698286181583, -0.19573938261505502
0.0002926293380699569, 0.0011560936028038832, 0.006950352863521927, -0.06697262237427044, -0.29236810025439136, -0.9539578406858196, -0.5179428639703172, 0.8273779157441198, -0.21721181874184908, 0.8527894567327501, 0.4795484109999267, -0.20684163989126217
0.000291893878396175, 0.001152882963291581, 0.006939876978041564, -0.06279500343250126, -0.3129571876574574, -0.9476890767743644, -0.5193437351347626, 0.821116972308447, -0.2367467054961539, 0.8522551685499982, 0.47730987469414893, -0.21409439786988874
0.00029120381280955986, 0.0011494438204699964, 0.00692946265233178, -0.06081711079082845, -0.31794678760677625, -0.9461559698514763, -0.5196852751370026, 0.8193846674272277, -0.24194210379954445, 0.8521904093809282, 0.4769891057830388, -0.21506487189558143
0.000290535424659713, 0.0011459495429162806, 0.0069190642721731, -0.06105872958076034, -0.3074045708891312, -0.9496179554633815, -0.5191229603667815, 0.8223740559795526, -0.232835272396106, 0.8525157966642101, 0.4787518583235046, -0.20979388596853452
0.00028986491463888056, 0.00114257381193324, 0.006908636142412253, -0.0634910870166085, -0.2811117083285155, -0.957572498200566, -0.5177107859820549, 0.8295818818890374, -0.20921147989363825, 0.85319659161725, 0.4824625464034145, -0.19820561891793265
0.0002891684834393086, 0.0011394903088236819, 0.006898132567895968, -0.068189021798857, -0.2391964623927793, -0.9685738535005448, -0.5154192854854127, 0.8396870685640497, -0.17108064483166904, 0.8542208247612686, 0.4875558216913144, -0.18054390955965702
0.0002884206143115884, 0.0011368669004660854, 0.006887509648489868, -0.08091906805182773, -0.20137378526840868, -0.9761663295936285, -0.5126158012474822, 0.8483314619464453, -0.13250951280269987, 0.8547965516642108, 0.48967573891145544, -0.17187357558535468
0.0002875320226525904, 0.0011346555667194368, 0.006876790132321985, -0.10924118746680002, -0.1932155139276671, -0.9750559615419574, -0.5104055322437985, 0.8526387318262996, -0.11177381466409958, 0.8529669135527874, 0.4854636527767112, -0.1917615347689014
0.000286332280816956, 0.0011325335764634898, 0.006866081575812544, -0.14461960446570155, -0.21037712207212003, -0.9668643320098411, -0.5100442758241274, 0.8531692700489878, -0.10934822057591516, 0.8479033003257068, 0.47732972163142096, -0.23068664925401447
0.0002847446634837587, 0.001130224080688392, 0.006855467450721965, -0.15163612317823294, -0.22604911950676268, -0.9622412804061634, -0.5116329000592975, 0.8508866103750201, -0.1192633718348672, 0.845717601640399, 0.47422966150877377, -0.24467931343063137
0.00028308003409976886, 0.0011277425611225449, 0.0068449041688582535, -0.15094242122528775, -0.23744394015264056, -0.9596023972247241, -0.513225041329962, 0.8484710036837376, -0.12921692172378063, 0.8448765841390721, 0.4729876649477237, -0.2499324436338614
0.0002814229726497038, 0.0011251358770864432, 0.006834369554884772, -0.1512152880323528, -0.2459849885725941, -0.9574055159973925, -0.5143566704921885, 0.8466761351172235, -0.13629650671661211, 0.8441392966717537, 0.47183779799831854, -0.2545543953551287
0.0002797627502971568, 0.001122435159574786, 0.006823858011648676, -0.15246585412031766, -0.2516902324081975, -0.9557228626739394, -0.51503507390454, 0.8455727679511402, -0.1405189195360982, 0.8435004659011796, 0.4708064581223953, -0.2585502717359585
0.00027808863811189786, 0.0011196715395667763, 0.006813363942013449, -0.154701195137424, -0.254572632751065, -0.9545995573418438, -0.5152589756630903, 0.8452060853059572, -0.14189736206287293, 0.842956539936476, 0.46991429858642364, -0.2619252255174249
0.0002763899071636967, 0.0011168761480416162, 0.006802881748842574, -0.15792463733648507, -0.2546380187219719, -0.9540541328161041, -0.5150182289807588, 0.8455962229665968, -0.1404394941679458, 0.8425058057602111, 0.4691764136505313, -0.2646836982784606
0.00027465582852232313, 0.0011140801159785086, 0.006792405834999533, -0.16213564600761457, -0.251884139710912, -0.954078829267156, -0.5142936844978012, 0.8467385009707042, -0.13614667480170378, 0.8421484657584848, 0.4686024873343915, -0.2668289161328882
0.0002728756732575471, 0.0011113145743566564, 0.006781930603347811, -0.16732929653373488, -0.24630087950089474, -0.9546396091083856, -0.513057236586362, 0.8486033012594609, -0.1290143754699861, 0.8418866779489335, 0.46819687509490115, -0.26836264204147026
0.00027103871243913837, 0.0011086106541552615, 0.006771450456750891, -0.17349533003971349, -0.23787163927924276, -0.9556759145657154, -0.5112720755386088, 0.8511356101056995, -0.11903376825271925, 0.8417245601910723, 0.4679586054733952, -0.2692851803099109
0.00026913421713686673, 0.0011059994863535272, 0.006760959798072251, -0.18056017189159115, -0.22671527128497335, -0.9570779540312587, -0.5089200655632854, 0.8542204141627432, -0.10633837921791475, 0.8416640607710064, 0.46787569908450327, -0.2696181355410777
0.0002671520841377121, 0.0011035106771332078, 0.006750453296136776, -0.1856197925459808, -0.2199626643832138, -0.9576856054533891, -0.5073773500704041, 0.8561000701652587, -0.09828984941780049, 0.8414948111846691, 0.4676634432372033, -0.27051319119185563
0.00026511423541571036, 0.0011010957911538994, 0.006739939232090135, -0.18451476462240532, -0.22796759145974813, -0.9560256685258924, -0.5087899935131454, 0.8543973214493055, -0.10553653206897408, 0.8408846794520828, 0.4669432453139177, -0.2736365500412449
0.0002630889374022361, 0.0010985935398513287, 0.006729445562972337, -0.17939952143095075, -0.2446546564781055, -0.9528693041408806, -0.5119500961575342, 0.8503166413171247, -0.12193731399147698, 0.840073157977707, 0.4659460361058399, -0.27779737342642014
0.0002611200784330625, 0.0010959085242452954, 0.006718988092066373, -0.1745921625923182, -0.258348486909165, -0.9501440080709253, -0.5145244037657266, 0.8466749720824205, -0.13566919170819966, 0.8395130819057326, 0.4651855016667842, -0.28074941557937616
0.0002592037440603143, 0.0010930728752776636, 0.006708559252680388, -0.17054903668630816, -0.2679517547766781, -0.948216685783092, -0.5163388132726318, 0.8439150971001356, -0.1456074819323487, 0.8392301567469932, 0.46476786248466867, -0.2822827979311696
0.0002573313615643648, 0.0010901311513890344, 0.006698149200772015, -0.16729291315730127, -0.273500227049127, -0.9472120707694869, -0.5174388517260825, 0.8421524609048534, -0.15177703158347933, 0.8392080289962298, 0.4647331044760802, -0.2824057819384864
0.00025549435822558704, 0.0010871279110200099, 0.00668774809229889, -0.16483589694001652, -0.2750182111766481, -0.9472033100666282, -0.5178610429868712, 0.8414536111683236, -0.15419390522435583, 0.8394337777552976, 0.4651030034013802, -0.28112297841066913
0.0002536841613243544, 0.0010841077126111907, 0.006677346083218648, -0.16318094592443824, -0.27251395467606626, -0.9482131212939507, -0.517632140448902, 0.8418375671547874, -0.15286097507603727, 0.8398981760079574, 0.46588158906928234, -0.27843383218421325
0.00025189219814104007, 0.0010811151146031793, 0.006666933329488926, -0.1623227379512839, -0.26597828669385126, -0.9502141231066829, -0.5167689379441703, 0.8432763008290695, -0.14776652271774918, 0.8405957372721166, 0.467055276672306, -0.2743322347309967
0.00025010989595601715, 0.0010781946754365767, 0.006656499987067355, -0.16224021117763832, -0.2554093954492492, -0.9531233679819652, -0.5152824292219876, 0.8456881116015058, -0.13890873273832188, 0.8415236966432512, 0.46859114226810583, -0.2688125915498548
0.0002483287657820383, 0.0010753907011465391, 0.0066460362630749205, -0.1621227789922136, -0.24316038951369495, -0.9563415862041084, -0.5135700105300687, 0.8483499370095311, -0.1286399186103202, 0.8425924571321458, 0.4702928974027492, -0.26241673314889846
0.0002465490032940157, 0.0010727213184569529, 0.006635537671258012, -0.1605017238885678, -0.2336684870866326, -0.958977702958438, -0.5123714101016531, 0.850140534775708, -0.12139443661765115, 0.8436318715762472, 0.4718687415732446, -0.2561740736039479
0.0002447869439514558, 0.0010701560018313277, 0.0066250095873230525, -0.15723117983797216, -0.22743771231291854, -0.9610153188709457, -0.5117669664227575, 0.8510267815542605, -0.11767747939111009, 0.844614070546547, 0.47331332549936, -0.2502030530180027
0.00024306067996785307, 0.0010676589301202117, 0.006614458460413193, -0.15231894785514993, -0.22447852019075687, -0.9625010816083627, -0.5117396677428131, 0.8510670385054173, -0.11750492937785185, 0.8455302777445498, 0.47465175649373365, -0.24450819919715983
0.0002413883035567024, 0.001065194282174153, 0.006603890739671585, -0.1457656758097993, -0.22479196085338202, -0.9634422359910344, -0.5122544221252648, 0.8502833146410805, -0.12088710376251147, 0.8463733069803321, 0.4759063554720286, -0.23909279799380767
0.0002397879069314986, 0.0010627262368437, 0.00659331287424138, -0.13756575029962392, -0.22837052962525578, -0.9638062904667004, -0.51325809141613, 0.8486612142341026, -0.1278290853075714, 0.8471374126671383, 0.47709647310934816, -0.23395973885745375
0.00023827758230573633, 0.0010602189729794012, 0.006582731313265731, -0.12790045250250923, -0.2351470538116105, -0.9635078294094828, -0.5146627489949155, 0.8461822969272781, -0.13819470020182625, 0.8477993448019702, 0.4782064234727462, -0.22924852780935023
0.00023687332801783384, 0.0010576372287232883, 0.006572152695486022, -0.120939819673646, -0.2440154798588088, -0.962200605698511, -0.5160581770149673, 0.8434864359829073, -0.14904559788481417, 0.8479725926899376, 0.4785259427681307, -0.2279372811643085
0.0002355454172410803, 0.0010549579557900758, 0.0065615878000102905, -0.1207457588491525, -0.2539306978928859, -0.9596560125313519, -0.5171461220187995, 0.8412738801076218, -0.15753776413794834, 0.8473372116228931, 0.4772603684743777, -0.23289952873039904
0.00023421971065102108, 0.001052169968842762, 0.006551051427452542, -0.12748210654765815, -0.26484334704565254, -0.9558275545493693, -0.5179595353332913, 0.8396220353733873, -0.16356270196096556, 0.8458523702558813, 0.47422867821453674, -0.24421492274511158
0.0002328202376514296, 0.001049262571692298, 0.006540558544246558, -0.14093628502690722, -0.2768206076626656, -0.9505300177985369, -0.518520869506089, 0.8385340056662002, -0.16732253054519106, 0.8433700679117464, 0.46928783546419517, -0.26171712980977513
0.00023127313943687992, 0.0010462238321101974, 0.006530124302325599, -0.15720008383177558, -0.2921247925167407, -0.9433722697007445, -0.5194089521704575, 0.8369119158681142, -0.17260586746443526, 0.8399419468323214, 0.4628623452766642, -0.28329485571841195
0.00022954733859166634, 0.0010430167777528171, 0.006519767611535644, -0.17263127561522024, -0.3128500853743808, -0.9339824766882431, -0.5213306767205407, 0.8335359135507935, -0.18284476019603996, 0.8357109357843566, 0.455348992424807, -0.3069927147476763
0.00022765155018542667, 0.0010395811455788083, 0.0065095108770903565, -0.18693977751267538, -0.33791677523553154, -0.9224238573442964, -0.5243005843555861, 0.8283821298293448, -0.197210405972377, 0.8307601439813435, 0.4467608980134878, -0.3320275337653183
0.00022559693242875186, 0.0010358671697951892, 0.006499372700712397, -0.1992341205368001, -0.3558221384996987, -0.9130697514250644, -0.5263665546797103, 0.8247847843246215, -0.20656308881598184, 0.8265857580000635, 0.4394549639042536, -0.35161814425790344
0.00022340506318496652, 0.0010319526013491114, 0.006489327586450908, -0.20913023158377278, -0.35967166261166145, -0.9093408829211852, -0.5261026955557183, 0.8252399626296841, -0.20541411297173479, 0.8243060717759665, 0.43544838866749835, -0.3618068557119319
0.00022110406068282713, 0.0010279952328263947, 0.0064793223584594635, -0.21671063066196825, -0.34947303621558684, -0.9115399604605117, -0.5233598932410046, 0.8298014017112024, -0.19371126932857555, 0.8240940023473392, 0.435084165048997, -0.3627269560134192
0.00021872214426488815, 0.0010241540942535145, 0.006469303412961515, -0.2219015566103978, -0.32501044894947717, -0.9193083852807726, -0.5180744970276447, 0.8380228404285164, -0.17122071851757434, 0.8260499468575949, 0.4382760853546321, -0.35433819763438423
0.00021628753327370402, 0.0010205882156569467, 0.006459217146180512, -0.22444475725989443, -0.28582513110615737, -0.9316268273116092, -0.510270673752211, 0.848946696926133, -0.13752579862219785, 0.8302098472356323, 0.4445149043691973, -0.3363898175430281
0.0002138284470518292, 0.0010174566270631671, 0.006449009954339902, -0.22335647794111768, -0.23525928012695116, -0.945920163055999, -0.5008600267089386, 0.8602236043579161, -0.09567959108711162, 0.8362123638208541, 0.4524029416566876, -0.3099684838391081
0.0002113794552370389, 0.0010148771269891364, 0.0064386384139300465, -0.21325297281250227, -0.21038153687574673, -0.9540769248485307, -0.49728193130931597, 0.8639520489183337, -0.07935702844165875, 0.8409719676540396, 0.4575220935775804, -0.2888592797686804
0.0002090369428001204, 0.0010125661563136525, 0.006428158198659145, -0.19468352970933472, -0.22502181885709827, -0.9547059779315084, -0.5016519998906972, 0.8592439991145445, -0.10022485216406446, 0.842878160985073, 0.4594180351530487, -0.2801633000778896
0.0002068977748811562, 0.001010093633565145, 0.006417667961487652, -0.1864247435614886, -0.23498514857446437, -0.9539537698114464, -0.5040755508628882, 0.8563109655989981, -0.1124249492647759, 0.8432992671705041, 0.45990597967883456, -0.2780878203829547
0.00020484986426040118, 0.0010075122778272108, 0.006407188601186095, -0.1957156028702706, -0.22369953169273202, -0.9548056987228234, -0.5013011056031789, 0.8596315389526688, -0.09864491248359972, 0.8428479129203307, 0.45933880388915427, -0.2803841274529
0.00020270227186098823, 0.0010050576170491736, 0.006396711493426565, -0.22177077128693468, -0.19159413437820164, -0.9560906927037129, -0.49266569488864687, 0.8681685356022139, -0.05969846622983092, 0.8414857325484996, 0.4577937105970059, -0.2869262630975771
0.00020027061730193492, 0.001002956840884465, 0.0063862282260496684, -0.24656633467850478, -0.1612400191054296, -0.9556184902156762, -0.48352220671365437, 0.8750328676078575, -0.022885720891593266, 0.8398876819063164, 0.456419912848739, -0.2937167767376998
0.00019756397158866393, 0.001001186852264208, 0.006375738064473323, -0.2507592350845703, -0.1588269185515467, -0.954931314788253, -0.4824923835344436, 0.8756951826818676, -0.018948531843443514, 0.8392382890759053, 0.45599556683282677, -0.2962214326779149
0.0001948095886414126, 0.0009994422698328758, 0.006365248933222137, -0.2336566653900186, -0.185308251356444, -0.9544974670988048, -0.49008323120553066, 0.870297805858195, -0.04899138301332101, 0.8397755588310268, 0.45633603966553915, -0.2941673498068884
0.00019224410535695946, 0.0009974076382911962, 0.006354768824328999, -0.20497209706850825, -0.21796801096139062, -0.9541888626581602, -0.4992448745621265, 0.8618134476508081, -0.08962218850080858, 0.8418675636029606, 0.4580038511254715, -0.2854671219378029
0.00018999234399440966, 0.0009950131077557027, 0.006344286394553249, -0.17956872591463896, -0.2250160255613202, -0.9576653177984367, -0.5026425327265747, 0.8578089586062639, -0.10730458904003767, 0.8456391411042938, 0.46209477250389275, -0.2671382867672997
0.00018801906552873762, 0.0009925404094870613, 0.006333762622447014, -0.15868835389424493, -0.20419851701888836, -0.9659818693876308, -0.5013497222780018, 0.8595237954773771, -0.09933428904428923, 0.8505683172503579, 0.46853154712938033, -0.23877128603423814
0.00018627670242070562, 0.0009902983548306392, 0.00632315635468416, -0.14216150746415643, -0.15723406233806322, -0.9772755780414185, -0.49690348847453303, 0.8652215317863181, -0.06692252292895726, 0.8560823727523879, 0.4760978371868615, -0.20113135133199536
0.00018471646352162034, 0.000988572692907823, 0.00631243064278658, -0.13231168336306037, -0.12883293989784794, -0.9827999247267528, -0.49435019121511004, 0.8679789031406068, -0.04722829817401216, 0.859134161171128, 0.47959847508108994, -0.1785323382714623
0.0001832634935830392, 0.0009871579245063285, 0.006301638105725817, -0.13144842458156772, -0.159578432847493, -0.9783946215331328, -0.49812747446589456, 0.8639415264506555, -0.07398687759556352, 0.8570824527764254, 0.4776397833556681, -0.19305415431608053
0.0001818222868195315, 0.0009854082989976024, 0.006290910940676698, -0.13330514620261052, -0.20950994251906746, -0.9686770989248985, -0.5043155100132386, 0.855735838678555, -0.11568077092238449, 0.8531679813237179, 0.47309804310181547, -0.21973310460020617
0.00018036094594274066, 0.0009831115726384274, 0.006280291939974965, -0.13329620524702857, -0.246571237245203, -0.959913926677862, -0.5089514132476619, 0.8481193205669487, -0.14718042340700438, 0.8504120063945181, 0.46893095765200576, -0.238543866690433
0.00017889738535423368, 0.0009804042791755512, 0.0062697523136679666, -0.13151486878294585, -0.2702269227875659, -0.9537721161209147, -0.5119505771922979, 0.8424100838087974, -0.16808288791464804, 0.8488877698503363, 0.466178786409268, -0.24913228072753724
0.00017745080507022623, 0.0009774319541272127, 0.0062592614243002125, -0.12809759386477326, -0.280810306205203, -0.9511764181133779, -0.513404265965241, 0.8393444412083048, -0.17865320792364958, 0.848532301173472, 0.46545298467370344, -0.25168721247531334
0.00017604040510693387, 0.0009743401330116496, 0.006248788634416213, -0.12309350465526392, -0.2785035746018098, -0.9525144345602847, -0.513452796949357, 0.8392347933342755, -0.17902845293991207, 0.8492433187353122, 0.46703396085422966, -0.24630279127984522
0.00017468538548057208, 0.0009712743513470991, 0.006238303306560476, -0.11646839745920093, -0.26325622992704123, -0.9576697080924542, -0.5122784164434924, 0.8419957189796514, -0.1691568303855566, 0.8508853838440483, 0.4708920965832203, -0.23292637664297622
0.00017340494620735663, 0.0009683801446517997, 0.006227774803277516, -0.10812019745279776, -0.23480728113063987, -0.9660101260498282, -0.51011180207906, 0.8471357507061243, -0.1488185783268516, 0.8532853990795939, 0.47668287215255384, -0.21137044995450532
0.00017221828730350298, 0.000965803048443989, 0.00621717248711184, -0.09791599471170226, -0.1928669988584677, -0.9763271883600014, -0.5072497737226618, 0.8537137121206648, -0.11777336199439689, 0.8562185030924796, 0.48370984948467055, -0.18142396885084133
0.00017114451637725503, 0.0009636880214086546, 0.0062064658425799325, -0.08839522395973815, -0.15362757679017267, -0.984167085423348, -0.5048549931844228, 0.8586360964984509, -0.0886875957880211, 0.8586662449624209, 0.4890221073116048, -0.15345897928323793
0.00017017415247749402, 0.0009620015654232854, 0.006195662089071001, -0.08603309982484691, -0.15645077628410634, -0.9839316339739405, -0.5051712817823145, 0.8580726816130498, -0.09226727010052324, 0.8587201417207712, 0.48911596546165825, -0.15285709186546975
0.00016922951739568642, 0.0009602837510918841, 0.006184858615274935, -0.0877082760559537, -0.18613426497608623, -0.9786017033058468, -0.507534279674552, 0.8536670087792089, -0.1168828177158289, 0.8571558862112109, 0.4864223201332051, -0.16934318176325727
0.00016826684901998613, 0.0009582407788823701, 0.006174117680045767, -0.08698748235641741, -0.2095173088632879, -0.9739279620177139, -0.509461006034665, 0.8494787409876843, -0.13724194672229711, 0.8560856623279232, 0.4842399879157694, -0.18063491594898418
0.00016731182592062945, 0.0009559405183821336, 0.0061634250645608716, -0.08336454003410831, -0.2237894497500738, -0.9710657215891522, -0.5107110022932406, 0.8463518739431455, -0.15120442324733602, 0.8557012478672303, 0.48332886077026804, -0.18484746886278897
0.00016639623121070246, 0.0009534826335758982, 0.00615275982683132, -0.07687256828577646, -0.22904230527509356, -0.9703763345421298, -0.5113314626952277, 0.8445764621045758, -0.15884185505362602, 0.855938516193253, 0.48397336915701145, -0.18204129873109395
0.00016555184800329107, 0.0009509667884483865, 0.0061421010248681705, -0.06801428518852545, -0.22614904365802227, -0.9717153220274216, -0.5114597678932687, 0.8441543092959343, -0.16066240357864653, 0.8566113254194446, 0.486065954526406, -0.17308068931419318
0.00016480492562457466, 0.0009484832545677424, 0.006131429797231916, -0.05968029683328617, -0.21998684445802902, -0.9736755365291303, -0.5113853143491393, 0.8444308986398344, -0.15944126721258173, 0.8572766895454016, 0.48840786816729387, -0.16289392829186827
0.0001641496660934216, 0.0009460679100703435, 0.0061207393313760985, -0.05291424864514185, -0.2123124746950564, -0.975768156571622, -0.5112107119086345, 0.8451477628328052, -0.1561693536151432, 0.8578249765075551, 0.4905595499708121, -0.15325677020036416
0.00016356876226419513, 0.0009437370987539056, 0.00611002714187888, -0.047719847185806186, -0.2031291905549347, -0.97798841922032, -0.510958113239473, 0.8462679118532408, -0.1508390794267629, 0.858280037458242, 0.49251309963497675, -0.1441742833816988
0.00016304489202197828, 0.0009415071390090014, 0.006099290748946452, -0.0440979528366487, -0.19243626253360663, -0.980318139900366, -0.5106397334684749, 0.8477449396323408, -0.14344190437596682, 0.8586631662991384, 0.49426389933906356, -0.1356494181752449
0.0001625607332518541, 0.0009393943492262038, 0.006088527672785009, -0.042048023046248384, -0.18023218908693112, -0.9827249471621421, -0.5102579366393646, 0.849522681369298, -0.1339703397609206, 0.8589928997695152, 0.4958100158892023, -0.12768565420402023
0.0001620989638389058, 0.0009374150477960861, 0.006077735433600741, -0.04249061005530216, -0.16827009203322368, -0.9848247174925387, -0.5098336138040294, 0.8513664486627172, -0.1234700624724754, 0.8592230410624777, 0.4968504264047316, -0.12196482890072999
0.0001616321719381123, 0.0009355664719341568, 0.006066916379667921, -0.06090760101630819, -0.18593933417451536, -0.9806716209543214, -0.5102188809672401, 0.850236076800549, -0.12951952444071244, 0.8578851657669432, 0.49246845352118646, -0.14665559874575393
0.00016096373102050948, 0.0009335258488086327, 0.006056153830704578, -0.09061593331199927, -0.23413643987474603, -0.967971528585823, -0.5129012441583766, 0.8441237249126636, -0.15616481927873263, 0.8536516071388753, 0.4823227804721122, -0.1965799304783325
0.00015996900272511385, 0.0009309556370013482, 0.0060455280099087315, -0.061074838493818694, -0.22505904036154628, -0.9724290680838854, -0.5133279761823278, 0.8426143171687235, -0.16277438794491447, 0.8560165027448415, 0.4892336260457021, -0.16699163504398848
0.00015929854229855512, 0.000928485009425035, 0.006034852988510982, -0.04033457760392994, -0.18508070290469877, -0.9818952363983721, -0.5124913762494426, 0.847419761287142, -0.13868070323587128, 0.8577445488719034, 0.4976192134477387, -0.12903258227358333
0.00015885591541447232, 0.0009264539556816439, 0.006024077786319688, -0.04546516810171465, -0.15362146114582126, -0.9870832615159199, -0.5113573415142667, 0.8524135193752175, -0.10910940044660425, 0.8581646623865054, 0.49979159522923033, -0.11731058592163283
0.00015835709783274915, 0.0009247685096809142, 0.006013248078523002, -0.05291739859697219, -0.13506761487605784, -0.989422300303274, -0.5104061488067572, 0.855267917491914, -0.08945586939546799, 0.8583037412163503, 0.5002734539436782, -0.11419789443452488
0.00015777625016409676, 0.0009232859404070783, 0.006002387687580112, -0.06245021705277901, -0.12956822995926642, -0.989601962495671, -0.5098309762716972, 0.856549194121528, -0.0799740813239454, 0.8580048636365116, 0.4995353359222785, -0.11954958026320094
0.00015709044049819383, 0.0009218630607327787, 0.0059915201738498965, -0.07407194003368238, -0.13712644926335965, -0.9877801803093995, -0.5098825472339337, 0.8564541571147809, -0.08066018092618955, 0.8570490859489216, 0.49767721835868023, -0.1333576042109506
0.00015627673692471898, 0.000920356683530659, 0.005980669097691234, -0.08775224040955582, -0.15767281132866245, -0.9835846831212955, -0.510875003773877, 0.8547773913400696, -0.09144584065394512, 0.8551644723806906, 0.4944642513080006, -0.15555972922409503
0.00015531220753335094, 0.0009186236216733625, 0.0059698580194630065, -0.09869421319376138, -0.1890456734586163, -0.9769960008253067, -0.513151711476911, 0.8508533975040726, -0.11279989789044056, 0.8526046993128654, 0.49021447275896995, -0.18098341749249736
0.000154226348433414, 0.0009165436925854661, 0.0059591088583544885, -0.059598207461956855, -0.21154139507855646, -0.9755502507997933, -0.5158977341276477, 0.8431794736697733, -0.15132053100595141, 0.8545745032408121, 0.4942657315151257, -0.15938571159466358
0.0001535737753873668, 0.0009142274113006707, 0.0059484270303961076, 0.029825755778056257, -0.21797064813501443, -0.9754994724979964, -0.5150449726945343, 0.833048540507381, -0.20188810083957168, 0.8566440920209244, 0.5084475643663998, -0.08741838419646909
0.00015389864574046804, 0.0009118532149197889, 0.005937801621255138, 0.10258518902940326, -0.2200818283258312, -0.970072300311972, -0.5113238178097657, 0.824843949747898, -0.24120616058619423, 0.8532433605556198, 0.5207652517258105, -0.027916308185469724
0.00015501915700456582, 0.0009094493185094441, 0.005927205774527427, 0.1483951504008924, -0.22079608533045644, -0.9639647130679849, -0.5077067242609027, 0.8194829133454133, -0.26586018294430197, 0.8486534990664684, 0.528863728608476, 0.009507632964097302
0.00015665023655256515, 0.0009070224468893951, 0.005916610393719964, 0.16789020451955963, -0.2209316664697054, -0.960729971416162, -0.5059118313399922, 0.8171299028950894, -0.2763185493318846, 0.8460887058320752, 0.532435837022247, 0.02541616253141943
0.000158506811757371, 0.0009045793248794013, 0.005905986382339733, 0.161803626291102, -0.22083898852226475, -0.9617950549194523, -0.5064729542063764, 0.8178965093011411, -0.27300264967665466, 0.8469384471002099, 0.5312960015109012, 0.020489646214939206
0.0001603038099918884, 0.000902126677299222, 0.005895304643893721, 0.1288119003258649, -0.2169684754266117, -0.967642586395148, -0.5093561637763868, 0.8227448199812563, -0.2522840851441346, 0.8508606188779935, 0.5253719081422817, -0.00453490655866294
0.00016173630217793886, 0.0008997138129219274, 0.005884543678172432, 0.05694072677260259, -0.18450191455890633, -0.9811813273593754, -0.5143026500771891, 0.8369233582295122, -0.18722199810229584, 0.8557163886231164, 0.5152847135069444, -0.047234799331404995
0.00016236362347194912, 0.0008976811381327437, 0.005873733912037976, -0.06181287971869125, -0.10941645893365945, -0.9920721780270333, -0.5105833170405063, 0.8575343656844441, -0.06276534099399138, 0.8576035472529229, 0.502655796927278, -0.10887288714187089
0.00016169030072212635, 0.0008964892734058395, 0.0058629273492314575, -0.17852301478650554, -0.026731358258441994, -0.9835725533366595, -0.4915509554550931, 0.8683731318117226, 0.06561830642957668, 0.8523539120475263, 0.4951904062410332, -0.16816441414317784
0.00015973208610951976, 0.0008961960577864467, 0.005852138565786332, -0.18682938952423384, -0.02285326243506685, -0.9821265232168798, -0.4901551829924759, 0.8685702980789288, 0.07303104737502587, 0.851376929330138, 0.49503875170652534, -0.17347610357980334
0.00015766988639461448, 0.0008959438062996851, 0.005841297974585256, -0.12562163462417994, -0.062409736710135943, -0.9901132408356736, -0.4993674723840713, 0.8663461057866625, 0.00874942929732281, 0.8572347009069878, 0.49552946406046994, -0.13999720643230923
0.00015628634957894836, 0.0008952564552024571, 0.0058303933392135476, -0.04343118403044336, -0.09976397029847828, -0.9940628161660602, -0.5039177781880669, 0.8613454034469032, -0.06442801243941776, 0.8626590317615158, 0.4981277408368017, -0.0876820889869084
0.00015580956554388882, 0.000894161254383637, 0.005819480597800325, 0.04411107720834199, -0.13001858686178863, -0.9905298480803005, -0.5020580315518413, 0.8543116797212693, -0.13449641945462276, 0.8637082527229957, 0.5032362476633485, -0.027592267320808446
0.00015629373299056603, 0.0008927341578082319, 0.0058086084464552675, 0.03298015919198442, -0.13466413191937673, -0.9903423047987358, -0.5021112533121079, 0.8545274742961679, -0.13291758713712898, 0.8641739398969489, 0.5016456590536917, -0.0394339239180133
0.00015665541515255872, 0.0008912573421842702, 0.005797747700034144, -0.03135748925470475, -0.12638437737153776, -0.991485601017004, -0.5012634653709588, 0.8601960963526808, -0.0937955974654846, 0.8647263417705852, 0.49405431379152875, -0.0903254608183262
0.00015631144779769453, 0.0008898710035132261, 0.005786871871398834, -0.06629788496899994, -0.1240993508121751, -0.9900524943540285, -0.5000744846698351, 0.8627583177888346, -0.0746565125650756, 0.8634408492947483, 0.49015042202794956, -0.1192579706140716
0.00015558268249864427, 0.0008885068679823738, 0.005775988931430828, -0.0694710074197698, -0.12880592015298822, -0.9892334477066697, -0.5002521997298329, 0.8624345682351785, -0.0771644489286664, 0.8630883592040538, 0.4895055162575223, -0.12434964318368963
0.00015481854213231615, 0.0008870900783507479, 0.005765107943272026, -0.04644649221392792, -0.1387033117422762, -0.9892442138687224, -0.5012843951907279, 0.8598260354616415, -0.09702135785785707, 0.864035114158729, 0.49138638570277987, -0.10946570899907956
0.00015430808594133318, 0.0008855657013566235, 0.005754235952529699, -0.020947984733831155, -0.14568839959437282, -0.9891087261566452, -0.5017669311022795, 0.857238454360583, -0.11563813911369852, 0.8647491710246339, 0.4938796640773025, -0.09105903921686956
0.0001540779859228755, 0.0008839654088291236, 0.005743371235038392, 0.0005146951819571879, -0.147608168902695, -0.9890457843608976, -0.5017992557730548, 0.8554708373182972, -0.12793417605761118, 0.8649839547612881, 0.49636828562180024, -0.07362936258312311
0.00015408363822722924, 0.0008823443983262422, 0.005732509684378981, 0.017924250916106464, -0.14449928563665462, -0.9893425482003657, -0.5017001659893899, 0.8546138489069574, -0.13391083863024378, 0.8648558635260071, 0.49875357212448423, -0.057177002525070096
0.0001542804376087427, 0.0008807578678667251, 0.005721647194085687, 0.031282486616716614, -0.13638113722804546, -0.9901624065977561, -0.5017110147569851, 0.8546610661954764, -0.1335684079456217, 0.8644694695028803, 0.5009537377223536, -0.041687995387305575
0.00015462377882176402, 0.0008792610154693174, 0.005710779657692728, 0.040312095366185616, -0.12681879977584284, -0.9911064155733238, -0.5018664900423631, 0.8551450411770122, -0.12983445121740617, 0.8640051858291977, 0.5026369968215442, -0.02917341746303903
0.0001550660638373742, 0.000877869620297992, 0.005699905712478487, 0.04382968969599631, -0.13084294583225609, -0.9904337846757298, -0.5016414885404277, 0.8544643423627485, -0.13507962320624023, 0.8639645682990111, 0.5027631760148442, -0.02818534313025467
0.0001555471018083328, 0.0008764335976929051, 0.005689035540650809, 0.04152414392925555, -0.15233057952451215, -0.9874569053952019, -0.5009880672394201, 0.851914458319473, -0.15248840018161777, 0.8644574610440081, 0.5010360767928446, -0.04094078403477455
0.00015600349516790615, 0.0008747593268139342, 0.005678182366284228, 0.04989524467539083, -0.1785547965740441, -0.9826640571320316, -0.49981346679289085, 0.8473611038071986, -0.17934786914574086, 0.8646947224143645, 0.5000973349009649, -0.046964802285302955
0.00015655252651313833, 0.0008727945668293208, 0.005667369444678001, 0.11954041796820425, -0.17117316352387965, -0.9779620833964956, -0.4965138206559482, 0.8426931829985669, -0.20818795648494356, 0.8597581720284024, 0.5104585658180016, 0.015746053899598243
0.00015786273180871406, 0.0008709184483656134, 0.00565665063406719, 0.21882852949363757, -0.13942019463536742, -0.9657515643308523, -0.4911796916228316, 0.8394603432172424, -0.2324840697830493, 0.8431231139145412, 0.5252317026736162, 0.11521750426745851
0.00016026540724535792, 0.000869387654013535, 0.005646046954707431, 0.21289528290779458, -0.14748323001835228, -0.965880062626289, -0.490369073731462, 0.8389024383179451, -0.2361797419592849, 0.8451116908689396, 0.5239192646272517, 0.10627715704271405
0.00016260134761218734, 0.0008677694310744224, 0.005635449076741381, 0.123453845023348, -0.1866950791283294, -0.9746302353088674, -0.4920195783893915, 0.8414067058041379, -0.2234982995670313, 0.8617864483910597, 0.5071288818999523, 0.012017258939855096
0.00016395434216710746, 0.0008657233431178809, 0.005624767599779817, 0.0733152121739945, -0.2034153258462879, -0.9763437329520432, -0.4928545750832211, 0.8436918365166756, -0.21278734176321845, 0.8670174435865866, 0.4967960247485559, -0.03839872798170004
