0.003356344997882843, 0.012399429455399513, 0.07265004515647888, -0.2447656699955973, -0.13510197497331733, -0.9601235457741444, -0.4832717472449706, 0.8754703982397012, 1.0991472445765301e-05, 0.8405582580085689, 0.4640032738724246, -0.2795760660880542
0.0033456476383347533, 0.012394648807389937, 0.07260947180330019, -0.24074654627842246, -0.14512614235759927, -0.9596767701989108, -0.4858866383384043, 0.8739614592916055, -0.010273380996146773, 0.8402114466842355, 0.4638208387699815, -0.2809180563500588
0.0033353580427141678, 0.012388880727765552, 0.07256901660701746, -0.2360710667124807, -0.15658864033117684, -0.9590362084824874, -0.48883770410508576, 0.8720956910499348, -0.02206365104431418, 0.8398262620962148, 0.4636044686706223, -0.28242299148994565
0.0033254489421939665, 0.01238220170781709, 0.07252866924660668, -0.23078925054788807, -0.1692948829647089, -0.9581625981186647, -0.492054190967033, 0.8698537626914383, -0.03517249896332944, 0.8394158653392982, 0.4633504873565068, -0.28405515464987596
0.003315893067947028, 0.012374688238835285, 0.07248841940104384, -0.22495330084723852, -0.1830482945330204, -0.9570210730733594, -0.49546529138185136, 0.8672212833513832, -0.049410431472282655, 0.8389935383981386, 0.46305568517288787, -0.2857783668426259
0.003306663151146234, 0.01236641681211087, 0.07244825674930502, -0.21861834363956484, -0.19765054396981546, -0.9555837390269516, -0.49900157491479424, 0.8641910270608774, -0.06458557873102179, 0.8385722676411665, 0.4627181984922379, -0.2875559436479271
0.003297731922964465, 0.012357463918934584, 0.07240817097036618, -0.21184297578302397, -0.21290200720880859, -0.9538318976307375, -0.5025963288101956, 0.86076481956379, -0.08050376182408914, 0.8381643537385176, 0.4623382535847281, -0.28935074804519995
0.0032890721145746003, 0.012347906050597157, 0.07236815174320334, -0.20566095429933318, -0.22629748891489088, -0.9520992691875687, -0.5056794774260629, 0.8575205897409365, -0.09458701961929189, 0.8378495318294279, 0.46200420418127286, -0.2907924987547603
0.0032806564571495216, 0.012337819698389329, 0.07232818874679255, -0.2000952302522428, -0.23784449291355225, -0.9504693030398179, -0.50828281097288, 0.8545379673455954, -0.10683373266139169, 0.8376219212149414, 0.461730288756925, -0.29188123876782
0.003272457681862107, 0.01232728135360183, 0.07228827166010979, -0.19516380189969612, -0.24755435589353247, -0.9490141892017181, -0.5104372501160847, 0.8518843913707675, -0.11724673740785589, 0.837475315529948, 0.46152987402441825, -0.292617961275481
0.0032644485198852387, 0.012316367507525404, 0.07224839016213111, -0.1908804213252596, -0.2554402028873009, -0.9477947918740564, -0.5121714145925245, 0.8496157108300687, -0.12583157785313467, 0.8374037895955474, 0.46141461470093426, -0.29300417490439384
0.003256601702391796, 0.01230515465145077, 0.07220853393183246, -0.18725524898433124, -0.26151521971234976, -0.946860740334405, -0.5135104432305853, 0.8477768481405159, -0.1325950242281377, 0.8374022309624832, 0.4613937641708371, -0.29304146116773655
0.0032488899605546597, 0.01229371927666868, 0.07216869264818994, -0.18429543072709567, -0.26579125012953586, -0.9462506039985881, -0.5144750439948584, 0.846402453899448, -0.1375438662372166, 0.8374667893830793, 0.4614736150502771, -0.2927310699137109
0.0032412860255467083, 0.012282137874469851, 0.0721288559901795, -0.18200557945120335, -0.2682777154513447, -0.9459920911090319, -0.5150809731605603, 0.8455173746297943, -0.14068390201835565, 0.8375951051293231, 0.46165727178432653, -0.29207362645752644
0.0032337626285408243, 0.012270486936145037, 0.0720890136367772, -0.18038814960916247, -0.26898084933852484, -0.9461022239534733, -0.5153400905539437, 0.8451362471383477, -0.14201871299502378, 0.8377855970046486, 0.4619459129184234, -0.2910691790443104
0.003226292500709887, 0.012258842952984956, 0.07204915526695901, -0.17944369744470737, -0.2679032395051756, -0.9465874569790184, -0.5152602848529081, 0.8452636704121048, -0.1415491657861561, 0.8380374683155118, 0.46233881704231716, -0.28971713783488623
0.0032188483732267766, 0.012247282416280352, 0.07200927055970098, -0.17917102331229848, -0.26504366987786593, -0.9474437173061503, -0.5148454048605755, 0.8458943046969023, -0.13927323639269037, 0.8383507341794209, 0.4628333159345997, -0.2880162637105919
0.003211402977264373, 0.012235881817321957, 0.0719693491939791, -0.17956719509873975, -0.2603972602946456, -0.9486563599509644, -0.5140942738668978, 0.8470133982167223, -0.1351864668471931, 0.8387268327778945, 0.4634237478511462, -0.2859645605769341
0.0032039290439955567, 0.012224717647400508, 0.07192938084876942, -0.1806274540194144, -0.2539559049803537, -0.9502000427173607, -0.5129995374752939, 0.8485973351010155, -0.12928278079307112, 0.8391693496575044, 0.4641001628798081, -0.28355923792099746
0.0031963993045932087, 0.012213866397806736, 0.0718893552030479, -0.1823450063232835, -0.24570901470943377, -0.9520385384843835, -0.5115479600587118, 0.8506133317841099, -0.121555108287995, 0.8396838590974178, 0.464848405269562, -0.28079703860548966
0.0031887864902302087, 0.01220340455983138, 0.07184926193579061, -0.18470892758485793, -0.23568317506236325, -0.9541153248234592, -0.5097288413645323, 0.8530099654692341, -0.11202904574862449, 0.8402732414825687, 0.4656473341518229, -0.2776930676946716
0.003181063332079435, 0.01219340862476517, 0.07180909072597352, -0.1876751475442948, -0.2246136412144593, -0.9562043459295766, -0.5076505831081688, 0.8555822728475596, -0.10134031704578472, 0.8408739052106228, 0.4663986348279615, -0.27459677522951814
0.0031732025613137706, 0.012183955083898843, 0.07176883125257269, -0.19117904269050073, -0.2138655358295608, -0.9579729151809452, -0.5055345257675915, 0.8580294671537472, -0.09066574189181409, 0.8413592674315058, 0.4669549936344953, -0.27215366436432276
0.0031651769091060947, 0.012175120428523135, 0.0717284731945641, -0.1951660413837226, -0.2048411663599738, -0.9591404030979472, -0.5036190332864824, 0.8601001866189961, -0.08121291947440953, 0.8415925888470003, 0.46719135859115973, -0.2710242587953161
0.003156959106629287, 0.012166981149928775, 0.07168800623092376, -0.19958938447295166, -0.1989548658320362, -0.9594691443540353, -0.502157865449553, 0.8615869111335904, -0.07419887283798404, 0.8414282832023517, 0.4669956701352114, -0.27187035201012255
0.0031485225467185246, 0.01215959734163746, 0.07164742342099444, -0.20407646607271127, -0.19724488083246075, -0.9588781220680039, -0.5013931767490081, 0.8623283219279091, -0.07067352765027661, 0.840807753475675, 0.46635214397103913, -0.27487815393152604
0.0031398527475481088, 0.012152728598696249, 0.0716067797712681, -0.20679596550089432, -0.19879325310122253, -0.9579752977890328, -0.5013986831904386, 0.8623222848682597, -0.07070811491249304, 0.8401397438208998, 0.46570539994831217, -0.27799944480436556
0.0031309458487623495, 0.012145871287594012, 0.07156618455226842, -0.20730415506144223, -0.2031339990703554, -0.9569543174655446, -0.5021499984329768, 0.86159893205668, -0.0741124777115827, 0.8395655819339088, 0.465170784444244, -0.2806167759267143
0.0031217983492397494, 0.012138512872031364, 0.07152574886981086, -0.2056839790073369, -0.2101206324651178, -0.9557946539880667, -0.5035936970669758, 0.8601609627250224, -0.08072488140825972, 0.8390992128789804, 0.4647283486257552, -0.28273675553322414
0.00311240674785881, 0.012130140815708899, 0.07148558382971074, -0.20201163988528195, -0.2196006246699561, -0.9544458407869062, -0.5056574664029058, 0.8579868447975423, -0.09038307820246155, 0.8387501558997491, 0.46436423182553926, -0.2843660250086559
0.003102905841963676, 0.012120400614498388, 0.07144574222442919, -0.19636067542006952, -0.23137372550536167, -0.9528424236432504, -0.5082487738281269, 0.8550424690810394, -0.10288615052573954, 0.8385258905071326, 0.4640781994594977, -0.2854921290257426
0.0030940467793317133, 0.012109762255624228, 0.07140599102342271, -0.18883846861792408, -0.24452224367526937, -0.9510777597641791, -0.5111445695311444, 0.8514368871063974, -0.11741574133560129, 0.8384934476839151, 0.4639656233198533, -0.2857702548701696
0.0030859898577611077, 0.012098500049191344, 0.07136624284819366, -0.1795920242107446, -0.2575188368040074, -0.9494370719173537, -0.5140289746726434, 0.8474575795825599, -0.13262678464420422, 0.8387615382436645, 0.464219451875059, -0.2845687657912258
0.0030786692223322876, 0.012086749429965913, 0.0713264798772301, -0.16878217865458137, -0.2688365564071134, -0.9482823852143295, -0.5166189520524974, 0.8434722405702695, -0.14717145704092474, 0.8394149358623495, 0.4650607329441332, -0.2812491424425563
0.003072019018125682, 0.012074645832714118, 0.07128668428902009, -0.15657864176552375, -0.2769687509660625, -0.9480355689166747, -0.5186836162429335, 0.839915699822259, -0.15971513213605698, 0.8405060589811456, 0.46672253875336267, -0.27517201281307446
0.003065973390221722, 0.01206232469220214, 0.07124683826205164, -0.1434510236146479, -0.2809616773040757, -0.9489374793475017, -0.5201148756746204, 0.8371606918367016, -0.1692409292856468, 0.8419633720809261, 0.4692787145502933, -0.2662239060342638
0.003060466483700834, 0.012049921443196157, 0.07120692397481274, -0.13126413906544757, -0.28204587013611393, -0.950378794447019, -0.52105488181361, 0.8352016758293845, -0.17589761462280443, 0.8433691575660162, 0.47211046147162433, -0.25659340645355283
0.0030554324436434474, 0.012037571520462354, 0.07116692360579148, -0.12048136352805795, -0.28100659972389375, -0.9521131928263757, -0.5216391578902512, 0.8339362621381432, -0.18011912626540091, 0.8446163803751201, 0.4749585261922111, -0.24705782399947032
0.0030508054151299926, 0.012025410358766905, 0.07112681933347587, -0.11102901892629824, -0.278297611238345, -0.9540560762006051, -0.5219572689991251, 0.8332591122123231, -0.18231802229649746, 0.8457145891465032, 0.4777339128575259, -0.23777540287127927
0.0030465198046838687, 0.012013571780068432, 0.07108659363995116, -0.10283081992307652, -0.2743693823750466, -0.9561104875949659, -0.5220777009961698, 0.8330546298084449, -0.1829066917235915, 0.8466762643398609, 0.4803555201825524, -0.22890582699802073
0.003042522226810467, 0.012002114296878613, 0.07104624318366302, -0.09580970779659631, -0.26967061738731346, -0.9581744402820793, -0.5220588991615889, 0.8332002712407702, -0.18229595116320266, 0.8475110652363902, 0.4827577716849849, -0.2206126201730699
0.0030387764504899296, 0.01199099059799417, 0.0710057845434678, -0.08988889551018386, -0.2646494603443859, -0.9601461605419169, -0.5219553036450345, 0.833570356686331, -0.18089533286031134, 0.8482232297342364, 0.4848928990955098, -0.21306390812611276
0.0030352475314698937, 0.011980145434311156, 0.0709652357924639, -0.0849923701490763, -0.2597543548823517, -0.9619272176917003, -0.5218137925658229, 0.8340431497890538, -0.1791155777089924, 0.8488148578485857, 0.4867234321558878, -0.20643070916382142
0.003031900525497996, 0.011969523556725623, 0.07092461500374966, -0.08104502570089823, -0.25543456135636927, -0.9634235250780521, -0.5216740747675366, 0.8345035734537913, -0.17736951713382806, 0.8492866792341532, 0.48821815897970444, -0.20088595201728943
0.003028700488321875, 0.011959069716133624, 0.07088394025042354, -0.07797318120938153, -0.25213658102904474, -0.9645451402184726, -0.5215705221361859, 0.8348437176662754, -0.1760686159193017, 0.8496377895613373, 0.4893496823133087, -0.19660242869605785
0.0030256124756891664, 0.011948728663431201, 0.07084322960558388, -0.07573359589180673, -0.2501317220925201, -0.965245328430201, -0.5215218858735805, 0.8350018359099318, -0.17546183796457662, 0.8498701930343014, 0.4901082080827392, -0.19368685903221694
0.0030226015433475095, 0.011938445149514419, 0.07080250114232908, -0.07432473940360658, -0.2494429028928391, -0.9655330503452378, -0.5215296088051462, 0.8349748511443587, -0.1755672665846552, 0.8499898236168109, 0.4905050826982834, -0.1921511477847921
0.00301963274704454, 0.011928163925279319, 0.07076177293375753, -0.07374745607277745, -0.2500723197165108, -0.9654144952477133, -0.5215951950193858, 0.8347615562632066, -0.1763847972976083, 0.8499998619149787, 0.49054763183266176, -0.19199806157324778
0.0030166711425278947, 0.011917829741621953, 0.07072106305296759, -0.07400189361344138, -0.2520200569759422, -0.964888392832802, -0.5217205022171754, 0.8343587046308127, -0.1779136576349623, 0.8499008396912449, 0.4902361093275719, -0.19322815478982786
0.003013681785545212, 0.011907387349438374, 0.0706803895730577, -0.07508599746641713, -0.2552823342642114, -0.9639465871079625, -0.5219072576217172, 0.833761458104916, -0.1801517288858006, 0.8496910658740928, 0.4895638475126406, -0.19583751372596708
0.003010629731844131, 0.011896781499624639, 0.07063977056712624, -0.07690497534504923, -0.25974950111081535, -0.9626088621241027, -0.5221540269327387, 0.8329746376808661, -0.18305306645438857, 0.8493767108445477, 0.4885524021567313, -0.19968914197268048
0.003007480037172286, 0.011885956943076792, 0.07059922410827155, -0.07922056771918341, -0.2651497663430531, -0.960947294630915, -0.5224539926987336, 0.8320203902623502, -0.18650441201440318, 0.8489793443679311, 0.4872757654510544, -0.20444168175958435
0.0030041977572773165, 0.011874858430690888, 0.07055876826959206, -0.08178244414347062, -0.2711983477041216, -0.9590427978106475, -0.5227986714761292, 0.830923758955961, -0.19038712116445874, 0.8485241192404105, 0.48581597648188807, -0.20973711179053467
0.0030007479479068587, 0.01186343071336297, 0.07051842112418615, -0.08434085509107828, -0.27761235593850847, -0.9569838034119369, -0.523178008388538, 0.829712071016331, -0.19458327458544253, 0.848039734741898, 0.48426156056418707, -0.2152193050328656
0.002997096302397471, 0.011851619258645281, 0.07047820049205597, -0.0866468074133925, -0.284111404153362, -0.9548680750737619, -0.5235803955461588, 0.8284154580670688, -0.19897587350042342, 0.8475587886186978, 0.48270958025041677, -0.2205347160192065
0.0029932472000523654, 0.011839413017494792, 0.07043810883648785, -0.08845214998486459, -0.2904178980899508, -0.9528030550077335, -0.5239929389858912, 0.827067063067854, -0.20344894465502264, 0.8471172392626555, 0.4812665765013496, -0.22533278786427763
0.0029892652323556426, 0.011826868619948477, 0.07039812471904254, -0.0895095290742294, -0.2962569293037079, -0.9509047670742047, -0.5244019250695748, 0.8257029672886894, -0.20788754362389675, 0.8467530130966372, 0.4800483742813753, -0.22926598779926982
0.002985220199538007, 0.011814048550725426, 0.07035822463362565, -0.08957217725862544, -0.3013556827776717, -0.9492953057498771, -0.5247935010356679, 0.8243618350230564, -0.21217762895306738, 0.8465037544700413, 0.47917879483030384, -0.23198938823381945
0.00298118190183016, 0.011801015294544715, 0.07031838507414269, -0.08839353540784652, -0.30544229525651806, -0.9480989332166405, -0.5251543907868339, 0.823084381538042, -0.21620584336564183, 0.8464038331289688, 0.47878711880810787, -0.23315970090909738
0.0029772201394628055, 0.011787831336125432, 0.07027858253449931, -0.08575478614296565, -0.308249336755693, -0.9474325638499289, -0.5254717187264151, 0.8219156648000345, -0.21985020531039923, 0.8464783455424489, 0.47899581036371575, -0.23245951084377192
0.002973404712666647, 0.011774559160186656, 0.070238793508601, -0.08178662191419385, -0.30964291744138844, -0.9473289883426191, -0.5257310447066368, 0.8209180406428718, -0.22293595308683736, 0.8467099958708018, 0.4798070802160529, -0.2299290078850714
0.0029698054216723883, 0.011761261251447476, 0.07019899449035336, -0.07690757635487906, -0.3096647475567575, -0.9477304304599637, -0.5259235141533635, 0.8201489745551995, -0.2253000594687705, 0.8470476267364164, 0.4811064369312308, -0.22593564212744388
0.0029664920667107296, 0.011748000094626967, 0.07015916197366194, -0.07155002871912537, -0.30836982266590646, -0.9485718980969706, -0.5260435940809042, 0.8196628517312631, -0.22678392054600885, 0.8474424644285519, 0.4827637744909729, -0.2208628704026366
0.0029635344480123775, 0.011734838174444215, 0.07011927245243232, -0.0661466754816359, -0.30581377390524317, -0.9497907943397641, -0.5260878399264917, 0.8195114884182325, -0.22722787028005906, 0.8478538801021113, 0.48464301918047487, -0.21509286821145113
0.002960991188177087, 0.011721836444465993, 0.07007930373185287, -0.0611306941128148, -0.302053599220805, -0.9513288923579705, -0.526054445976026, 0.8197424919390087, -0.22647067531687326, 0.8482509994725276, 0.4866064838320403, -0.20900806631916527
0.0029588118101498166, 0.011709040913393766, 0.07003924641593302, -0.05691789124339861, -0.297165536291521, -0.9531280069838349, -0.5259436710538197, 0.8203901882929364, -0.22437289014297554, 0.8486127553453555, 0.488520811218164, -0.20298721258224833
0.0029568842282145427, 0.01169648915055181, 0.0699990983361867, -0.05373543034761152, -0.2914157078203911, -0.9550860635361075, -0.5257684217135902, 0.8214050399671122, -0.2210459840065575, 0.8489287780810341, 0.4902760911488213, -0.19735573007560558
0.002955095660841481, 0.011684218629949308, 0.06995885740575584, -0.051696794527147885, -0.2851855216161888, -0.9570771440673527, -0.5255442905377851, 0.8226911585831423, -0.21675436851944463, 0.8491941121550208, 0.49178092261659495, -0.19240811841400207
0.0029533333265008483, 0.011672266825595442, 0.0699185215377824, -0.05091440591070588, -0.27885980157665435, -0.9589811960280497, -0.5252819817484305, 0.8241565148985385, -0.21176609407725436, 0.849403651346756, 0.49295359823712015, -0.18844146853565605
0.0029514844436628607, 0.011660671211499394, 0.06987808864540831, -0.05147457176226818, -0.2728213841253659, -0.9606866611053839, -0.5249905165915748, 0.8257118878784532, -0.20636093551133228, 0.8495500726565813, 0.4937290457124438, -0.1857318052167617
0.0029494436876670144, 0.011649461706481585, 0.06983755822997124, -0.05320425187977776, -0.26741718640524775, -0.9621108854996986, -0.524685212488971, 0.8272470713363664, -0.2009171738821939, 0.8496321176705343, 0.4941157064701602, -0.18432290482242875
0.0029471850211892805, 0.011638587896615324, 0.06979694667976269, -0.055783939482990125, -0.26297404704128396, -0.9631888717580196, -0.5243890425787279, 0.8286442092195877, -0.19586961619967838, 0.8496495066314835, 0.4941593114670336, -0.18412574717106794
0.0029447302527646755, 0.011627950891262952, 0.06975628057348851, -0.05889272004645441, -0.259819472467206, -0.9638596833836307, -0.5241304516062991, 0.8297924640326553, -0.19165525386378374, 0.8495992686110947, 0.49390111192573494, -0.18504803272127984
0.002942101852123577, 0.011617451129873524, 0.0697155866306787, -0.06220993705146548, -0.258281412382201, -0.9640646429311202, -0.5239430581796642, 0.8305850870337694, -0.1887116450631667, 0.8494784255750076, 0.49337523773995906, -0.18699539905475016
0.002939322288996365, 0.011606989051896093, 0.06967489157086335, -0.06541496630153273, -0.258684791315709, -0.9637442922921606, -0.523865047197187, 0.8309146504474626, -0.18747334743066887, 0.8492857555080379, 0.49260838646303956, -0.18987017427026898
0.0029364140331134183, 0.01159646509677971, 0.06963422211357247, -0.0682053742053968, -0.2611695616657933, -0.9628803077167999, -0.5239268853129266, 0.830709635483593, -0.1882076522381899, 0.8490280594749489, 0.4916421072019904, -0.19349261652628863
0.002933399554205116, 0.011585779703973433, 0.06959360497833612, -0.07046774822947283, -0.2654169628078805, -0.961555059428896, -0.5241235999468814, 0.8300172510373565, -0.19069823008908926, 0.8487218321913188, 0.4905356244292865, -0.19760074070605352
0.002930301322001838, 0.011574833312926315, 0.06955306688468436, -0.07220207528031873, -0.2709678840504459, -0.9598766931947245, -0.5244305136830361, 0.8289278473387609, -0.19455400336275472, 0.8483864076253003, 0.4893414244875984, -0.2019541374596865
0.0029271418062339636, 0.011563526363087408, 0.0695126345521472, -0.07341008578375262, -0.27736238607717356, -0.9579567141028863, -0.5248166386665042, 0.8275348609340375, -0.199382922332067, 0.8480438992670215, 0.4881149052512739, -0.20631380028375695
0.0029239434699325165, 0.011551760339893044, 0.06947233440689678, -0.07409408254157386, -0.28414269602414916, -0.9559147426567134, -0.5252476894268742, 0.8259381784939368, -0.20479499519726496, 0.8477174834129897, 0.48691791259127637, -0.21044242612577393
0.0029207283323095436, 0.01153950602336748, 0.06943217344072052, -0.07425720044420474, -0.2908541618726525, -0.9538813997051971, -0.5256891156514202, 0.8242461174215527, -0.210402689148983, 0.8474295379958248, 0.4858211547852282, -0.21410507629509948
0.0029175176994448945, 0.011526845536681523, 0.06939212741806773, -0.07390347603024541, -0.2970456823712751, -0.9519990224864889, -0.5261084633371231, 0.8225759405085544, -0.21582100662706155, 0.8472001894686391, 0.48490482022872355, -0.21706946879570924
0.002914332813029247, 0.01151387105625144, 0.06935216928385092, -0.07303770837163381, -0.30226946697034374, -0.9504202557254787, -0.5264759693706209, 0.8210535473492796, -0.22066745582534172, 0.8470469566860418, 0.48425638015686323, -0.21910548018314477
0.0029111949147532807, 0.0115006747584935, 0.06931227198298262, -0.07166512543060788, -0.3060799992782878, -0.9493045579996015, -0.5267648789052058, 0.8198115059162459, -0.2245614773716123, 0.8469845760986437, 0.4839670740961008, -0.21998408815607606
0.002908125246307673, 0.011487348819823965, 0.06927240846037536, -0.06979087834853928, -0.30803463385548563, -0.9488118346884467, -0.526952286172605, 0.8189843859981588, -0.22712521566018118, 0.8470245105053362, 0.4841272971406753, -0.2194771941830401
0.002905145049383102, 0.011473985416659106, 0.0692325516609416, -0.0674179637989166, -0.30785116409711777, -0.9490429278600929, -0.5270305066907819, 0.8186581325854024, -0.22811774803605112, 0.8471680253494378, 0.48479534106242306, -0.21743921934578234
0.002902275565670247, 0.011460676725415187, 0.06919267452959389, -0.06454587703023104, -0.30550417071054436, -0.9500005428613506, -0.5270120712696151, 0.8188370407289899, -0.22751742233574232, 0.8474031546404039, 0.48597644223630126, -0.21385694072636177
0.0028995380368597844, 0.011447514922508478, 0.06915275001124473, -0.06117295166699378, -0.30098695709489504, -0.951664185331729, -0.5269079446516162, 0.8195111887428004, -0.22532072560768057, 0.8477180473762236, 0.4876558860345254, -0.20872433726933926
0.0028969537046423946, 0.01143459218435525, 0.06911275105080664, -0.05729953609563382, -0.2942890265437415, -0.9539972389997584, -0.526719204752875, 0.8206670134205681, -0.22152320968211026, 0.848105914675593, 0.48979548991319055, -0.2020315211866051
0.0028945438107087543, 0.01142200068737176, 0.06907265059319213, -0.05353086774556918, -0.2854927497926984, -0.9568847036159635, -0.5264277199037732, 0.8223499880023974, -0.2159035732667971, 0.8485330293602724, 0.4921731271090088, -0.19431240577075543
0.002892329596749542, 0.011409832607974287, 0.06903242158331371, -0.05184426792538246, -0.2749014719531563, -0.9600736183237559, -0.5259913570127379, 0.8247276313798331, -0.2077436554663187, 0.8489082778670377, 0.49422010760044777, -0.18735319856416197
0.0028903323044554372, 0.01139818012257909, 0.06899203696608394, -0.053521845174414245, -0.2630193507565583, -0.9633048495760439, -0.5253844337385016, 0.8277864274147178, -0.19682689697613015, 0.8491799625959152, 0.49557083420594555, -0.18249092966507474
0.0028885731755171158, 0.011387135407602438, 0.06895146968641525, -0.058055187304748665, -0.25068006638351714, -0.9663276357141847, -0.5246198759636138, 0.8311914089332472, -0.1841054791674758, 0.8493548027596789, 0.49626640631168945, -0.17976671826438886
0.0028870723533582837, 0.01137679047307428, 0.06891069284482723, -0.064724208981853, -0.23876147292226318, -0.9689188489340399, -0.5237188297701516, 0.8346173842476463, -0.17068218786914935, 0.8494288458228013, 0.49639377610885504, -0.1790638291909776
0.002885595438730886, 0.011367198766071182, 0.06886971560649999, -0.07281393633762734, -0.22815319416072935, -0.9708986819793692, -0.5227271567095122, 0.8377923240968435, -0.15767162497671752, 0.8493847481050087, 0.4960344158207838, -0.18026482742877178
0.002883331799372577, 0.011358325486100768, 0.06882862902888687, -0.08169338607313409, -0.219659642659426, -0.972150107781015, -0.5217244792257082, 0.8405152919171457, -0.1460739943662083, 0.8491935930331609, 0.49526122949426266, -0.1832663529163546
0.0028797643924400773, 0.011350050736819078, 0.06878751660163585, -0.0914399289185935, -0.2132196766082175, -0.9727158418091327, -0.5207369803018657, 0.8428470711252045, -0.13580063343651563, 0.8488060654504402, 0.49411150988694, -0.18810124681083695
0.002875126002343688, 0.011342108208484664, 0.0687464238606633, -0.10249176247221269, -0.20831538540209654, -0.972676790527108, -0.5197310966398662, 0.8449578281829675, -0.12619768531096312, 0.8481597879001702, 0.49259615182936506, -0.19486920072715344
0.0028697390262139213, 0.011334214093322009, 0.06870539180599139, -0.11494651317391871, -0.20484974473203368, -0.9720205148001655, -0.5186951584705929, 0.8468961705088841, -0.11714183264980052, 0.8471969261560884, 0.49071728975104184, -0.20360233262678346
0.0028639258611812884, 0.011326084583555602, 0.06866446143764224, -0.127694282077103, -0.2034168569537672, -0.970729495087001, -0.5177575671688429, 0.8484665963197096, -0.1096883611375796, 0.8459440123106342, 0.4885959652276077, -0.21366494986096354
0.002857974771627417, 0.011317477750206738, 0.06862366715806795, -0.13839702142286006, -0.2043239648641907, -0.9690706794880636, -0.5171592698955089, 0.8493952224833019, -0.10523329123279526, 0.8446256887062012, 0.48659991102004846, -0.22322180129381702
0.0028518750538364204, 0.011308518479880517, 0.06858298558173027, -0.14581499767413808, -0.2073026559789038, -0.9673487454260657, -0.5170335333196285, 0.8496071382521455, -0.10413470148812173, 0.843453799491301, 0.4849673385446612, -0.23106788757548377
0.002845462765599063, 0.011299519569854113, 0.06854236365779982, -0.15052845945760698, -0.2116645555618301, -0.9656807437306248, -0.5172932098103595, 0.8492785746180198, -0.1055160546025106, 0.8424659743736924, 0.4836569224291094, -0.23733323283726507
0.0028387138300023772, 0.011290612472928792, 0.0685017710841999, -0.1533263050334863, -0.21667132834178832, -0.9641289227377132, -0.5177892306086291, 0.8486169885184743, -0.10836752033501278, 0.841656317537332, 0.4825999816332783, -0.24230538763522635
0.0028318584510955863, 0.011281598973459926, 0.06846121902661399, -0.15499412984380467, -0.2215839606708624, -0.9627447055618511, -0.5183553672567496, 0.8478406557262192, -0.11168677510723857, 0.8410021004433236, 0.4817330909031975, -0.24626955999223618
0.002825076071205151, 0.011272320197877357, 0.06842071749041512, -0.1562360633143898, -0.22576412518621455, -0.961572073377199, -0.5188450630822594, 0.8471523384893839, -0.11459806240567362, 0.8404701618946316, 0.48100257293581256, -0.24949234816711335
0.0028183777187596047, 0.01126277804821435, 0.06838026449707706, -0.1570528850364059, -0.2294531932984822, -0.9605652624298209, -0.5192918564289039, 0.8465080341185076, -0.11730352091664767, 0.8400418794014762, 0.4803908619634111, -0.25209970367631696
0.002811752308485276, 0.01125299553725487, 0.06833985649451937, -0.15708359160559132, -0.23334265383475267, -0.959622817126418, -0.5198231566390837, 0.8457246723613064, -0.12055564848292928, 0.83970746755645, 0.4798968477295051, -0.2541463839388981
0.0028051887551084945, 0.011242995677782884, 0.06829948993066168, -0.1562976528953846, -0.23769025859314033, -0.9586836728918043, -0.5204791240401869, 0.8447369165012022, -0.12458339912845806, 0.8394477500939256, 0.47950274542484855, -0.2557432149486656
0.0027986759733555915, 0.01123280148258236, 0.0682591612534236, -0.1552678536094068, -0.2419698678897447, -0.9577799729942923, -0.5211425304737893, 0.843714806276305, -0.12866929937445387, 0.8392272377413066, 0.4791616728240654, -0.2571025762794684
0.0027922028779528946, 0.011222435964437274, 0.06821886691072476, -0.15444762332213008, -0.24575102545151814, -0.9569495102353481, -0.5217196203713843, 0.8428063571115458, -0.1322349504930676, 0.8390200053453339, 0.4788359613707942, -0.25838257048110513
0.0027857583836267343, 0.011211922136131584, 0.06817860335048471, -0.15389061012094968, -0.24898528877707934, -0.9562029105211908, -0.5222000970810214, 0.8420356369067094, -0.13521480979420852, 0.8388234252363089, 0.47852096312670217, -0.25960151987829294
0.002779331405103441, 0.01120128301044927, 0.06813836702062315, -0.15359772256927284, -0.2516741342628078, -0.9555458491169322, -0.522584670414701, 0.8414087316981106, -0.13761035015483167, 0.8386375867256911, 0.4782169762411653, -0.26075950944436477
0.002772910857109343, 0.011190541600174289, 0.06809815436905961, -0.15356968486472847, -0.25381882545582063, -0.9549829086087226, -0.5228744083360821, 0.8409302419506268, -0.1394226713273427, 0.8384621070732654, 0.477925027611118, -0.26185676043434913
0.0027664856543707715, 0.011179720918090622, 0.06805796184371374, -0.15380705126867852, -0.25542037181818233, -0.9545175873918172, -0.5230703521874311, 0.8406035099704228, -0.14065257085429325, 0.8382963662348483, 0.4776464934296773, -0.26289357099743327
0.002760044711614055, 0.011168843976982226, 0.06801778589250511, -0.1543102161316401, -0.2564794967901642, -0.9541523069844094, -0.5231728734232257, 0.8404309928306688, -0.1413007105563932, 0.8381399058101767, 0.4773824609429219, -0.2638702034572825
0.0027535769435655237, 0.011157933789633074, 0.06797762296335334, -0.1550794194479723, -0.25699661504549887, -0.9538884177506484, -0.5231816056385313, 0.8404143052841516, -0.14136761650125237, 0.8379924708403819, 0.4771336661030246, -0.2647868642624089
0.0027470712649515076, 0.01114701336882714, 0.0679374695041781, -0.15611474789445226, -0.2569718188572525, -0.9537262027453409, -0.5230956607062026, 0.8405540989707332, -0.1408535993641639, 0.8378538746345886, 0.4769007140031291, -0.2656437346204735
0.002740516590498336, 0.011136105727348387, 0.06789732196289892, -0.15741613132629698, -0.25640487352564306, -0.9536648795203486, -0.5229136574944708, 0.8408500464144105, -0.13975874302038852, 0.837723981036724, 0.47668410952871365, -0.26644097154679497
0.0027339018349323385, 0.011125233877980784, 0.06785717678743544, -0.15898333472183113, -0.25529522185764825, -0.9537025998587717, -0.5226337346382999, 0.8413008319694887, -0.13808290823077796, 0.8376026974041746, 0.4764842702798282, -0.2671787070055362
0.0027272159129798452, 0.0111144208335083, 0.0678170304257073, -0.1608159455856116, -0.25364199772693585, -0.95383644752887, -0.5222535664840323, 0.8419041389349803, -0.1358257454934748, 0.8374899664713089, 0.476301540868008, -0.26785704811829597
0.0027204477393671846, 0.011103689606714906, 0.06777687932563405, -0.1629133568401544, -0.25144404878042487, -0.9540624342756504, -0.5217703305125052, 0.8426566624962678, -0.13298673372754838, 0.8373857894423236, 0.4761361564548088, -0.2684760699885529
0.0027135862288206877, 0.011093063210384566, 0.06773671993513533, -0.16527466976152785, -0.24870010560252356, -0.9543754717135765, -0.5211807077601903, 0.843554078071277, -0.12956537819921232, 0.8372902444157612, 0.475988208722245, -0.26903581873717775
0.002706620296066684, 0.011082564657301255, 0.06769654870213075, -0.1678686638176924, -0.24546349756345162, -0.9547605894002853, -0.5204914355743224, 0.8445756040366832, -0.12562131411449648, 0.8372029486342267, 0.47585682765931747, -0.26953942637055356
0.0026995388558315038, 0.011072216960248937, 0.06765636207453993, -0.17058829178681237, -0.24192611036829623, -0.9551813397608458, -0.5197365677346805, 0.8456619563321648, -0.12136620522958474, 0.8371221743954889, 0.47573901746075314, -0.2699978748080177
0.0026923308228414752, 0.011062043132011581, 0.06761615650028245, -0.1733152851292856, -0.23830225258587787, -0.9556013019837567, -0.5189565417179508, 0.8467506984109229, -0.11703573193157354, 0.8370459484094641, 0.47563146568862624, -0.2704233516140756
0.0026849851118229285, 0.011052066185373157, 0.06757592842727793, -0.17593209378037453, -0.23480729951844947, -0.9559881957801083, -0.5181943292284309, 0.8477829280391297, -0.11286604485360793, 0.8369722429887089, 0.4755309022747662, -0.27082803667308286
0.0026774906689066807, 0.01104230907483298, 0.06753567431089653, -0.17832191458358507, -0.2316576006762022, -0.9563137826195907, -0.5174953314443341, 0.8487032168386996, -0.10909368295626395, 0.83689896445901, 0.4754341234877744, -0.271224109383455
0.002669848970502418, 0.011032771499520543, 0.06749539357924557, -0.18037543387278826, -0.22905810989720662, -0.9565547998653934, -0.5169044588596675, 0.8494622236111441, -0.1059420174841171, 0.8368240455831786, 0.4753381038249826, -0.27162327548623744
0.0026620931046090965, 0.011023394489543939, 0.06745509316010154, -0.1820356757864465, -0.227121706346995, -0.9567020138198734, -0.5164484944837148, 0.8500364634077996, -0.10353242691381799, 0.836746057825477, 0.475240719407744, -0.27203362536703773
0.0026542610670757206, 0.011014109966365784, 0.0674147811456004, -0.18326950167600037, -0.22591860087122004, -0.9567513133180539, -0.5161451570859868, 0.850413176534381, -0.10193922696089917, 0.8366638910411471, 0.47514020557841047, -0.27246159081748283
0.002646390853751292, 0.011004849851448709, 0.06737446562787812, -0.18404362619666909, -0.22551843436698715, -0.9566971200003916, -0.5160113975976, 0.8505783025432858, -0.10123630174968878, 0.836576464649677, 0.475034721892248, -0.2729135976660055
0.0026385204604848136, 0.010995546066255335, 0.06733415469907063, -0.1843244191486624, -0.22599023343654223, -0.9565317155728844, -0.5160631111708593, 0.8505158402154825, -0.10149714691164985, 0.8364827396869355, 0.47492233042240595, -0.27339606118594617
0.002630685048676526, 0.010986135688214636, 0.06729385597024341, -0.18410752177248965, -0.2273471910177625, -0.9562518889723174, -0.5163032347006257, 0.8502214837484358, -0.1027346018159372, 0.8363823230224698, 0.4748017305243753, -0.27391226045322536
0.002622898193890155, 0.010976595060184663, 0.06725357338885429, -0.18346332345830219, -0.22946264190266705, -0.9558703389668929, -0.5167040130203516, 0.8497246801323002, -0.10480902109419957, 0.8362763729021039, 0.4746734287329642, -0.2744575817509745
0.002615163541647518, 0.01096691858813425, 0.06721330921700697, -0.18247368663238386, -0.23218803796245355, -0.9554015222480717, -0.517232330425077, 0.8490595930252712, -0.10755707254664816, 0.836166293299264, 0.4745382202930626, -0.27502619408205886
0.002607484684894011, 0.010957100773670665, 0.0671730657078818, -0.18122049525301398, -0.23537491240923697, -0.9548600854096878, -0.5178549411592057, 0.8482606745841044, -0.11081555789290573, 0.8360534624156807, 0.4743969630620166, -0.27561228096782575
0.00259986521657503, 0.010947136118401177, 0.06713284511465906, -0.17978583337262144, -0.23887514907079016, -0.9542618703872223, -0.5185390096221086, 0.8473635600236031, -0.11442155672882802, 0.8359392021066095, 0.47425063025844627, -0.2762100470309359
0.00259230872963597, 0.01093701912393306, 0.06709264969051908, -0.17824525810071, -0.2425532700639167, -0.9536228495301022, -0.5192550050103454, 0.8464023153781087, -0.11822588673502359, 0.8358246632735347, 0.4741002338154635, -0.2768141986239243
0.002584818817022228, 0.010926744291873583, 0.06705248168864215, -0.17662242301385955, -0.24636633063198993, -0.9529470871038132, -0.5199931876628229, 0.8453867739627309, -0.12218137007393055, 0.8357102395405777, 0.4739460238675029, -0.27742307399928895
0.0025773990716791992, 0.010916306123830018, 0.06701234336220863, -0.17491702121782102, -0.2503137941756074, -0.9522326607156972, -0.5207527200104767, 0.8443151297290024, -0.1262876332519854, 0.835595979101129, 0.4737878915254268, -0.2780366766344254
0.0025700530865522798, 0.010905699121409635, 0.06697223696439877, -0.1731286108121772, -0.2543953088408813, -0.9514775409635261, -0.521532791841869, 0.8431854347643797, -0.1305445120823923, 0.8354819155145558, 0.4736257482875659, -0.278655018629078
0.0025627844545868654, 0.010894917786219708, 0.06693216474839296, -0.17125674417159642, -0.25861047854782343, -0.9506796242483638, -0.522332552219337, 0.8419956739997906, -0.13495180568511034, 0.8353680820259881, 0.47345950761485833, -0.27927810902632183
0.002555596768728352, 0.010883956619867505, 0.06689212896737144, -0.1693009703871609, -0.2629588582957993, -0.9498367334809363, -0.5231510898351533, 0.8407437770546995, -0.13950927764162863, 0.8352545232623748, 0.47328906620327443, -0.27990595060158263
0.0025484936219221355, 0.010872810123960299, 0.06685213187451457, -0.16726083783780243, -0.2674399493199613, -0.9489466189589028, -0.5239874186540422, 0.839427627273014, -0.1442166552901272, 0.8351413037433066, 0.4731142907147642, -0.28053853693101727
0.0025414786071136118, 0.010861472800105356, 0.06681217572300263, -0.16513589689475863, -0.27205319410529616, -0.9480069594332469, -0.5248402780999878, 0.8380451760051782, -0.14907369136899146, 0.8350286330663704, 0.47293481850203833, -0.28117581583015455
0.002534555317248176, 0.01084993914990995, 0.06677226276601596, -0.1629257027615137, -0.27679797126627353, -0.9470153633825282, -0.5257079268246762, 0.8365945605935262, -0.15408022864412474, 0.8349169965052622, 0.4727498538214476, -0.28181764433482903
0.002527727345271225, 0.010838203674981353, 0.06673239525673483, -0.16062981845101257, -0.28167359030142874, -0.9459693705142348, -0.526589134572083, 0.8350735442047313, -0.15923586003150547, 0.8348065313442506, 0.4725591648630375, -0.28246396394749046
0.002520998284128154, 0.010826260876926837, 0.0666925754483396, -0.15824781790164322, -0.2866792862341936, -0.9448664535126758, -0.5274834927463367, 0.8334793424118174, -0.1645398147953553, 0.8346968270033701, 0.472363390428405, -0.2831148784036059
0.0025143717267643593, 0.01081410525735367, 0.06665280559401057, -0.15601721895564477, -0.29118253892596546, -0.9438598182007618, -0.5282850115658921, 0.8320065865368109, -0.16935166522414047, 0.8346098333617762, 0.47220521914099256, -0.28363472472854173
0.002507851266125237, 0.010801731317869125, 0.06661308794692805, -0.1545940861513545, -0.2934102658593728, -0.9434039879157601, -0.5287027354875153, 0.8312218689895707, -0.1718825820189562, 0.83461014013433, 0.47220823838833753, -0.2836287954054332
0.002501440495156182, 0.010789133560080471, 0.06657342476027234, -0.15393360802965939, -0.2934045263334566, -0.9435137668555829, -0.5287563108024087, 0.8311244502898152, -0.1721885940388594, 0.8346982736927145, 0.47238324701188605, -0.2830774802715852
0.0024951430068025906, 0.01077630648559498, 0.06653381828722375, -0.15393233977268356, -0.29134805597745767, -0.9441510181375982, -0.5284847112172947, 0.8316513683301933, -0.17046967931010473, 0.8348704958145783, 0.47272858156945985, -0.2819910342291874
0.002488962394009858, 0.010763244596019923, 0.06649427078096261, -0.15448461591103635, -0.2874195971523795, -0.9452642374593379, -0.5279220346367912, 0.8327274651594592, -0.16692301852666236, 0.8351244391057959, 0.47323878110512635, -0.28037872113690104
0.0024828022423180203, 0.01075020893429887, 0.06645472033405211, -0.15548347498488593, -0.2817946473555101, -0.9467928314728666, -0.5270980913811193, 0.8342700816182138, -0.16174372624346223, 0.8354594490871509, 0.4739042177893362, -0.27824863214842926
0.0024763915621629803, 0.010737942901785353, 0.06641498713023414, -0.1568212354408226, -0.2746468001028018, -0.9486707728754511, -0.526038522879736, 0.8361933358913782, -0.155126327415285, 0.835877127669683, 0.4747102697479172, -0.2756076690415926
0.0024697539999690744, 0.01072642475774863, 0.06637507341618172, -0.15838987059603687, -0.26614933426261833, -0.950829732793488, -0.5247657065310931, 0.8384113713014728, -0.1472661730381652, 0.8363812540591125, 0.47563736642945664, -0.2724619120437891
0.002462936354206094, 0.010715571934618966, 0.06633499598806783, -0.16008129556239026, -0.25647678477014657, -0.9532017822502403, -0.523303898517126, 0.8408386902467246, -0.13835941160958393, 0.8369749151604511, 0.4766654548613112, -0.26881784824303456
