0.009740553796291351, 0.020989058539271355, 0.037682779133319855, 0.14827637183132947, 0.49455254778648594, -0.8564063842793519, 0.9574236284455355, -0.28868513726324757, -0.0009419222286839969, -0.2476976246368187, -0.8198040430500423, -0.5163014795137453
0.009751441426982787, 0.021027136180638076, 0.037649774959410555, 0.11353938395607804, 0.39148975413876186, -0.9131509079529222, 0.9577054471110519, -0.2877186484061755, -0.004272696238180319, -0.26440326182688156, -0.8740444792822019, -0.40759926811957126
0.009757252952202446, 0.02104374631812422, 0.037612629543958775, 0.07250546026306669, 0.27789846766503146, -0.9578702416828013, 0.9581055668503502, -0.2862221857688761, -0.010515852036617703, -0.2770860534245813, -0.9169783541846092, -0.2870087402057221
0.009758962894046765, 0.021045168656880043, 0.03757286251325144, 0.027766887313209518, 0.1590357859735757, -0.9868822719801499, 0.9582576937066751, -0.2852732116092183, -0.0190101864832022, -0.2845543751568398, -0.9451596762018201, -0.16031841460409763
0.009757545774612198, 0.02103768290205582, 0.037531993493575486, -0.01744100379017865, 0.04152990633239245, -0.9989850240453126, 0.9580019697690372, -0.2853331160314212, -0.02858738908057906, -0.2862307413703773, -0.957528213566484, -0.03480923611258807
0.009753935382475674, 0.021027157976736634, 0.03749142314704301, -0.05999252132234219, -0.06831864439802836, -0.9958581526567948, 0.9574258931026145, -0.28616109737092477, -0.03804583509569848, -0.2823766219113213, -0.9557428467841567, 0.08257756486399229
0.009748706210191128, 0.021015839440151594, 0.03745150279469778, -0.09754686310695385, -0.16603059229011816, -0.981284083189871, 0.9567635069945429, -0.28712127260205694, -0.04652920053985959, -0.27402226402519997, -0.9433955783462036, 0.1868597912214818
0.009742245712292564, 0.021004086644175055, 0.037412037504179374, -0.1267797444366868, -0.22510805893721195, -0.9660503393726897, 0.9556075166359577, -0.28885751586466535, -0.05809999722334414, -0.2659721236322077, -0.930530868553008, 0.2517362352156684
0.00973493973565661, 0.02099224272806776, 0.03737282764788782, -0.14683772987092436, -0.24795335025750065, -0.9575791440828453, 0.9540053210266324, -0.2912942371594086, -0.07086264778139757, -0.2613666553698571, -0.9239409090920261, 0.2793218000210062
0.00972717412715992, 0.020980650831090464, 0.03733367359822318, -0.15964102092766883, -0.249621130892382, -0.9550937312375052, 0.9523377934793003, -0.29370008310250983, -0.08241958685019238, -0.25993743775791356, -0.922729403561839, 0.28461021811288456
0.00971933473367912, 0.020969654092503915, 0.03729437572758547, -0.16742068258884635, -0.24404979880908118, -0.9552015550357589, 0.9509623521382553, -0.29556758131591837, -0.09116144848966994, -0.260078680128075, -0.9236230294748529, 0.2815662969293972
0.009711804703761472, 0.020959592280480527, 0.037254736128430305, -0.17145732828068028, -0.2361690806330753, -0.9564656553853772, 0.9499902997040996, -0.29683120766727283, -0.09700342583075759, -0.26099964568360234, -0.9252650428432474, 0.2752522215084153
0.009704740264082495, 0.020950521664196184, 0.03721470154502294, -0.17274921576432745, -0.22693988178391702, -0.958465439391902, 0.9493652429170447, -0.29761908739086235, -0.1006405204760533, -0.26241826154799236, -0.927319345682237, 0.2668622999406201
0.009697903425801246, 0.020942006714779048, 0.03717446974495174, -0.17232283326452622, -0.21730364654523235, -0.9607725882506386, 0.9489835199007175, -0.2981033622434268, -0.10278455319749585, -0.2640740806904966, -0.9294694780450347, 0.2575875953732247
0.009691099265995385, 0.020933719312374373, 0.03713419049992921, -0.1712229785798329, -0.20821035431093765, -0.9629803424597845, 0.948728719928056, -0.29843579876042003, -0.10416280527089578, -0.26570003310109425, -0.9314421733934664, 0.24863420929979363
0.009684272281034257, 0.020925595856994616, 0.03709389008740622, -0.1705056382200267, -0.2006154752386626, -0.9647182274788566, 0.9484776054505937, -0.29876159940219427, -0.10550705512595158, -0.26705441260890855, -0.933003182104653, 0.24121982275240667
0.009677380370867086, 0.020917598179230255, 0.03705358291226433, -0.17122545265080147, -0.19546779206465445, -0.9656470300424981, 0.9481046724878063, -0.2992176786625376, -0.10754678415737112, -0.2679167302937947, -0.9339492079557493, 0.23655760944748888
0.009670381435443113, 0.020909688109671754, 0.03701328337938513, -0.1738687687348751, -0.19300381139516637, -0.9656703267914768, 0.9475413373832764, -0.29986154934285836, -0.11067278425888052, -0.26820713116643763, -0.9342550936508935, 0.23501564794462035
0.009663233374711562, 0.02090182747890957, 0.03697300589365016, -0.1779365862707648, -0.19223206844420324, -0.9650831068503737, 0.9468142413835077, -0.3006504525194263, -0.11468259551142444, -0.2681070002437077, -0.9341606592345492, 0.2355047752356482
0.009655894088621676, 0.020893978117534198, 0.03693276485994104, -0.18304015950836894, -0.1924302373949728, -0.9640886389452296, 0.9459388381749476, -0.3015673651361487, -0.11940200466102348, -0.26776111450205226, -0.9338242490002898, 0.23722617380816913
0.009648321477122683, 0.02088610185613609, 0.0368925746831393, -0.18705390767365304, -0.193939651496121, -0.9630151853431904, 0.9453028691499018, -0.3022163683410728, -0.12275077304724658, -0.2672327098260617, -0.9333020295082917, 0.23986246166235303
0.009640473440163812, 0.020878160525305712, 0.036852449768126516, -0.17778355798229403, -0.19925373625962428, -0.9636861289329304, 0.9472240868981928, -0.3001105460795636, -0.11269511671634697, -0.2667574473394159, -0.9328620523520111, 0.24209265905960997
0.009632307877694306, 0.020870115955633553, 0.03681240451978429, -0.1638084603541099, -0.20707695031695042, -0.9645133098946055, 0.949925857287479, -0.29684178375283377, -0.0976003128841487, -0.26609707622043477, -0.932203889750449, 0.24533294511962522
0.009623782689663386, 0.020861929977710053, 0.036772453342994144, -0.15025252376656123, -0.21642659963489141, -0.9646676661276967, 0.952420702428436, -0.2934031848316497, -0.08251894762034517, -0.26517727030705973, -0.9311681363218585, 0.2502137430505634
0.009614855776020293, 0.02085356442212571, 0.0367326106426377, -0.1369527012872069, -0.22703315498169307, -0.9642094710949461, 0.954723958916793, -0.2897626560061854, -0.06737778160853038, -0.2640949069565387, -0.9297814526668617, 0.2564377710016946
0.009606364667380367, 0.020844820595867182, 0.036692796904429864, -0.12365645827484074, -0.23863251243755057, -0.9632048610418579, 0.9568506029218569, -0.28588742608486023, -0.05201253016968623, -0.26295627776305613, -0.9280748372918619, 0.26368748997759195
0.00960338755377229, 0.0208346684144113, 0.03665249697603477, -0.1101096322860272, -0.2509559527117272, -0.9617156433563848, 0.9588011699023266, -0.2817552774344658, -0.03625300307225476, -0.26187055098228523, -0.9260858888010207, 0.27164083104691367
0.00960228434551053, 0.02082355668659493, 0.03661216053066889, -0.09605912756638944, -0.26373080628347667, -0.9598013887405307, 0.9605674873513999, -0.27733163080829515, -0.019931602961873573, -0.26092670667182083, -0.9238686207303931, 0.2799714724308869
0.009600824494983715, 0.02081184910569716, 0.03657204175271856, -0.08125532590996633, -0.2766808721843395, -0.9575203741845801, 0.9621437565565265, -0.2725270351415418, -0.0028994544756608415, -0.2601479650709587, -0.9215078459157439, 0.2883510467904794
0.009599039376434656, 0.020799616727339557, 0.03653212152368732, -0.06545445817784012, -0.2895266778945804, -0.9549293254958574, 0.9635144053099899, -0.26723689350179086, 0.014981105154461112, -0.259529776065834, -0.9191075810474204, 0.2964549709422626
0.00959699665663876, 0.020786925911772943, 0.03649237633993441, -0.05051797332982785, -0.3016825680574687, -0.9520690954447043, 0.9645446728217997, -0.26199224712983954, 0.031837659696410385, -0.25903958867658466, -0.9167048001260318, 0.30422163125615836
0.009594764002371437, 0.020773843019248138, 0.03645278269781901, -0.04856192846898021, -0.31096402764463665, -0.9491802318919202, 0.964770184503181, -0.26061641782376604, 0.03602185245661614, -0.25857345222793404, -0.9139914968268217, 0.31266485816476797
0.009592409080408093, 0.020760434410015974, 0.036413317093700395, -0.05060346474129983, -0.3180782136087558, -0.9467130184927419, 0.9647559266217173, -0.2606704703223222, 0.03601260821172251, -0.25823495387814505, -0.9115246326509241, 0.3200586706623494
0.009589999557524135, 0.020746766444327252, 0.036373956023937774, -0.05111276153242473, -0.3236025136991238, -0.9448115678462758, 0.9647811070117289, -0.2604377394429303, 0.03700809947942919, -0.25804050294818537, -0.9096447641807569, 0.3255172834686091
0.009587603100494965, 0.0207329054824328, 0.03633467598489037, -0.05000149126434907, -0.3275527697974271, -0.9435088944304526, 0.964863205619404, -0.2598315646692457, 0.03907112032408884, -0.2579512460004585, -0.908403402129013, 0.3290355811872716
0.009585287376095994, 0.02071891788458344, 0.03629545347291741, -0.04726794976286133, -0.32993167457297556, -0.9428206780924396, 0.9650038557017443, -0.25881932480775877, 0.042191416032448366, -0.25794049586286927, -0.9078312878610916, 0.3306191969237254
0.00958312005110263, 0.02070487001102999, 0.036256264984378124, -0.042909953108771444, -0.3307370190086503, -0.9427469226581834, 0.965191436485128, -0.2574009736682541, 0.04637056922671929, -0.25800043965074604, -0.9079414975712402, 0.33026960218602514
0.009581168792290273, 0.02069082822202327, 0.03621708701563172, -0.03692507801551197, -0.32996149208391956, -0.9432719397688568, 0.9654002138057864, -0.2556119750103044, 0.051623109312336095, -0.2581452416708281, -0.9087287449910919, 0.32798338712444686
0.009579501266434334, 0.020676858877814095, 0.036177896063037444, -0.02931130485021196, -0.3275928767903053, -0.9443642064819218, 0.9656107134066262, -0.2534517244820906, 0.05794974988212587, -0.2583346619451684, -0.9101896123519024, 0.32375619222552215
0.009578185140310221, 0.0206630283386533, 0.03613866862295452, -0.020068062765392105, -0.32361465282870394, -0.9459761251381568, 0.9657987989510575, -0.25092218089668306, 0.0653508919506637, -0.25851489860652005, -0.9123111396933669, 0.31758216510038945
0.009577288080693337, 0.02064940296479168, 0.03609938119174216, -0.009248814323092873, -0.3180106756504556, -0.9480420189031484, 0.9659286117066657, -0.2480669827274572, 0.07378813703386837, -0.2586433384412799, -0.9150584583800295, 0.3094699359018795
0.009576877754359088, 0.020636049116480072, 0.036060010265759584, 0.0004141327651780917, -0.31096384671253613, -0.9504216509169996, 0.9659609063969525, -0.24573809081318163, 0.08082275692074899, -0.25868775735784405, -0.918103630730886, 0.3002771510320664
0.009577021828082885, 0.020623033153969295, 0.03602053234136605, 0.004699418218333942, -0.30298922435362485, -0.9529823951123115, 0.965959631407083, -0.24511905967154254, 0.08269605237029844, -0.2586501613382477, -0.9209311464552209, 0.2915234425022642
0.009577787968640132, 0.020610421437510164, 0.03598092391492075, 0.00393051503090178, -0.2946281109907948, -0.9556039071004198, 0.9659831663470834, -0.24598051207573574, 0.07981296895255674, -0.25857508268519386, -0.9234109940286367, 0.28363896544972533
0.009579243842806236, 0.020598280327353502, 0.035941161482782924, -0.0009998010311979275, -0.2863935167307184, -0.9581115561209508, 0.966007894559617, -0.24795887731530505, 0.0731104835781379, -0.2585106343003972, -0.9254702311447652, 0.27690630765380025
0.00958143573853687, 0.02058667464916729, 0.03590122241660102, -0.009208602062376933, -0.2787862158497807, -0.9603090374979381, 0.9659690028890339, -0.25073513896742367, 0.0635277541280369, -0.25849388214350916, -0.9270437616095296, 0.2716077630614255
0.009583291221344855, 0.020575588271726817, 0.035861130093436985, -0.01982508715278835, -0.27230931031019767, -0.9620055121660004, 0.9657969459305742, -0.25403120288666636, 0.05200391515192784, -0.25854056770758416, -0.928071003468128, 0.2680316909828058
0.009583124225227136, 0.020564884120487143, 0.0358209568442468, -0.03198126325232664, -0.26747734383516886, -0.963033264916466, 0.9654487541823299, -0.2575847981273074, 0.03948132243861016, -0.2586230883903689, -0.9284966032832845, 0.2664735556163693
0.009581138479623679, 0.020554412641615102, 0.03578074353444059, -0.044815167108847934, -0.2648124132887273, -0.963258006229487, 0.9649290111332117, -0.26112958128955016, 0.026895078527983, -0.25865731049109786, -0.9282702879785308, 0.2672277459130457
0.009577767911359615, 0.02054402395410968, 0.03574052682688728, -0.05793456836915052, -0.2646219082296757, -0.9626104255994556, 0.9642612654209057, -0.2645456910959364, 0.014689769618574499, -0.258541675164283, -0.9273569016335935, 0.2704909965152037
0.009573446447260067, 0.020533568176969854, 0.03570034338445571, -0.07147717256524816, -0.2669286704112336, -0.9610619640348737, 0.9634468297168218, -0.267885516260719, 0.002748906388614721, -0.25818834232142057, -0.9257356183545166, 0.27631928054172744
0.009568608014150166, 0.020522895429194617, 0.03566022987001479, -0.08296617097949965, -0.2715749604562916, -0.9588345296901672, 0.9626840508285969, -0.2705455787867631, -0.006671437564633823, -0.25759664740295807, -0.9236082127461293, 0.28388701378304915
0.009563686538855039, 0.020511855829782946, 0.03562022294643339, -0.08847917202093324, -0.27817335438567686, -0.95644708218924, 0.962386476567562, -0.27149759088182324, -0.010066174310006745, -0.25687293714668236, -0.9213623842197959, 0.29173215644911316
0.00955910995970522, 0.020500302171967605, 0.035580358591163194, -0.08858439775407814, -0.2862269091425108, -0.9540581538655136, 0.9625851999989853, -0.2708576392607769, -0.008116156540643278, -0.256090876872763, -0.919081223688529, 0.2995115474330425
0.00955510365107365, 0.020488177706335584, 0.035540649597060825, -0.0844089970067901, -0.2952007609288364, -0.9516993390621555, 0.9631648343188668, -0.26890413865965973, -0.00201646800523467, -0.2553206281439425, -0.9168135442709944, 0.30702492062606285
0.00955164611778236, 0.020475535926019903, 0.03550108050136127, -0.07708025404883391, -0.30455099203959324, -0.9493720702040201, 0.9639626379390331, -0.26594427861135983, 0.007047931008736034, -0.2546265247247186, -0.9146159488668362, 0.3140748302316333
0.009548700906214173, 0.020462437004023233, 0.035461634129221105, -0.06772204782194212, -0.3137392200761783, -0.9470910336524119, 0.9648143360019683, -0.26232149940226657, 0.017908880378953176, -0.2540610581806736, -0.9125541807133087, 0.3204650464228173
0.009546231562751906, 0.02044894111334825, 0.03542229330579701, -0.05745591411942768, -0.32224152430011094, -0.9449122805580642, 0.9655878490469508, -0.2584087253713979, 0.02941150157357464, -0.25365118510581397, -0.9107059518135755, 0.32599960985520476
0.009544201633778381, 0.020435108426997636, 0.0353830408562456, -0.047390444094047954, -0.3295580590057411, -0.9429451901107176, 0.9662024510428666, -0.25459561038331513, 0.04042151373098663, -0.2533909418415071, -0.9091603603973921, 0.3304852034127372
0.009542574665676415, 0.020420999117974053, 0.03534385960572351, -0.03815576707178215, -0.3354193689269499, -0.9412959069218407, 0.9666468247566204, -0.25112474434855186, 0.05030187833290241, -0.2532549182683479, -0.9079813928294573, 0.33381392518642977
0.009541314204828828, 0.020406673359280182, 0.035304732379387374, -0.029793071863641784, -0.33982360661238814, -0.9400171749802643, 0.9669530568570833, -0.2480295895955216, 0.05901786610696149, -0.25320773823813125, -0.9071941573191629, 0.3359830385931766
0.009540383797618441, 0.020392191323918705, 0.03526564200239384, -0.022305425250514974, -0.34278382001227925, -0.9391494666676775, 0.9671525023724336, -0.24532481856627764, 0.06657154459799569, -0.25321632087828316, -0.9068158501775389, 0.336996303700284
0.009539746990428075, 0.020377613184892288, 0.035226571299899534, -0.01569413670311515, -0.34431101270674247, -0.9387244646870568, 0.96727272679395, -0.2430216172304398, 0.07296550938147535, -0.2532531659698265, -0.9068574419871951, 0.33685666660866376
0.009539367329640547, 0.02036299911520361, 0.0351875030970611, -0.009959387649755435, -0.34441352034763384, -0.9387652196366203, 0.9673372167077476, -0.24112871798935587, 0.07820262484672706, -0.25329729522786093, -0.9073236844492487, 0.3355655105455419
0.009539208361638678, 0.02034840928785534, 0.03514842021903515, -0.005100745204999228, -0.3430965902503638, -0.9392862780627255, 0.9673655506265639, -0.2396518734893272, 0.08228530241799024, -0.25333352296788175, -0.9082134712123738, 0.33312222509020956
0.009539233632805292, 0.020333903875850174, 0.035109305490978356, -0.0011175577130471382, -0.3403621580738306, -0.9402937585755224, 0.9673738731405057, -0.2385922762939856, 0.08521452492381348, -0.25335062784586665, -0.9095203829734545, 0.32952409976498837
0.0095394066895232, 0.02031954305219076, 0.035070141738047324, 0.0019907688152344906, -0.3362088172640845, -0.9417853619766076, 0.9673750772376272, -0.2379460030725854, 0.08698942212289851, -0.2533406733610278, -0.911232863112205, 0.3247663350861885
0.009539691078175226, 0.02030538698987978, 0.03503091178539869, 0.004224705004888337, -0.33063154582229554, -0.943750461072619, 0.9673783699160977, -0.23770563462826283, 0.08760776611949714, -0.25330069341811, -0.913333899607988, 0.3188415696561077
0.009540050345144192, 0.020291495861919924, 0.03499159845818911, 0.005595335712928146, -0.323570848738549, -0.9461874011340854, 0.967388967875659, -0.23786248216328879, 0.08706333563324077, -0.2532336412302419, -0.9158184019912103, 0.311687948954622
0.009540448036812916, 0.020277929841313852, 0.0349521845815752, 0.006134559654305098, -0.31486427718136484, -0.9491168811758142, 0.9674082895894673, -0.23840677093013954, 0.08534291305225765, -0.25314732550716196, -0.9187070798299753, 0.30313979128258695
0.009540847699564217, 0.020264749101064242, 0.0349126529807136, 0.005912164179653999, -0.30445784893945543, -0.9525074616683444, 0.9674344069496966, -0.23930164865140552, 0.08249478288114964, -0.2530527900747225, -0.9219762139946339, 0.2931282078946334
0.009541212879780915, 0.020252013814173773, 0.034872986480760954, 0.0052140109656802535, -0.2930488560333695, -0.9560832505944151, 0.9674615416712384, -0.24038330290961793, 0.07895589318963768, -0.25296438381076564, -0.9253854524790177, 0.28226013686569923
0.009541507161892603, 0.020239784338562865, 0.03483316785683898, 0.004407183903511942, -0.28162817484931946, -0.9595134954033121, 0.9674838473123782, -0.2414594594033706, 0.07531490326801721, -0.2528944086366471, -0.9286457347103217, 0.27140655387194956
0.009541698647991894, 0.020228142989234487, 0.034793173942937565, 0.0038595577742284626, -0.27120299221350797, -0.9625144366856153, 0.9674991722118444, -0.24235760520887648, 0.07216746473871906, -0.25284472623169985, -0.9315104552348611, 0.26145327728861684
0.009541764168268147, 0.020217214502137877, 0.034752970094816996, 0.003940110642915136, -0.2627951094089847, -0.9648436173799572, 0.9675085740104664, -0.2429216803345418, 0.07011573603461964, -0.2528075053165063, -0.9337707361521684, 0.2532993832631304
0.009541696358066102, 0.020207076564908343, 0.034712535648591676, 0.005018479637083848, -0.2574344002912719, -0.9662827455816467, 0.9675095215293441, -0.2430177294142563, 0.06976896831972769, -0.2527847713217551, -0.9352378909865727, 0.24785065392448627
0.009541578057823219, 0.020197490777649856, 0.03467194308163329, 0.007463289960822278, -0.25614643004324283, -0.9666091793889932, 0.9674921562785339, -0.24251393912804373, 0.0717350463031307, -0.25279087571048425, -0.9357221786965946, 0.24600971007833192
0.009541526071634299, 0.02018809972846533, 0.03463129994048366, 0.011124423674949398, -0.25944397205007447, -0.9656940885004839, 0.9674438105244284, -0.24140501673371434, 0.07600060114083837, -0.25284129543228084, -0.9351002316664643, 0.24831197325431326
0.00954165726536616, 0.020178545789002314, 0.034590713835467315, 0.013305623728907954, -0.26545021850175143, -0.964032749378649, 0.9673929499772591, -0.24045904833285017, 0.07956334840337194, -0.2529305056956971, -0.9336571252725663, 0.25359521232918913
0.009542088504885641, 0.020168471330908384, 0.0345502923769088, 0.01235500934385462, -0.2728941231271826, -0.9619647349600501, 0.967373589483719, -0.2402028776044052, 0.08056622096107116, -0.25305274571420533, -0.9315746750278312, 0.2610228586413314
0.009542936656059563, 0.02015751872583109, 0.034510143175132624, 0.008717195079378376, -0.28181709746581896, -0.9594285455863242, 0.9673755221699539, -0.240565991733725, 0.07945188938960643, -0.25319678042257365, -0.9288202878905641, 0.2705259011380104
0.00954431858475476, 0.020145330345418003, 0.03447037384046334, 0.0027419819993498005, -0.29157534351206904, -0.9565439355254594, 0.9673764830621877, -0.24154804172595623, 0.07640211748759652, -0.25332828810250946, -0.9255476014739461, 0.2814008099719638
0.009546136307558632, 0.02013175346904635, 0.03443103247395626, -0.005299641464206783, -0.30124966744935094, -0.9535305719598121, 0.9673477246968452, -0.24317347889918156, 0.0714495534199213, -0.2533975006273498, -0.9220169721983021, 0.29270191262458034
0.009547233592740451, 0.020117652212400996, 0.034391871670813146, -0.015139194311087005, -0.3099327385838307, -0.9506379449346307, 0.9672560800591455, -0.24543935385714627, 0.06461578109720771, -0.2533505089480321, -0.9185321013073595, 0.303500079874223
0.009546902678909558, 0.02010367887681945, 0.034352699928453495, -0.026513058010611074, -0.3167252278062932, -0.9481467121843421, 0.9670590208654087, -0.24833546932503694, 0.055913726739958876, -0.2531677465985016, -0.9154313872411004, 0.31287612139003446
0.009545323035113793, 0.020089881866347428, 0.03431349482951341, -0.03916076764161376, -0.3207292834210077, -0.9463610098868014, 0.9666977014033771, -0.2518693806768609, 0.045358231655145353, -0.2529070745929161, -0.9130687497848679, 0.3199116593485641
0.00954272120294853, 0.020076277543032622, 0.034274242928136626, -0.05281728119932024, -0.321044191494825, -0.9455902716896712, 0.9661030696484734, -0.2560429152578706, 0.032967929295725715, -0.25269585200891015, -0.9117963877169536, 0.3236852695502314
0.009539323724009134, 0.020062882268922704, 0.034234930778466836, -0.06654021146129441, -0.31738607063328605, -0.9459590278794578, 0.9652628064940522, -0.260550634634647, 0.019521300948159008, -0.25266601405395256, -0.9118001145862208, 0.3236980636065691
0.009535357139890977, 0.020049712406065394, 0.03419554493464779, -0.07585523642137781, -0.31277994227477196, -0.9467917885248304, 0.9645428086040969, -0.2637425060541974, 0.009851947542094043, -0.25279073060058477, -0.9124738890570195, 0.3216958941478437
0.009531047992189429, 0.020036784316508367, 0.034156071950823194, -0.0769276046821415, -0.3101265776854306, -0.9475777801589644, 0.9644067478155501, -0.2642958363685639, 0.008205830005260874, -0.2529857079079807, -0.9132191504186516, 0.31941980981606954
0.009526622822499862, 0.020024114362299315, 0.03411649838113677, -0.06844407469680269, -0.31049171954281246, -0.9481088021605147, 0.9649874068112655, -0.26180321955228825, 0.01607416958121449, -0.25320883344498035, -0.9138128727083046, 0.3175394783928896
0.00952230817241764, 0.02001171890548593, 0.03407681077973223, -0.052378025321299565, -0.31219891222166146, -0.9485717588411815, 0.9659169637055599, -0.25696051511474854, 0.031236403406840845, -0.25349745894046577, -0.9146054520281269, 0.31501730973258035
0.009518393060121448, 0.019999566502832657, 0.03403701495538884, -0.03204677338671973, -0.3125340157674886, -0.9493658374429467, 0.9667083868750803, -0.25095161397124277, 0.04998181860045038, -0.2538659076380289, -0.916158161254636, 0.31017144373014793
0.009515596004330988, 0.019987297069652476, 0.033997249084501927, -0.009741022699801398, -0.3108921394066629, -0.9503952809920249, 0.9671045478414116, -0.2445354900076191, 0.07007986637538859, -0.25419265532509133, -0.918448948925242, 0.30304722766740116
0.009514816097503759, 0.019974412351431742, 0.0339577069944215, 0.012943001912317828, -0.3081394878695415, -0.9512531391364731, 0.9670312808830156, -0.23811390052883244, 0.09028993392787243, -0.25432848935039115, -0.9210601643706247, 0.294898614975225
0.009516782306571216, 0.019960547360458006, 0.03391853749565186, 0.03441443124283149, -0.3052216981262973, -0.9516592677608577, 0.9665379827695612, -0.23203842659557572, 0.1093731980276576, -0.2542045923778326, -0.9235788453488686, 0.2870228939267231
0.009520895647772936, 0.019946377262792938, 0.033879537798304424, 0.05381939166895969, -0.30298397072469996, -0.9514747429986133, 0.9657451896198576, -0.2264396860612118, 0.12673317364686054, -0.25384976227384687, -0.9257028584056516, 0.2804184661057781
0.009525971129702538, 0.019932995322968706, 0.03384036058507326, 0.07199270882899607, -0.30179660367148037, -0.950650230046689, 0.9646954545227564, -0.22102050488766506, 0.1432222623837992, -0.2533371861740704, -0.9273989144006807, 0.2752299468986676
0.009531274067553344, 0.0199206267231475, 0.03380091167625832, 0.0887551584966912, -0.301022903656202, -0.9494776107495195, 0.9634592463200335, -0.21591441659093497, 0.15851575754046973, -0.2527227780012321, -0.9288520744352059, 0.27085978161542346
0.00953638014824343, 0.019908901108047803, 0.03376127064262126, 0.09787134842914352, -0.29696153818370385, -0.9498605392352236, 0.9627777869546341, -0.21338161032292124, 0.16591329459309223, -0.25195263861170103, -0.9307427857445717, 0.26502402661086416
0.009540871925725948, 0.01989743672724354, 0.03372152038445153, 0.08920012952922497, -0.28429406043715116, -0.9545785583660085, 0.9638845808160152, -0.2168219463589832, 0.15464397318433357, -0.2509379440361783, -0.9338978160255328, 0.25468611557294635
0.009544636428284852, 0.019885909446836096, 0.033681728775179505, 0.06549405659418873, -0.2665342995195012, -0.9615976267288132, 0.9660286125284248, -0.22449754292092375, 0.12802176767594878, -0.24999849664996748, -0.9373154860569183, 0.24277650477474005
0.009548315294424408, 0.01987413792992516, 0.03364192644561681, 0.0363661885270196, -0.25194432009104567, -0.9670581988204628, 0.9676808417239621, -0.23276348171698616, 0.09703066597416837, -0.24954215854725162, -0.9393323273223632, 0.23533697107494905
0.009552544239652776, 0.01986202655885973, 0.033602127483300666, 0.007361106503984846, -0.24360874856390324, -0.969845653562548, 0.9683401386623767, -0.24027820225283406, 0.06770348128032296, -0.24952593044885313, -0.9396388471882563, 0.23412741592636907
0.009555580307598729, 0.019850739321892973, 0.03356213190812963, -0.020692962474992724, -0.2386727564102465, -0.9708795582622716, 0.9681184801673852, -0.24725429080879366, 0.04014877376748196, -0.2496365551404692, -0.9390956453014654, 0.23617992995473575
0.00955390719704326, 0.019842304513983087, 0.03352159953894221, -0.04712003511578732, -0.23471878091903595, -0.970920592105538, 0.9671818393161018, -0.25367752379133934, 0.014387620380614996, -0.24967777631941773, -0.9383788189249458, 0.2389690360804402
0.009548065247956256, 0.019835833466709255, 0.03348075469171126, -0.07165608571977661, -0.2308493212576502, -0.9703473585547613, 0.9656974213271899, -0.2594932504679452, -0.009578277694664595, -0.249587451249729, -0.9377482838355197, 0.24152486485287936
0.009540991845561942, 0.019828737227801707, 0.03344014872247729, -0.09580785942092582, -0.22661152854074842, -0.9692616103021958, 0.963651656710929, -0.2650812511958828, -0.03327784221831856, -0.24939193770341117, -0.9372188353830981, 0.2437714421577864
0.00953428926053983, 0.01981992952331492, 0.03339998890087714, -0.12102408556423232, -0.2217320716408446, -0.967568116010031, 0.960876605056871, -0.2708087017205468, -0.05812741975018156, -0.24913715212252718, -0.9367483842944654, 0.2458315357190478
0.009527811167995191, 0.01981027216900736, 0.033360037659163434, -0.1432844208182374, -0.21901297853299911, -0.9651439737080092, 0.9579293510997952, -0.27573225580693095, -0.07964346432160439, -0.2486783727072134, -0.9359514081092701, 0.24930709698275139
0.009521387816007133, 0.019800404284584718, 0.03332012353525328, -0.15437232623200667, -0.22358315917597318, -0.9623823334967294, 0.9564742810215195, -0.2779622867745616, -0.08884771733378286, -0.24764114084312866, -0.9342095793043165, 0.25676122623551617
0.009514997943803614, 0.01979039340335414, 0.03328023048811592, -0.1555533759045579, -0.23324264790039909, -0.9598963560953369, 0.9566639694343007, -0.2777222478065193, -0.08754657423053129, -0.246164978887946, -0.931916423438124, 0.26633547059186896
0.00950863396588518, 0.019780254418449477, 0.033240356790201674, -0.15384099080334226, -0.2415574103660711, -0.9581142766110332, 0.95727164204333, -0.276741847507109, -0.08393421935074298, -0.24487538236481138, -0.9300881503038245, 0.27381029888610453
0.009502288296752386, 0.01977000222300457, 0.0332005007139609, -0.15302513371787183, -0.24582772554662646, -0.9571583138662068, 0.9575941910715418, -0.27615484224348297, -0.08216975314260382, -0.24412429964398646, -0.9291432787563226, 0.2776618336489256
0.009495953350905776, 0.019759651710153262, 0.033160660531843904, -0.15280091701079937, -0.24809710361437445, -0.9566084397175352, 0.9577368711731133, -0.27587847873658905, -0.08143187683899133, -0.24370466831021945, -0.9286220394477743, 0.2797662282972378
0.009489621542845897, 0.019749217773029397, 0.03312083451630104, -0.15279332338212456, -0.24988433356615433, -0.9561443511144353, 0.9578127094645733, -0.2757436217212215, -0.08099548548034621, -0.2434112033534582, -0.9281827809856542, 0.2814741749499563
0.009483285287073298, 0.01973871530476683, 0.033081020939782636, -0.15297078218877952, -0.2513182296415831, -0.9557400730566724, 0.9578410612608264, -0.2756995506083736, -0.0808100189151984, -0.24318807774906823, -0.9278086576682508, 0.282896895699744
0.00947693699808853, 0.019728159198499396, 0.03304121807473904, -0.15333346516283702, -0.2523993717193631, -0.9553969884905582, 0.9578281888535193, -0.27572304906720035, -0.08088238900201386, -0.24301030656896822, -0.9275081440983454, 0.28403280362046057
0.00947056909039214, 0.01971756434736096, 0.03300142419362058, -0.15388149037806279, -0.25312818572967355, -0.9551160183497239, 0.9577745749655749, -0.27581205350574095, -0.08121314358192687, -0.24287517466496772, -0.9272830380903936, 0.2848821103567426
0.009464173978484676, 0.01970694564448534, 0.03296163756887757, -0.1546149233504979, -0.25350493773202587, -0.9548976238439393, 0.957679446647553, -0.27596842554215534, -0.08180162328842003, -0.24278447838804765, -0.9271335797226123, 0.2854453054519869
0.009457744076866682, 0.0196963179830064, 0.03292185647296038, -0.15553377674954091, -0.25352973050581323, -0.9547418080505712, 0.9575421815132907, -0.27619258622323994, -0.08264760092154184, -0.24273898515234887, -0.9270600471733037, 0.2857226872725368
0.009451271800038713, 0.019685696256057976, 0.03288207917831931, -0.1566380087174315, -0.2532025026385326, -0.9546481167857724, 0.9573621287820613, -0.27648419793319007, -0.08375107561769166, -0.24273913693287613, -0.9270625550365112, 0.2857144211450622
0.009444749562501315, 0.019675095356773926, 0.032842303957404735, -0.1579275197967831, -0.25252303010634736, -0.9546156387555912, 0.9571384917250504, -0.276842613412892, -0.08511213225513642, -0.24278551470203585, -0.9271409206073415, 0.28542057947218646
0.009438169778755036, 0.01966453017828809, 0.03280252908266697, -0.15940214846780962, -0.2514909303521685, -0.9546430050099604, 0.9568703199672923, -0.27726690585412145, -0.0867309269163742, -0.2428788706938874, -0.9272946537474929, 0.28484114748712036
0.009431524863300421, 0.019654015613734303, 0.03276275282655633, -0.16106166529938204, -0.2501056688752204, -0.9547283877456815, 0.9565565047191533, -0.2777558882411994, -0.08860767363393983, -0.24302014988569628, -0.9275229490119482, 0.28397603033656343
0.009424807230638023, 0.019643566556246425, 0.032722973461523176, -0.16290576572053095, -0.2483665683560563, -0.9548694985274395, 0.9561957526370719, -0.2783082147787648, -0.09074260424674103, -0.24321059626141134, -0.927824652242919, 0.28282507059395473
0.009418009295268393, 0.019633197898958298, 0.03268318926001785, -0.16493406142333025, -0.24627282034812958, -0.9550635860193724, 0.9557865715410866, -0.2789224375452106, -0.0931359409442645, -0.24345181257107243, -0.9281982394896126, 0.28138806507071945
0.00941112347169207, 0.019622924535003763, 0.03264339849449066, -0.1671460703722097, -0.24382349964241623, -0.9553074333329836, 0.955327273501719, -0.2795969975749146, -0.09578788780876771, -0.24374575209201121, -0.928641814678414, 0.2796647785615521
0.009404142174409609, 0.019612761357516672, 0.03260359943739196, -0.16952434603941643, -0.24104665190356803, -0.9555930136339363, 0.9548200291518093, -0.28032442565932014, -0.09867587501162803, -0.2440905734157842, -0.9291473123164338, 0.27767798613628214
0.009397057817921555, 0.01960272325963086, 0.03256379036117208, -0.17198672474012935, -0.23808218229318015, -0.955896145503098, 0.9542828199467079, -0.28107558424610457, -0.10168980035023133, -0.2444685379915418, -0.9296845650085991, 0.275539005436708
0.00938986281672846, 0.01959282513448019, 0.03252396953828136, -0.17443586405180375, -0.23509747887347104, -0.9561910398868202, 0.9537385402615854, -0.28181740112888604, -0.10469837267436707, -0.24485695038573185, -0.9302193976951343, 0.2733805881907142
0.009382549585330868, 0.01958308187519849, 0.032484135241170116, -0.17677489682312728, -0.23226065793420952, -0.9564547154095383, 0.9532114544420631, -0.2825182954634822, -0.10757014385439555, -0.24523164349981325, -0.9307192914646053, 0.2713356620903412
0.009375110538245654, 0.019573508374890716, 0.03244428574229164, -0.17890744008207843, -0.2297404698722331, -0.9566668408522181, 0.9527271276194929, -0.28314802188074445, -0.11017358123857161, -0.2455669932649504, -0.9311533247580159, 0.2695372657183136
0.009367545008063851, 0.01956410728189566, 0.03240442055880257, -0.1807399469353551, -0.22770204869439756, -0.9568097243455352, 0.9523116064656009, -0.2836780693722116, -0.11238041265345676, -0.24583668516458554, -0.9314926354929646, 0.2681152629927278
0.009359878902142925, 0.01955483420808009, 0.03236454398920478, -0.18221648888453978, -0.22624766860527665, -0.9568746749858453, 0.9519821140808254, -0.28409209724052686, -0.11411281591338167, -0.2460227746546906, -0.9317208126558921, 0.2671499983437234
0.00935214450794831, 0.019545633472727305, 0.03232466147991239, -0.18331049989590167, -0.22542981858085415, -0.9568587448116456, 0.9517483167588117, -0.28438267234542536, -0.11533272396177603, -0.24611461186748626, -0.9318303990342222, 0.26668278021094455
0.009344374112945447, 0.019536449395120576, 0.032284778477339536, -0.18399596857578585, -0.22529937523085664, -0.9567578978343707, 0.9516192112274017, -0.28454197681350135, -0.1160031907061298, -0.24610233719084484, -0.9318133155045868, 0.26675379037148317
0.00933660000459976, 0.01952722629454318, 0.03224490042790029, -0.18424654376352018, -0.22590686419714726, -0.9565664116096744, 0.9516031396558743, -0.2845614234123389, -0.11608729862748193, -0.24597698207002996, -0.9316602841240768, 0.26740313999196963
0.009328853485582227, 0.01951791021016132, 0.0322050326696078, -0.1840521925783381, -0.22727312272887326, -0.9562801462396742, 0.9517032520258907, -0.28443675377331196, -0.11557098764934128, -0.2457350412343552, -0.9313660186993977, 0.2686477781809911
0.009321150601655311, 0.019508473826393032, 0.03216517886107525, -0.1834668345936613, -0.22930622489277705, -0.955907200427743, 0.9519050300194852, -0.28418336979710485, -0.11452784008425555, -0.24539098277602822, -0.9309449326121203, 0.2704159721910485
0.009313495381233206, 0.01949891081521556, 0.03212534133810956, -0.18255968680137202, -0.2318870439159709, -0.9554581935484658, 0.9521893480150059, -0.28382140660310545, -0.11305244216996291, -0.24496409182111378, -0.9304159328051876, 0.27261472025646316
0.009305891527440349, 0.019489215416704675, 0.03208552240071144, -0.18139998595001114, -0.2348964732960175, -0.9549438161119371, 0.9525369010954468, -0.2833712633269008, -0.11123928789775345, -0.24447391915870864, -0.9297980285812665, 0.2751511019377746
0.009298342743401185, 0.019479381870936178, 0.03204572434888166, -0.18005711348759254, -0.23821564061491352, -0.9543755782965858, 0.9529285271801358, -0.28285394589734936, -0.10918272471685453, -0.24393986547674676, -0.9291108404580832, 0.2779323445992945
0.009290852732240161, 0.01946940441798583, 0.03200594948262093, -0.17859826194636894, -0.24173013304981528, -0.953765801235007, 0.953346067771467, -0.28229046479420117, -0.10697368158082368, -0.24338022905408274, -0.9283741897866359, 0.2808690581811919
0.009283425197081719, 0.019459277297929414, 0.03196620010192998, -0.17705330863112934, -0.24538875368194518, -0.9531193448195203, 0.9537812300633389, -0.28168982360447403, -0.10465279956381682, -0.2428034000619311, -0.92759646551941, 0.2839213026073667
0.009276063841050298, 0.019448994750842715, 0.031926478506809554, -0.17542261262918998, -0.2491898566802239, -0.9524344189003454, 0.9542332745430047, -0.2810510185888926, -0.10222124390302065, -0.24221016645319415, -0.926776532006414, 0.28708795688583066
0.009268772367270348, 0.0194385510168015, 0.03188678699726039, -0.1737057221608688, -0.25313309809940265, -0.951708966404735, 0.9547016641577806, -0.2803726024731589, -0.09967916651333082, -0.2416010234724501, -0.9259129756240736, 0.29036891539563675
0.009261554478866308, 0.01942794033588156, 0.03184712787328322, -0.17190217657761955, -0.25721809076559354, -0.950940847514071, 0.9551858387053819, -0.2796530395322313, -0.09702675413039646, -0.2409764619720628, -0.9250043412132114, 0.2937640439402682
0.009254413878962623, 0.019417156948158668, 0.03180750343487878, -0.17001150892897635, -0.2614443992295604, -0.9501278403158108, 0.9556851959208439, -0.2788907759201175, -0.09426421062318976, -0.24033704069375336, -0.9240491119081111, 0.297273183540662
0.009247354270683733, 0.01940619509370861, 0.031767915982047805, -0.16803324867465336, -0.2658115345406748, -0.9492676416295743, 0.9561990765624928, -0.2780842954497281, -0.09139174254419438, -0.2396834439857666, -0.9230456937385928, 0.30089615143727233
0.009240379357154086, 0.019395049012607156, 0.03172836781479102, -0.1659669245456756, -0.27031894884783697, -0.9483578680280196, 0.9567267399644801, -0.2772322129095148, -0.08840953094679031, -0.23901657890989078, -0.9219923893498764, 0.3046327444434002
0.009233492841498122, 0.019383712944930093, 0.031688861233109177, -0.16381206755780212, -0.27496602983527574, -0.947396057073843, 0.9572668724898129, -0.2763351733191932, -0.08531709570902904, -0.23833955054923273, -0.920886830410381, 0.3084829075017157
0.009226698426840287, 0.0193721811307532, 0.03164939853700299, -0.16156821417987402, -0.2797520950029306, -0.9463796687948224, 0.9578182449438362, -0.2753933234543319, -0.08211410992933714, -0.23765504795698297, -0.9197267435158386, 0.3124464681226451
0.009219999816305023, 0.019360447810152243, 0.031609982026473214, -0.15923490965926235, -0.2846763858024717, -0.9453060874194394, 0.9583801662310314, -0.27440454841131445, -0.07880102021016872, -0.23696350039781947, -0.9185104785344722, 0.31652298542378837
0.009213400713016772, 0.019348507223203016, 0.03157061400152057, -0.15684994259248417, -0.28963666150411255, -0.9441973839306518, 0.9589427023855326, -0.27338247256561876, -0.0754381682932501, -0.23627735619450804, -0.9172636632978879, 0.3206249880203861
0.00920690482009998, 0.019336353609981295, 0.031531296762145805, -0.155072071931915, -0.29287185686902967, -0.9434928340802751, 0.959337748611949, -0.2726457384681394, -0.07304372240870476, -0.235846849872751, -0.9164553326536159, 0.32324276736819735
0.009200515840679088, 0.019323981210562856, 0.031492032608349645, -0.15409289756168562, -0.29381258741346156, -0.9433607700124332, 0.9595203089098604, -0.27230090617152164, -0.0719235238826232, -0.23574595587320257, -0.9162567216536942, 0.3238787802772124
