0.0003356345114298165, 0.0012399428524076939, 0.007265004329383373, -0.2510317277821687, -0.12265213746250919, -0.9601768195611561, -0.43899495142704287, 0.8984895283872643, 0.0, 0.8627088177758865, 0.4215127762646222, -0.27939304783301805
0.00033379410951521433, 0.0012390436464363597, 0.007257964935308811, -0.23417099675612588, -0.16048586984752067, -0.9588577735292796, -0.4490733757600426, 0.8926113104440959, -0.03972595688908546, 0.8622627485063483, 0.42129483031074394, -0.2810936116166986
0.0003320822275783024, 0.0012378704317106792, 0.0072509553084749555, -0.2191297254096519, -0.1928997350565194, -0.9564370630925044, -0.45720748220842583, 0.886276239180454, -0.0739982842826974, 0.8619416927231928, 0.42107495779169246, -0.2824046711125755
0.0003304820118332707, 0.0012364617629749665, 0.007243970835489233, -0.206122101364032, -0.219836798399871, -0.9535121716048359, -0.46360802333041745, 0.8800700419943404, -0.1026855485827638, 0.861731559148752, 0.42089013204561415, -0.283319989964857
0.0003289766084943094, 0.001234856194973536, 0.007237006902959072, -0.19529541585283397, -0.2413291563320369, -0.9505892587500323, -0.46847845186860826, 0.874478436604707, -0.12575930998609844, 0.8616191970247997, 0.4207703675610424, -0.28383913948024236
0.00032754916377560907, 0.0012330922824507035, 0.007230058897491916, -0.1867447113298997, -0.25745529811798534, -0.9480734055236925, -0.4719991862281845, 0.8698826883545093, -0.14325109668363215, 0.8615933965567774, 0.42073849119388995, -0.2839646827294637
0.00032618282389136014, 0.0012312085801507847, 0.007223122205695197, -0.18052686458932302, -0.2683057039976585, -0.9462674570986097, -0.47431746509792594, 0.8665625645479276, -0.1552168290720982, 0.8616455149680907, 0.42081037407179017, -0.28369990413980406
0.00032486073505575287, 0.0012292436428180946, 0.007216192214176347, -0.17667235356520097, -0.2739575491533546, -0.9453751322875061, -0.4755414264525031, 0.8647023714025324, -0.16171011291306345, 0.8617698249609645, 0.4209953326970792, -0.2830471668009139
0.0003235660434829775, 0.0012272360251969474, 0.0072092643095428, -0.1751937968137616, -0.27445815985444644, -0.9455050777480201, -0.47573705987779863, 0.8643968931386053, -0.1627644340485797, 0.8619636787108877, 0.4212964866001587, -0.2820068916915969
0.0003222818953872242, 0.001225224282031659, 0.007202333878401988, -0.17609088289098127, -0.2698164936154749, -0.946673682287474, -0.47492698415176343, 0.8656552101576255, -0.15838376448193184, 0.8622275573693905, 0.42171093998141407, -0.28057712382303523
0.0003209914369826836, 0.001223246968066544, 0.007195396307361348, -0.17935157804317942, -0.2600020892901064, -0.9488055253940088, -0.47309043002816176, 0.8684013892599788, -0.14854114631006365, 0.8625650447758652, 0.42222972502669487, -0.27875365976914346
0.0003196778144835459, 0.0012213426380459178, 0.007188446983028313, -0.1849496208588827, -0.24495137860115523, -0.951731296041876, -0.47016427393267607, 0.8724719280287391, -0.13318517304555458, 0.8629827305696882, 0.4228375065237334, -0.27653073936775385
0.0003183241741040015, 0.0012195498467140956, 0.007181481292010317, -0.19283840088450083, -0.22458173035411041, -0.9551839600492997, -0.46604543320781644, 0.8776106996535548, -0.11225468382092904, 0.8634900146095769, 0.42351210873451034, -0.2739023337337618
0.0003169136620582405, 0.0012179071488153921, 0.007174494620914791, -0.2029414934541012, -0.19881388418691723, -0.958794967492597, -0.46059536992478234, 0.8834630958995144, -0.08570217842912942, 0.8640987532906594, 0.424223994651595, -0.27086407462668727
0.00031542942456045346, 0.0012164530990941228, 0.007167482356349172, -0.21343230045896985, -0.17233062867884277, -0.961638605475023, -0.4547027255646668, 0.888730132007929, -0.058345383923944553, 0.8646919014798597, 0.424806905405649, -0.2680429231201986
0.0003138674771898563, 0.0012151919433470337, 0.007160444860674635, -0.21588481649156693, -0.1686741286813087, -0.9617394576089742, -0.45376349371812724, 0.8894758504683956, -0.05414243439524508, 0.8645764499320587, 0.4247137268174007, -0.2685624926823417
0.00031228770853680227, 0.0012139576457924285, 0.007153407191827761, -0.2077221428644581, -0.19506516965382914, -0.9585411263747219, -0.4596169108794942, 0.8844714631308415, -0.08038983854181865, 0.8634835300093389, 0.4238629619288662, -0.27337955832047833
0.0003107696267748836, 0.0012125320641363107, 0.007146401950200979, -0.19173873259256824, -0.23832342059261175, -0.952070483536189, -0.46896043571483076, 0.8744090327645702, -0.12443855171885071, 0.8621556519318027, 0.4226236985981336, -0.27942233487193224
0.00030936875111609876, 0.0012107908328560563, 0.007139445961977841, -0.17465275233740393, -0.2718150350711001, -0.9463683230171359, -0.4759424574271941, 0.8647027894954225, -0.16052371493645023, 0.8619600880082169, 0.42238095665895237, -0.2803910378966047
0.0003080912235150395, 0.001208802595023907, 0.007132523588083114, -0.15756756341734945, -0.2925531307268263, -0.9431782062053026, -0.48029960755580053, 0.8572306897673393, -0.18565514133132946, 0.862835297110905, 0.4237548940401094, -0.2755849049505289
0.00030693710521139544, 0.001206659762351767, 0.007125615191406975, -0.14060730273397537, -0.30082180762553823, -0.9432580911260607, -0.48249544080821666, 0.852751147028323, -0.20003407420028269, 0.8645390309391248, 0.426991476845596, -0.2650481893619648
0.0003059064574448566, 0.001204454746551542, 0.0071187011348396, -0.12377890033907017, -0.29675672478669235, -0.9468971592125124, -0.48298501669503097, 0.851592882063782, -0.20375239106916535, 0.8668357730729341, 0.43211689334273523, -0.2487382821538977
0.0003049993414551129, 0.0012022799593351377, 0.007111761781271168, -0.1072494240440599, -0.2815502326490579, -0.9535339676893942, -0.48231698744467655, 0.8533888972754642, -0.197731417911416, 0.8694066279161375, 0.4386990500357035, -0.22732192774403034
0.0003042140386819067, 0.0012002183894902001, 0.007104779805602327, -0.09288636321215547, -0.2654259343596802, -0.9596463915935444, -0.48158562487313633, 0.8555509466082024, -0.19002069275044697, 0.8714627986579637, 0.44450157606818413, -0.20729433042929557
0.0003035342661719339, 0.0011982759164793938, 0.007097756802292251, -0.08167348594388905, -0.2535295529797845, -0.9638735432927101, -0.4811372788907259, 0.8569793051357313, -0.1846439531387557, 0.872832378269391, 0.4486749785033146, -0.19197500647128263
0.0003029366172276216, 0.0011964207040081835, 0.007090703619745406, -0.07365335522246526, -0.2459817040396852, -0.9664720298809512, -0.4809120320197288, 0.8577433247203604, -0.18165903874103725, 0.8736697320630541, 0.45140823007051506, -0.1814712349147276
0.0003023976366059363, 0.0011946206587642692, 0.007083631169428196, -0.06884201317471268, -0.24283081662693493, -0.9676228458022003, -0.48087095894451154, 0.8578886608826946, -0.18108055216583346, 0.8740846057824373, 0.4528357759996367, -0.17582907014759613
0.0003018938690638434, 0.0011928436874353498, 0.007076550362807019, -0.06724514451959622, -0.24409925890635245, -0.9674159613836791, -0.4809991521321525, 0.8574279880815027, -0.1829127138901422, 0.8741383793122741, 0.4530262653046467, -0.17506940554372957
0.00030140185935830904, 0.0011910576967091246, 0.007069472111348269, -0.06886335113562787, -0.24978893976848043, -0.9658484997346684, -0.48130587617369447, 0.8563404428225763, -0.1871515416637179, 0.8738435171305236, 0.45198067608668013, -0.1791953571194968
0.0003008981522462991, 0.0011892305932732926, 0.0070624073265183485, -0.07369283085978902, -0.2598805727402985, -0.9628247268283282, -0.4818245421099116, 0.8545718467050684, -0.1937835633888056, 0.8731634883001262, 0.4496321237759416, -0.1881926565206301
0.00030035929248477955, 0.0011873302838155539, 0.007055366919783656, -0.08171935745368404, -0.2743243869933144, -0.9581586910935471, -0.4826123099992344, 0.8520361409441235, -0.20278010938513819, 0.8720133627729336, 0.44584811901115834, -0.20202017206123773
0.0002997618401473035, 0.0011853246911219411, 0.0070483617967931666, -0.09094334273249814, -0.29097451447969264, -0.9523986247028848, -0.4836326052440518, 0.8489141249847719, -0.2131767143620292, 0.8705336360862174, 0.4412240250990943, -0.21792785071638573
0.0002990968159068587, 0.0011831969366358339, 0.007041397370888384, -0.09572311797865514, -0.30393081606849237, -0.9478729575889295, -0.484579087137196, 0.8460200235832293, -0.2223358450756741, 0.8694942167684189, 0.4380367321814148, -0.2282621919330951
0.00029839656880145297, 0.0011809735795337071, 0.0070344633584067595, -0.09508649322142314, -0.3122273876170911, -0.9452368048423946, -0.4853467684021336, 0.8435755738454114, -0.2298233356580456, 0.8691358197706835, 0.4369145335568408, -0.23175119667080535
0.0002977007835881983, 0.0011786888891206196, 0.00702754668949247, -0.08904854806372431, -0.3159088271723877, -0.9446014868728023, -0.48590655900545937, 0.841638683106954, -0.23566744156430758, 0.8694625765397938, 0.43800221462060984, -0.22844887389572452
0.0002970491450242065, 0.0011763771347016296, 0.0070206342942896885, -0.07760271657838522, -0.31496480766096024, -0.9459254665747979, -0.48625710948342465, 0.8402438336974312, -0.23988397906127143, 0.8703630517528187, 0.4413473347246339, -0.21835908104537893
0.00029648133786658944, 0.0011740725855817966, 0.007013713102942593, -0.0611882598842189, -0.3093953177889572, -0.9489628729210703, -0.4864161752052761, 0.8394504486713485, -0.24232673959788648, 0.8715820680526943, 0.44676333953866665, -0.20185939931855212
0.0002960336818533464, 0.001171809035764568, 0.00700677044862931, -0.04728688995552644, -0.3002191316942583, -0.9526974456788889, -0.4863297081067384, 0.8400061113537433, -0.24056838508244915, 0.8724949083239102, 0.45194933991887676, -0.18572675923448123
0.0002956877166474135, 0.0011696125416872604, 0.006999800225628895, -0.04200219501556899, -0.28836148945867696, -0.9565999513961139, -0.4859967215899771, 0.8424371568133755, -0.23260873462531573, 0.8729507444396096, 0.45513436281758557, -0.17552694825855664
0.00029538042527183986, 0.0011675028662589792, 0.00699280166484346, -0.04551000251130713, -0.2738592987241693, -0.9606924191299352, -0.4853735032058898, 0.8466041693200084, -0.21834363484109356, 0.873121642187996, 0.4563578256064915, -0.17145300507909497
0.00029504751749727756, 0.0011654995728146687, 0.0069857741553369075, -0.05515261892747165, -0.25893109005305953, -0.9643199050260114, -0.484454112021778, 0.8514332085798348, -0.20091218149390044, 0.8730764009928522, 0.4560879103104815, -0.1723990026014841
0.0002946440865590152, 0.0011636055410418028, 0.0069787203382809795, -0.06331236684705029, -0.25011697701020896, -0.9661433858467898, -0.4837393221822575, 0.8544503258521259, -0.18950173831879735, 0.872919132783143, 0.45536374302580407, -0.17508868940812528
0.00029418090397363814, 0.0011617757274709698, 0.006971652196406225, -0.06864394143418968, -0.248645219751312, -0.9661591815012686, -0.4834793188313953, 0.8554113368426342, -0.18579341501632302, 0.8726601615558658, 0.45436439065569323, -0.17893362718441463
0.00029367867673151904, 0.001159956537016973, 0.0069645833793914175, -0.07115451035046166, -0.25453359071118115, -0.9644426819964258, -0.4837781969700256, 0.8543643661064596, -0.18978984710447136, 0.8722933519139173, 0.45307193813695906, -0.1839296797137494
0.0002931581118230308, 0.0011580943745946172, 0.006957527536915335, -0.0708362743476801, -0.2677543049050479, -0.9608797294361844, -0.4846727517758531, 0.8511802935896654, -0.2014557804845358, 0.8718225426785905, 0.4514418456561441, -0.1900676565542168
0.00029263991623854627, 0.0011561356451187063, 0.006950498318656755, -0.06790246280808261, -0.28734096817957316, -0.9554184546837174, -0.48606560978184415, 0.8458209098351959, -0.21983450928588436, 0.8712803673514061, 0.4494687491819505, -0.1970998857858927
0.00029214308654864826, 0.0011540332247025405, 0.006943507699540259, -0.06462303433080131, -0.30468510699430335, -0.9502583064671153, -0.4872637034688178, 0.8406471107703916, -0.2364032961598573, 0.8708604634014179, 0.4477492833375204, -0.20278716072524122
0.00029167001810259766, 0.001151802798483884, 0.006936551399437018, -0.06229963694805514, -0.3150770420520009, -0.9470191195577321, -0.4879537752742747, 0.8373439846956716, -0.246487655856348, 0.8706433646630078, 0.4467454631730875, -0.20590925841870344
0.00029121377293509924, 0.0011494953632423949, 0.0069296159995214926, -0.06095960030487575, -0.31855227069509695, -0.9459431156077345, -0.4881907720721702, 0.8361303586866685, -0.25011156180009253, 0.8706053624887962, 0.4465539991059321, -0.20648445144429398
0.00029076730914373973, 0.0011471623089931967, 0.00692268797919832, -0.060606404179201344, -0.31514193644626615, -0.9471073981684257, -0.48801290818372906, 0.8370701038717886, -0.2472994998986698, 0.8707297314428436, 0.4472127022983253, -0.20452514193737392
0.00029032358482610567, 0.001144855025751412, 0.0069157538178721365, -0.06123588856374338, -0.3048110784066031, -0.9504421983647467, -0.487437358839823, 0.8400911909208859, -0.23801599136273446, 0.8710080293309969, 0.44870591417734995, -0.20002003755424663
0.00028987555807978376, 0.0011426249035321643, 0.006908799994947576, -0.06283572031115899, -0.2874663762485458, -0.9557273433252327, -0.48646082782914, 0.8449822452595506, -0.222173059086642, 0.8714399206145915, 0.45096351041149463, -0.19293619939393492
0.00028941618700236056, 0.0011405233323505766, 0.006901812989829276, -0.06538246203865353, -0.2629806097624468, -0.9625831561723568, -0.48506088185432406, 0.851383857402736, -0.19965337024138394, 0.8720327256201281, 0.4538576056903854, -0.1832271792189171
0.00028893842969142283, 0.0011386017022217724, 0.0068947792819218714, -0.06904620050850695, -0.23194525125255383, -0.9702752303427769, -0.4832214167703978, 0.8586606631373801, -0.17087693804280438, 0.8727712670395084, 0.4570593681370775, -0.17136816923917603
0.0002884337279686952, 0.0011369062697863376, 0.006887686935396394, -0.07709857501334261, -0.20554165422302365, -0.9756067025754666, -0.48128489720617695, 0.8646340602828417, -0.1441276847800138, 0.873167027235999, 0.45843273244617944, -0.1655861478801232
0.0002878696414914942, 0.0011354024382611938, 0.006880548975351163, -0.0922058813394138, -0.19279315823388876, -0.9768975757901259, -0.47966286504409955, 0.8683451133238549, -0.12609639195578767, 0.8725947578023306, 0.4569546611041236, -0.17254224512016672
0.0002871947148098353, 0.0011339912349339965, 0.00687339830090859, -0.11447872778951325, -0.1939521923551299, -0.9743085589095136, -0.4786133496782492, 0.8701967156966769, -0.11699118556747365, 0.8705308049652583, 0.4529240809135188, -0.19244712140009712
0.0002863569654850981, 0.0011325719029645187, 0.006866268361983929, -0.14057207885508077, -0.20677517035515963, -0.9682373260574888, -0.4785263105161191, 0.8703250487680645, -0.11639106336268759, 0.866747979974682, 0.44696570160523624, -0.22129076076137286
0.00028532863182098616, 0.0011310592706529634, 0.006859185369078481, -0.15175373055419342, -0.2189885025981577, -0.9638541596075114, -0.47941284854561383, 0.8690718834519735, -0.12197287420824313, 0.8643692069435754, 0.4435742295524574, -0.23687080226291746
0.00028421849301665076, 0.0011294572827904594, 0.006852134393129535, -0.15145001273739578, -0.22798670175048166, -0.9618133693533166, -0.4806731693469331, 0.8672283224951474, -0.129878177274812, 0.863722292123931, 0.44264782896473104, -0.24092883098747842
0.00028311061709825525, 0.0011277895313520905, 0.006845098607191735, -0.15097564379967449, -0.23561448534400287, -0.9600480036307323, -0.4817529670227562, 0.8655836269480204, -0.13667137053633993, 0.8632035876570747, 0.44187192607767134, -0.24419002272894774
0.00028200618946442913, 0.001126065947719694, 0.006838075596603244, -0.15092945027801544, -0.24197351860444036, -0.9584722830280292, -0.4826275425418655, 0.8642084891379268, -0.1421771517577343, 0.8627229892722089, 0.4411264031954203, -0.24721759683545097
0.00028090203556570796, 0.0011242957431409175, 0.006831063705244916, -0.15131516915951718, -0.24706950518749374, -0.9571104320759615, -0.4832997661855227, 0.8631269504901962, -0.14640083108546126, 0.8622789894154015, 0.4404185815152463, -0.25001283460825074
0.0002797949808526275, 0.0011224881288634096, 0.0068240612769976125, -0.15213568591232113, -0.2509074496016327, -0.9559812680206614, -0.48377085199832, 0.8623579012545798, -0.1493472895656833, 0.8618703474588316, 0.4397548201875684, -0.2525771214757826
0.0002786818507757235, 0.001120652316134818, 0.00681706665574219, -0.15339310933777403, -0.2534912696762868, -0.9550982830084, -0.484040300164697, 0.8619151718155146, -0.15102060922503907, 0.8614961066796296, 0.439140538771059, -0.2549118384534236
0.0002775594707855317, 0.0011187975162027918, 0.006810078185359504, -0.1550888119131066, -0.2548235146703864, -0.9544697149676423, -0.48410585605265144, 0.8618076060245645, -0.15142381032631066, 0.8611556076313448, 0.43858023960187764, -0.2570182734278812
0.0002764246663325876, 0.0011169329403149784, 0.0068030942097304144, -0.15722343447542247, -0.2549051868808102, -0.954098599387407, -0.4839634845359239, 0.8620391089337505, -0.15055869388564766, 0.8608484984523115, 0.4380775278075387, -0.2588975518278149
0.00027527426286742726, 0.0011150677997190269, 0.0067961130727357795, -0.15979685453040912, -0.25373566522714874, -0.9539827972630971, -0.48360735919052145, 0.8626086642236455, -0.1484257879988117, 0.8605747424941993, 0.4376351272441856, -0.26055058622656807
0.000274105085840586, 0.0011132113056625847, 0.006789133118256453, -0.16280811785250213, -0.2513127301834957, -0.954114997476218, -0.4830298669859567, 0.8635103194535536, -0.14502439724663904, 0.860334623481384, 0.437254891161825, -0.2619780444888574
0.00027291396070259973, 0.0011113726693933003, 0.006782152690173296, -0.16625533344766524, -0.24763269045898478, -0.9544826948228293, -0.4822216301360674, 0.8647331400574516, -0.14035275528215904, 0.860128748228496, 0.4369378069043974, -0.2631803362116101
0.00027169771290400406, 0.001109561102158822, 0.006775170132367165, -0.1701355324342292, -0.24269061279597495, -0.9550681478638241, -0.48117154781023314, 0.866261135834156, -0.13440828144583417, 0.8599580467564834, 0.43668399444453215, -0.26415761737027754
0.00027045316789533493, 0.0011077858152067984, 0.006768183788718919, -0.17444449202564075, -0.2364806569974385, -0.9558483237773533, -0.47986686140469037, 0.8680731665854523, -0.12718794274583345, 0.859823769459491, 0.4364926990458896, -0.2649098132423686
0.0002691771511271278, 0.0011060560197848769, 0.006761192003109412, -0.17917652663417435, -0.22899651862701664, -0.9567948404752292, -0.47829324799401235, 0.8701428365809755, -0.11868872259044705, 0.8597274807906581, 0.43636227885040696, -0.2654366598076244
0.00026786648804992, 0.0011043809271407028, 0.006754193119419507, -0.18376869854669253, -0.22160561812426577, -0.9576638321719251, -0.47670699045852283, 0.8721108439717057, -0.11033186790287262, 0.8596391747020564, 0.4362494995329178, -0.2659076220698574
0.0002665221082435045, 0.0011027597472534284, 0.006747187225992127, -0.18600923914868267, -0.21979844141553684, -0.9576477474012192, -0.47621714863420145, 0.8726946783275481, -0.10780178924993938, 0.8594287581283506, 0.4359961508661266, -0.26700106016996006
0.0002651613227339972, 0.0011011517704913093, 0.00674018137411165, -0.1853534002032342, -0.22495182736859579, -0.9565776457750982, -0.4771358032413577, 0.8715973583163358, -0.11251431127287516, 0.8590608490079874, 0.43556253321367594, -0.2688861048142157
0.0002638055291601422, 0.0010995063286400194, 0.006733184352079072, -0.1821913178918651, -0.23593660235874334, -0.9545366642262819, -0.47922754188378663, 0.8689838889514426, -0.12332057347762558, 0.8585728197333345, 0.43497232143004133, -0.2713886379436545
0.0002624730956581958, 0.0010977808356969101, 0.0067262034671227095, -0.17864902886549308, -0.24695687710945835, -0.9524163088344089, -0.4813203705602328, 0.8661927540308332, -0.1343160963855066, 0.858146389242055, 0.43442193051551214, -0.27360986992065767
0.00026116660999880083, 0.0010959748050653336, 0.006719238311716223, -0.1754329341271233, -0.2561466540195004, -0.95058517622471, -0.48305453030069406, 0.8637353785858342, -0.14359497392026496, 0.857835419168225, 0.4339931882112899, -0.2752604334201987
0.00025988353831173815, 0.0010941014138395441, 0.006712285974449427, -0.17255395449266897, -0.2635168083858773, -0.9490964252841029, -0.4844452325146929, 0.8616624284594442, -0.1511644008196323, 0.8576350910980306, 0.4337012232856787, -0.2763427209784597
0.0002586213440419257, 0.0010921738462765646, 0.006705343542599544, -0.17002004782542018, -0.26907881798444927, -0.9479924963044453, -0.48550643698663837, 0.8600141012390612, -0.15703262500037726, 0.8575410678107384, 0.43355776475812474, -0.2768591368114071
0.0002573774906342817, 0.0010902052866334192, 0.006698408103443804, -0.16783687555478613, -0.2728425743310943, -0.947305501322772, -0.48625042647933203, 0.8588206405000298, -0.16120679328051432, 0.8575495938735409, 0.4335712595220075, -0.2768115910936987
0.00025614944153372425, 0.0010882089191671307, 0.0066914767442594345, -0.16600805783618178, -0.2748154768869907, -0.9470574314141856, -0.486687644137936, 0.8581025815244135, -0.16369207868618169, 0.8576575434151588, 0.43374694609243447, -0.27620124000185464
0.0002549346601851713, 0.0010861979281347228, 0.006684546552323657, -0.16453537609903082, -0.2750018200355465, -0.9472603174360718, -0.48682659082505614, 0.8578709427761007, -0.16449108184366001, 0.8578624484598938, 0.4340869089451802, -0.2750283167326866
0.00025373061003354107, 0.0010841854977932193, 0.0066776146149137, -0.16341891874216274, -0.27340246466649515, -0.947916319783254, -0.4866737744967192, 0.85812734016978, -0.16360350017727426, 0.8581625103756624, 0.4345901061545519, -0.27329205150958263
0.0002525347545237516, 0.0010821848123996431, 0.006670678019306794, -0.16265716799816524, -0.2700147892089163, -0.9490177339266539, -0.4862337058308297, 0.8588640119227714, -0.16102606105205428, 0.8585565962782157, 0.43525236660170646, -0.27099067946108213
0.00025134455710072094, 0.001080209056211018, 0.0066637338527801605, -0.162247027857224, -0.26483291905600403, -0.9505469093820531, -0.4855089365873316, 0.8600637521377645, -0.15675271848535344, 0.8590442214725245, 0.43606635646766656, -0.2681215364562839
0.0002501574812093673, 0.0010782714134843676, 0.00665677920261103, -0.1621837946147926, -0.25784823759564846, -0.9524760905834669, -0.4845001394566895, 0.8616997615417245, -0.15077511673145494, 0.8596255182524513, 0.43702151815185647, -0.2646812442192521
0.00024897099029460863, 0.001076385068476715, 0.006649811156076626, -0.16234722474848068, -0.24939291339822717, -0.9546971003219873, -0.48326439149612666, 0.8636456916082516, -0.14342819554879468, 0.8602900130353396, 0.43808594375219256, -0.2607331957354223
0.00024778337989067465, 0.0010745606971696107, 0.006642827308889188, -0.1620344882678223, -0.24156892478432607, -0.9567597813402953, -0.48215753523373145, 0.8653335786777856, -0.13682802647860423, 0.8609697647589711, 0.439138078730644, -0.2566881609650917
0.00024659805865040864, 0.0010727935624034503, 0.006635828381051181, -0.1609844849959336, -0.23518354194803895, -0.9585263153337883, -0.48131726788733237, 0.8665828554177377, -0.13178710987617265, 0.8616366306187708, 0.44013958728205244, -0.252704294548226
0.00024542037609830885, 0.0010710730763957444, 0.006628816278503997, -0.1592011739672415, -0.2302450332409429, -0.9600219845791707, -0.4807443617534114, 0.8674216522144723, -0.12831420775510452, 0.8622875650557401, 0.44109738373446755, -0.24878354690945836
0.0002442556854825954, 0.0010693886401391026, 0.006621792909464344, -0.15668764582585973, -0.2267575962990524, -0.9612647783863851, -0.48043565658072906, 0.8678714611285738, -0.1264148205092993, 0.8629197885848914, 0.44201823432889115, -0.24492717078628845
0.00024310934005148825, 0.001067729654626134, 0.0066147601821489295, -0.15344554876899905, -0.22472336362141762, -0.9622649704762493, -0.48038439078271966, 0.8679466284743391, -0.12609316877746768, 0.8635307178411756, 0.44290863613470416, -0.2411361428363658
0.00024198669305320754, 0.0010660855208494487, 0.006607720004774465, -0.14947511377586248, -0.22414269916385257, -0.9630250468047213, -0.48058024160519586, 0.8676543015839778, -0.12735244136455076, 0.8641179443457847, 0.443774789002668, -0.2374112779655866
0.00024089309773597328, 0.001064445639801655, 0.006600674285557658, -0.14477526807233676, -0.22501431770837219, -0.9635396611353467, -0.48100933088099734, 0.866994419971951, -0.1301948514454988, 0.8646792152931619, 0.4446225731603559, -0.2337533359682076
0.0002398339073480055, 0.0010627994124753637, 0.006593624932715221, -0.13934383657446092, -0.22733522669188574, -0.9637956162556763, -0.4816541996039851, 0.8659597472138292, -0.1346214998029872, 0.8652124173938759, 0.44545752986150106, -0.23016312014989604
0.00023881447513752425, 0.0010611362398631834, 0.006586573854463858, -0.13317783216455192, -0.23110049153381299, -0.9637718754107636, -0.4824937575739227, 0.8645359459985005, -0.14063204463661388, 0.8657155646759201, 0.4462848427734331, -0.2266415676537404
0.00023784015435274967, 0.0010594455229577242, 0.006579522959020286, -0.1265126446005662, -0.2362405794889066, -0.9634235513827324, -0.48348336948220594, 0.8627404752135907, -0.14806317524070803, 0.8661630228717361, 0.44706740099337755, -0.22336597050294604
0.00023691455633054203, 0.0010577171280306361, 0.006572474312329486, -0.1216359544362707, -0.24215487995373228, -0.9625828321256156, -0.4844198862757248, 0.8609285471384028, -0.15536862779458638, 0.8663383105744495, 0.44739585473800764, -0.22202450494091033
0.00023602459639495283, 0.0010559453809977377, 0.006565431492143234, -0.1198242943703127, -0.248517547051545, -0.9611873736614207, -0.4852178768351904, 0.8593137948598409, -0.16168925122941624, 0.866144185732495, 0.4470109962529584, -0.22355182564839632
0.00023514789608999084, 0.0010541270902209511, 0.00655839891775552, -0.1210918899414391, -0.2553274958287481, -0.9592416922049578, -0.4858975959284234, 0.8579095847694284, -0.1670169770763605, 0.8655866683708738, 0.4458688307502192, -0.22794890941621862
0.00023426197671457588, 0.0010522590908384965, 0.00655138101753742, -0.1254365174907768, -0.26257966259194665, -0.9567223217176892, -0.48647099820124884, 0.8567285176300811, -0.17135406323879396, 0.8646453885778068, 0.4439236058968518, -0.2352024322550043
0.0002333443595676279, 0.0010503382179885953, 0.006544382219860016, -0.1328523128093408, -0.2702602868336091, -0.9535772859825388, -0.4869405186665318, 0.8557847601010172, -0.17470367958235328, 0.8632723754771596, 0.4411256303361434, -0.24529366889213022
0.00023237256594806674, 0.0010483613068094683, 0.006537406953094385, -0.14309070909519905, -0.2784896645989239, -0.9497202512751911, -0.48733310580741, 0.8550274143074754, -0.1772979547732474, 0.8614124987221493, 0.4374604296325002, -0.25806371219334867
0.00023132586489562837, 0.0010463241694797835, 0.006530459799132974, -0.15403050761622128, -0.2885203648170828, -0.94500296391562, -0.4879658556076726, 0.8538569125359176, -0.18115655294717503, 0.8591646678516065, 0.4332255440304138, -0.2723081003477325
0.00023019906695512137, 0.0010442135216743485, 0.00652354670503238, -0.16455518589977858, -0.3009991696509629, -0.9393194827442473, -0.48905402027925166, 0.8519039291371832, -0.18731220133597945, 0.8565907751325545, 0.4285547752505624, -0.2873900634464409
0.00022899512682597183, 0.0010420113122623388, 0.006516674333230883, -0.17463675219611932, -0.31589887274691175, -0.9325823861620064, -0.49065003218611325, 0.8490876373164806, -0.19573637902056634, 0.8536770763574231, 0.42338881226781044, -0.30327769939165583
0.00022771707086750775, 0.0010396994481701065, 0.0065098493524613455, -0.18423811009813448, -0.3330238711287931, -0.924743975403928, -0.49277552993621426, 0.8453577472381525, -0.20625846959705463, 0.8504284778178297, 0.41769053190469724, -0.3198531282848742
0.00022636801486122026, 0.0010372609306812759, 0.006503078053007436, -0.1930344320468613, -0.34831759792985334, -0.9172854294148156, -0.49475683911443397, 0.8418716549154566, -0.2155638810176804, 0.8473212957278012, 0.41222198828093537, -0.33484273052266295
0.0002249535086858966, 0.0010347085498027906, 0.006496356423655183, -0.2007362508054532, -0.35746703437733424, -0.9120977343169118, -0.49576883167022023, 0.8400911458252531, -0.220136621783742, 0.8449368160737909, 0.4080002279895039, -0.3458577609416881
0.00022348176649805758, 0.0010320877012358583, 0.006489669177531773, -0.20738165887203713, -0.360348734565993, -0.9094732745167224, -0.49570747760284534, 0.8401978298710959, -0.21986746764477344, 0.8433664353127333, 0.4052362226857175, -0.35286918200843914
0.00022196113803032928, 0.0010294454398754695, 0.006483000453984135, -0.21299997611599208, -0.35700251689498347, -0.9094944821741547, -0.4945221818217843, 0.842210680222895, -0.21477658579256437, 0.8426617481889214, 0.4040177880355464, -0.35593651834288575
0.00022039997301533814, 0.001026828820616617, 0.006476334392359205, -0.2175889419758645, -0.347399327151467, -0.9121232152645452, -0.4921750650335131, 0.846055384799501, -0.20482673461007328, 0.8428634276613745, 0.40435627031922755, -0.3550735824648783
0.00021880662118571072, 0.001024284898354292, 0.006469655132003922, -0.22111104024682554, -0.33144602251905986, -0.9171986927799568, -0.4886421692118308, 0.8515608880555968, -0.18992862975844338, 0.8440016222430637, 0.4061866419397101, -0.3502480172118303
0.00021718943227407326, 0.0010218607279834874, 0.006462946812265223, -0.22349168284545642, -0.3090030756815688, -0.9244287787159359, -0.48391742116523356, 0.8584513668097699, -0.16995640710260979, 0.8460942011334766, 0.4093633472134122, -0.34138871212524785
0.00021555675601305223, 0.001019603364399194, 0.006456193572490041, -0.22461988961364754, -0.2799166283748297, -0.933376979761779, -0.47801931931929353, 0.8663358919756444, -0.14477448888628125, 0.8491427651151909, 0.41365299882151485, -0.32840182858579786
0.00021391694213527396, 0.001017559862496404, 0.006449379552025314, -0.22425711113497868, -0.24471218847584272, -0.9433051960615702, -0.47113400179051196, 0.8745499055217946, -0.11487042747669246, 0.8530776637928412, 0.41866264170950795, -0.311416267999224
0.00021227906262298748, 0.0010157725877121939, 0.006442490048068703, -0.2203737513036399, -0.21690991565776446, -0.9509918497157076, -0.46611161763499837, 0.8798588856986018, -0.09267308758695689, 0.8568403408115461, 0.4228456334722593, -0.29500203492755306
0.00021066725134948647, 0.0010141861108957711, 0.006435534503793072, -0.21136006500759127, -0.20948293797832326, -0.9546956696329761, -0.46554756883360154, 0.8804227315008818, -0.09011811698903441, 0.8594139771222655, 0.42540887690843526, -0.283610478252116
0.00020911989027507313, 0.0010126524922153938, 0.006428545203723317, -0.19807760559513657, -0.22092318343854978, -0.954965030344606, -0.46882444762567843, 0.8769523265416417, -0.10563263833531533, 0.8607955038626626, 0.4267874927789929, -0.2772788065057373
0.00020766956605373558, 0.0010110348926738746, 0.006421552949804062, -0.1882837305539112, -0.23275403834348055, -0.9541356268599888, -0.4717123860684837, 0.8735473664173623, -0.12001009730380295, 0.8614154988379765, 0.42748164435457586, -0.27426771975868397
0.00020629097217976497, 0.0010093306918358188, 0.006414566868073811, -0.18622889469218976, -0.23521810029568258, -0.9539346120542097, -0.47230057881293575, 0.8728117150653109, -0.12301167951750147, 0.8615398783774848, 0.42763554031212236, -0.27363640588793736
0.00020492786124158904, 0.0010076090021597889, 0.0064075844999179725, -0.19198090001422244, -0.22824284000881034, -0.9544886274935086, -0.4706156744866634, 0.8748713336993316, -0.11454709249306864, 0.8611992922414603, 0.4272064553068755, -0.2753732441377387
0.00020352369433101493, 0.0010059396119053829, 0.006400603277582071, -0.2054958028669521, -0.2117274433436104, -0.9554804889369771, -0.4664182310605783, 0.8794937879143204, -0.09457648097937242, 0.8603635910116071, 0.4262184495716942, -0.2794858216552558
0.0002020219325398493, 0.0010043923093321985, 0.0063936206333116245, -0.22591946595847442, -0.18640843455567346, -0.9561444924421941, -0.45945438454185267, 0.8858817733266661, -0.06414945216343552, 0.8589889774766061, 0.4248121693338183, -0.28578410970449386
0.0002003711667497593, 0.001003030245795782, 0.006386634202940031, -0.24354233516789742, -0.16469816707821025, -0.9558041874474319, -0.4529727041261445, 0.8907114895813587, -0.03806273301282719, 0.857614633910602, 0.42368332052233926, -0.2915297302395568
0.0001985901415507167, 0.0010018258080309876, 0.006379644406517077, -0.25164928681226106, -0.15579021548178196, -0.9551973854691084, -0.45008791009308374, 0.8925759770044198, -0.02699997153045924, 0.856792570949889, 0.4231282713725773, -0.2947354005380658
0.00019674841630266666, 0.0010006856388022705, 0.006372653680797269, -0.2502551333643581, -0.159947349600402, -0.9548765436330469, -0.45117995947591344, 0.8918891575556954, -0.03115083950562443, 0.8566265302873245, 0.4230255027659666, -0.2953648787813147
0.00019491668582121135, 0.0009995149118255556, 0.006365664507598361, -0.23931193313903962, -0.1771373993646186, -0.9546476524894383, -0.4561260435688909, 0.8884801565068217, -0.05051775798473264, 0.8571340799638328, 0.42335015441116053, -0.29342088494959007
0.00019316564492195321, 0.0009982188008167683, 0.006358679368738116, -0.22045088421400624, -0.20316560819834445, -0.9540047920711193, -0.4633615627021555, 0.8824726212163927, -0.08085873492508744, 0.8583108235712045, 0.4242237716687573, -0.2886810033439243
0.0001915524893534969, 0.0009967321307435115, 0.006351698411741049, -0.20140499754472507, -0.22103848727381442, -0.9542421150356513, -0.46845326447697294, 0.8773049040563787, -0.10434387533293653, 0.8602252995377877, 0.4260024559346248, -0.28023979298592044
0.00019007792102132982, 0.0009951138176058163, 0.006344712015071625, -0.18435240112632578, -0.22648234785558521, -0.956409921690893, -0.470801695521138, 0.8745339944163952, -0.11634455769191007, 0.8627629777020918, 0.4288310141768273, -0.26785071511327696
0.000188727865364041, 0.000993455234516416, 0.006337708002009809, -0.16932664338414288, -0.21957510470264469, -0.9607888744334427, -0.47089049851437187, 0.8744190426565813, -0.1168480904783395, 0.8657890194782709, 0.4326408571024823, -0.2514582719189884
0.00018748824777186374, 0.000991847754694259, 0.0063306741958272, -0.15627346853283514, -0.20025394647407577, -0.9672005789670904, -0.4691247726254614, 0.876779388410609, -0.10573481814155551, 0.8691953467097177, 0.43721420491548146, -0.23096144327202586
0.00018634499363503126, 0.0009903827513582934, 0.0063235984197953996, -0.14508658319197645, -0.16842057568013286, -0.9749791757085124, -0.46584586367333325, 0.8809777791476577, -0.08286002622801343, 0.8728903222490921, 0.44216813808282646, -0.20627608438266076
0.0001852840032041683, 0.0009891511239036679, 0.006316468583576508, -0.13631376066031498, -0.1358000076274535, -0.9813138726131543, -0.4625606311271137, 0.8846771091607324, -0.05817280342476037, 0.8760457871515214, 0.44598741064675046, -0.1834094009550172
0.000184286598258962, 0.0009881574780786935, 0.006309288330426696, -0.13151660269864623, -0.12805871145765974, -0.9830078075144726, -0.4619439693114895, 0.8852924805280159, -0.05352563065764214, 0.8771038435848699, 0.4470550193660244, -0.1755866089093681
0.00018332423172895846, 0.0009872204145045635, 0.006302095217213061, -0.13092810470563704, -0.14838225619024611, -0.9802247382340857, -0.46443349955573976, 0.8827099538816571, -0.07158674324657945, 0.8758763359565086, 0.4458764889138417, -0.18448523178093795
0.000182367296310382, 0.0009861359091055434, 0.006294930890101705, -0.1325352370277355, -0.1839722281871995, -0.9739551479415461, -0.4687847604861653, 0.877410014520512, -0.10194368423322564, 0.8733128072357182, 0.4430642003987142, -0.20253112117182737
0.00018139938244842121, 0.0009847923473941705, 0.006287818029327755, -0.1334459652454571, -0.21512996465994297, -0.9674250734114348, -0.47264453658838684, 0.871808963947112, -0.12867117942496706, 0.8710908772297282, 0.4400775257688976, -0.21801939115653907
0.00018042443261807571, 0.000983220618176568, 0.006280750068078724, -0.13348955646883506, -0.240210936034527, -0.9614984370882618, -0.47578404691047343, 0.8665998165486871, -0.1504469961922614, 0.869373382971463, 0.43738251470217493, -0.22997055640571823
0.0001794481278518327, 0.0009814637835000744, 0.006273717941134144, -0.13273057596773255, -0.259305260689453, -0.9566312643762218, -0.47819989135816615, 0.8621596989443807, -0.16734849094381707, 0.8681632669655588, 0.4352487051042307, -0.23843470090735192
0.00017847614918217955, 0.0009795649054120273, 0.006266712583273548, -0.13121898221335124, -0.27252062340030697, -0.9531600539932421, -0.47990473247829707, 0.8587685995311394, -0.1794657075996963, 0.8674520312108482, 0.43387671322719507, -0.24347067845500425
0.00017751417764160356, 0.0009775670459597654, 0.006259724929276472, -0.12898787919460064, -0.2799505662277208, -0.951309522442437, -0.4809232678177296, 0.8566155731816173, -0.1868758150597495, 0.8672225420804025, 0.4334021691818211, -0.24512776720742324
0.000176567894262592, 0.0009755132671906262, 0.0062527459139224435, -0.12605286003717162, -0.28165357129067176, -0.951200264011559, -0.4812896670058592, 0.8558049567956438, -0.18962629658724922, 0.8674508244908402, 0.4338999212989289, -0.24343361597557744
0.00017564298007763217, 0.0009734466311519475, 0.006245766471991, -0.12241251819285587, -0.27764192607690424, -0.952853680411631, -0.481046452837298, 0.8563604611185685, -0.1877260526550486, 0.8681068399697914, 0.4353868641990703, -0.2383879042245293
0.00017474511611921138, 0.0009714101998910675, 0.0062387775382616705, -0.11804991540802214, -0.26787959319273785, -0.9561928367348566, -0.4802446823174814, 0.8582260593788917, -0.181143799531644, 0.8691543376052037, 0.43782251490058427, -0.2299612638428209
0.00017387998341981695, 0.0009694470354553243, 0.006231770047513991, -0.11293501142548472, -0.25228891587829205, -0.9610390138382945, -0.4789452040764928, 0.8612634977061285, -0.1698136596718071, 0.8705499265903434, 0.4411071190130144, -0.21809936925536028
0.00017305326301193623, 0.0009676001998920561, 0.006224734934527494, -0.1070282479529458, -0.23076666707126903, -0.9671048027535283, -0.4772206820556582, 0.8652471270473716, -0.15364839652466902, 0.872241580503048, 0.4450776949085267, -0.2027325103096621
0.00017227063592805642, 0.0009659127552486004, 0.006217663134081709, -0.10028560862642523, -0.20321039752896145, -0.9739857961174531, -0.47515794479723505, 0.8698577361460197, -0.13256110426135345, 0.8741668743429343, 0.449503118123827, -0.18379124733909846
0.0001715377832006649, 0.0009644277635722955, 0.006210545580956173, -0.09290657443667574, -0.17104722384878604, -0.9808726806472212, -0.47295199253180675, 0.8744814008021153, -0.10769722564376558, 0.8761762272434902, 0.4538999084212218, -0.16214219669342753
0.00017085864605747615, 0.0009631774266218765, 0.006203375506349444, -0.08749458651339596, -0.15033951621951394, -0.9847551610393989, -0.47161508611157293, 0.8769936760479454, -0.09198533972261703, 0.8774530801603146, 0.4563771708080872, -0.14763458294851636
0.0001702185113470034, 0.0009620775009404966, 0.006196170763918871, -0.08570679045096216, -0.15093260147386245, -0.9848216568917071, -0.4717318389786393, 0.8767896427876106, -0.09332199308954625, 0.8775667599473137, 0.45657340276532365, -0.14634653983906692
0.00016959133704264528, 0.0009609730254510255, 0.006188964160634254, -0.08692064307593465, -0.16964781549507169, -0.9816641077807704, -0.4731955589841105, 0.8741667381176426, -0.10917177715177187, 0.8766588645333948, 0.45502981514018503, -0.15625972791640133
0.00016895554240084986, 0.0009597321099645876, 0.006181783624944652, -0.08784321874248102, -0.18960512351507544, -0.9779230368785642, -0.4747976293145501, 0.8709963521799818, -0.1262242674229018, 0.8757001656493184, 0.45322759362818826, -0.16653518623929947
