0.00039138749707490206, 0.001221634796820581, 0.007269765250384808, -0.480127114393241, -0.16567482307387438, -0.8614115201364909, -0.32619083253665454, 0.9453039409465318, 0.0, 0.8142957047617676, 0.28098454090998715, -0.5079076618600471
0.0003877504627564388, 0.0012203797853888969, 0.00726323992997041, -0.462768734033329, -0.12314214876154578, -0.8778844513941337, -0.31039012468972677, 0.9501248437795513, 0.030343891114675278, 0.830363215283701, 0.28652886840818104, -0.47791017803813457
0.0003842453433122838, 0.0012194470777354277, 0.007256590626259928, -0.4463594950379106, -0.10192185168509622, -0.8890304479254818, -0.30384801442296244, 0.9517294605056066, 0.043444425844179416, 0.8416885322497417, 0.2895219683457344, -0.45578223366481374
0.0003808621447091357, 0.0012186745572220644, 0.007249852186497776, -0.43161971437998264, -0.10218285535716769, -0.8962494553580483, -0.30602756071396575, 0.9512264737535984, 0.038927210454319607, 0.8485585155085077, 0.2910787860723468, -0.4418388688839482
0.0003775908729136931, 0.0012179001072106976, 0.007243059457928356, -0.41857509389352704, -0.12394733111278743, -0.8996843612523462, -0.3165177994569831, 0.9484414108675446, 0.016594359839731516, 0.851241078307981, 0.2917120999574726, -0.4362254890987773
0.00037442153389265497, 0.0012169616110632197, 0.007236247287796083, -0.4066015067372338, -0.16607874174106943, -0.898383585257831, -0.3346175057770479, 0.9420803140064578, -0.02271138016592957, 0.8501213675391053, 0.2913803931344681, -0.4386241294664991
0.00037134464238059264, 0.0012157048368940887, 0.007229448914493836, -0.39365936827164116, -0.20295786960692322, -0.8965714722968781, -0.3502835267415723, 0.9348570614717944, -0.05782495577004821, 0.8499022018241033, 0.2912908817332616, -0.4391080385891386
0.0003683631086607177, 0.0012141676558164382, 0.0072226583785828845, -0.3789508942196322, -0.20877719971214015, -0.9015588170776759, -0.3542070350295989, 0.9327553419490495, -0.06711816744408565, 0.854946545759255, 0.29390398593055683, -0.4274188238115507
0.00036549263677039285, 0.0012125862132278185, 0.0072158292635672696, -0.36413806611887894, -0.18793820049444618, -0.9121856727652065, -0.34881861639045947, 0.935660324662074, -0.053528774623631564, 0.8635560443090237, 0.2986954797919973, -0.4062658842299956
0.00036273667955724994, 0.0012111638141779244, 0.007208925440763525, -0.3555804069977617, -0.16290599397735678, -0.92033918273947, -0.3414709744181006, 0.9392652977966536, -0.034325995760015715, 0.870034567008265, 0.30206346598225536, -0.38961200537140517
0.00036004583255301885, 0.0012099310266079726, 0.007201960793994429, -0.355109865214254, -0.13960799555700973, -0.9243411660226263, -0.33378813957147124, 0.9425423084090977, -0.014123552678610993, 0.8732024172601279, 0.30351870524796887, -0.381305565204163
0.0003573570913844236, 0.0012088739741239682, 0.007194962075033431, -0.36278062769373554, -0.1181096481428985, -0.9243594145059053, -0.3255929339357158, 0.9454843107905232, 0.0069756304447777815, 0.8731434346894398, 0.3034955173713942, -0.3814590586081263
0.00035460745166653864, 0.0012079787802938464, 0.007187956035665, -0.3785296298268403, -0.09842962772357271, -0.9203406585223507, -0.3166873799094557, 0.9480910096042696, 0.02885378508342718, 0.8697266367941362, 0.3023822843583193, -0.3900519598169009
0.0003517339090144385, 0.0012072315686855414, 0.007180969427673611, -0.3938778776744254, -0.08449558394701709, -0.9152708417578608, -0.30956323529736685, 0.9497879398769706, 0.04553539959731671, 0.8654656670434233, 0.30126958950035565, -0.40025718433448476
0.0003487399834170335, 0.0012065893049129724, 0.007174012314931264, -0.3293522845905295, -0.11322414542732846, -0.937393922279876, -0.3258402647043563, 0.9454247924190374, 0.0002894422484069504, 0.8862026825350926, 0.3055360122336994, -0.3482708008087023
0.00034625440426699694, 0.001205734816912366, 0.007166937924081094, -0.2024829953552664, -0.17570645800124646, -0.9633939366679735, -0.34793211324344775, 0.9324940641792533, -0.09694361683167868, 0.915392746948493, 0.3155662543541608, -0.24994811050891605
0.0003447216989666696, 0.0012044047979692556, 0.00715964546482819, -0.17606841859810324, -0.21046628728516276, -0.9616152317266831, -0.3555980312903906, 0.9245086763036899, -0.13723610159720204, 0.9179051977817543, 0.31778553987807323, -0.23761817802861807
0.00034338319612548234, 0.0012028047965280638, 0.00715233509803985, -0.21088520536553929, -0.22627799385708666, -0.9509604090885944, -0.35638064102909206, 0.9236778805489699, -0.14075514798491878, 0.9102308876640188, 0.3092207018952243, -0.275431096032741
0.0003417837175751458, 0.0012010885699347367, 0.007145122449936253, -0.24191261588640664, -0.23743346817674468, -0.9407994655953832, -0.35654442530175556, 0.9235174204085848, -0.14139182079637505, 0.9024158459719315, 0.30123233955111156, -0.30806609444618716
0.00033995065698873804, 0.0011992894494927782, 0.007137993667446851, -0.26629746368167506, -0.24467970597905112, -0.9323183481615666, -0.35633067829895676, 0.9237142191074886, -0.14064312681979185, 0.8956082338498862, 0.2947607214346032, -0.33316963931252785
0.00033793282400421907, 0.0011974354221410302, 0.0071309291513640335, -0.28414518950299217, -0.24814894113112762, -0.9261120959677661, -0.3556831160451637, 0.9242829625936365, -0.13852987410494863, 0.8903656733290605, 0.2900398387715565, -0.35089294618538325
0.0003357790282595489, 0.001195554474818334, 0.007123909302480187, -0.2955718939556541, -0.24794844946953448, -0.9225826910955577, -0.3545740753415088, 0.925221957165653, -0.13506130117199544, 0.8870820033115212, 0.28720358003376656, -0.3613856984118302
0.0003335380793926877, 0.0011936745944635325, 0.007116914521587703, -0.3006594372842625, -0.24414087912845506, -0.9219539760260789, -0.3530029153511352, 0.9265144344361647, -0.13023035181950976, 0.885998219256399, 0.28629745706139115, -0.3647477505820578
0.0003312587870415954, 0.0011918237680154662, 0.007109925209478971, -0.29942938579612116, -0.2367356837766403, -0.9242825644512419, -0.3509956862078655, 0.9281286995924422, -0.12401268183662484, 0.8872114016316671, 0.28728615180625894, -0.3610022102357877
0.0003289899608442321, 0.0011900299824129774, 0.007102921766946377, -0.2918344686073368, -0.22569045201875432, -0.9294603072752723, -0.34860635386638883, 0.9300170967110803, -0.11636928232602968, 0.8906774124095972, 0.2900552011129321, -0.35008817079513144
0.00032678041043855785, 0.0011883212245949082, 0.007095884594782312, -0.2777671344518932, -0.21092190058992688, -0.9372072187461623, -0.3459193560655795, 0.9321140508725364, -0.10725294991358349, 0.8962060132121179, 0.29440677304967666, -0.3318726169254063
0.0003246789454625327, 0.0011867254815000996, 0.007088794093779163, -0.2575702677599895, -0.19276007550693885, -0.9468374255681947, -0.34311311772447645, 0.9342859175447286, -0.09686698469031683, 0.9032889601957045, 0.2999222858811325, -0.3067827844263745
0.0003227307260380188, 0.001185267475781352, 0.0070816323701827595, -0.23749605536681462, -0.176807678759963, -0.9551621163010584, -0.341031019995519, 0.9358822753381304, -0.08844325926117841, 0.909556742092553, 0.30473498558491413, -0.28256525171107527
0.0003209333671419044, 0.0011839294036444076, 0.007074403748535492, -0.2220966973913251, -0.16711238538652837, -0.960596953804399, -0.3400785593200004, 0.9366099744055584, -0.08431090875356607, 0.9137940853927099, 0.3079532537487526, -0.2648493213260273
0.00031925118940090316, 0.001182663681379085, 0.007067128112144933, -0.2115591270397595, -0.16382164037824049, -0.9635378590953017, -0.34013220191577587, 0.9365684746088111, -0.08455517482005957, 0.9162711503622173, 0.3098418346716715, -0.25386062416450456
0.0003176478279910642, 0.001181422112178293, 0.007059825664636242, -0.2059174408727074, -0.16696144857030132, -0.9642208679735891, -0.3411249116223549, 0.9357775453885963, -0.089186210913652, 0.9171868960114268, 0.3105547620594482, -0.249647626760448
0.00031608691808843675, 0.001180156499234941, 0.007052516609634581, -0.20516706679136318, -0.17653677507318538, -0.9626740059599553, -0.3430591167460886, 0.9341670385662657, -0.09819565404704399, 0.9166334693440022, 0.3101075798865496, -0.2522228613256248
0.00031453209486907003, 0.0011788186457419385, 0.007045221150765105, -0.20927212796434672, -0.19253004066924956, -0.9587165169627418, -0.3460058607892615, 0.9315771512588967, -0.11155247891392175, 0.9145956050390557, 0.3083767090625618, -0.26156965525646864
0.0003129469935090134, 0.0011773603548921958, 0.007037959491652979, -0.21814886949890816, -0.21487295501610393, -0.9519667451854585, -0.3501005645469683, 0.9277616289920088, -0.12918186588677386, 0.9109559075170667, 0.3051032169164097, -0.2776172933860855
0.0003112953107750598, 0.0011757334752727465, 0.007030751812603655, -0.22775119804182764, -0.2405511621396245, -0.9435383035064281, -0.3550911301216801, 0.9227919887828775, -0.14955010781356798, 0.906664039818179, 0.30098186628336576, -0.2955845650049439
0.0003095706860995394, 0.0011739119240645947, 0.007023606956925544, -0.22838899486196393, -0.26183860966599554, -0.937698783999489, -0.359799379826628, 0.9176680246240265, -0.16861139599389757, 0.9046451643060476, 0.2988744536938805, -0.3037946471333371
0.000307840794154932, 0.001171928673943799, 0.0070165045237549385, -0.22482098463315203, -0.2750973822056988, -0.9347603731289382, -0.3629701170243541, 0.913920298635872, -0.18166557706028208, 0.9042722040491497, 0.29844784811569725, -0.30532059042783705
0.00030613760036329315, 0.001169844597342883, 0.007009422987007908, -0.22130238368953611, -0.2787369726470043, -0.9345217788007472, -0.36400239195964684, 0.9126349204541485, -0.1860101089062252, 0.9047251038967501, 0.29900368233055813, -0.30342920810591345
0.0003044610552955983, 0.0011677329386752967, 0.007002343226488474, -0.21792979058891604, -0.27275869333931235, -0.9370748644487815, -0.3629814274529085, 0.9139278823089004, -0.18160481618783605, 0.905953138798095, 0.30056367236610576, -0.2981784518634439
0.00030281053499637656, 0.0011656671643773947, 0.006995246165175821, -0.21465901671393134, -0.25709946647934395, -0.9422427345856506, -0.3599983437684311, 0.9176341305845797, -0.16837100365047789, 0.90792218776027, 0.30306346979192234, -0.28953382229074026
0.00030118541551015714, 0.0011637207408855318, 0.006988112726049132, -0.21138394076858516, -0.23163203459786078, -0.9495595979890882, -0.3551445926099034, 0.9233128909174876, -0.14616984574643854, 0.9105982362848554, 0.30633299857123997, -0.27743638200723364
0.00029958507830033366, 0.0011619671102047608, 0.006980923837659211, -0.20662874827152897, -0.20262188747842572, -0.9572089276132046, -0.3498480997797138, 0.9289438220926147, -0.12111846463891458, 0.9137345716718093, 0.309851167676749, -0.2628333814816731
0.00029801950990449624, 0.0011604319006756187, 0.006973671332585157, -0.19634611540117206, -0.18985031999426064, -0.961979760163875, -0.3481251241957931, 0.9306593633826966, -0.11261459608673116, 0.9166553882842414, 0.3127778850017866, -0.24882301698853335
0.00029653145002651524, 0.0011589930708651684, 0.006966380719875021, -0.17982462577253083, -0.19717993591337774, -0.963733976177537, -0.3503773517914222, 0.9282902749848113, -0.1245506993968859, 0.9191837766830959, 0.315273275495751, -0.2360168350791551
0.00029516994175299077, 0.0011575001601308028, 0.006959083989650196, -0.15703420580367267, -0.22406270206418546, -0.9618399886422407, -0.3557829943922246, 0.9213639286290748, -0.15654702783029587, 0.921281020703733, 0.31762307309906374, -0.22440335186042729
0.0002939827518798409, 0.0011558062300123307, 0.006951812410262363, -0.13235420606150147, -0.25726969968809915, -0.9572328169051795, -0.3613807280714634, 0.9117812944242677, -0.1950867512583723, 0.922976886772561, 0.3201049402311721, -0.21365040070926405
0.00029298237124307145, 0.001153861693199682, 0.006944577300752755, -0.11101899985353975, -0.2824819503187376, -0.9528267048186895, -0.3650660681417358, 0.9033167106569797, -0.22526803177412427, 0.9243384377829655, 0.32283566716206663, -0.20340989269199794
0.00029214237324905185, 0.0011517243629055205, 0.006937367971523056, -0.09344543102080922, -0.299159529642293, -0.9496165158870907, -0.36723144739454877, 0.8968953474108815, -0.24641387914892104, 0.9254236951071872, 0.3257027964524043, -0.19367155939177993
0.0002914343245153972, 0.0011494575904821929, 0.006930172598092956, -0.07968848580655985, -0.3075140321465936, -0.9482008570249246, -0.36828956157573467, 0.8930045170494519, -0.25866142225625444, 0.9262896653122127, 0.32860014084327327, -0.1844163858597444
0.0002908297916597221, 0.0011471247272820434, 0.006922979355982141, -0.06975053424343546, -0.30769557097506883, -0.9489248118660834, -0.36854553247789024, 0.8918919666113071, -0.2621124002881275, 0.9269892412878068, 0.3314395201187414, -0.17560976920466217
0.00029030034129964134, 0.0011447891246574179, 0.006915776420710296, -0.06361387702204258, -0.29975270227136686, -0.9518936874101213, -0.36819502365212864, 0.8935848133838861, -0.2567851355656982, 0.9275697813146098, 0.3341474207153167, -0.1672118477299628
0.0002898175400527698, 0.0011425141339606619, 0.006908551967797113, -0.06125795101845379, -0.28362384872195173, -0.9569769986123847, -0.36732582607344466, 0.8978957480913411, -0.24260041850531217, 0.9280728424733061, 0.33666116199472507, -0.1591856182821779
0.00028935295453672233, 0.0011403631065441202, 0.006901294172762278, -0.06266159898637298, -0.2591587238433364, -0.9637999169269338, -0.3659199178594052, 0.9044148269973463, -0.2194001696014073, 0.9285344030924418, 0.3389256209896996, -0.15150341814793955
0.00028887815136911354, 0.0011383993937601387, 0.0068939912111254786, -0.06797221586790694, -0.22754726117889937, -0.9713917962387723, -0.3639199925829089, 0.9122145722895958, -0.18822011874654984, 0.9289467244511185, 0.340715156740189, -0.1448142434260051
0.0002883633333776205, 0.0011366759627600737, 0.006886633940700982, -0.07897750904169695, -0.2024992032467139, -0.9760925292973074, -0.3618684809556006, 0.9181850204331726, -0.16120629870765177, 0.9288776860041665, 0.34048544893516464, -0.14579404482681937
0.00028776507709824065, 0.0011351420270689922, 0.006879240019418917, -0.0967628636001546, -0.19207236356087126, -0.9765987688831266, -0.36035809415994646, 0.9213950180578023, -0.14551035932768977, 0.927781758928957, 0.3378452720616388, -0.15837165132778103
0.0002870321217713591, 0.0011336871252938608, 0.006871842519559501, -0.12135304380663424, -0.19637062422521778, -0.9729912726742534, -0.3598305049366302, 0.9222631556003235, -0.14125395406565938, 0.9250921286422855, 0.3329703436697208, -0.18257958199249216
0.00028611319232438076, 0.0011322001354050072, 0.006864474675259378, -0.14559701301589084, -0.21053181522034772, -0.9666839527895743, -0.3605965490073504, 0.9211751748733233, -0.14630935049097762, 0.9212880324007472, 0.32728069294892354, -0.21003739995065734
0.0002850106643905959, 0.0011306058911109602, 0.006857154497193803, -0.15181196141211104, -0.22189705666947412, -0.9631795391377621, -0.36193736731488413, 0.9192706880363414, -0.1547344313925067, 0.9197578325371187, 0.32512012911940086, -0.21986912272532894
0.00028386100326320513, 0.0011289254805691136, 0.006849860407422847, -0.151124397051412, -0.23070211426873158, -0.9612169115697998, -0.36325768565739996, 0.9173101520608051, -0.16305195103712292, 0.9193504611554165, 0.3245283029230576, -0.2224322597448567
0.00028271659462801677, 0.0011271784595925103, 0.006842581470630694, -0.15083002201969586, -0.2381336843836274, -0.9594491402984408, -0.3643549823618511, 0.9156164915758956, -0.16997613709677917, 0.9189644994697203, 0.3239425700894015, -0.22486764995934821
0.0002815743895882361, 0.0011253751216972934, 0.006835315757685833, -0.15099129508079734, -0.24420745377576364, -0.9578957919994125, -0.3652317484382913, 0.9142234659728395, -0.17550277546898563, 0.9185898969303616, 0.32335456357529074, -0.22723210044467967
0.0002804309006477721, 0.0011235256871161671, 0.006828061410713829, -0.15161199403650008, -0.2489294074038248, -0.9565813887975538, -0.36589026483621145, 0.9131563905338549, -0.1796377480522088, 0.9182255264162303, 0.3227685804981062, -0.2295263080365174
0.00027928264031053306, 0.0011216403760818342, 0.006820816571840245, -0.1526949575123757, -0.2523045498847139, -0.9555242875289804, -0.3663308817405171, 0.9124346154936862, -0.18238628657907505, 0.9178703258268617, 0.322188588494939, -0.23175111307204077
0.00027812612108042776, 0.0011197294088269982, 0.0068135793831906434, -0.15424215454898635, -0.2543364983321556, -0.9547367717733637, -0.3665519568491062, 0.9120716276932502, -0.18375257518488305, 0.9175233079819703, 0.321618238868884, -0.2339074341202089
0.000276957855461365, 0.0011178030055843625, 0.00680634798689059, -0.15625471158927015, -0.25502720393414413, -0.9542251256174753, -0.3665498134689624, 0.9120751260994294, -0.18373948567626674, 0.9171835690591185, 0.3210608814605769, -0.23599620980798508
0.00027577435595725326, 0.00111587138658663, 0.006799120525065645, -0.15873289565117796, -0.2543767999164074, -0.9539896810251567, -0.3663187173016645, 0.9124470628993375, -0.18234844326408664, 0.916850295954937, 0.3205195798553664, -0.23801834747910483
0.0002745721350720013, 0.0011139447720665049, 0.006791895139841377, -0.16167605300897495, -0.2523835745267244, -0.9540248346833285, -0.3658508721137446, 0.9131836457255743, -0.17957942129587495, 0.9165227729069539, 0.3199971257503139, -0.23997467836104336
0.0002733477053095177, 0.0011120333822566895, 0.0067846699733433435, -0.16508250322879234, -0.24904406895084444, -0.9543190341013443, -0.3651364358553216, 0.9142753003320426, -0.17543106456276802, 0.9162003876546814, 0.3194960514985443, -0.2418659189266878
0.0002720975791737113, 0.0011101474373898883, 0.006777443167697113, -0.1689493889879843, -0.24435330138109987, -0.9548547366299986, -0.3641635601664701, 0.9157065967983288, -0.16990094180699733, 0.9158826373545186, 0.31901864002622227, -0.24369263819071593
0.0002708182691684906, 0.0011082971576988042, 0.006770212865028247, -0.17327248286255717, -0.23830511956666656, -0.9556083489960527, -0.3629184575551136, 0.917456146176511, -0.16298592886737723, 0.9155691343904414, 0.31856693147792553, -0.2454552307861388
0.00026950628779776433, 0.0011064927634161404, 0.006762977207462309, -0.1780459532564972, -0.23089268481673578, -0.9565501589708219, -0.3613855017902363, 0.9194964784740371, -0.15468272421205825, 0.9152596121455401, 0.31814272610255306, -0.24715389578809316
0.00026815814756544115, 0.0011047444747746, 0.006755734337124864, -0.18297208560393854, -0.22282779690430854, -0.9575327612236133, -0.35969081995382834, 0.9216197092156765, -0.14573820921829214, 0.9149555890482816, 0.3177497199243207, -0.24877979330590355
0.000266772577134463, 0.001103057093852141, 0.006748483345388801, -0.18582680172902827, -0.2196364895982713, -0.9577203204464804, -0.35895124705651066, 0.9225045904039028, -0.14191294134187873, 0.9146706521998705, 0.31740367534210456, -0.2502648694555183
0.0002653653273202107, 0.0011013938062837477, 0.006741230614725012, -0.1855911497243763, -0.22389100426782965, -0.9567804049790771, -0.3597231978432577, 0.921584966998397, -0.14587792682919595, 0.9144151934856533, 0.31710245475320187, -0.251576801617496
0.000263960037541717, 0.0010996985113288884, 0.006733985906529729, -0.18254240419806197, -0.2347727990008521, -0.9547565153058117, -0.3618315100887872, 0.9189636880304117, -0.15679189516174635, 0.9141970405642644, 0.31683982219861456, -0.25269803737403884
0.00026257809048997165, 0.0010979211512747433, 0.00672675787117401, -0.17885535454338433, -0.24632142444991767, -0.9525421345054107, -0.3640578812637762, 0.9160046256779387, -0.16851523618459496, 0.914041914378597, 0.3166406189887568, -0.25350758798412004
0.0002612241189641346, 0.0010960564478345793, 0.006719546932868177, -0.17551281518452147, -0.25591842908175494, -0.9506319000340409, -0.3658903940393027, 0.9134098024535503, -0.17834447659383812, 0.9139581343014395, 0.31652533933019167, -0.25395322070440296
0.00025989534413637495, 0.0010941189370826372, 0.006712349875844719, -0.17253096871197676, -0.26356526066783165, -0.949087149952208, -0.36734404772477075, 0.9112404884234323, -0.18627700571730782, 0.9139427856471588, 0.31650296306183706, -0.25403633389062524
0.0002585889542214312, 0.001092123243202075, 0.006705163468150167, -0.16991867124607676, -0.2692746426133041, -0.9479550685593937, -0.36843444090455935, 0.9095428422328412, -0.1923223359320226, 0.91399327564119, 0.3165801399148126, -0.2537583635945922
0.0002573021374340425, 0.0010900839903760504, 0.006697984477831052, -0.167682144283476, -0.2730574723575455, -0.9472709830234449, -0.3691751767085545, 0.9083511981606854, -0.1964886503140955, 0.914107426613909, 0.3167612943365328, -0.25312031727923645
0.0002560320819889473, 0.0010880158027877205, 0.006690809672933903, -0.1658252761116339, -0.2749217537356951, -0.9470586080731171, -0.36957766629849303, 0.907688365108024, -0.1987817406626736, 0.914283504376985, 0.3170486731882228, -0.25212261392768287
0.0002547759761008846, 0.001085933304620243, 0.006683635821505244, -0.16434985831643942, -0.27487188910018234, -0.9473302321017013, -0.36965100738054124, 0.9075658553688507, -0.19920429440942666, 0.9145202331353404, 0.3174423770562203, -0.2507649904491836
0.00025353100798459306, 0.0010838511200567755, 0.006676459691591613, -0.163255752159049, -0.2729083210377972, -0.9480868144296248, -0.36940192780828024, 0.9079840137065899, -0.197755522261194, 0.9148167986643607, 0.31794037044955786, -0.24904647301234492
0.0002522943658548116, 0.0010817838732804753, 0.006669278051239537, -0.16254098253912866, -0.26902751760569965, -0.9493179782170617, -0.36883478722425983, 0.9089320318857745, -0.19443112185355602, 0.9151728409040829, 0.31853846892159243, -0.2469654127375695
0.0002510632379262789, 0.0010797461884745005, 0.0066620876684955425, -0.1622017596857945, -0.26322230046781486, -0.9510018978378871, -0.3679516327857161, 0.9103878479216496, -0.18922357751325009, 0.9155884365178262, 0.3192303038450749, -0.2445195861721999
0.0002498348124137337, 0.0010777526898220083, 0.006654885311406162, -0.16223163819866682, -0.25548489620151155, -0.953104592046581, -0.36675272061065173, 0.9123172924600438, -0.1821252310995379, 0.9160640466103133, 0.32000722756100014, -0.2417065096695995
0.00024860628351033143, 0.001075817983479575, 0.00664766775167308, -0.16232574481737294, -0.24670045235485366, -0.9554000415414455, -0.3653914423576446, 0.9144388261586482, -0.17404231400838574, 0.9165912100938375, 0.320843450956232, -0.23857919766235014
0.0002473770978474511, 0.0010739498838789735, 0.006640433138120564, -0.16173997856900083, -0.23910911048279382, -0.9574272884227952, -0.364255355658613, 0.9161548306602182, -0.16726733731354826, 0.9171467795323258, 0.32169420190931963, -0.23527563675699492
0.00024615232854687094, 0.0010721392400258002, 0.006633183059563779, -0.16036562226363207, -0.23306388242287082, -0.9591475871345224, -0.3634064821625346, 0.9174090212852566, -0.16216169827267812, 0.9177246841609142, 0.3225552888644146, -0.23181779419911797
0.00024493791283397586, 0.0010703742954140593, 0.006625919633123874, -0.15820706952657, -0.22857110659736346, -0.9605861608313289, -0.36284390686259027, 0.9182310019671487, -0.15873287712096087, 0.9183217423128492, 0.32343017214734754, -0.2282062692833617
0.00024373978793415087, 0.0010686432935377566, 0.006618644975921997, -0.15526709116956824, -0.22563444426903664, -0.9617594439147161, -0.36256253661019655, 0.9186422733853256, -0.15698656183323684, 0.9189344576445705, 0.3243230967859733, -0.22444151007475274
0.00024256389107278088, 0.001066934477890897, 0.0066113612050792935, -0.15154680282556932, -0.2242553548328438, -0.9626749723464006, -0.36255317499264006, 0.9186561292611966, -0.1569270896741284, 0.919559004010131, 0.32523906899330396, -0.2205238901893959
0.00024141615947525095, 0.0010652360919674857, 0.006604070437716917, -0.1470457420228692, -0.2244333541655656, -0.9633313133553469, -0.3628025542448208, 0.9182776141342321, -0.15855765517115894, 0.9201912064274347, 0.3261838330112884, -0.2164538073023578
0.00024030253036694596, 0.0010635363792615277, 0.0065967747909560105, -0.14176205349509524, -0.22616605456832767, -0.9637180271997873, -0.3632933261886357, 0.9175035331705134, -0.16188028220392486, 0.920826519674391, 0.32716384638376694, -0.2122318031863455
0.00023922894097325097, 0.0010618235832670284, 0.006589476381917726, -0.13569278311476457, -0.2294489867314344, -0.9638156624056737, -0.3640040181677125, 0.9163225126251011, -0.1668955590007751, 0.9214600063856971, 0.3281862509983311, -0.2078587051035662
0.00023820132851955082, 0.0010600859474779924, 0.00658217732772321, -0.1288680160230665, -0.23426638445012934, -0.9635934285594432, -0.364906574705399, 0.9147197300072167, -0.17358285420022784, 0.9220825484646435, 0.32925229938785344, -0.20336346074149997
0.0002372253754431949, 0.001058311783448417, 0.006574879768561668, -0.12289134069345035, -0.2401919261030826, -0.9629151348989471, -0.3658660574975406, 0.9128929137788507, -0.1810208715689056, 0.9225181550266491, 0.33005206650959057, -0.20006470712990881
0.00023629463389252786, 0.0010564926430232462, 0.006567586942877129, -0.12004018594105106, -0.24663671738528767, -0.961644780257579, -0.3667345171576276, 0.9111511895584512, -0.18790769992573778, 0.9225487237454723, 0.3301118589260754, -0.1998249556786421
0.00023538547441414838, 0.0010546246676650828, 0.006560303644705343, -0.12048863987315477, -0.2535607327119432, -0.9597861441425897, -0.36752467258295235, 0.9095238403657995, -0.1941442732841777, 0.9221757439362147, 0.32935290894848696, -0.20277711572773394
0.00023447296396448763, 0.0010527043470567096, 0.006553034786106792, -0.12423508374157576, -0.2609607326041621, -0.9573218581054246, -0.3682554733267389, 0.9080173611937562, -0.19973076411916954, 0.9213867539381186, 0.32772544577653234, -0.2089078310115492
0.00023353216949997666, 0.0010507281708809087, 0.0065457852791419606, -0.13127412185733617, -0.2688238419017842, -0.9542016804406445, -0.36893920722874507, 0.9066394287103281, -0.20466755404126757, 0.9201363846191556, 0.32517485808865143, -0.21819794996061503
0.0002325381579770465, 0.0010486926288204627, 0.0065385600358713325, -0.14146594660678033, -0.2772040280517656, -0.9503395776155613, -0.3695978827142919, 0.9053661995315844, -0.20906805073671098, 0.918359837451399, 0.32166748604360274, -0.23053250829032446
0.00023146697630889305, 0.0010465936369407228, 0.006531364054375573, -0.15281477551629027, -0.2872733370747779, -0.9455800728599492, -0.3705085689543363, 0.9036822313523649, -0.2146667768179806, 0.9161719514999985, 0.31754126431683155, -0.24453323034048458
0.0002303097881017576, 0.0010444182627547891, 0.006524203659672123, -0.1637519206791056, -0.2999499331877783, -0.9397953745654163, -0.3719381183833834, 0.9011228113337285, -0.22279971945095853, 0.9136998109703931, 0.3130618412944076, -0.2591234048827372
0.00022906963028690588, 0.0010421466237281176, 0.006517086219013746, -0.17421602303421369, -0.31522377260198514, -0.9328894631759511, -0.37395030907664056, 0.8975844636863398, -0.23345941165519712, 0.9109390449748147, 0.3081819328505125, -0.2742516227935488
0.00022774985919564594, 0.0010397586503654362, 0.006510019127690011, -0.1841673214563571, -0.3328905103173473, -0.9248060909446081, -0.37656995945135846, 0.8930040704717606, -0.24645242088417268, 0.9078972757676902, 0.30286570994670753, -0.28981873368035366
0.00022635392659444944, 0.001037235440969186, 0.006503009377198306, -0.1932598275004094, -0.34863825682065974, -0.9171161349336101, -0.3790220606846121, 0.888704034205543, -0.25796786059736826, 0.904982274184916, 0.29775242310994665, -0.30389237888313875
0.00022488796193387463, 0.0010345908594726904, 0.006496052629586324, -0.2011819690661427, -0.35781371179890487, -0.9118635659852629, -0.3803391206086473, 0.8863946498644092, -0.2639065706389144, 0.9027003759040485, 0.2937241432712702, -0.3144171735167274
0.0002233610715885938, 0.0010318751971074651, 0.00648913195134871, -0.207974789928029, -0.36027735303600966, -0.9093661064960353, -0.3803930568627747, 0.8863012673512557, -0.26414235893198207, 0.9011368425744152, 0.2909816014474534, -0.32137532353012005
0.00022178251742708218, 0.0010291406478136291, 0.006482229751076054, -0.21366813733076448, -0.3560672640327167, -0.90970436438101, -0.3791207334588185, 0.8884487718162136, -0.2587010810180525, 0.9003407113705617, 0.28961160774823436, -0.3248256764885341
0.00022016156131781495, 0.0010264394055313022, 0.006475328437358942, -0.21825512038366862, -0.34514252736741896, -0.9128205399906055, -0.3764750902244508, 0.8927441981238401, -0.24753646833691698, 0.9003506033022926, 0.28962809345547313, -0.3247835565642845
0.0002185074651292672, 0.0010238236642006035, 0.006468410418787958, -0.22168798333297068, -0.3273906430684036, -0.9185149998105734, -0.3724268890301162, 0.8989719308535274, -0.23053780571704574, 0.9011951233629207, 0.2909722226755296, -0.3212203531194
0.0002168294907299142, 0.0010213456177616525, 0.006461458103953694, -0.22387634134663398, -0.3026510430921006, -0.9264349571883118, -0.36697021576761635, 0.9067829324797543, -0.20755137701997173, 0.9028910479812693, 0.2935081932053701, -0.31407116390494155
0.00021513689998823115, 0.0010190574601545686, 0.006454453901446737, -0.22468870370061422, -0.270756616977628, -0.9360586737978382, -0.360131657709091, 0.9156813717855797, -0.17841752851270243, 0.9054392169246038, 0.29701595870880226, -0.3032512897371607
0.00021343895477269324, 0.0010170113853194716, 0.006447380219857673, -0.2235691224371958, -0.23428441981943002, -0.9461118634297612, -0.35256767021092755, 0.9243910136298432, -0.14559289763731537, 0.9086874519958449, 0.3010183790904871, -0.28926639976850926
0.0002117480242209026, 0.0010152394112697344, 0.00644022444880197, -0.2178330540584021, -0.21205518986022645, -0.9526706445634465, -0.34839016673922185, 0.9286983161907372, -0.1270579758374379, 0.9116869266798809, 0.3042236577878733, -0.27617913346804546
0.00021009808765954892, 0.0010136332380822558, 0.00643300861953222, -0.20659598429673856, -0.2121864855930419, -0.9551413479711448, -0.34916172182724264, 0.9279147983896469, -0.1306147730547216, 0.9140044809972745, 0.3065143100430631, -0.26579086977495675
0.0002085322667878367, 0.0010120250459919409, 0.006425769464990182, -0.19312607503855758, -0.22689778653883622, -0.95457829097669, -0.35278046578261263, 0.9238905054112384, -0.14823048597764707, 0.9155589888709544, 0.30812940215880613, -0.2584724538956762
0.00020706848534154688, 0.0010103052949429255, 0.00641853432602159, -0.18641749785679662, -0.23500003131662134, -0.9539515196140725, -0.3546519545393769, 0.9215989721242206, -0.15772547581472005, 0.9162262316885558, 0.3089179824172868, -0.2551453948340474
0.0002056557050964607, 0.0010085243279969267, 0.006411304726455159, -0.1880662155497137, -0.2329913042775443, -0.9541206164316215, -0.35418989054991584, 0.9221755404046788, -0.15537629842282083, 0.9160680214924257, 0.3087188442748314, -0.2559532285175656
0.00020423121325856413, 0.0010067595548276782, 0.006404077819556953, -0.19806780529472082, -0.22082949868146426, -0.9549887313564626, -0.3512790903778883, 0.9255669275277243, -0.14116962608922623, 0.9150804036635337, 0.30750641485826224, -0.2608977954142241
0.0002027322970338429, 0.0010050883851089136, 0.006396850758593026, -0.2162985992959809, -0.19837846969307654, -0.9559607202729774, -0.3454985168113172, 0.9313345360438446, -0.11509455614049112, 0.9131515158087276, 0.3053882197044114, -0.2699858226685127
0.0002010964025502415, 0.0010035880228999466, 0.006389620703133008, -0.23741352518960418, -0.1721526659393017, -0.9560325714467245, -0.33813599814267536, 0.937268562052065, -0.08480382862177281, 0.9106584786939075, 0.3031354519003767, -0.2807312468964804
0.00019929988230764345, 0.0010022853349046853, 0.0063823863559499, -0.24970136611161534, -0.15763694485764548, -0.9554055795199966, -0.33376688416172273, 0.9402072321605192, -0.06789718425701333, 0.9089823402019251, 0.301928723723006, -0.28738502221241197
0.0001974086066324341, 0.0010010913689926593, 0.0063751499705001794, -0.2517637796480519, -0.1571102360417269, -0.9549509793639882, -0.33347689390413576, 0.9403889602119611, -0.06679644259626923, 0.9085197634005421, 0.30163716157393433, -0.28914851247800544
0.00019550099006736586, 0.0009999009432323138, 0.0063679142978009156, -0.24363668995488594, -0.17057043573513397, -0.9547496476883106, -0.3372642828333155, 0.9378762889346162, -0.08149153440181262, 0.9093371029671868, 0.30214862751195637, -0.2860283903039782
0.00019365544715519077, 0.0009986088756920928, 0.006360682088869169, -0.22585531682575657, -0.19628428634361744, -0.954181248398916, -0.34423261775525094, 0.93238055155105, -0.110319590113121, 0.9113140406769252, 0.3035440429722457, -0.27815055858502075
0.00019194482172648624, 0.000997122220889392, 0.006353455131673544, -0.20569401623480246, -0.2179379173397559, -0.9540403743399996, -0.3499451650546996, 0.9268061211902607, -0.13626736652296015, 0.9139082848623464, 0.30583243436541097, -0.26690479379376214
0.00019038610364666104, 0.0009954707203826921, 0.006346225558312161, -0.1875886291313527, -0.22634739615711422, -0.9558124096670404, -0.3525844730757344, 0.9237516170345572, -0.14955647552663048, 0.916784977825513, 0.308949520599944, -0.2530918769035035
0.00018896407033059675, 0.0009937548725734177, 0.006338979932088716, -0.17165612217448326, -0.22151623108729326, -0.9599295469381592, -0.35267704927301996, 0.9236323509728247, -0.15007391229820233, 0.9198657916435934, 0.31278401429947406, -0.23667083842884346
0.00018766311058886144, 0.000992076029458853, 0.006331704749126122, -0.1578511787223928, -0.20340287347161384, -0.9662868499775011, -0.3506829121106631, 0.9263151230023617, -0.13770180845110386, 0.923095065813666, 0.31712389370813765, -0.21754984603500332
0.00018646761323202324, 0.0009905355430362825, 0.006324386505547294, -0.14606052412100307, -0.1718538035360885, -0.9742343627196063, -0.3469774297911121, 0.9311341887147766, -0.11223094859275135, 0.9264302383391055, 0.32164482401657646, -0.19563133868144397
0.00018536196039821735, 0.0009892346395510767, 0.006317011720399736, -0.13673676589416836, -0.13720738757999404, -0.9810592182158409, -0.343056133849818, 0.9356370645006895, -0.08304078853520273, 0.9293091766903087, 0.3252036536172461, -0.17500582216936397
0.00018432633752899993, 0.0009881954522668506, 0.006309581331390629, -0.13159219657758617, -0.12800242385009658, -0.9830050220056793, -0.3421421811346153, 0.9365572667606739, -0.07615257031922354, 0.9303882102049307, 0.32630639829196795, -0.16703865644032698
0.00018332956210884984, 0.0009872258684075358, 0.006302135333304856, -0.1309513627112865, -0.14883167942255487, -0.9801534940019949, -0.34482248808168864, 0.9337746709876625, -0.09571998503466338, 0.9294886725061315, 0.3254443040247353, -0.17359957563497927
0.00018233883286235538, 0.0009860998633430913, 0.006294719856959624, -0.1325963614871837, -0.18556086168040176, -0.9736454033850244, -0.3495838366859583, 0.9279478858190022, -0.12924342278030693, 0.9274747145061613, 0.32323348808016594, -0.18791159127431162
0.00018133643881943742, 0.0009846970714394452, 0.006287359350673319, -0.1334790557444894, -0.21740509783764078, -0.9669117669734738, -0.35376350592174977, 0.921819496079333, -0.1584304217187993, 0.9257616991188995, 0.3209109535093035, -0.1999535855198353
0.00018032689875575737, 0.000983052774848559, 0.006280046321963616, -0.13343868567824183, -0.24274438824306677, -0.960869022885514, -0.3571157659951556, 0.9161847572544749, -0.18186209130066697, 0.9244795545830944, 0.3188740386909196, -0.20894233799492443
0.0001793165142263029, 0.0009812147383507768, 0.006272770716762464, -0.13254538271997035, -0.2616821568777987, -0.956009503243247, -0.3596368193677715, 0.9114865887635636, -0.19963355594487442, 0.9236303804415755, 0.3173557109553026, -0.2149238773366165
0.00017831158678606202, 0.000979230726726445, 0.006265522481001812, -0.13085211723571005, -0.27433720681296986, -0.9526892569841384, -0.361342236745564, 0.9080477022850547, -0.21185173664274162, 0.9232061044851495, 0.3165256187623532, -0.21794958432735
0.0001773184179900225, 0.0009771485047559095, 0.006258291560613613, -0.12839230955442119, -0.2808078109389768, -0.9511374181278653, -0.3622620637518076, 0.9060786680231374, -0.21860385293882287, 0.923190994330839, 0.3164939504462559, -0.21805954993386542
0.00017634330939317222, 0.000975015837219516, 0.006251067901529816, -0.12517930795116217, -0.28114889597671894, -0.9514648911819817, -0.3624378473915576, 0.9056855520628738, -0.21993746284510404, 0.9235631801014169, 0.3173152676371555, -0.21527209128291175
0.00017539256255049904, 0.0009728804888976096, 0.00624384144968237, -0.12120723857135147, -0.2753610490155792, -0.953669281251602, -0.36192153751065187, 0.9068744055625554, -0.2158509050745157, 0.9242951941905969, 0.31899076040004914, -0.20957883665953764
0.00017447247901699077, 0.000970790224570536, 0.006236602151003226, -0.11645301631688157, -0.26339049770756673, -0.957634659308058, -0.3607760552682521, 0.9095513536920248, -0.2062934146842415, 0.9253536258835211, 0.3214681643870286, -0.20094498339061664
0.0001735893603476354, 0.0009687928090186416, 0.006229339951424338, -0.11087958410872731, -0.24514006252548573, -0.9631261950403367, -0.35907720726175263, 0.9135183069858615, -0.1911749513581366, 0.9266980506362232, 0.32463926525712583, -0.18931473899392384
0.00017274950809742067, 0.0009669360070222712, 0.006222044796877653, -0.10444067870885915, -0.22049192265286102, -0.96978113854399, -0.35691648718893787, 0.918465595923045, -0.17038653197490308, 0.9282794653570344, 0.328335592268902, -0.17462237269573377
0.0001719592238213344, 0.0009652675833617707, 0.00621470663329512, -0.09708951250400305, -0.18935564302521177, -0.9770967541734255, -0.35440500035937145, 0.9239622860320107, -0.14384293417048605, 0.9300380219550215, 0.3323223351582157, -0.15681563465733134
0.00017122479429886226, 0.0009638352105864035, 0.00620731542610838, -0.08994137528659846, -0.15880819982329156, -0.9832042029407934, -0.35213959007977264, 0.9285096002645169, -0.11776090741445948, 0.9316159391669966, 0.3356335470204263, -0.13943408480168096
0.00017054392814647355, 0.0009626330149602313, 0.006199872461615836, -0.08614636014324256, -0.1480207750702336, -0.9852251797338911, -0.351385322996735, 0.9298666024360794, -0.1089791560641875, 0.9322591696607501, 0.33680551037889744, -0.13211695107691293
0.00016989136572225234, 0.0009615117511522849, 0.00619240933803613, -0.08618265421873918, -0.1597698673683546, -0.9833850413713398, -0.3523648182880689, 0.9281484133845297, -0.11991479293480166, 0.931886036457586, 0.3361757162748055, -0.13628757405754946
0.00016923868711158252, 0.0009603017817447958, 0.006184961964914774, -0.08760797520919453, -0.1815997502875326, -0.9794622878780229, -0.3542095715634387, 0.9246639563439394, -0.13975745866041897, 0.9310533937925314, 0.3346910493781979, -0.14533230670958996
0.00016857541095036444, 0.0009589268979518391, 0.006177546498630907, -0.08775765736956824, -0.19975255440488388, -0.9759085564650662, -0.3557743451425493, 0.9213591982398244, -0.1565945182861083, 0.9304424801734902, 0.33346085951366466, -0.15192315906737963
0.00016791093566421566, 0.0009574144300974595, 0.006170157204787507, -0.08651482927888064, -0.21354528492503422, -0.9730948543698771, -0.35698312482730443, 0.9185417755539311, -0.16983537661737266, 0.9300958192054081, 0.332685163252763, -0.155699548002244
0.00016725569255311248, 0.0009557970879837202, 0.006162787211630375, -0.08389648096756006, -0.22301478498494087, -0.9711981189023075, -0.357836043279156, 0.9163670777543207, -0.1795125202829174, 0.9300079282520003, 0.3324692233668064, -0.15668270134987694
0.00016662011291703117, 0.0009541075814126843, 0.006155429647405322, -0.07991298599160748, -0.2281914266323529, -0.9703311741263375, -0.35834864202566347, 0.9149421198435089, -0.1856533546549295, 0.9301613652631828, 0.33288074463350636, -0.15488784466178845
