0.003913874737918377, 0.012216347269713879, 0.07269765436649323, -0.47298945767947564, -0.1522591690408774, -0.867812259862153, -0.30646346499819893, 0.9518824213245399, 2.438501223941911e-05, 0.8260515223310064, 0.26596428597898747, -0.4968922227589341
0.003890955138893806, 0.012208030345980789, 0.07265698391767625, -0.46796794042748613, -0.14484329896806664, -0.871794944626375, -0.3038535864681942, 0.9527065560280087, 0.004818307967160986, 0.8298668596362144, 0.26715283424530245, -0.48984728072352257
0.0038685669506516294, 0.012201212728335827, 0.0726157768565649, -0.4620612068148108, -0.13844491916920795, -0.8759751397802749, -0.3018572435786557, 0.9533147420852455, 0.008556110216575092, 0.8338954644653831, 0.2683728877498126, -0.4822803618901455
0.003846685620731717, 0.012195497215014655, 0.07257411859663551, -0.4553322714016341, -0.13390943267210312, -0.8801936073737777, -0.30081274153450893, 0.9536250666388602, 0.010532179666260234, 0.837964329283008, 0.26956909340550367, -0.47449793121763306
0.0038252865966739388, 0.01219048660425293, 0.0725320945513644, -0.44784995401822625, -0.1320815642946259, -0.8842990891431232, -0.30104011493112803, 0.953558683568174, 0.010034251042525394, 0.8419057357496301, 0.27070333829714, -0.4668130618852244
0.003804345326018164, 0.012185783694286318, 0.07248979013422795, -0.4396369713089151, -0.13321321580572956, -0.8882418435274373, -0.3025953670937932, 0.9530946361284331, 0.006830695175617346, 0.8456685977802988, 0.2717808928491953, -0.45932534113675627
0.0037838372563042634, 0.01218099128335048, 0.0724472907587025, -0.43060499183297385, -0.13621217770261798, -0.8922026583988836, -0.304989231388028, 0.9523540948053008, 0.0018019003624538778, 0.8494474143499787, 0.27288811031828913, -0.4516316745989467
0.0037637378350721053, 0.012175712169681078, 0.07240468183826441, -0.42180490705533047, -0.14298318599395982, -0.8953415152370969, -0.308833647368968, 0.9510945910391646, -0.006391959701388666, 0.8524684150376622, 0.2738154258237855, -0.4453343844170526
0.0037440225098615593, 0.012169549151513772, 0.07236204878639002, -0.4130719311652887, -0.15141703220992997, -0.89802252869297, -0.313257478178449, 0.9495332651785479, -0.01601033056010958, 0.8551265006118438, 0.27469885452273457, -0.4396580572163326
0.003724666803868587, 0.012162106195706185, 0.07231947677797995, -0.40437229158520754, -0.15977556075735386, -0.9005302993141325, -0.3175684705028148, 0.9478903046093062, -0.025578056419113735, 0.85769068803423, 0.2756369725061383, -0.434040255099708
0.0037056641578368265, 0.01215326403255696, 0.07227699448630527, -0.39594457423319723, -0.16717021779915006, -0.9029296829854897, -0.3214075750288931, 0.9463208849524013, -0.034263003618339394, 0.8601889704299507, 0.2766421894503596, -0.42842039420033773
0.0036870489533404353, 0.01214353578499635, 0.07223450148082895, -0.3880717560450325, -0.1728384117291616, -0.905277413609257, -0.3244799528778112, 0.9449894981253182, -0.04132322123543303, 0.862619888676663, 0.27770799747900665, -0.4228063336749603
0.003668861264132735, 0.01213352250021307, 0.07219187938115808, -0.38104157603339806, -0.17602452602301985, -0.9076467834859303, -0.3265088826237998, 0.9440733256740955, -0.04601635924767171, 0.8649851252488344, 0.2788205910420252, -0.4172047592121091
0.0036511409021282833, 0.012123824370542526, 0.07214901005453263, -0.37514049914320685, -0.17597140809696038, -0.9101118994030122, -0.3272180812465486, 0.9437492739082048, -0.04759869014020576, 0.8672934527643529, 0.27994887306454586, -0.41161960019170374
0.003633872612526187, 0.01211486180606278, 0.07210582744729627, -0.37064637128097677, -0.1719155578389309, -0.9127246618938122, -0.32633353673310755, 0.9441677335678226, -0.04531791800891411, 0.8695560305463392, 0.2810557451153247, -0.4060541563365209
0.0036169184963043407, 0.012106654807007955, 0.07206238149602513, -0.3678552942036256, -0.16366929417144427, -0.9153659621549107, -0.3237840053252794, 0.9453306356762263, -0.038908959732964515, 0.8716916888567215, 0.28206799073521843, -0.40073837872197016
0.0036001240934363157, 0.012099169305111505, 0.07201873779979233, -0.367130530256813, -0.15237981359936548, -0.917603163770033, -0.3199362708316159, 0.9469873271481104, -0.02925380021871775, 0.8734162560656346, 0.28283457113355215, -0.3964197888753655
0.0035833349438956835, 0.01209237123210689, 0.0719749619576709, -0.36842350400524104, -0.13957562769626022, -0.9191206481467463, -0.3152911726161905, 0.948829814492922, -0.017704790301914155, 0.874560231297312, 0.2832677660492315, -0.39357816828511993
0.0035663965876560153, 0.012086226519727562, 0.0719311195687339, -0.3684491251236485, -0.128280878782131, -0.9207547221353264, -0.3112645249538105, 0.9502909684769527, -0.007840327570565858, 0.8759906607383989, 0.2837095193503724, -0.3900631627430153
0.0035491545646908836, 0.012080701099706978, 0.07188727623205439, -0.3623255345909211, -0.12187019432863815, -0.9240497079257712, -0.30966906994397125, 0.9508360679087111, -0.0039798346619741515, 0.879104814059984, 0.28470761791388866, -0.38225161634499355
0.0035314544149738607, 0.0120757609037786, 0.07184349754670544, -0.3484452047840906, -0.12139339892984367, -0.9294350875447047, -0.3109909884503188, 0.9503829598633425, -0.007538879498027616, 0.8842344397079696, 0.28641905016540353, -0.36890863819742853
0.0035131416784785156, 0.012071371863675882, 0.0717998491117601, -0.33074186415891416, -0.12544078541036505, -0.9353472235743885, -0.31404612484423133, 0.9492684776139957, -0.01626003932124512, 0.8899353070661978, 0.2883642952309417, -0.35335701842888934
0.00349427046170225, 0.012067408560876014, 0.07175634418892118, -0.3133821996255716, -0.13254703707896168, -0.9403312607371015, -0.3177625451194688, 0.9477657701826616, -0.027694941582606603, 0.8948846640081816, 0.2901229529555612, -0.33913140563992195
0.0034764950922848595, 0.01206304469442899, 0.0717125944828009, -0.29786834854276745, -0.14198037755599763, -0.9439894169562818, -0.32178405566594487, 0.9459363267913473, -0.04073680369971886, 0.8987377083752415, 0.2916265386509769, -0.3274515132029012
0.003462183146036667, 0.01205714016247469, 0.07166803270549836, -0.2837137087766385, -0.15349632977408162, -0.9465439282981488, -0.32612985047056403, 0.9437070933781392, -0.055283293496605636, 0.9017460019785242, 0.2930116015683862, -0.317802374538135
0.0034519726757131094, 0.01204922428625988, 0.07162252487762977, -0.2703605453377865, -0.16684749096176724, -0.948191483975899, -0.3307710435000574, 0.9410159079714953, -0.07127115634298054, 0.9041546838381903, 0.29436537789683326, -0.30960189274149597
0.003443770656614935, 0.012039883791878408, 0.07157662125673817, -0.25723857901170655, -0.18177250322586008, -0.9490980299942902, -0.33562961812360853, 0.9378139422275829, -0.08864405903251872, 0.9061904175758199, 0.29574273758549785, -0.30225016171905794
0.003435344068165728, 0.012029773443181907, 0.07153090537542309, -0.24421649340930793, -0.19781529631768657, -0.9493299810337853, -0.3405351840642972, 0.9341186712076015, -0.10704249864254836, 0.9079615040083785, 0.2971387161648422, -0.29549025465275963
0.0034258155587157104, 0.012019210373816164, 0.071485596769716, -0.23454594429665204, -0.21316890182697487, -0.9484446316511436, -0.34484303669936406, 0.9304542485272371, -0.12384737154084276, 0.9088847451981759, 0.29801662821308483, -0.2917440817815352
0.0034152827286707066, 0.012008268904999297, 0.07144065320140885, -0.23312320323725458, -0.22544077641564966, -0.945954559395699, -0.34783848443987486, 0.9277294503404258, -0.13537524040097793, 0.908109002738643, 0.2974802906079001, -0.2946922392002658
0.003403864593868983, 0.011997018024422384, 0.07139602668225853, -0.2411780574104641, -0.2335064181272384, -0.9419702210351992, -0.34925714056864365, 0.9264726248999695, -0.1402423797315744, 0.9054571190208456, 0.2951664411892852, -0.3049986518168937
0.0033916801701488063, 0.01198552671977652, 0.07135166922402193, -0.25388178002773415, -0.2383892519929959, -0.9373977844566143, -0.34951782435535866, 0.9262747770738285, -0.14089828889921235, 0.9018765615248274, 0.2918657257902153, -0.31848558190458953
0.003378848473348441, 0.011973863978752781, 0.0713075328384559, -0.26620577779706994, -0.24127472306939052, -0.9332314781849388, -0.34919125705678794, 0.9265434428211199, -0.13993825266983392, 0.8984430699062448, 0.28862390159682716, -0.33090224170360016
0.003365488519306153, 0.011962098789042253, 0.0712635695373173, -0.27605936826816097, -0.2426820384647597, -0.9299982007498577, -0.3486323535758771, 0.9269836815768561, -0.13840786151936013, 0.8956822579640218, 0.2860186747343723, -0.3405093397715617
0.003351719323860208, 0.011950300138336022, 0.071219731332363, -0.2834136436269714, -0.2426403728142145, -0.9277943501049482, -0.34792348145420776, 0.9275622521997811, -0.13629937397821504, 0.893658747877996, 0.28417233815881654, -0.34730408083764813
0.003337659902848873, 0.01193853701432517, 0.07117597023534991, -0.28828194762837056, -0.2411627856567063, -0.9266790326137151, -0.347080070091973, 0.9282702200439837, -0.1336032317140755, 0.8924286770473843, 0.2831164237443518, -0.3513063435090009
0.0033234292721104125, 0.011926878404700783, 0.07113223825803486, -0.2906720158156654, -0.238256052440792, -0.9266843220304248, -0.34608129800997, 0.9291088542871166, -0.1303244875417352, 0.8920412066655845, 0.28282643150987874, -0.35252190747526035
0.0033091464474830925, 0.011915393297153947, 0.07108848741217473, -0.2905844344179534, -0.23392037191265477, -0.9278156854021402, -0.3449144945586733, 0.9300754960701608, -0.126465659580691, 0.8925215279853663, 0.2832681260115397, -0.35094798883677536
0.0032949304448051794, 0.01190415067937574, 0.0710446697095264, -0.28805894851103264, -0.22819283506025193, -0.930026920153327, -0.3435898361944845, 0.9311552361196015, -0.12204896849583192, 0.8938501365702002, 0.28439049962017704, -0.34663233703626173
0.0032809002799149387, 0.011893219539057257, 0.07100073716184675, -0.2834070124222978, -0.22136206374696024, -0.9331019783729719, -0.34216960808342095, 0.9322948010570117, -0.1172448857140692, 0.8958796931585769, 0.2860511154597265, -0.3399622548612429
0.0032671749686506357, 0.011882668863889575, 0.07095664178089262, -0.27704149416073565, -0.21381069243021505, -0.9367673127920824, -0.34073084961518785, 0.9334320883314233, -0.11228100727082047, 0.8984155489714652, 0.2880790243592022, -0.3314513193374722
0.0032538735268505363, 0.011872567641563778, 0.0709123355784209, -0.26937926472173024, -0.20592488754500096, -0.9407601992152722, -0.3393451717551357, 0.9345119527087754, -0.1073883822902125, 0.9012655913461123, 0.29031422792210876, -0.32161775902697365
0.0032411149703529068, 0.01186298485977095, 0.07086777056618848, -0.2608438010391978, -0.19809609644781048, -0.9448377892694402, -0.3380775011807032, 0.93548673495982, -0.10280161433375994, 0.9042478170583743, 0.2926132349815285, -0.31098774904939547
0.0032289957900975283, 0.011853968781539064, 0.07082290942854602, -0.251866429693374, -0.19072174374808196, -0.9487826505871635, -0.33698621981348964, 0.9363156885001371, -0.09875838761507134, 0.9071954526172005, 0.2948527563551089, -0.30009708899032606
0.0032174788483168145, 0.011845444721064823, 0.07077777816488733, -0.2428861522394334, -0.18420494876684038, -0.9524047741901174, -0.3361243361162547, 0.9369634156706558, -0.09549863017439035, 0.9099597506047891, 0.29693112761141033, -0.2894912049349454
0.003206477918456673, 0.011837292827033358, 0.07073242603352026, -0.23434834801838395, -0.1789535706680474, -0.9555398847385758, -0.33554071227769616, 0.9373976221216049, -0.09326375740306188, 0.9124106981974899, 0.29876632605753456, -0.2797237927471531
0.003195906698585146, 0.011829393178776295, 0.07068690232846783, -0.22670270837145146, -0.17537884603191842, -0.9580439146414746, -0.33528098908782605, 0.9375863118135004, -0.09229607931134912, 0.9144356403669631, 0.3002901401386173, -0.2713545491827839
0.003185678886770277, 0.011821625855625255, 0.07064125634375297, -0.2204006648628644, -0.1738937054559881, -0.959783582965865, -0.33538853927814677, 0.9374943257825538, -0.09283812173016939, 0.9159356280049806, 0.3014388301601186, -0.2649463285701858
0.003175708181080108, 0.01181387093691186, 0.07059553737339856, -0.21584389924548966, -0.17486608620898306, -0.9606421097643261, -0.33589949341193526, 0.9370840260709202, -0.095105511976542, 0.916833104487457, 0.3021512534752544, -0.2610012998803347
0.003165908279582681, 0.01180600850196773, 0.07054979471142761, -0.2131416498839464, -0.17839643366348557, -0.9605963509929126, -0.33681842265663897, 0.9363340712366393, -0.0991557219756572, 0.9171281193180388, 0.3024123335738305, -0.25965899418003485
0.0031561928803460386, 0.011797918630124481, 0.07050407765186299, -0.21224945461416428, -0.18440383953638362, -0.9596589982802379, -0.338129706045878, 0.9352320448096542, -0.10492532702108219, 0.9168524804489095, 0.3022188715573411, -0.26085490750470747
0.0031464756814382246, 0.011789481400713741, 0.07045843548872771, -0.21289599131048828, -0.19237812581334415, -0.9579488261866964, -0.3397521484390384, 0.9338194659093547, -0.11202536641236796, 0.9161024912721187, 0.3016154203573034, -0.26416730245756215
0.0031366703809272796, 0.011780576893067128, 0.07041291751604467, -0.21473319735533924, -0.20166984437444707, -0.9556248886584836, -0.34158177031643105, 0.9321644440951559, -0.11996392521196499, 0.9149926492278755, 0.3006638039983452, -0.26905339400237804
0.0031266906768812478, 0.011771085186516263, 0.07036757302783683, -0.2173696610255015, -0.21170995904537554, -0.952853254025332, -0.34352959418946155, 0.9303315042011686, -0.1283382647802865, 0.9136398898809545, 0.2994364465655383, -0.2749544800262783
0.00311645026736817, 0.011760886360392766, 0.07032245131812712, -0.2203742517819272, -0.22200690425264552, -0.9498147838477313, -0.34552068079766385, 0.928381904212072, -0.13683018333937186, 0.9121681030888302, 0.29802680147215604, -0.28129944420777203
0.0031058820514569744, 0.011749897530935461, 0.07027758941661635, -0.22331956976257208, -0.2320768360753015, -0.9467146940437426, -0.347478209206245, 0.9263891032882577, -0.14512795538971385, 0.9107070131979225, 0.2965528139574052, -0.2875224593767658
0.003095022831001698, 0.01173823623298808, 0.07023295798681793, -0.22578419134421315, -0.24144184012610342, -0.9437835221996413, -0.3493243944409979, 0.9244387509171966, -0.1529230631758446, 0.9093920861693651, 0.2951589972187437, -0.293065180417865
0.003083945385056868, 0.011726085643775962, 0.070188505246771, -0.22735213705990018, -0.24962995811847496, -0.9412735467355199, -0.350981235452246, 0.9226272068572823, -0.159910004462337, 0.9083629110298986, 0.2940134710799797, -0.29737669829492447
0.0030727433194008102, 0.011713590505531857, 0.0701441773006593, -0.22761114632063087, -0.25617372479389294, -0.9394510039357193, -0.35237111629240164, 0.9210590124652741, -0.1657856808030799, 0.9077597493133606, 0.2933007301077117, -0.2999115190265759
0.0030615299622077626, 0.01170085906874889, 0.0700999182643833, -0.22614979626697665, -0.2606070697405388, -0.9385841597052738, -0.35341952396866133, 0.919842587006633, -0.1702476290780862, 0.90771741733106, 0.2932125002966188, -0.30012584017980776
0.003050419419287191, 0.01168799814508572, 0.07005567217544728, -0.22259321006578292, -0.2625377382014623, -0.9388962662896635, -0.3540729416082524, 0.9190680691136377, -0.17304980888925814, 0.908341683978826, 0.293918050408256, -0.29753582102113446
0.0030395257964485633, 0.011675114546201019, 0.07001138307135557, -0.21683144988468647, -0.2619854357766628, -0.9403976572609147, -0.3543580592936188, 0.918732510278553, -0.17424391057058128, 0.9096232671576541, 0.29545592902864665, -0.29204675284490744
0.003028963199501347, 0.011662315083753465, 0.06996699498961254, -0.20962170389684018, -0.2591452024507141, -0.9428162627480309, -0.3542825775801961, 0.9188480484882505, -0.17378756863615447, 0.9113410977666474, 0.2975937294973, -0.28442112383817425
0.00301884573425501, 0.011649706569401725, 0.06992245196772245, -0.20235146776051216, -0.25416836713721797, -0.9457548967052547, -0.3537963026682322, 0.9194817776983082, -0.17141014176252117, 0.9131714295319665, 0.2999194919100113, -0.27598231584466715
0.0030092875065190192, 0.01163739581480447, 0.06987769804318966, -0.19647674968821974, -0.24713993399911235, -0.9488512738331899, -0.3528264253765798, 0.920710348010755, -0.16675121775237242, 0.9148280714909974, 0.30201706589004, -0.26809567606217344
0.0030004026221028433, 0.011625489631620377, 0.06983267725351851, -0.1934664872879119, -0.238148763660648, -0.9517646162068545, -0.35131388586438783, 0.9225828237055926, -0.15943489894712282, 0.9160509111918073, 0.3035228158974547, -0.26215382570990586
0.0029922778024547, 0.01161409338476491, 0.06978734118905103, -0.19478791224419434, -0.22728647930159668, -0.954148062708421, -0.3491903350885899, 0.92511622301851, -0.1490841500250267, 0.9165826635521024, 0.30413949140920726, -0.2595676995334405
0.0029846214820624813, 0.011603292453874899, 0.06974174577486231, -0.20105544070866546, -0.21508418247679043, -0.9556754178117878, -0.34645498209494435, 0.9281552104765843, -0.1360031273418347, 0.9162672400250029, 0.3037543410610921, -0.261127641477316
0.0029768661868378402, 0.011593157642061038, 0.06969602303393901, -0.20738682373019815, -0.20504594043222518, -0.9565285503608161, -0.34404050248624357, 0.9306108846165809, -0.12489801472464489, 0.9157657112996276, 0.30318236054462167, -0.2635405438684498
0.0029684381754022018, 0.011583759421326792, 0.0696503067178393, -0.2096307867344445, -0.2000487257825166, -0.9570974039071933, -0.34286917527450855, 0.9317321548674312, -0.1196491547511782, 0.915694087509402, 0.30307705109243194, -0.26391028627440677
0.0029587637063769896, 0.011575168263675625, 0.06960473057812128, -0.20825065397096082, -0.19993605760696223, -0.9574221837774872, -0.3429082794225455, 0.9316761238107983, -0.11997296455600044, 0.9159943105850258, 0.3033235453924924, -0.26258189158125905
0.0029472690383836294, 0.01156745464111101, 0.06955942836634314, -0.20406773574799927, -0.20422790417847902, -0.9574170054796137, -0.3439517533439616, 0.9306035134304643, -0.12519701339285277, 0.9165443527720301, 0.30375658667054706, -0.2601506975888382
0.0029337726402264104, 0.01156047470125064, 0.06951449398045259, -0.1970955653968409, -0.21237570600155806, -0.9571049564186989, -0.34579940837219636, 0.9285701814235557, -0.13483392503544464, 0.9173745730454593, 0.3043911589901466, -0.2564564584062891
0.002920713375953506, 0.011552655419833942, 0.06946975420909329, -0.1867362412259994, -0.22380046883863128, -0.9565787611903132, -0.34826467539534856, 0.9255501160904914, -0.14855537175292702, 0.9186083453161951, 0.30540192002095645, -0.25077554737843855
0.002910164381529616, 0.011542775005941126, 0.06942502658953911, -0.17233979043565859, -0.23792919135043256, -0.9558706484331039, -0.351177822162901, 0.9214671137931961, -0.1660496775623453, 0.920311433077692, 0.30706360595317417, -0.24236090453189565
0.0029020115207401007, 0.01153103401478235, 0.06938028128239444, -0.15322544766592217, -0.25417271178728473, -0.9549440793943254, -0.3543741458163713, 0.9162143771006868, -0.1870031549758393, 0.9224645938812476, 0.3097538503016523, -0.2304595957186565
0.0028959604518392127, 0.011517750156502773, 0.06933550103173194, -0.12872626327874484, -0.2718842245302005, -0.9536815598478892, -0.35762214783289137, 0.9096999627437946, -0.2110743403716526, 0.924951862813239, 0.31388683667135553, -0.2143340972471925
0.002891716833081205, 0.011503241141247553, 0.06929066858162426, -0.09911257635220401, -0.2899025606787807, -0.9519102912148363, -0.36050865164798057, 0.9020931945384565, -0.23719481540362017, 0.9274751798812643, 0.3196629063236589, -0.1939211618801005
0.002888986322720328, 0.011487824679161842, 0.06924576667614402, -0.07026830819067373, -0.304417651029486, -0.9499432923104992, -0.3623988182779534, 0.8950205660842575, -0.26001015902644675, 0.9293704650863204, 0.3259878525772169, -0.17321217797063598
0.002887474579010834, 0.011471818480390791, 0.06920077805936388, -0.04730944217648191, -0.3125761383140038, -0.9487138527699777, -0.36336221728420115, 0.8900925064312627, -0.2751421978636169, 0.9304459767935263, 0.3317099452105973, -0.15568813865263925
0.002886887260206976, 0.011455540255079558, 0.06915568547535647, -0.03068465961999332, -0.3143023384562688, -0.9488269029200881, -0.36381995705578385, 0.8876680015529312, -0.282277448385366, 0.9309637428557209, 0.33654057565165363, -0.14158725376290354
0.0028869300245630055, 0.011439307713373297, 0.06911047166819446, -0.02041694537804889, -0.30984134959518106, -0.9505690329599773, -0.36401895099817005, 0.8878120887570949, -0.2815668630555733, 0.9311677355104299, 0.34027640696616174, -0.13091453397762023
0.002887308530333174, 0.011423438565417162, 0.0690651193819505, -0.016676914473616033, -0.3004680832997593, -0.9536460619337808, -0.3640576296637534, 0.8901328749065764, -0.2740903268890798, 0.9312271059238177, 0.34261114390621056, -0.12423236802069254
0.002887728435771734, 0.011408250521356305, 0.06901961136069719, -0.01936831071745396, -0.2878456288614513, -0.9574809462779444, -0.36389713303688964, 0.8940065279987145, -0.26140238037021796, 0.9312377489704144, 0.3433616487626997, -0.12206159531759402
0.002887895399132937, 0.011394061291335885, 0.06897393034850721, -0.027259008036413186, -0.2733628918276277, -0.9615246621135141, -0.3634578131506575, 0.8987592534732325, -0.24521464547612035, 0.9312117721230829, 0.342789342990523, -0.12385516457343691
0.0028875150786710348, 0.01138118858550105, 0.06892805908945321, -0.03888900794803855, -0.25835511253466414, -0.965266947993154, -0.3627053862362486, 0.903763378466095, -0.22728079227854628, 0.9310920727060409, 0.34126879665558496, -0.128853252086309
0.002886281922405181, 0.01136987761944063, 0.06888198933234768, -0.0528078349921538, -0.24418384861206366, -0.9682900291960267, -0.3616846753554675, 0.9084852641726384, -0.20937698152896755, 0.9308037001304044, 0.3391589197679642, -0.13629269593553484
0.0028838059460942235, 0.011359827443410558, 0.06883578066651258, -0.06782119148491297, -0.23190983066769816, -0.9703700925034975, -0.3605130922555905, 0.912588900430929, -0.1929036265148479, 0.930285223089069, 0.3367481688887817, -0.14549939674161447
0.0028798191960409058, 0.011350525169953657, 0.06878951820555868, -0.08355617586100661, -0.2215086921285764, -0.9715720584634843, -0.35926137167739863, 0.9161107634307439, -0.17796723278967289, 0.9294889091839443, 0.3341780490065545, -0.15612622862995923
0.0028745949751790563, 0.011341581394856503, 0.06874326902291983, -0.0996819520111298, -0.21290706874704876, -0.9719743250316801, -0.3579750095735589, 0.9191061603309884, -0.16461396830900402, 0.9283950672876613, 0.3315334766191294, -0.1678337061402505
0.0028685206307069496, 0.011332632989277653, 0.06869709635918389, -0.1151095532915404, -0.20708283372307718, -0.9715279155630282, -0.3568322396164094, 0.9213685589529803, -0.15411272284677138, 0.9270493749047887, 0.32893263527678246, -0.17995215458146602
0.002861983479750478, 0.01132331686513753, 0.06865106344758623, -0.12859390112197952, -0.20513312751023433, -0.9702494568883306, -0.356100521602055, 0.9226725194139336, -0.14787778884297897, 0.9255571441618151, 0.3264901559254341, -0.1916980724337384
0.0028552527755362836, 0.011313429965063538, 0.06860520465543787, -0.1392323608850742, -0.20653346099897243, -0.9684824619837752, -0.35587802718311806, 0.9231056142761946, -0.14569438788100703, 0.9241023641624452, 0.3243762543398567, -0.20202689466955703
0.002848211905807225, 0.01130329225630421, 0.06855946000822359, -0.1465042246971937, -0.21017956474535945, -0.9666235372208384, -0.35612102861064904, 0.9228545321785812, -0.1466878502765156, 0.9228837007592926, 0.32274457857709005, -0.21005145053517035
0.002840726424212812, 0.011293247204645406, 0.0685137615837196, -0.15102196066263296, -0.21517849991798732, -0.9648267101250145, -0.3566914845981693, 0.9221300963295672, -0.14982413109501744, 0.9219346789294609, 0.3215187375819141, -0.21601423372306783
0.0028330205763176003, 0.011283148106189649, 0.06846810801843967, -0.15363153472698565, -0.22068071853543786, -0.9631704792009117, -0.35741832956417036, 0.9211529704657864, -0.15404331434248053, 0.9212217372755537, 0.3205888729646446, -0.22039347835693748
0.0028253809899883883, 0.01127273558079176, 0.06842251706681943, -0.1551747285260748, -0.22583731237232055, -0.9617267345599299, -0.35813011663868954, 0.9201558289287983, -0.15829109275229164, 0.9206864956016341, 0.31986053027656114, -0.22366407397697896
0.00281784752050899, 0.011261988672559502, 0.06837698786156048, -0.15624589950053044, -0.2301410058126282, -0.9605323192547047, -0.35872537317289194, 0.9192942318266909, -0.16190806642086691, 0.9202735058292397, 0.31926984319494733, -0.22619337234993023
0.00281040443402126, 0.011250940151480924, 0.06833151533578231, -0.156633949505544, -0.23420036612151832, -0.9594873601933698, -0.3593119418082445, 0.9184215294054907, -0.1655198562060397, 0.9199786597178673, 0.3188292377324045, -0.2280069797850287
0.0028030359966670533, 0.011239622787544083, 0.06828609442260455, -0.15609014859611683, -0.2386737330850754, -0.9584731162878155, -0.3600060566357206, 0.9173660105985184, -0.16980942784238273, 0.9197997090110653, 0.31855054816118783, -0.22911578638183414
0.002795726474588227, 0.011228069350737035, 0.0682407200551468, -0.15512102220266605, -0.24318197140898345, -0.9574967348521041, -0.3607258576058816, 0.9162469207317936, -0.17426541798075543, 0.9196816428119576, 0.318361601062607, -0.22985118412475547
0.002788460133926635, 0.011216312611047826, 0.06819538716652859, -0.15436566299164622, -0.24711042720211912, -0.9566126064699, -0.3613474513239784, 0.9152604469941018, -0.17811887488366365, 0.9195647130630964, 0.3181740890395435, -0.23057750877534025
0.002781221240824133, 0.011204385338464514, 0.06815009068986952, -0.1539428506117372, -0.250348016313025, -0.9558386210410551, -0.3618489559878388, 0.9144511427797062, -0.18123035209202837, 0.9194383784659217, 0.3179700900981456, -0.2313613840011632
0.0027739940614225768, 0.011192320302975147, 0.06810482555828919, -0.15385372295305608, -0.25289659299832934, -0.9551818388052201, -0.3622306478742728, 0.9138267474435158, -0.18360183386172768, 0.9193029912243672, 0.31774831062751885, -0.23220254395524817
0.002766762861863821, 0.011180150274567785, 0.06805958670490714, -0.15409913458759397, -0.2547576351196612, -0.9546475810829839, -0.3624927733971885, 0.9133931354064877, -0.18523490337169168, 0.9191585532181971, 0.317508310978694, -0.23310089340302378
0.0027595119082897226, 0.011167908023230476, 0.06801436906284299, -0.15467967634793395, -0.255932182888556, -0.9542394434767393, -0.3626355182204589, 0.913154340657366, -0.1861306827570091, 0.9190047217777925, 0.31725048132431555, -0.23405651763967716
0.0027522254668421345, 0.011155626318951275, 0.06796916756521627, -0.15559568593778753, -0.25642079626821607, -0.9539593061335077, -0.36265848262566985, 0.913112748118763, -0.18628991975586723, 0.918841013177577, 0.31697552660130524, -0.23506958127037444
0.002744887803662915, 0.011143337931718235, 0.06792397714514663, -0.1568472494612169, -0.25622353085587274, -0.953807340384944, -0.36256031397349714, 0.9132692258702635, -0.1857130577255373, 0.9186669467592105, 0.3166841065069088, -0.23614024988982896
0.002737483184893917, 0.011131075631519407, 0.06787879273575358, -0.15843419380939405, -0.25533993214689626, -0.9537820114067919, -0.3623389174840517, 0.9136230528509882, -0.18440017943517786, 0.9184819623206832, 0.3163770477617785, -0.23726872642868138
0.0027299958766769973, 0.011118872188342845, 0.06783360927015673, -0.16035606989263157, -0.25376904817269064, -0.9538800768640239, -0.36199156667325466, 0.91417187658451, -0.1823509959375001, 0.918285378575763, 0.3160554543928678, -0.23845526465667677
0.002722410145154011, 0.0111067603721766, 0.06778842168147566, -0.16261212675685036, -0.25150946059621754, -0.9540965818313226, -0.36151486609444655, 0.9149117173498278, -0.17956489369780268, 0.9180764117568475, 0.31572066876685234, -0.23970014912194593
0.0027147102564668135, 0.011094772953008732, 0.06774322490282994, -0.16519708048253043, -0.24856697395522742, -0.954423587333627, -0.3609061256988767, 0.9158348083024258, -0.17604934630576072, 0.9178543964230247, 0.3153744811496332, -0.2410025800827134
0.0027068804767572605, 0.011082942700827283, 0.06769801386733916, -0.1680291767945358, -0.24508605791883778, -0.9548293145686064, -0.3601885911183233, 0.9168930340074521, -0.1719632025079976, 0.9176221306038495, 0.31502379021656984, -0.2423419836174465
0.002698905072167207, 0.011071302385620319, 0.0676527835081229, -0.1709606379152731, -0.24133296249340216, -0.9552648122367751, -0.35941033697321745, 0.9180061244869597, -0.16759762850718035, 0.9173857803347516, 0.3146794505820021, -0.24368047402491677
0.002690768308838508, 0.011059884777375878, 0.06760752875830071, -0.17384230908430018, -0.23757934842664052, -0.9556855679424126, -0.35862338643095415, 0.9190968913614413, -0.1632488008976764, 0.9171521783635653, 0.3143516462354025, -0.2449794363452966
0.002682454452913019, 0.011048722646082027, 0.06756224455099222, -0.1765260137771695, -0.23409826649645002, -0.9560525969230457, -0.35788300437241954, 0.9200928310642061, -0.15921349630488305, 0.9169287440370235, 0.31404965188264633, -0.24620011070483983
0.0026739497350695804, 0.01103784510937874, 0.06751692628652532, -0.17887297680053618, -0.23114889914399828, -0.9563339608081649, -0.3572441995826701, 0.9209296952647608, -0.15577252082473397, 0.9167229898039277, 0.3137812658589938, -0.2473060394751314
0.0026652760804537394, 0.011027214923917334, 0.067471577854126, -0.18081057829365882, -0.22887452997392696, -0.9565165886205668, -0.3567396746559452, 0.9215766178074613, -0.15307952847108894, 0.9165393277451237, 0.3135490185597374, -0.24827942656761237
0.00265648651825565, 0.011016737019594932, 0.06742621054021869, -0.1822968531819815, -0.2273639332762575, -0.9565947413430081, -0.3563908297883474, 0.9220170721611689, -0.15122861860811626, 0.9163806162085274, 0.31335309235508657, -0.24911123167931293
0.0026476351186608786, 0.01100631439095311, 0.06738083587879866, -0.18328976652206685, -0.22670525479735767, -0.9565613356892235, -0.35621839177219683, 0.9222333476217569, -0.150313372317959, 0.9162495941890048, 0.3131938377133765, -0.2497925162346768
0.0026387759518549884, 0.010995850032533436, 0.0673354654038611, -0.18374683899166755, -0.22698615706510253, -0.956407017781335, -0.35624222023556745, 0.922205601482166, -0.15042708903834334, 0.9161487759541044, 0.31307205735378696, -0.2503144167283689
0.002629959139970948, 0.010985254131253211, 0.06729010997798378, -0.18362910678020447, -0.228285893921504, -0.9561202339557321, -0.3564793120604973, 0.9219129427776682, -0.15165429770334396, 0.9160801554536474, 0.3129889400210169, -0.2506692486296264
0.002621204192894306, 0.010974492641976065, 0.06724477525773545, -0.18297240606806706, -0.2305429438993276, -0.9557044781918173, -0.35691581715385123, 0.9213671918339625, -0.1539272467024497, 0.9160415918958381, 0.3129416061028473, -0.25086919517292144
0.0026125163182170396, 0.010963557574808486, 0.06719946446739478, -0.1818779821183703, -0.23357332848416942, -0.9551774179917446, -0.35751121754756454, 0.9206097913435328, -0.15704566663895883, 0.9160273625543114, 0.3129234927314395, -0.2509437362209883
0.0026039006426180652, 0.010952441087260541, 0.06715418081748, -0.18044926433461045, -0.2371889941765608, -0.9545571978894766, -0.35822391059355063, 0.919683314537363, -0.16080494656767755, 0.9160314912054944, 0.3129280780036863, -0.2509229465727618
0.002595362292776298, 0.010941135336842302, 0.06710892751850944, -0.1787899423747842, -0.2412023388926784, -0.9538635060732342, -0.35901284674437894, 0.9186318646148377, -0.16500082783660103, 0.9160479967655181, 0.31294876422022844, -0.2508368764653903
0.002586906395370653, 0.010929632481063847, 0.06706370778100137, -0.176995674824761, -0.2454415062328517, -0.9531164661842101, -0.35984110431136523, 0.9174979235213827, -0.16944597953899054, 0.9160714550412019, 0.3129792762342259, -0.25071310677065833
0.002578538077080047, 0.010917924677435242, 0.06701852481547416, -0.17509669801882347, -0.24985138973710186, -0.9523210747375822, -0.3606963132797806, 0.9162937038201635, -0.17408049266331044, 0.9161000578153455, 0.31301778126164864, -0.25056047710035073
0.002570262464583394, 0.01090600408346656, 0.06697338183244599, -0.17309256093057732, -0.2544311871297805, -0.9514745064194968, -0.3615772090313476, 0.9150165806498173, -0.17890382624476683, 0.9161336623329567, 0.313064575050655, -0.25037908177153556
0.0025620846845596113, 0.010893862856667881, 0.06692828204243523, -0.1709826291470213, -0.2591803331141368, -0.9505737717067609, -0.3624824898786805, 0.9136637510193787, -0.1839157269092317, 0.916172137243501, 0.3131199530532091, -0.25016896278042094
0.002554009863687614, 0.010881493154549272, 0.06688322865596014, -0.16876626304533984, -0.26409818381455913, -0.949615763224033, -0.36341077649547704, 0.9122323127464711, -0.1891158774618854, 0.9162153436745456, 0.3131842219638081, -0.2499301645025238
0.0025460431286463163, 0.010868887134620801, 0.06683822488353904, -0.16644282245469494, -0.2691840080215283, -0.9485972573641465, -0.364360820914252, 0.9107191950847568, -0.19450383000564522, 0.9162630512227411, 0.3132579089658206, -0.24966277943328755
0.0025381896061146356, 0.010856036954392549, 0.06679327393569022, -0.16401167158825106, -0.27443697815038026, -0.9475149162976355, -0.3653314422472313, 0.9091211831509715, -0.20007901352149834, 0.9163149616198493, 0.31334169746439067, -0.24936694195852976
0.002530454422771487, 0.010842934771374583, 0.06674837902293197, -0.16147218425104512, -0.2798561609335698, -0.9463652904141828, -0.36632128422551125, 0.9074350037841282, -0.205840789521104, 0.9163708040070727, 0.3134361866390401, -0.2490427803984852
0.002522842705295786, 0.010829572743076978, 0.06670354335578257, -0.15882740066275822, -0.28543079748579325, -0.9451471402090448, -0.36732716241795516, 0.9056603503426304, -0.21177838786627248, 0.9164303642659846, 0.3135420062190841, -0.24869016423539336
0.002515359580366449, 0.010815943027009804, 0.06665877014476032, -0.15665669850493916, -0.28961038823558777, -0.9442375240582026, -0.36808180914393884, 0.9042868777664415, -0.21628921488771863, 0.9165012059953099, 0.31367350179040143, -0.24826291242086387
0.0025080101746623898, 0.010802037780683135, 0.06661406260038354, -0.15538937950215576, -0.2911850918446655, -0.9439625962003731, -0.3683889802785381, 0.9037196175536234, -0.2181293470812022, 0.9165935303869834, 0.3138504343411785, -0.24769780967255184
0.002500799614862525, 0.010787849161607046, 0.0665694239331705, -0.15489795036780005, -0.2903877072830068, -0.9442889411778438, -0.3683000014075136, 0.9038952392086856, -0.2175511560509352, 0.9167124597904623, 0.3140833901924641, -0.24696131290169376
0.002493733027645771, 0.010773369327291601, 0.0665248573536395, -0.15505035668240788, -0.28744852639674784, -0.9451628069094743, -0.36786002667494555, 0.9047305593575182, -0.21480599558518082, 0.9168633418712772, 0.3143818691288836, -0.24601961851783904
0.0024868138067808366, 0.010758595038118204, 0.06648036496661047, -0.15571253935077858, -0.2825932522027621, -0.9465171202352328, -0.3671094026403598, 0.9061297879064438, -0.21014160454717504, 0.9170519568606625, 0.3147536517311422, -0.24483841026264735
0.0024797726291242226, 0.010744253790593959, 0.06643577266828678, -0.15674945901087334, -0.27604437885836747, -0.9482769152523416, -0.36608517509729754, 0.9079900282891699, -0.20380322151873237, 0.9172847167994131, 0.31520407584314414, -0.24338270049058514
0.00247241349069441, 0.010730913556862854, 0.06639094095493017, -0.15802570680991557, -0.26802316461941184, -0.9503638562227744, -0.3648215881796957, 0.9102061598550186, -0.19603559717567826, 0.9175691171706202, 0.31573458757218215, -0.24161660833923018
0.002464802707950175, 0.010718457673365914, 0.06634589350443418, -0.15940590807854468, -0.25875171502213223, -0.952700008629558, -0.3633523865869221, 0.9126743044671101, -0.1870846255764082, 0.9179132854639606, 0.31634342720938924, -0.23950372947028473
0.0024570070004008068, 0.01070676841719527, 0.06630065424798369, -0.16075506400216963, -0.2484548184185207, -0.955210978057873, -0.361714096142037, 0.9152942821758353, -0.17719844713871402, 0.9183249544958515, 0.3170277278422856, -0.23700780098838548
0.002449093087555595, 0.010695728065443035, 0.06625524711676363, -0.1619353502012591, -0.23737109989364652, -0.9578266561807914, -0.3599493507618628, 0.9179695179992748, -0.1666386177039778, 0.9188108658702884, 0.31778440011973447, -0.23409328866764095
0.002441127688923829, 0.01068521889520132, 0.06620969604195888, -0.16225163336426515, -0.2273058314935657, -0.960211677933385, -0.358379112984758, 0.9202314956396886, -0.15728447415113708, 0.9193687066932864, 0.31860014658151115, -0.2307707255077071
0.0024331775240147998, 0.010675123183562254, 0.06616402495475437, -0.1611712728224025, -0.21973897270692302, -0.9621531087568719, -0.35726658142976486, 0.9217695736787701, -0.15066997986841174, 0.9199915274665826, 0.3194614795460707, -0.2270681670246615
0.0024253093123377954, 0.010665323207617951, 0.06611825778633504, -0.15870174437188259, -0.21468543140287608, -0.9637032333019759, -0.3566131885293885, 0.9226447080641275, -0.1468120446290556, 0.9206740954866844, 0.320369955246465, -0.22298498082865034
0.002417589773402107, 0.01065570124446053, 0.06607241846788575, -0.15484722670533058, -0.2121508170570018, -0.9648908576640752, -0.3564120499357461, 0.9228955589454882, -0.1457197239199073, 0.9214080458962073, 0.32133443341904916, -0.21852092544420426
0.0024100856267170235, 0.010646139571182111, 0.06602653093059145, -0.14960766990007723, -0.21213508989877472, -0.9657205852319335, -0.3566467043944214, 0.9225382617173024, -0.14739838503937622, 0.9221825596657464, 0.32236913515604565, -0.21367608042800562
0.0024028635917918346, 0.010636520464874812, 0.06598061910563703, -0.14304696172484674, -0.21458067965987154, -0.9661742589502154, -0.3572800331029856, 0.9215822333184357, -0.15177998938507614, 0.9229780846191419, 0.3234831048888209, -0.20849493078794115
0.002395990388135831, 0.010626726202630752, 0.06593470692420743, -0.13640019524057048, -0.2185120791231948, -0.9662543443708766, -0.3580896696790013, 0.9202954184795877, -0.1575694487985033, 0.9236702740737726, 0.3245131954216023, -0.20377539299371494
0.0023895327352583015, 0.010616639061542048, 0.06588881831748752, -0.1305575326841399, -0.22314364657771252, -0.9660029211402161, -0.3589262748681574, 0.9188893256888816, -0.16375083616366812, 0.9241897315317336, 0.32534492485212285, -0.20006004099836844
0.0023835573526685356, 0.010606141318700819, 0.06584297721666225, -0.12567537484757046, -0.22821799614750565, -0.9654647825743514, -0.35975675253545925, 0.9174226078872665, -0.17003187213715915, 0.9245435517930256, 0.3259636555994303, -0.1974003953040445
0.002378130959875823, 0.010595115251199182, 0.06579720755291651, -0.12190482155959143, -0.23348286970022908, -0.9646890504390884, -0.3605485512381255, 0.9159605689742913, -0.17612773286561467, 0.9247399400267152, 0.32634641968441813, -0.1958419201257704
0.00237328794311596, 0.010583467603874207, 0.06575153100197856, -0.11939681536185964, -0.23868740397530383, -0.9637285528949405, -0.3612690703140452, 0.9145760912883719, -0.18175596848001704, 0.9247859532431661, 0.32646423452993073, -0.19542784923575998
0.002368503066199198, 0.010571533560325624, 0.06570592847012525, -0.11830235366986883, -0.2435815586125557, -0.9626383419644406, -0.36188636377442124, 0.913348411517111, -0.18663584568162994, 0.9246852506827913, 0.3262862293800461, -0.19620011133191403
0.0023634178736470198, 0.010559561748502984, 0.0656603786287908, -0.11877261008729616, -0.24791518272699462, -0.9614734157877127, -0.36237304933162334, 0.9123599056750583, -0.19048668099029806, 0.9244343352619222, 0.3257874532422014, -0.19820114807641365
