0.009740553796291351, 0.020989058539271355, 0.037682779133319855, 0.13639868477791853, 0.4621249286863836, -0.8762624886855872, 0.9585054029786109, -0.285072078606693, -0.0011412535521015906, -0.25032537077105216, -0.8397466643491145, -0.4818326975858643
0.009752476023538717, 0.021030415744655837, 0.037645086937632216, 0.0986300137740583, 0.3574653437832438, -0.9287037462920328, 0.959078895498447, -0.2830501218994685, -0.007092298793409757, -0.2654049596228526, -0.8900006497113491, -0.37075470451629955
0.009758061432387869, 0.021045337781559523, 0.037602347174475685, 0.05534130718317817, 0.24383804531739053, -0.9682356879267833, 0.9595558795903928, -0.2810667110555135, -0.01593793838437247, -0.2760250960741879, -0.9281942208353975, -0.2495308292476195
0.009758722513438473, 0.021042926571453104, 0.0375567624266755, 0.00968418680531371, 0.1271143508275568, -0.9918407928390567, 0.9595828372056049, -0.28017232307755746, -0.02653766986316248, -0.2812596577299369, -0.9514964062964261, -0.12468999053101736
0.009755869765309823, 0.021032263947451862, 0.037510529459362486, -0.034758526413731304, 0.014140167197766186, -0.9992957022389145, 0.9591232408406444, -0.28051566730990724, -0.037330540754411584, -0.28084596084132185, -0.9597452870763663, -0.003811851757093204
0.009750649825935978, 0.021019770809198497, 0.03746507441720594, -0.07488056989213468, -0.08916638768148848, -0.9931979941383609, 0.9584164022109453, -0.28147847446790364, -0.046987959992420815, -0.27537410957760133, -0.9554157334475167, 0.10653579706036387
0.009743684113333732, 0.021006571415583777, 0.03742028950959154, -0.10968225995628249, -0.18042734582351114, -0.9774537199939266, 0.9577279574626154, -0.2822985673665559, -0.055359537184454036, -0.2659454104611872, -0.9422067139125434, 0.203763458237137
0.009735531880833839, 0.020993163118561736, 0.03737588539032764, -0.13649116744620768, -0.23036122008328017, -0.9634852720674634, 0.9564167399270589, -0.2840800886760188, -0.06756865253297588, -0.25814178429008355, -0.9307159671454917, 0.25909575006928254
0.009726752381767047, 0.020980043270086412, 0.037331572713222586, -0.1539109184352752, -0.24404036800636453, -0.9574736173752926, 0.954708731990294, -0.2864583226765642, -0.08045412625101575, -0.2546422318624604, -0.9264911916217271, 0.27707653383037945
0.009717904869464104, 0.020967709222111827, 0.03728706213208467, -0.16435664339240294, -0.24076402520126375, -0.9565665569847547, 0.9531150130328053, -0.28855897968401345, -0.09113444560206892, -0.25408397372573077, -0.9266964980038538, 0.2769023923391342
0.009709523838830732, 0.02095662739528738, 0.03724208008337403, -0.17011552430411706, -0.23340031589811408, -0.9573844582660592, 0.9519421132371082, -0.2900261361692055, -0.0984431479811072, -0.25468985342255795, -0.9281212921151104, 0.271521538162581
0.009701660730825797, 0.02094666071917761, 0.03719666093397114, -0.17252655493890606, -0.224283269699417, -0.9591306494810032, 0.951166823125977, -0.29096643373818026, -0.10305439836378465, -0.25596144714653624, -0.9300728731506062, 0.2635302415360089
0.009693954659461868, 0.02093717456068129, 0.03715109516196675, -0.17289803358594158, -0.2146188131102268, -0.9612726122392504, 0.9506707465527093, -0.2915673781571408, -0.10589426633904869, -0.2575488334879992, -0.9321626623362086, 0.2544432536249339
0.009686242591498131, 0.02092792004801684, 0.037105494007231635, -0.17256703474397855, -0.20562421162131925, -0.9632960615069395, 0.9503016314275232, -0.29203424628159635, -0.10790184569750232, -0.2591282073141753, -0.9340421203531728, 0.24580050768924586
0.009678462895696566, 0.02091884069976533, 0.03705987888573237, -0.17288574825856384, -0.19852242502084258, -0.9647276117189352, 0.9499036187142886, -0.292534158863097, -0.1100312730625241, -0.26037210526970034, -0.9354210884206665, 0.2391521568694705
0.009670554550808418, 0.020909881191842512, 0.037014270673094846, -0.17515701696445088, -0.19446819062807297, -0.9651435863341571, 0.9493236139022311, -0.2932041306914556, -0.1132078346806247, -0.2609687634482773, -0.936062743932965, 0.23597000640964058
0.00966245653558494, 0.02090098620016418, 0.03696869024494502, -0.17961403028364864, -0.19327852614234986, -0.9645632231520677, 0.9485024982579664, -0.29409417919519587, -0.11769292485914518, -0.26092491434062204, -0.9360299274573143, 0.23614860571384727
0.009654107828777387, 0.02089210040064609, 0.036923158476908816, -0.18446553546804856, -0.19389249270836728, -0.9635238281930665, 0.9476813102715456, -0.29495253088568085, -0.12207841203971441, -0.2605237040779455, -0.9356327836258558, 0.23815686808916484
0.009645447409136998, 0.02088316846920401, 0.036877696244612165, -0.17595864332270778, -0.19862680844196476, -0.964150375620002, 0.9494141090617995, -0.29302911832155465, -0.11290166221133197, -0.26009883766449543, -0.9352439931824483, 0.2401401004866267
0.009636414255415032, 0.02087413508175372, 0.036832324423680986, -0.16234828580974534, -0.2063229685876071, -0.9649216894276107, 0.9520197291334493, -0.2898537575044844, -0.09819997251122481, -0.2594252675344308, -0.9345670826076258, 0.24348079733514955
0.009626947346362734, 0.02086494491421098, 0.03678706388974122, -0.1493692680188558, -0.21584006238780848, -0.9649362099330391, 0.9544110323709479, -0.2865358724118669, -0.08364672802800881, -0.2584345237388622, -0.9334400148320177, 0.24879979029386295
0.009616985660731355, 0.020855542642491575, 0.0367419355184188, -0.13675618974560885, -0.2268424678367889, -0.9642822405042927, 0.9566214414702024, -0.28302294377617193, -0.06909002110103744, -0.2572414474491524, -0.9319015549305545, 0.255707507970102
0.00960700024435975, 0.020845776006866434, 0.03669690332924165, -0.1241806777798809, -0.23899534969258207, -0.9630474453999917, 0.9586751667362697, -0.27927082001502446, -0.054311451567063004, -0.2559708654306482, -0.9299941031605826, 0.2637989464293381
0.009603353864031246, 0.020834355076362932, 0.0366513209237729, -0.1113122326248534, -0.25195876795427014, -0.9613149151651798, 0.9605786740082853, -0.2752470773294752, -0.039085258884471924, -0.2547512471187429, -0.9277692739429066, 0.27266458592728365
0.009602074351900003, 0.02082171229994329, 0.03660569519448751, -0.09782154415082432, -0.2653885179494691, -0.9591662421293466, 0.962326496271002, -0.270905964582848, -0.02318777540459898, -0.2536900866701845, -0.925299353125258, 0.28189084240402923
0.00960033299383616, 0.020808322517978442, 0.036560345713007814, -0.08338336655391855, -0.2789365472864903, -0.9566826102579823, 0.9639139793073791, -0.2661365449837654, -0.006417158243161454, -0.2528182245763711, -0.9226948260459662, 0.29106219835295655
0.009598200399225173, 0.020794285467349745, 0.036515241729534735, -0.06767936189528384, -0.2922510726595911, -0.9539438214605541, 0.9653223942048387, -0.2608109629435412, 0.011415640809902722, -0.25213523994095943, -0.9200907303835754, 0.29976802471600217
0.009595774645565231, 0.020779697331218195, 0.03647034917533343, -0.051521263168155106, -0.30481559692579735, -0.9510168301940441, 0.9664532865707397, -0.255151642254436, 0.029422514023789294, -0.25162194721083747, -0.9175974560370327, 0.30773577035533656
0.00959315381035455, 0.020764654292744822, 0.03642563398166914, -0.04827921353939124, -0.3141887189464207, -0.9481321460781851, 0.9667382654410277, -0.25339699756658207, 0.034743168484099904, -0.25116975071073117, -0.914918253458225, 0.315972064931159
0.009590435971091325, 0.02074925253509063, 0.03638106207980703, -0.049246715178180474, -0.3208882343508592, -0.9458358748214973, 0.966763435359564, -0.25318742064121214, 0.03556107536090535, -0.2508848761801581, -0.912648273479021, 0.32269166059851745
0.009587719205273766, 0.020733588241416624, 0.03633659940101229, -0.048197179169928245, -0.3255628583460541, -0.944291193004366, 0.9668428756144984, -0.252569396942112, 0.03773000930009495, -0.25078254682802237, -0.911162732443467, 0.32694126263383433
0.009585101590400071, 0.02071775759488382, 0.03629221187655013, -0.04506974002892495, -0.3282224004154542, -0.9435246548973918, 0.9669850303145773, -0.25146639724061787, 0.041286828484877275, -0.250816007625592, -0.9105134303920733, 0.32871967296530635
0.00958268120396845, 0.020701856778653233, 0.03624786543768574, -0.03986149147566856, -0.3288633417315847, -0.9435358837704426, 0.9671822864563555, -0.2498440308948282, 0.04622104489602563, -0.2509372157779541, -0.9107287536315954, 0.32802995449539274
0.009580556123477097, 0.020685981975885857, 0.036203526015684294, -0.03256979127590255, -0.3274743761389468, -0.9442985447773663, 0.9674137048237704, -0.24769192583158664, 0.05253031122110892, -0.251097456011388, -0.9118164523906375, 0.3248704737804926
0.009578824426424222, 0.02067022936974272, 0.03615915954181101, -0.023193565386925026, -0.3240368995072816, -0.9457600891781965, 0.9676377410920555, -0.2450502931832887, 0.060229194125843016, -0.2512752684585307, -0.9137562265552516, 0.31923392346773116
0.009577584190308026, 0.02065469514338483, 0.036114731947331065, -0.011982403897851511, -0.3185437236106064, -0.9478324314693597, 0.9678015711461382, -0.24204133078453366, 0.06910942829396219, -0.25142899769894306, -0.9164856192763429, 0.31118735317451984
0.009576933492626715, 0.020639475479973194, 0.03607020916350966, -0.0034566347457361283, -0.3113231694493759, -0.9502978142878314, 0.9678485845452904, -0.24005359311949684, 0.07512249878762664, -0.25150977927291907, -0.919484723415465, 0.30214346647854773
0.00957697041087849, 0.020624666562668825, 0.036025557121611984, -0.0008789554507183182, -0.30305292112812493, -0.9529733230437388, 0.9678523229406336, -0.23994756534200834, 0.07541251132844118, -0.25151761054792027, -0.922271160170453, 0.29352137690824426
0.009577793022561554, 0.020610364574632733, 0.035980741752903236, -0.0032420394061639726, -0.29441090128211617, -0.9556734329187668, 0.9678531201215195, -0.24127360865635042, 0.07104494096684093, -0.25149518295889595, -0.9247211833694492, 0.2857287279506161
0.009579499405174111, 0.020596665699025928, 0.035935728988648594, -0.009405964563165366, -0.28604763263660354, -0.9581692333265722, 0.9678155038999443, -0.24359064900675317, 0.06321982384794943, -0.25148494635173185, -0.9267363959505764, 0.2791325387320566
0.009582070716677264, 0.020583657726880963, 0.0358904895484933, -0.01824937749735457, -0.27860909403990664, -0.9602311872352519, 0.967680909269244, -0.246516335469198, 0.05313524426110214, -0.2515166357456465, -0.9282277032415593, 0.2741034711164591
0.009583470439768614, 0.02057127238853887, 0.03584508026778864, -0.028661945927023053, -0.272753785182586, -0.9616568335556338, 0.9674078421899243, -0.24971704095631803, 0.04199364625101338, -0.25159602485951776, -0.9291107426591259, 0.2710215270975659
0.009582267888526693, 0.020559300200058393, 0.03579959041116066, -0.03956630159053108, -0.26914245680610377, -0.9622872989512132, 0.9670035584193909, -0.2528739100634142, 0.030966168853700536, -0.25167166265331253, -0.9293100255316387, 0.2702669988431855
0.009579031304303072, 0.020547524006024123, 0.0357540742211732, -0.05059790053223385, -0.2681150493039136, -0.9620572606651281, 0.9664961006766714, -0.2558633635369194, 0.020475023232315426, -0.25164486849232554, -0.9287885978716224, 0.27207829870304984
0.009574389628489843, 0.020535726564550966, 0.03570858483150177, -0.06203681436801378, -0.269703326466168, -0.9609430520879748, 0.9658881935981934, -0.25875581491299215, 0.010267702582949189, -0.25141883606978843, -0.9275265731728644, 0.2765556452642323
0.009568971802479096, 0.020523690633753783, 0.03566317537582186, -0.0739331590415819, -0.2738961001822994, -0.9589133507773577, 0.9651786773737053, -0.2615913400593121, 0.0003025708481983794, -0.2509263014059646, -0.925500349600637, 0.2836989498602733
0.009563406767662923, 0.02051119897174747, 0.03561789898780896, -0.08211330753681896, -0.280417933741346, -0.9563593399771856, 0.9646975679003742, -0.263300116083755, -0.005625953908799546, -0.2502319068633467, -0.9230594949982993, 0.29213894208239033
0.009558305301665557, 0.02049804244794022, 0.03557280672236467, -0.08366852778110988, -0.2887100643122004, -0.9537536769123287, 0.964763353218427, -0.26307160777313227, -0.005000147037436872, -0.24946192043211404, -0.9205649504236539, 0.3005477038771338
0.009553933633276989, 0.020484165795006705, 0.03552791020209102, -0.07990613384289985, -0.2981002508481809, -0.9511841305544012, 0.965279616037081, -0.26121765263128804, 0.0007751239290002221, -0.2486971504412267, -0.9180967151657016, 0.3086229883925734
0.009550249791566448, 0.020469651376665614, 0.035483185777307975, -0.07227280727835318, -0.3078949790050878, -0.9486713462688554, 0.9660578970634409, -0.25812505757511617, 0.010178122282870978, -0.24800963862210706, -0.9157358443106285, 0.31609979847388764
0.009547200939995866, 0.02045458640882972, 0.035438608554808154, -0.06221227579036349, -0.3174070911595994, -0.9462464643118015, 0.9668994292413967, -0.25423258316145075, 0.021709154560166772, -0.24745732252985553, -0.9135745903540979, 0.3227171228579254
0.009544734242027179, 0.020439058107411832, 0.03539415364138418, -0.05116300117952025, -0.32597019875502636, -0.9439945851719241, 0.9676438286982447, -0.25003322358286406, 0.03389406861035665, -0.24707846545683917, -0.9117164123938816, 0.32821550127793087
0.009542796861122325, 0.02042315368832475, 0.035349796143828695, -0.040525064596503325, -0.3329595167694392, -0.9420698908956335, 0.968200397277656, -0.2460387279259735, 0.045309326544957194, -0.24687184904488, -0.910276279243412, 0.332342271755989
0.00954133596074324, 0.020406960367481256, 0.03530551116893432, -0.030977674348778097, -0.3380906763757517, -0.9406035712454678, 0.9685715609402599, -0.2425164071451417, 0.055271363319176404, -0.2467985312551304, -0.9093296909334913, 0.33497760844138796
0.009540298704351866, 0.020390565360794165, 0.035261273823493706, -0.022549342988078543, -0.341371409933383, -0.9396579630966261, 0.9688016623614892, -0.23949571442948914, 0.0637584643441445, -0.24680937205953296, -0.908904485218333, 0.33612166043499236
0.009539632255410135, 0.02037405588417627, 0.03521705921429947, -0.015242635492528996, -0.34281670163231515, -0.9392786440376371, 0.9689310989900122, -0.23698909304194102, 0.0707721356832298, -0.2468606640865433, -0.9090175349579889, 0.3357781018256736
0.009539283777379986, 0.020357519153540362, 0.03517284244814425, -0.00905819766557355, -0.3424373596063577, -0.9394969950994402, 0.9689939605366034, -0.2350039845191329, 0.07631403346514058, -0.24691831341283468, -0.9096756465938599, 0.3339484458646333
0.009539200433723348, 0.020341042384799234, 0.035128598631820655, -0.003995668327578707, -0.3402392938687338, -0.9403303980741671, 0.9690178063125251, -0.23354372433941517, 0.08038544564121615, -0.24695855053809668, -0.9108757059716659, 0.3306310974284508
0.009539329387902168, 0.02032471279386569, 0.03508430287212134, -5.4344865361054834e-05, -0.33622320844135367, -0.9417823268420562, 0.9690237760986037, -0.23260728077090453, 0.08298659101305879, -0.246967444012847, -0.9126049567243034, 0.325820924067184
0.009539617803378378, 0.02030861759665253, 0.03503993027583892, 0.0027679960923541074, -0.3303771401799186, -0.9438449467175057, 0.9690266550439445, -0.23218929677225342, 0.08411582656522326, -0.24694064066487115, -0.9148437438770323, 0.3195015559853788
0.009540012843613915, 0.020292844009072542, 0.03499545594976603, 0.004497065804982722, -0.3225716410127208, -0.9465343695891375, 0.9690348952543603, -0.23228210581866937, 0.08376392478755684, -0.2468828632742999, -0.9176015255713151, 0.3115385884456025
0.00954046167207072, 0.02027747924703854, 0.03495085500069533, 0.005184944417548648, -0.31261421316738325, -0.9498660274360404, 0.9690514348524715, -0.23286669271342558, 0.08192936003092746, -0.24680444275124636, -0.9208938359824377, 0.3017318509667116
0.009540911452210721, 0.020262610526463297, 0.034906102535419405, 0.005085684725498096, -0.3010053932562482, -0.9536088763437157, 0.9690738133465282, -0.233795641881058, 0.07896544892193286, -0.2467186253546561, -0.924518983616927, 0.29050743335590135
0.009541309347495862, 0.020248325063259624, 0.03486117366073091, 0.004660143695469418, -0.2889732037180335, -0.9573258434794673, 0.9690960482621579, -0.23481460057772735, 0.07559730549557833, -0.24663968112087523, -0.9280929861217886, 0.2789485199963153
0.009541603272059183, 0.02023471372154017, 0.03481604249560788, 0.004379175185426411, -0.2777991135432378, -0.960629208039859, 0.9691148417870483, -0.23568884310600416, 0.07257542740775033, -0.246570976095646, -0.9312778434763412, 0.2681871212368255
0.009541752306766408, 0.020221921634820242, 0.03477066846462833, 0.004715244110992908, -0.26878644874582713, -0.963188253377075, 0.9691276486267927, -0.2362167946483534, 0.07066276666789449, -0.24651443596689712, -0.9337855593746696, 0.2593745592059062
0.009541728025402228, 0.020210121779571138, 0.0347250037833218, 0.006141660404452865, -0.2632512727508824, -0.9647077523284018, 0.9691266861057409, -0.23622976070653176, 0.07063261593796048, -0.24648680752766683, -0.935357828615111, 0.2536729906064965
0.009541597407263876, 0.02019915465167894, 0.034679098682903683, 0.00909059658198004, -0.2624646550377379, -0.9648987853188048, 0.9690980826012471, -0.2355626503077421, 0.07320617513966156, -0.24650814865308224, -0.9357470505622306, 0.2522125889239399
0.009541525360855757, 0.020188517597035934, 0.03463310452939275, 0.012040981137606332, -0.2658128211322612, -0.9639494586828462, 0.9690486405066088, -0.2346192808710034, 0.07680185789332439, -0.24657604730698598, -0.9350386821759203, 0.2547605066119576
0.009541681273367797, 0.020177692267943553, 0.034587177314097634, 0.0117067195655249, -0.27072404917864695, -0.9625858101558176, 0.9690287972171291, -0.2344021375087897, 0.07770989702241696, -0.2466701094193181, -0.933683097805475, 0.2595953196639602
0.009542234531989921, 0.020166160316703242, 0.03454147302832704, 0.008121296104095416, -0.2769301553023549, -0.9608557298750959, 0.9690369707379254, -0.23495807523646492, 0.07590818285429404, -0.2467820777379404, -0.9317211986240248, 0.26644739469913353
0.009543354523912048, 0.020153403395616443, 0.03449614766338963, 0.0020453694125054634, -0.28471649619795547, -0.9586095833324044, 0.969041263687728, -0.23610812330453698, 0.07219406748549842, -0.24689035164310802, -0.9290799055529988, 0.27541910493495786
0.009545192487080904, 0.02013892046617468, 0.03445135218271056, -0.005959260875499216, -0.2936595910346271, -0.9558914853701718, 0.9690100970594527, -0.2377608656155998, 0.06700151176317239, -0.24694922353926851, -0.9258692215292051, 0.2859759878350911
0.009546979177753042, 0.020123088393561066, 0.03440698254010774, -0.0155391824294747, -0.302619021581297, -0.9529849220143003, 0.9689161288275101, -0.23990707448768905, 0.06038320055007252, -0.24690092974173947, -0.9224241559000593, 0.29694041069670485
0.009547114147187669, 0.020107215061315846, 0.03436266066004957, -0.026354832799902327, -0.3104379791398179, -0.950228227267363, 0.9687312663468107, -0.2425236861032616, 0.05236406478675151, -0.24670864676819432, -0.9191357477470194, 0.3071226478515281
0.009545576055899873, 0.020091562216314137, 0.03431830039793601, -0.03807222391681633, -0.31597063644165346, -0.9480047798786061, 0.9684153327312126, -0.24561201040741634, 0.04297073044203514, -0.2464188489079572, -0.916426373065662, 0.3153418044798274
0.009542693257386462, 0.020076153575871895, 0.03427388227073207, -0.050330782450826846, -0.3180951100317203, -0.9467218774866225, 0.9679207117806805, -0.24917565774830466, 0.032264334669737216, -0.2461631736143093, -0.9147278243060104, 0.32043205113802814
0.009538794105144254, 0.020061012857305098, 0.03422938679540279, -0.06182602118148388, -0.3164435243297628, -0.9465944427338593, 0.9672768019109287, -0.252824304980966, 0.021341492353105278, -0.24607545913770604, -0.9142993857159974, 0.3217196010340632
0.009534206952670057, 0.020046163777929706, 0.034184794488913185, -0.06822008466988079, -0.31342079175084775, -0.947160718857104, 0.9668252349932641, -0.25501263048077866, 0.014748670295776554, -0.24616048632518986, -0.9147327290490626, 0.3204201138795761
0.009529260153460688, 0.020031630055061686, 0.03414008586822827, -0.06384744998390433, -0.31312597973753054, -0.9475629920717485, 0.9670846959254426, -0.25376696056129755, 0.018695470956226572, -0.2463142180982395, -0.9151800099111063, 0.3190217162228309
0.009524282061012952, 0.020017435406016994, 0.03409524145031302, -0.050348564839958254, -0.3141055585454325, -0.9480520661384682, 0.96781720726272, -0.2496963408187127, 0.03133034803404964, -0.24656616828905364, -0.915963664930333, 0.3165686168631485
0.009519614260528641, 0.02000359342371897, 0.034050245830473766, -0.03181853317854511, -0.3132074573357682, -0.9491515525013005, 0.9685100541983082, -0.24427603203828532, 0.048140368594567516, -0.2469328974907071, -0.9177310656400892, 0.3111170765097127
0.009516024266657737, 0.019989791796230658, 0.03400521488608872, -0.010833687680689243, -0.3103577977268949, -0.9505580827079159, 0.9688847080469172, -0.2383351691250791, 0.06677401943091378, -0.24727525902135336, -0.9202577815743977, 0.30328297302633217
0.00951478655168192, 0.01997533030709977, 0.033960420751513835, 0.01058717438435728, -0.3067043870061991, -0.9517459381209393, 0.9688495016692469, -0.23236469368579407, 0.08565799579466682, -0.24742383647055366, -0.9230054540030946, 0.29469030697790854
0.009516990045607356, 0.019959654604186347, 0.033916087711847946, 0.03069418307257097, -0.3034067316892338, -0.9523666427858363, 0.9684562042697094, -0.22670161805816358, 0.1034357616171383, -0.24728616527621283, -0.9255002601487845, 0.28687771075410823
0.009521841379012349, 0.019943684673158636, 0.03387194159590171, 0.0500047424297367, -0.30121991151620553, -0.952242663736878, 0.9677506843829418, -0.22108201490367094, 0.1207532838579594, -0.24689702025517357, -0.9275717263868614, 0.2804506263084718
0.009527696830545211, 0.019928866862212163, 0.03382751935004178, 0.06985474839582806, -0.30051842398623263, -0.9512144821076824, 0.966656683169248, -0.2151018639793999, 0.13894619461077726, -0.24636389956887716, -0.9292038877218599, 0.27547225637402684
0.009533661701282652, 0.019915201040909342, 0.03378277971043833, 0.08418349993913692, -0.2977541233649475, -0.9509235617846309, 0.9656834838489328, -0.21093106241432308, 0.15153711073579684, -0.24570011672643854, -0.9310481023706222, 0.2697793241015291
0.009539129155037206, 0.01990213473657516, 0.03373784258807779, 0.0806127197378543, -0.286421619070089, -0.9547063661386861, 0.9662112698848391, -0.21280609472377912, 0.14542815406908216, -0.24482110073274507, -0.9341714094199646, 0.2595889182117071
0.009543628216332103, 0.01988914001146115, 0.03369282153499677, 0.060525974398764046, -0.26929173194027517, -0.9611548103878413, 0.9678920442611737, -0.21952178676011877, 0.12245479081510534, -0.2439704840324059, -0.9377057898116297, 0.24735855488489106
0.009547750514431767, 0.01987589001960596, 0.03364777771013323, 0.033548770914944764, -0.2548374427514565, -0.9664017579361053, 0.9693163445537927, -0.22730349118967663, 0.09358924657169564, -0.24351653773608398, -0.939888823566321, 0.23939234570918863
0.00955247888316247, 0.019862211531286905, 0.03360273755638514, 0.005208789696072766, -0.24617136196650147, -0.9692123240330055, 0.9698998615919181, -0.23471590596269953, 0.06482824979966076, -0.24344840725270747, -0.9403765756523643, 0.2375389841067209
0.009555678108620179, 0.01984958456354162, 0.033557446387995245, -0.023137641878988795, -0.24076076499108576, -0.9703086640699375, 0.969618856310668, -0.241824270900828, 0.036882183911412056, -0.2435239680505226, -0.9399762103607677, 0.23904142097288902
0.009552733053728779, 0.019840616832461938, 0.03351147435959731, -0.0503023102895893, -0.23686211456552647, -0.9702401848321256, 0.9685812742133045, -0.24847784559428732, 0.010443921301547743, -0.24355696011993028, -0.9392311211477019, 0.24191921842790787
0.009545370683778727, 0.0198333451183695, 0.033465277048899164, -0.07527040775454961, -0.23335896765799943, -0.9694730310483406, 0.9669883756179931, -0.25444486537836586, -0.013830831582393174, -0.24344988629313236, -0.9385102038316782, 0.24480757783958168
0.00953751948716744, 0.01982439945013183, 0.03341956532372507, -0.09927338771732967, -0.22953947757359933, -0.9682233330830051, 0.9648758514704402, -0.2600476862374155, -0.03727991593016026, -0.24322702510271726, -0.9379162164702165, 0.2472929136507481
0.00953011272064758, 0.019813755800482474, 0.0333742853861381, -0.12431925314365243, -0.22497807047646984, -0.966400326522342, 0.9620400696296271, -0.2658002383337836, -0.06188002689661722, -0.24294778806325176, -0.9374087161459448, 0.249482005701383
0.0095228306833435, 0.01980263879678549, 0.03332910731392845, -0.1460681708945133, -0.22282093927273233, -0.9638541998005449, 0.9591067381691578, -0.27067028803771187, -0.08277596252596908, -0.24244247616713083, -0.9365299910815453, 0.25324537815081793
0.00951559371364332, 0.019791334341757397, 0.03328395672523139, -0.15495650942244477, -0.22889828013329924, -0.961038010455169, 0.958004095879267, -0.27240090815276885, -0.08958737364213236, -0.24128123106897484, -0.934560497019623, 0.26149578379827754
0.009508390813841942, 0.019779864034404043, 0.03323883111340178, -0.154619606746989, -0.23886459852344402, -0.9586639039734627, 0.9584313279217582, -0.2717792349677157, -0.08686447546896442, -0.2397960943542276, -0.9322444695532375, 0.2709577127890278
0.009501210989489545, 0.019768249461200968, 0.03319372797520191, -0.1533055133424676, -0.2453631893638356, -0.9572326388522328, 0.958905348516553, -0.2709702884748684, -0.08411679588640243, -0.2387424389695946, -0.9307910657441084, 0.276821313785258
0.009494043246136308, 0.019756512208623716, 0.03314864480739418, -0.15299607615073202, -0.24826070848625412, -0.9565347987942638, 0.9590930760399541, -0.27059662307554416, -0.08317414906285922, -0.23818621323388614, -0.9301312209586426, 0.2795053481121367
0.009486876589332413, 0.01974467386314783, 0.03310357910674089, -0.15306444564132146, -0.2501368043834507, -0.9560349651416262, 0.9591712693908417, -0.2704307546453761, -0.08281112797863432, -0.2378271461706512, -0.9296767104939048, 0.28131736972600174
0.009479700024628031, 0.019732756011248836, 0.0330585283700044, -0.15336992261654037, -0.2515605753245266, -0.9556123396958568, 0.9591828432772691, -0.2704053559964166, -0.08275999402480178, -0.2375835431992932, -0.9292998549396446, 0.28276463642051347
0.009472502557573346, 0.019720780239402293, 0.03301349009394707, -0.15391271265262352, -0.252532769808741, -0.9552685889615739, 0.9591377215524105, -0.2704819911345933, -0.08303206348824752, -0.23741463303503751, -0.9290138280158112, 0.28384432243088337
0.00946527319371853, 0.019708768134083725, 0.03296846177533123, -0.15469293930717504, -0.2530538545828941, -0.9550046288941464, 0.959040129588102, -0.27064298239644147, -0.08363256494449983, -0.23730175803845868, -0.9288251303449424, 0.28455535994171305
0.00945800093861377, 0.019696741281768685, 0.03292344091091923, -0.15571063783412156, -0.2531240334958598, -0.9548206223852089, 0.9588893091163587, -0.2708887000730662, -0.0845612501981654, -0.23724563247327307, -0.9287343731334118, 0.2848981818700243
0.009450674797809236, 0.01968472126893271, 0.03287842499747343, -0.1569657526772577, -0.2527432446953881, -0.9547159811940455, 0.9586840742898853, -0.27121975252892133, -0.08581778103106831, -0.2372479677245048, -0.9287414592334068, 0.28487313617046184
0.009443283776855112, 0.019672729682051335, 0.03283341153175614, -0.1584581320407059, -0.25191116307793243, -0.9546893663945847, 0.9584232386724482, -0.27163531474324365, -0.08740223885550374, -0.23730974687691564, -0.9288460699712641, 0.28448033734539885
0.009435816881301575, 0.019660788107600108, 0.03278839801052973, -0.160187519540721, -0.2506272079999939, -0.9547386873870353, 0.9581053833260561, -0.2721340372266245, -0.08931483764957071, -0.23743216510199744, -0.929047398356438, 0.28371975359870855
0.009428263116698801, 0.019648918132054567, 0.03274338193055655, -0.16215354294950549, -0.24889055628437234, -0.9548610995853682, 0.957728785574801, -0.272714327278957, -0.09155582438164585, -0.23761692235684675, -0.9293440625996605, 0.2825912445926424
0.009420611488596973, 0.01963714134189025, 0.03269836078859894, -0.16435570005039457, -0.24670016057802863, -0.9550530009542505, 0.9572914059528131, -0.27337440342456887, -0.09412544629985756, -0.23786628165805895, -0.9297340836621167, 0.2810945850192298
0.009412851002546262, 0.019625479323582697, 0.032653332081419226, -0.16679226206828232, -0.24405663007088943, -0.955309741723901, 0.9567911537210855, -0.2741118798989194, -0.0970224997583272, -0.23818276485761866, -0.9302145121512143, 0.2792309651669366
0.00940497066409685, 0.01961395366360745, 0.03260829330577979, -0.16941193992931566, -0.2410455891416577, -0.9556132159847608, 0.9562374332856487, -0.2749073339977018, -0.10017948341626898, -0.23855725893935908, -0.9307647294937788, 0.2770694002189928
0.009396959478798919, 0.01960258594844005, 0.03256324195844294, -0.17209476524202633, -0.2378718677929603, -0.9559290592345125, 0.9556568531437768, -0.275718895048873, -0.10343630867525307, -0.23896311601505682, -0.9313410038357148, 0.2747736591426797
0.009388806452202643, 0.019591397764556037, 0.03251817553617105, -0.17471623773751907, -0.23475008224952282, -0.9562252010665108, 0.9550790327454585, -0.2765049447963092, -0.10662577883977997, -0.23937058608117745, -0.9318998950461538, 0.2725147851624226
0.0093805005898582, 0.01958041069843095, 0.032473091535726445, -0.17715251979257884, -0.23189580196023998, -0.9564733774467312, 0.9545354488719519, -0.27722587947484206, -0.1095805119363006, -0.23974791256226052, -0.9324002084848638, 0.27046402651632095
0.009372031398063736, 0.01956964545031587, 0.03242798754409417, -0.17928335579443833, -0.22952038148007195, -0.9566492945799558, 0.9540585068619049, -0.27784465954666343, -0.11213701728613626, -0.24006216657257218, -0.9328036983452848, 0.26878879540234135
0.009363411323465527, 0.01955908212060052, 0.032382865281555324, -0.18103634534369614, -0.227755674106649, -0.9567409234358192, 0.9536698864870993, -0.2783400127685446, -0.11419538037805906, -0.24029063500744502, -0.9330885221693773, 0.26759338654661574
0.009354684794592434, 0.01954864420809259, 0.03233773223075301, -0.18237735916748382, -0.2266689854121946, -0.9567443074904083, 0.9533818141243953, -0.27870233213112716, -0.11570707221923751, -0.24041966508580695, -0.9332449737967397, 0.2669310838459082
0.009345898611845522, 0.019538251013856898, 0.032292596301684406, -0.1832731185631897, -0.22632550993021255, -0.9566544452240592, 0.9532058067786489, -0.278921630405078, -0.1166251002813641, -0.24043638230431807, -0.9332628180994904, 0.2668536273266854
0.009337099575625856, 0.01952782183895828, 0.032247465404346635, -0.1836899642748374, -0.22679006528227624, -0.9564644600370522, 0.9531526687127674, -0.27898709198983485, -0.11690249196995317, -0.24032891451183833, -0.9331304671868326, 0.2674126849220979
0.009328333124942538, 0.01951727836142559, 0.032202347297881545, -0.18359479361802808, -0.2281250807805756, -0.9561652050117748, 0.9532319659870889, -0.27888711472732586, -0.11649376060311899, -0.24008700668037636, -0.9328348861175397, 0.2686583415145223
0.009319622801940554, 0.019506580490789335, 0.03215724731504825, -0.18300301025160126, -0.23030670864924324, -0.9557555745011403, 0.9534394221700526, -0.2786243161430695, -0.11541992334880047, -0.23971476068629657, -0.9323772361040136, 0.27057258379989674
0.009310974476052487, 0.01949571899279436, 0.03211216883029974, -0.18199812893267647, -0.2331912447221889, -0.9552478863886175, 0.9537521061518555, -0.2782224008421547, -0.11379462061331032, -0.23923545112692793, -0.9317800915744786, 0.2730425971703897
0.009302393512332818, 0.01948468551381992, 0.03206711516219904, -0.18066872841564227, -0.23662605734403508, -0.9546553930913984, 0.9541453787806391, -0.2777069650674402, -0.11173825533174427, -0.2386742690870246, -0.9310676401523409, 0.27594862336479525
0.009293885275836022, 0.019473471700245285, 0.03202208962930917, -0.17910357864543397, -0.24045880020716262, -0.9539923865101496, 0.9545947159882309, -0.2771045114056329, -0.10937101062893362, -0.23805637215531053, -0.9302648306593007, 0.2791711097421705
0.00928545513161658, 0.01946206919844972, 0.03197709555019316, -0.17738882405104764, -0.2445426440279566, -0.9532744097863964, 0.9550768472544011, -0.2764418303497324, -0.1068088492189816, -0.23740560427331922, -0.9293970140282924, 0.28259470868173436
0.009277108444728972, 0.01945046965481249, 0.03193213624341404, -0.17556329321742511, -0.2488109256547301, -0.9525075607833718, 0.9555809378872578, -0.27573059641819647, -0.10410431953273747, -0.23673318572004443, -0.9284749654534052, 0.2861671492417271
0.009268850580227672, 0.019438664715712872, 0.031887215027534846, -0.17362743575187134, -0.2532613132927416, -0.9516891408140925, 0.9561058921380227, -0.27496932820464504, -0.10125903202007185, -0.23604032827715168, -0.9274969410924879, 0.2898868532563912
0.009260686903167158, 0.019426646027530112, 0.031842335221118595, -0.17158059029013545, -0.25789323943661213, -0.9508160590190823, 0.9566508883716528, -0.2741558825409371, -0.09827324074196118, -0.23532781138959383, -0.9264608081948693, 0.29375362476996536
0.009252622778601914, 0.019414405236643492, 0.03179750014272833, -0.1694220855269565, -0.26270605683889503, -0.949885090227158, 0.9572150668601002, -0.27328796854909865, -0.09514726492296467, -0.23459640387633954, -0.9253643682066358, 0.29776721334260975
0.009244663571586414, 0.019401933989432275, 0.031752713110927075, -0.16715124527604444, -0.26769902880244467, -0.9488928765571463, 0.9577972201228208, -0.2723643672563077, -0.09188110020057312, -0.23384812662851132, -0.9242049996766405, 0.3019274287722742
0.00923681464717514, 0.019389223932275726, 0.03170797744427786, -0.16476739384278496, -0.272871319115463, -0.9478359294363364, 0.9583955439023453, -0.27138592579340054, -0.08847406800518848, -0.23308729556624147, -0.9229793727302068, 0.3062342080176046
0.009229081370422564, 0.01937626671155311, 0.03166329646134372, -0.1622698617169378, -0.2782219816490299, -0.9467106320865171, 0.9590087042046544, -0.2703513419689324, -0.08492618651103362, -0.23231615793585128, -0.9216846970753525, 0.3106871769787746
0.009221469106383171, 0.0193630539736437, 0.031618673480687684, -0.1596579915910295, -0.28374994964177763, -0.945513242529901, 0.9596360622004696, -0.2692562478781859, -0.08123854444127772, -0.2315339151085545, -0.9203189876650648, 0.31528559608338463
0.009213983220111435, 0.01934957736492674, 0.03157411182087276, -0.15723336415189304, -0.2886481753908695, -0.9444362869145806, 0.9601997626975746, -0.2682382079358222, -0.07787605228117354, -0.2308551167139244, -0.9190922122653964, 0.31933590534122513
0.009206629076661837, 0.019335828531781528, 0.031529614800462014, -0.15569985379016246, -0.2909969855231826, -0.9439694433328564, 0.960522017445328, -0.2676434945849465, -0.0759237367963065, -0.23055370205763162, -0.9185247488352061, 0.3211810645800005
0.009199412041088852, 0.019321799120587305, 0.03148518573801844, -0.15497765415355522, -0.29091116870292727, -0.9441147274759345, 0.9606269984109248, -0.2674488067134006, -0.07527885301726647, -0.2306028981541172, -0.9186086368587415, 0.3209057114659176
0.009192337478446963, 0.01930748077772335, 0.031440827952105094, -0.1549377167090397, -0.28861939974180617, -0.9448243995757459, 0.9605469642716484, -0.26759694612270557, -0.07577205193422144, -0.23096283980222856, -0.9192881574993129, 0.31869334808246125
0.009185410753790646, 0.019292865149568923, 0.031396544761284985, -0.1554485608565803, -0.28434557222282936, -0.9460355915529234, 0.9603110491418787, -0.2680250246697191, -0.0772351930587392, -0.23159972759837674, -0.9204945310582069, 0.31472429913861044
0.009178494800411108, 0.019278324247107414, 0.031352247761289795, -0.1563774610452106, -0.2783098528433555, -0.9476759548956402, 0.959945874112862, -0.26867015159313723, -0.07950011582767585, -0.23248657692595254, -0.9221496491639687, 0.3091763511267036
0.009171264909605998, 0.019264756790492606, 0.03130771882087282, -0.15759115070405152, -0.2707305048022691, -0.9496683752706949, 0.9594759539690141, -0.26947470313478356, -0.08239707595340157, -0.23360420153546743, -0.9241690203311994, 0.30222623791631315
0.009163765555629798, 0.019252102337803993, 0.031262968271519226, -0.15895626472243712, -0.26182596299217525, -0.9519349090188418, 0.9589249460427327, -0.2703869348171917, -0.08575461117109622, -0.23493797854419513, -0.926465363941569, 0.2940511446231481
0.009156062405086705, 0.01924024471998, 0.0312180197911188, -0.1603396819476704, -0.2518167724345911, -0.9544000730896584, 0.9583185604413139, -0.2713537507575153, -0.08940178221666589, -0.23646717130842448, -0.9289539574545413, 0.28482946094626277
0.009148221124580901, 0.01922906776795904, 0.0311728970575613, -0.16160887254067724, -0.24092710824059035, -0.956993574080285, 0.9576856230641684, -0.2723195574381958, -0.09316815986623794, -0.23816133122807076, -0.9315557885341554, 0.27474168441680114
0.009140307380716582, 0.019218455312679537, 0.03112762374873647, -0.1623386420887883, -0.23020236959888749, -0.9595066619444732, 0.9571371680917669, -0.2731174591506665, -0.09641211005032961, -0.23986372535679742, -0.9340309002052027, 0.26467276157515274
0.009132386840097942, 0.01920829118507993, 0.03108222354253409, -0.1617265113358836, -0.22183294366689138, -0.9615792638338279, 0.9568915838120945, -0.2734662627848088, -0.0978503957482599, -0.24125304632419778, -0.9359521078680211, 0.2564968214553599
0.009124525169329172, 0.019198459216098626, 0.031036720116843913, -0.159737975979556, -0.21595349477594078, -0.9632486008938774, 0.9569615069694425, -0.2733804274994576, -0.09740542099384046, -0.24229827322688102, -0.9373511774966048, 0.25032841795729105
0.009116788035014462, 0.019188843236674056, 0.030991137149555703, -0.1563785969768874, -0.21257164797529246, -0.9645512059422291, 0.957340595191604, -0.27287396615850057, -0.09507251648670598, -0.2429911916216835, -0.9382713323287661, 0.24617511597291158
0.009109241103758011, 0.019179327077744647, 0.03094549831855923, -0.1516497316326554, -0.21168915818641218, -0.9654999011921606, 0.958013784814671, -0.2719488877152229, -0.09084817320960578, -0.24333505090885088, -0.9387393156658463, 0.24404210747820904
0.009101950042164006, 0.019169794570248824, 0.030899827301744245, -0.1455502098249756, -0.21330154250924074, -0.9660836342590035, 0.9589569922755439, -0.27059568545679724, -0.08473170586037167, -0.24334465966145233, -0.9387653737624458, 0.24393226444836552
0.00909498051683664, 0.019160129545125002, 0.030854147777000518, -0.1387338938896141, -0.21688795103865505, -0.9662880126445114, 0.9600310283785619, -0.26895986277864353, -0.07746622983270836, -0.2430911994224103, -0.9384136661986265, 0.2455330117418567
0.009088398194380103, 0.01915021583331161, 0.0308084834222178, -0.13257242087419469, -0.22132119401984537, -0.9661477538664495, 0.9609994896202152, -0.2673826753864767, -0.07061505401014717, -0.2427025631781448, -0.9378291070236625, 0.24813712307101218
0.009082268741398591, 0.019139937265747066, 0.030762857915285866, -0.12731356410529326, -0.2262787082928085, -0.9657065820258997, 0.9618294764872685, -0.2659422986714892, -0.06448838606719512, -0.2422298795669819, -0.937055302503893, 0.25149959342770895
0.00907665782449629, 0.0191291776733698, 0.030717294934094464, -0.12310709293570894, -0.23151018922020392, -0.9650117491285504, 0.9625074824776112, -0.26469708820012194, -0.05928572908371718, -0.24171054971500475, -0.9361295229751075, 0.2554163784311178
0.009071630428399943, 0.01911782140588726, 0.03067181810788475, -0.12010255097770807, -0.23676682648574884, -0.9641145404590237, 0.9630216781486323, -0.2637074672178644, -0.055205245668606094, -0.24117343275004238, -0.935093493512497, 0.2596835260969677
