0.00039138749707490206, 0.001221634796820581, 0.007269765250384808, -0.47583237009651796, -0.15417033190651572, -0.8659186245416859, -0.3082266806721482, 0.9513129418450217, 2.4034069860448145e-17, 0.823759594111146, 0.26689922337467603, -0.5001849014832763
0.00038597961460980196, 0.0012198826355828182, 0.007259923998632825, -0.4504013683500831, -0.10632131601799977, -0.8864730030568182, -0.291462152619318, 0.9559981493094483, 0.033426817189546786, 0.8439125671412212, 0.2734288139116114, -0.4615715142250474
0.0003808575451349643, 0.0012186735247639606, 0.007249842820758392, -0.4282865987982586, -0.10675970753643176, -0.8973143006419517, -0.2945651197668117, 0.9552515324243661, 0.02694253176047687, 0.8542844839434832, 0.27585661972777814, -0.44056911585559505
0.00037598751211383993, 0.001217459563592897, 0.0072396394889550734, -0.4095868990272041, -0.15486946546091662, -0.8990294882889709, -0.3160831488571035, 0.9485332548039032, -0.01939349219949567, 0.8557628264617815, 0.2762247512424687, -0.43745842276401453
0.00037133625648097393, 0.001215700870931352, 0.00722943013904313, -0.3900083391687081, -0.20579244640031108, -0.8975204534624496, -0.33784883573859187, 0.938709635190773, -0.06842795474134825, 0.856593053654385, 0.2765387672724769, -0.4356313242025589
0.0003669030445130377, 0.0012133616349595333, 0.007219228053558911, -0.3677548309079102, -0.19395748879397814, -0.9094706575171231, -0.33623067461341827, 0.9395739251141743, -0.06441872937702034, 0.8670094104407979, 0.2821016337887428, -0.4107473072593684
0.00036272542326479755, 0.0012111583167204755, 0.007208896648981262, -0.3551238638145793, -0.15690434210181597, -0.921557414803332, -0.3252588427342581, 0.9449565814192048, -0.035549183615113646, 0.8764095655414627, 0.2871203348112533, -0.3866111570626209
0.00035869213283995337, 0.0012093762884055714, 0.007198430135531152, -0.36058614392920935, -0.12330065272177848, -0.9245402002317946, -0.3133072008763413, 0.9496413885454862, -0.004453205635610193, 0.8785307226758182, 0.2880593379840071, -0.38105850878168307
0.0003545919527258898, 0.00120797425204657, 0.007187917304110799, -0.38408460280979373, -0.09386666387409605, -0.918514053946694, -0.29994075430602146, 0.9535475291357849, 0.027975946550106823, 0.8732207978459845, 0.2862449285003789, -0.3943973619549642
0.00035021413077635806, 0.0012069043535439194, 0.007177448019591439, -0.3502420861662103, -0.10377342015080007, -0.9308928823168359, -0.3069869080117339, 0.9516671919507752, 0.009412442505626626, 0.884923453970645, 0.2890685611316665, -0.36517098403067544
0.00034624103437430403, 0.0012057271626279358, 0.0071668881031578795, -0.1908361688963137, -0.18602960842161523, -0.9638332539560347, -0.33405095333284796, 0.9355823908726919, -0.11443579189376535, 0.9230338656942079, 0.3001309292282923, -0.24068632720237493
0.00034407004544768563, 0.0012036108540568603, 0.007155923350859891, -0.20203138375466326, -0.22277908359796716, -0.9537047760651227, -0.34064814208526667, 0.9289675592174651, -0.14483824500249054, 0.918227729526849, 0.29561588900597924, -0.2635698823750024
0.0003417693991256201, 0.0012010739418713001, 0.007145062971919682, -0.24851766220858376, -0.2394850079963608, -0.9385552208130129, -0.3411154678705651, 0.9285194360564104, -0.14660114066722377, 0.9065755396820642, 0.2837227305142623, -0.31244552011463633
0.000338943620724495, 0.0011983508695674033, 0.0071343910983487375, -0.280109395687541, -0.24746425196009866, -0.9275236764899263, -0.34062571168115263, 0.9289539978932133, -0.14497790983430636, 0.8975036774238137, 0.2753287376937699, -0.3445014299109459
0.00033575767072330877, 0.0011955362237684266, 0.00712384149128911, -0.2971736148971752, -0.24711719268458912, -0.9222911339098047, -0.3390329138184935, 0.9302960218012413, -0.14002140967911458, 0.8926054704944886, 0.2710763820410626, -0.36024029361363846
0.00033237650960105927, 0.0011927245910976268, 0.007113347911882842, -0.29997076192093686, -0.23864915142080614, -0.9236147056639483, -0.33634340261110457, 0.9324844563710563, -0.1317036603377449, 0.8926873234859769, 0.27114446546537657, -0.35998614047618305
0.0003289650978367448, 0.0011900105581782612, 0.007102844121271988, -0.2884550600157976, -0.22200353053663943, -0.9314011545948127, -0.3327142302676161, 0.9353732699112627, -0.11990866070864134, 0.8978278895917138, 0.2753021583002569, -0.34367688648861733
0.00032568839590936354, 0.0011874887116335863, 0.007092263880598592, -0.2626172597826639, -0.19721478371303902, -0.9445308380086189, -0.32851207755489464, 0.9386837890353336, -0.10465447483426778, 0.9072551955016911, 0.2828057165039079, -0.3113020028009772
0.0003227074962190738, 0.0011852501783087878, 0.007081542758594581, -0.2332368329829091, -0.17397726479314393, -0.9567301035690259, -0.32540732287943624, 0.9411065906131798, -0.09180664094102942, 0.9163572741876069, 0.2899142915406777, -0.276114196672185
0.0003200580783938857, 0.0011832739104070786, 0.007070674930568141, -0.21386579694496496, -0.16435597527736265, -0.9629374508698486, -0.3246988528533986, 0.9416576192753958, -0.0886091587607093, 0.9213208322038431, 0.2937142173120337, -0.2547545538277921
0.0003176260329366686, 0.0011814048822186083, 0.007059724569704337, -0.2055004477972653, -0.16920196462757658, -0.9639192191886681, -0.32618534964206214, 0.940464962436597, -0.09554460794841223, 0.9226985876406277, 0.2947818678197464, -0.24845717291052893
0.0003152884587355045, 0.001179480204430607, 0.0070487599575931046, -0.20812785305600634, -0.18853014606729965, -0.9597599599931954, -0.32992471737528983, 0.9372717401507787, -0.11256716208364816, 0.9207781913398756, 0.2932201717797973, -0.2572731101656246
0.00031292245467847546, 0.0011773369877303057, 0.007037849375824374, -0.22104687059482567, -0.22182467311611603, -0.9497010558050163, -0.33626339147022255, 0.9314109572281242, -0.1392858941613732, 0.915459017409943, 0.2885609868854722, -0.28047699422680655
0.000310410928126486, 0.00117481662381419, 0.007027058906763725, -0.2286341018611958, -0.25707851522483505, -0.9389553154841388, -0.3437032880838403, 0.9237072958216176, -0.16921253324228525, 0.9108207821665474, 0.28403427373419055, -0.29954971894129684
0.0003078123045310628, 0.0011718947049486254, 0.007016386870448922, -0.22387537320454184, -0.2765086737221988, -0.9345709018736448, -0.3483255719028961, 0.918276880299411, -0.18824682484998667, 0.9102467320628224, 0.28339111571108194, -0.30189462119252924
0.0003052670542107258, 0.001168751064001015, 0.00700576168710105, -0.21870933230454745, -0.2745056104276101, -0.9363828799196748, -0.3482422685565315, 0.9183815340542615, -0.1878900750405459, 0.9115336254650729, 0.2849947854819567, -0.29645306862064
0.00030278109192799366, 0.0011656308926451299, 0.006995118279720358, -0.21379124778292893, -0.25072845363446455, -0.9441549369195124, -0.34370784648176295, 0.924008545121439, -0.167550364993427, 0.9144168735529148, 0.28869265851530046, -0.2837222766740056
0.0003003523089191535, 0.0011627824832067862, 0.006984392174268038, -0.20783146381712175, -0.20927117415480712, -0.9555164353978957, -0.3360213362260667, 0.9326741630377777, -0.13118142857367235, 0.9186379832384906, 0.2938102810822815, -0.26415861614164643
0.00029798980135279176, 0.0011604036098481442, 0.006973530417501522, -0.19218591553848793, -0.1908989424662592, -0.962612158469805, -0.33358701360378235, 0.9351960884450855, -0.11886118168654435, 0.9229215991748938, 0.29827147017821803, -0.2434129245832712
0.00029580449572098546, 0.0011582329381165113, 0.006962584757070293, -0.16251959764819587, -0.21718423633178144, -0.9625063053659697, -0.33939437623587837, 0.9282575322869698, -0.15214930539428734, 0.9264981585301331, 0.3019419832376511, -0.2245711490792761
0.00029396017733379127, 0.0011557682699394308, 0.0069516619631275, -0.12640305255546086, -0.2645265151764638, -0.9560585709428358, -0.347190819330346, 0.9146273660451852, -0.2071601222580491, 0.9292366777508217, 0.30574908675226303, -0.20745286855759
0.0002925261521877865, 0.001152767253216503, 0.006940815610891, -0.09731974248278492, -0.295666823746797, -0.9503209968524136, -0.3513389423984766, 0.903584120188177, -0.24514625287382646, 0.9311765757778728, 0.3100272037728925, -0.1918158430457636
0.0002914199309593361, 0.001149406445752025, 0.006930013432075676, -0.07680141446956475, -0.3079469158542895, -0.9482986026306827, -0.3528452332439346, 0.8979531954559193, -0.2630214822928671, 0.9325244147541166, 0.3144022197541467, -0.1776216768898372
0.0002905454181932426, 0.0011458999542237939, 0.006919215463837763, -0.06487175143829198, -0.30184547948779095, -0.9511471822899514, -0.3527149942202176, 0.8985643670398258, -0.2611019171483601, 0.9334793991929122, 0.3185457342346666, -0.16475687082284873
0.00028980651843430827, 0.0011424618853096056, 0.00690838174333349, -0.061467115629710065, -0.2773332191001182, -0.9588055482107567, -0.3514035782824829, 0.9051301844441342, -0.23927990801234114, 0.9342041098531042, 0.32221985474469667, -0.15309162727554979
0.00028910713622733555, 0.001139306345687256, 0.006897472307719088, -0.06664205007517059, -0.2349421816944075, -0.9697221294899123, -0.3488709820632605, 0.9160251046560827, -0.19795718101152318, 0.9347983071422384, 0.32511563927391246, -0.143010300550417
0.00028834966364194335, 0.0011366359257109046, 0.006886450168878698, -0.08355053495384487, -0.19893209141522733, -0.9764452524919613, -0.3457906609154795, 0.9247734710335229, -0.1588170208014429, 0.9345844675215624, 0.32437640215924113, -0.14605417758374484
0.0002873998938443207, 0.0011343745435149861, 0.0068753503212193, -0.11560591290599291, -0.19490075594196873, -0.9739861232247723, -0.34415918906453263, 0.9276808047395064, -0.14478527929421894, 0.9317669909819811, 0.3184682399409882, -0.17432227243032916
0.000286086124121296, 0.0011321596506456274, 0.006864281739628846, -0.1480107660917693, -0.21386017510384547, -0.9655861632321996, -0.34530188464478995, 0.9260714485476664, -0.152178450003879, 0.926746686846888, 0.3108946729832782, -0.2109148660690773
0.0002844041110963515, 0.0011297293166264214, 0.006853308696612125, -0.1512755665263537, -0.22879136446592044, -0.9616497358799374, -0.34734442316513453, 0.9231103780988216, -0.16498206430497475, 0.9254553228915001, 0.3090659175516984, -0.21911344992883497
0.00028268498479248655, 0.0011271292850298978, 0.006842380313436856, -0.15085312412688293, -0.23988807345817575, -0.9590083665712641, -0.3489980111822281, 0.9205672979620605, -0.17537456518457945, 0.9249020073132119, 0.30823621159000086, -0.22259091340985954
0.0002809706038868481, 0.0011244030602002339, 0.006831481595617698, -0.1514591502601993, -0.2479306292959566, -0.9568649480775065, -0.3501542990776195, 0.9187172416818663, -0.18262145732066704, 0.9243657785962868, 0.3073906844609547, -0.22596210847552844
0.00027924918179281585, 0.001121585183153359, 0.006820606264151782, -0.1531047480570296, -0.25293744262273854, -0.9552913619633867, -0.3508175940761748, 0.9176353546142288, -0.18674145669513972, 0.9238430341832956, 0.3065420135666355, -0.22922923484912416
0.0002775089319237691, 0.0011187101949052005, 0.00680974804003623, -0.15579650348552174, -0.25492043080722093, -0.9543285720645415, -0.3509821762161083, 0.9173668891190812, -0.18774850925262854, 0.9233303642143967, 0.30570175777224523, -0.2323950813048094
0.00027573806769308755, 0.0011158126364716866, 0.006798900644268176, -0.15953667873785307, -0.2538829222156709, -0.9539871644548089, -0.35063197862476075, 0.9179277583955101, -0.18564979378571705, 0.9228246115611463, 0.3048804555464741, -0.23546261725121903
0.00027392480251415066, 0.001112927048868745, 0.006788057797844746, -0.16432290433644645, -0.24981900236551693, -0.9542475827412574, -0.349740486534996, 0.9193046921955618, -0.18044521325180066, 0.9223229234865084, 0.30408773234762587, -0.23843463642470084
0.0002720573498003378, 0.0011100879731123045, 0.006777213221763064, -0.1701473632198718, -0.24271429078473125, -0.9550600231599006, -0.3482708708351727, 0.9214549519440557, -0.17212835927147113, 0.9218228003890095, 0.3033323995003553, -0.24131344781491448
0.00027012392296502867, 0.0011073299502182923, 0.00676636063702026, -0.17699547559546988, -0.23254816880803234, -0.9563440546177743, -0.3461764069846336, 0.9243056602606127, -0.16068895935129543, 0.9213221460846054, 0.3026225298853736, -0.2441006094622326
0.00026811273542160267, 0.0011046875212026366, 0.006755493764613461, -0.1839330902816989, -0.22155924946987765, -0.9576430009527396, -0.3438560708799206, 0.9272099894175715, -0.14847436830406135, 0.9208320263861631, 0.301982010223476, -0.24672909168345153
0.0002660224615346416, 0.0011021696517269904, 0.006744610806278683, -0.1857427669046131, -0.2227313468526876, -0.9570216150494232, -0.3439595405624363, 0.9270861225388004, -0.14900723422723525, 0.9204300402522162, 0.3014996990465499, -0.24881011329152905
0.0002639117675719133, 0.0010996386368350148, 0.006733735660081886, -0.18147788305527435, -0.23815903667181182, -0.9541205642964261, -0.34694538977679307, 0.9233486645622974, -0.16448750762185943, 0.9201601352343001, 0.301176886401624, -0.2501955407736477
0.0002618500458785046, 0.0010969329757146565, 0.006722896151529, -0.17621893736603508, -0.2539251372119133, -0.9510357042748167, -0.3499715761313707, 0.9191910844979623, -0.18057587347036194, 0.9200362938567749, 0.30101457584537494, -0.2508454566359921
0.0002598479935027095, 0.0010940480904019433, 0.006712091278229518, -0.17176473849111273, -0.26529717039806444, -0.9487435301438741, -0.352133080786863, 0.915965263830499, -0.19237964775796054, 0.9200538940880759, 0.30103994225800795, -0.25075044394509655
0.0002578961259137572, 0.0010910333566859919, 0.006701310126271418, -0.16814669181379166, -0.2723128589274668, -0.9474029749239905, -0.3534823949680296, 0.9138271198213819, -0.1999254649278669, 0.9202048068119096, 0.3012734670390132, -0.24991480864196294
0.0002559849402047849, 0.0010879381994828522, 0.006690541772717857, -0.16538163002563736, -0.27500366238267393, -0.9471124020548879, -0.35406247003181585, 0.9128717143179363, -0.2032363169150669, 0.9204828535964332, 0.3017254030974991, -0.24834068808920337
0.00025410493346893014, 0.0010848120437085742, 0.006679775294631997, -0.1634754482682065, -0.2733837792556351, -0.9479119616575239, -0.35390466279669963, 0.91313632169433, -0.20232040839545423, 0.920883959825701, 0.30239604369511064, -0.24602716373051475
0.00025224660279933033, 0.0010817043142792085, 0.006668999769077, -0.1624243455976171, -0.2674475062226832, -0.9497842720178375, -0.3530283135620593, 0.914601348653113, -0.19716841244336064, 0.9214061763308916, 0.3032757894345915, -0.24297006762585216
0.0002504004452891231, 0.0010786644361108063, 0.006658204273116029, -0.16221421159709437, -0.25717362722942066, -0.9526532816369218, -0.35144152077700996, 0.9171891201068525, -0.18775775731393982, 0.9220495686403609, 0.30434494149776964, -0.23916260066081324
0.00024855696972517243, 0.0010757417988595923, 0.006647377890961689, -0.16219640794118984, -0.24441786435503926, -0.9560084899388167, -0.3494692853217057, 0.9202709985828696, -0.17599007865224772, 0.922802006861554, 0.3055506451497193, -0.23468118667860646
0.0002467138128981234, 0.001072964299277098, 0.006636514064830679, -0.16067692169177306, -0.23427971375687326, -0.9587992191056756, -0.34799161787001864, 0.9224872586047166, -0.16709007033382242, 0.9236258770345614, 0.30680657332259414, -0.22974978963686768
0.000244887833159431, 0.0010703018757877599, 0.0066256179888471, -0.15738915318061772, -0.22763461544228486, -0.9609428371727068, -0.3471554749291553, 0.923716946584448, -0.16195702769381942, 0.924506209112627, 0.3081062875780809, -0.22440763103569417
0.00024309909637281328, 0.0010677147952785845, 0.006614696818182213, -0.152342218731064, -0.2244948708118593, -0.962493585106552, -0.3469426392528779, 0.9240319911763115, -0.16061034945167268, 0.9254310635916346, 0.3094623276941922, -0.21865592669248252
0.00024136766840198798, 0.0010651633246365779, 0.006603757708007276, -0.14553701801678753, -0.2248618685080332, -0.9634604903564323, -0.3473141318681447, 0.9234627446590244, -0.1630627272907528, 0.9263864583376953, 0.31089178071782053, -0.212495718758389
0.00023971361511067297, 0.0010626077307487462, 0.00659280781349355, -0.13696726703019577, -0.2287271490628046, -0.9638069615041597, -0.34821029117910995, 0.9219978696229723, -0.16932076519925215, 0.9273562211357825, 0.3124161002450136, -0.2059286755856481
0.0002381570023625861, 0.0010600082805020954, 0.006581854289812294, -0.12696638731697804, -0.23598110709796855, -0.9634274511267011, -0.3495280742414471, 0.9196308171625027, -0.17919063993996182, 0.9282831797510609, 0.3139937534694674, -0.19924422444180095
0.0002367139910022519, 0.0010573262839078592, 0.006570904645688272, -0.1205276973765579, -0.2453041296436049, -0.961924611466459, -0.35088674453152563, 0.9169659524929131, -0.18987346966027852, 0.9286288637971429, 0.31464158331116737, -0.1965937622974568
0.00023534408681882883, 0.0010545381849005426, 0.006559971519294356, -0.12142650137221558, -0.255727410355391, -0.9590928507487837, -0.35209114600196567, 0.9145086525663993, -0.19926301535460908, 0.9280557255205778, 0.31349229013504326, -0.2010849431319015
0.00023396407308345552, 0.0010516318396232452, 0.0065490714168243485, -0.12974896769511346, -0.26721374210636006, -0.9548623049485031, -0.3531957643904831, 0.9122918118294845, -0.20730750610023488, 0.9265084767009285, 0.3103553867719912, -0.21274768272047756
0.0002324896843317295, 0.001048595384361466, 0.0065382209394226985, -0.14485596327712758, -0.2800697699290342, -0.9489877100758225, -0.35430846185009524, 0.910186681070215, -0.2145360563257524, 0.9238410381469722, 0.30515754877486584, -0.23107705784270388
0.0002308436416689938, 0.0010454128658139638, 0.006527437301511926, -0.16155926975021423, -0.29732083200295945, -0.941009524508039, -0.35618914755249137, 0.9068288424995083, -0.22536801365063225, 0.920341183216098, 0.2987670886628412, -0.2524090592833842
0.0002290075476670951, 0.0010420338644287497, 0.006516742886104193, -0.17722469409158534, -0.3204241081519315, -0.9305481173583574, -0.3593875631138865, 0.9012898433942899, -0.24190328165066038, 0.9162052102467036, 0.29155618516734605, -0.274887256175069
0.00022699252449571048, 0.0010383906813728786, 0.006506162667426561, -0.1914713013377798, -0.3456311615011617, -0.9186282387143208, -0.36338556146961026, 0.8943981642614505, -0.26077357512057003, 0.9117508840025511, 0.28388558252420176, -0.29684895410875445
0.00022481329882304238, 0.0010344568892319422, 0.0064957073238452664, -0.20328012106826618, -0.3589074349469334, -0.910967971730227, -0.36534989855642896, 0.8910004677889034, -0.269513669458086, 0.9084033487406782, 0.2780352847028019, -0.3122494779130204
0.00022249790252253785, 0.0010303688704786445, 0.006485331238566795, -0.21256470446078485, -0.3570913211349318, -0.9095614519028432, -0.36436937567188454, 0.8926638033768836, -0.2653041503881869, 0.9066703946252908, 0.2750220400455673, -0.319861959287431
0.00022007763765509992, 0.0010263030234171475, 0.00647497495842894, -0.2193568605451013, -0.3401648423301716, -0.91442356037795, -0.36029331842636997, 0.8992444161898889, -0.24808910626752714, 0.9066814724196758, 0.27504065152954293, -0.319814551853247
0.00021758380628163172, 0.0010224357463516124, 0.006464579030269492, -0.2234869487992744, -0.30775076577308275, -0.9248475819736307, -0.3530634621467174, 0.9099709224879419, -0.21748359000949363, 0.9085151486977882, 0.277925145304496, -0.3120221758050393
0.00021504771046303647, 0.0010189434375862017, 0.006454084000926244, -0.22454801278198352, -0.2594695063046416, -0.9392836447280916, -0.3427950341085835, 0.9233223951113388, -0.17311071392711613, 0.9121785760179623, 0.2831101022285964, -0.2962750672431895
0.00021250094409086643, 0.001016000600528446, 0.006443430885048325, -0.21911363085880406, -0.21583139978999152, -0.9515282568776214, -0.3341850794714597, 0.9328413151186752, -0.13463808326886878, 0.9166839964952623, 0.2884855068670756, -0.2765258810620094
0.00021001109187208526, 0.0010135480452604624, 0.006432618391401381, -0.2022812622525872, -0.2166955380805153, -0.9550525298210022, -0.33539596454618814, 0.931567045892368, -0.140329562008505, 0.9201042538254197, 0.29193472349715904, -0.2611173669233917
0.00020771037386855195, 0.0010110833813553864, 0.006421755761194262, -0.18750738923116328, -0.23368777875551477, -0.954060271179985, -0.33939362464288514, 0.9268803386438749, -0.16032718230911555, 0.9217662103459193, 0.2937394421859781, -0.2531090546953883
0.0002055777775792379, 0.0010084255570857643, 0.006410904853385012, -0.1906755808689433, -0.2298286009047026, -0.95436975909051, -0.33850083280229976, 0.9279712227151218, -0.15584157341592572, 0.9214445230465266, 0.2933397757188561, -0.2547386247288986
0.0002034109921307461, 0.0010058138473648965, 0.006400059654974948, -0.21255227722942338, -0.2030243825792807, -0.9558256271532418, -0.33176699287119227, 0.9350648091471044, -0.12483775525014636, 0.9191040158142019, 0.29057684486722446, -0.2661069434291717
0.00020099841808535692, 0.0010035094196618555, 0.006389210558790019, -0.24175311605198815, -0.16694096455792706, -0.9558693138874284, -0.32157023117152, 0.9432057575000778, -0.08339955301438677, 0.9155042421001932, 0.2872170144179716, -0.28170617551870886
0.00019825235271259898, 0.0010016131429579442, 0.006378352871962174, -0.2516262270651108, -0.15685476529362327, -0.9550292270175084, -0.31842051217342926, 0.9452602364596426, -0.07135448686292677, 0.9139434442459711, 0.286146235294024, -0.28779804159665295
0.0001953913252350096, 0.0009998296810401221, 0.006367494048173146, -0.23853725756569621, -0.17820051645020119, -0.9546436783899626, -0.32433062888280884, 0.9411966150939421, -0.09464974856906667, 0.915374032798352, 0.28704269311826663, -0.28230634496216017
0.00019268005208664043, 0.0009978042101337842, 0.006356643333287375, -0.20950934588771025, -0.214130885044116, -0.9540722184698217, -0.33371229229182586, 0.9328019935017509, -0.13607551907854173, 0.9190984386664134, 0.289876534044036, -0.2668888439998534
0.0001902978603661971, 0.0009953694699589154, 0.00634579521131022, -0.18253688422423847, -0.22557844466159074, -0.9569716041773468, -0.3372952085281604, 0.9286244510117045, -0.15455928081857495, 0.9235324727380471, 0.2945691672379646, -0.24559474243370988
0.00018822140203200372, 0.000992803389994186, 0.006334909128360325, -0.16042184376470595, -0.20717176901237247, -0.9650620136381995, -0.33556904753605366, 0.9309344587431837, -0.1440640408300469, 0.9282554855097157, 0.30073392167964663, -0.21886265549952127
0.000186397916412315, 0.0009904485065647596, 0.006323939445786683, -0.14297319919391313, -0.16015610303247854, -0.976682490358923, -0.3301679288272888, 0.9380099118554753, -0.10548243472152947, 0.9330315123757376, 0.3073880738127839, -0.18698868680086111
0.00018477367182665664, 0.0009886290558937438, 0.006312843861049007, -0.13245029741529143, -0.12900172464859982, -0.9827591127800789, -0.3267864063006223, 0.9417422185378027, -0.07957536352805489, 0.9357711062924126, 0.31061253815836914, -0.16689004693836668
0.00018326805442865347, 0.0009871626398509443, 0.006301672431107944, -0.1314853687880753, -0.16035773445732998, -0.9782622321210077, -0.3309085456629031, 0.9373266293605385, -0.1091710781245395, 0.9344576674210161, 0.3093609330399112, -0.17630848223142703
0.00018177580339931887, 0.0009853427111660166, 0.006290569957606161, -0.13334432116003983, -0.21162762868388996, -0.9682112573152626, -0.3377790553802575, 0.9281484939598862, -0.15635115255864337, 0.9317320439701477, 0.3061929456039587, -0.1952467113720026
0.00018026257286676112, 0.0009829410986603524, 0.006279582411801514, -0.13320664611160307, -0.24905036162218036, -0.9592861443842288, -0.3428223108788087, 0.9197409202351996, -0.19117924261964678, 0.9299079807139047, 0.30339834709630426, -0.20789562377264922
0.0001787483434556198, 0.0009801100133246573, 0.006268677705948399, -0.13118504994675753, -0.2721406524233947, -0.9532732808429257, -0.34594216728262495, 0.913703388356782, -0.21323727394884828, 0.9290395575895933, 0.30180388235393013, -0.21400915174316276
0.0001772544123435153, 0.000977010884363783, 0.006257821860612614, -0.12742111396254066, -0.2812568821839057, -0.951135335239278, -0.34724519877516585, 0.9109125504014542, -0.22284321270506258, 0.9290773012210236, 0.3018822481453766, -0.213734593855446
0.0001758020767080683, 0.0009738051409825842, 0.006246980896359964, -0.12195612392299918, -0.2765676919572626, -0.9532245357748145, -0.34690032525075165, 0.9117014880955546, -0.22013759548353856, 0.9299391744509965, 0.3038267736223784, -0.20712900195678835
0.00017441263372689936, 0.0009706542123859134, 0.006236120833756248, -0.11473774571484659, -0.25797225343816177, -0.9593151547663115, -0.3451316212913181, 0.9158891096785635, -0.20501537200179484, 0.9315145805048365, 0.30756699307345226, -0.19412143384658384
0.00017310738057762896, 0.0009677195277786231, 0.006225207693367265, -0.1056408507407376, -0.22514792848295803, -0.968580621814522, -0.3422288842523222, 0.9227620227805577, -0.1771712168986376, 0.9336591462831518, 0.3127597474320604, -0.17453348947422637
0.00017190761443787773, 0.0009651625163655674, 0.0062142074957588205, -0.09468839555865065, -0.1788672919390239, -0.979306182774789, -0.33864288276984594, 0.9308474804924701, -0.13727332592368005, 0.9361384009300424, 0.3186368778644752, -0.14871258981311103
0.00017083257323346975, 0.0009631317531678087, 0.006203088979154932, -0.08674809462066711, -0.14946978020547907, -0.9849535790508148, -0.33654408047738815, 0.9349544793328581, -0.11224171894199395, 0.9376635057286345, 0.3217435413194024, -0.13140868937759356
0.00016984654222699784, 0.0009614327897674295, 0.006191893404507138, -0.08668779315925228, -0.16682635854932834, -0.982168108121186, -0.3380260333907544, 0.9323195968956798, -0.12852458906524414, 0.9371358638251401, 0.3208568767183403, -0.13721238061946336
0.0001688614770459289, 0.0009595370806819581, 0.006180732668144994, -0.08776251603149487, -0.19658661181431655, -0.9765507896854053, -0.340627129966992, 0.9271608237320392, -0.15603193668918028, 0.9360934243494459, 0.31894593741242994, -0.14833270002880294
0.00016786429052234627, 0.000957303399050182, 0.006169636777426469, -0.08575279834091437, -0.21682994474012965, -0.9724357215984483, -0.34241951916730823, 0.922989907119944, -0.17560895264179105, 0.9356256358554591, 0.31792201310810436, -0.15339577279494504
0.0001668895526680081, 0.0009548387289848155, 0.006158583261656822, -0.08065263246098162, -0.22735880046580567, -0.9704654186151426, -0.3433960115101744, 0.9203688942681071, -0.18708361163556325, 0.9357212897845267, 0.31816516829227565, -0.15230427941962094
0.00016597251783661532, 0.0009522536188292147, 0.006147548896573167, -0.07252926111661531, -0.22832527709229003, -0.9708795363599991, -0.3436594598574142, 0.9195525278854207, -0.19058154189229085, 0.9362893152932956, 0.31982919863618087, -0.1451606068027762
0.00016514790953141655, 0.0009496577159221881, 0.006136510657430723, -0.06331086194247351, -0.222995459775757, -0.9727614094316754, -0.343527783581974, 0.9200209817471406, -0.18854722234040996, 0.9370060814463039, 0.3222334837729101, -0.13485245740518123
0.00016442829202601588, 0.0009471230570728848, 0.006125453847946099, -0.05559057285292728, -0.21573998954938395, -0.9748671422912535, -0.3432854221604301, 0.9209835667282392, -0.18424003025582214, 0.9375845599955338, 0.3244156696674233, -0.12525839745190206
0.00016379653088930072, 0.0009446712719223122, 0.006114374933980064, -0.049553493570770234, -0.20686744339986768, -0.9771132545084702, -0.34296996160318505, 0.9223504256884851, -0.1778800091920963, 0.9380384089752624, 0.32630591948886406, -0.11665500500915318
0.0001632334122897939, 0.0009423204607762822, 0.006103271162928028, -0.045201222227992055, -0.19637768600488617, -0.9794859130934258, -0.3425937068169755, 0.9240743829981694, -0.1694582153097244, 0.9383956529942474, 0.3279059912931129, -0.10904705092564895
0.00016271972239601825, 0.0009400887239406068, 0.006092139782185405, -0.04253374556299147, -0.18426924435222924, -0.9819550529806551, -0.3421584297703743, 0.9260978480617067, -0.158966615213849, 0.9386791195213914, 0.3292227534684299, -0.10243968553842273
0.00016223624737649658, 0.0009379941617210981, 0.006080978039147606, -0.0416869541265945, -0.17080233167898254, -0.984423060146739, -0.34166125813598447, 0.9283189554092236, -0.1465998012170007, 0.9388981747477111, 0.33022792207950974, -0.09705532924299332
0.00016176221495203732, 0.000936051927151904, 0.006069783926752686, -0.05363513674997053, -0.17682833627121, -0.9827792283098822, -0.3417557952600733, 0.9280104347624029, -0.14832265295042077, 0.9382570268918677, 0.32791519096201077, -0.11020607526076415
0.0001611526629774182, 0.0009340423105446939, 0.006058614848877048, -0.08734275902104445, -0.2260927585746202, -0.9701820999001736, -0.3451304936974418, 0.9204549034783248, -0.18343312945830678, 0.9344817733732167, 0.3188178714922148, -0.15842657621252126
0.0001601604337706285, 0.000931473856776851, 0.006047593408448385, -0.06927741221451264, -0.2309516014879826, -0.9704957485362812, -0.34588789358325905, 0.9180473972045755, -0.19377962111233643, 0.9357148097734675, 0.3222581795021511, -0.14348331092696034
0.00015937317193405974, 0.0009288493450329231, 0.0060365647882827085, -0.0404733238982415, -0.19052015154100632, -0.9808486029502312, -0.3448543027014668, 0.9239961432665419, -0.16524720008775134, 0.9377832478568346, 0.3315617575736807, -0.10309888919740422
0.0001589133665874787, 0.0009266849024847835, 0.0060254216602076095, -0.04479736965910797, -0.15641070405165988, -0.9866756748444189, -0.3435307683329962, 0.9298462742413224, -0.1318048462237744, 0.9380723889339067, 0.3330489422556324, -0.0953865566117044
0.00015840461340637258, 0.0009249085829407821, 0.00601421621684973, -0.05232061520084653, -0.13600244349720567, -0.9893259769094281, -0.34246661877704876, 0.9330501213883055, -0.11015482740526669, 0.938072048538075, 0.3330477538432859, -0.09539405333416531
0.0001578101529151217, 0.0009233633396545113, 0.006002975614957279, -0.06207164318225192, -0.12957826073326148, -0.9896244668852918, -0.34190023061636987, 0.9343047824551108, -0.10089006782622874, 0.9376840317597012, 0.3320904211609405, -0.10229667030759534
0.00015710454943164862, 0.0009218903502592198, 0.005991725993787848, -0.0740609051826194, -0.13714641963097235, -0.9877782351853761, -0.3421358286816028, 0.9338763171360039, -0.10401009097605328, 0.9367273120048779, 0.3302512435629867, -0.11608642930686094
0.0001562623672738761, 0.0009203307923881571, 0.005980493492599024, -0.0882555192280659, -0.15863098870881742, -0.9833855666761881, -0.343560444401033, 0.9315057589186805, -0.1194288162224592, 0.9349744297940716, 0.3273121301183265, -0.13670985739387828
0.00015525817075972672, 0.0009185258436745722, 0.005969304250648397, -0.0981334429773445, -0.19113357166983677, -0.9766461924106106, -0.3464103241377328, 0.9265689599685968, -0.14652593542954723, 0.9329360721401029, 0.3239412295516647, -0.15713804471340645
0.00015414061558234252, 0.0009163491921059436, 0.005958182089072419, -0.05115925119533474, -0.2127058294134834, -0.9757760814606262, -0.34850270875313044, 0.9194379254034228, -0.18215313151735993, 0.9359105689161029, 0.3307417897142301, -0.12116631350241142
0.00015356124995656733, 0.0009139403521975242, 0.005947131670881321, 0.041487554026956364, -0.21838772551245425, -0.9749797865629611, -0.34718666717668284, 0.9118608857836772, -0.21902315656695998, 0.9368779007936988, 0.3475867177026543, -0.03799042880894663
0.0001540290235119587, 0.0009114780233084694, 0.0059361387412692505, 0.11242840947226482, -0.22027639058713244, -0.9689366153126022, -0.3442069984015676, 0.9061117009515649, -0.24593317720479502, 0.9321380772154522, 0.361164639947721, 0.026052022119464724
0.0001553014531465281, 0.0009089850038973196, 0.00592517261919094, 0.1545537470499531, -0.22085297582743305, -0.9629834382485436, -0.34170540907379143, 0.9025933079420085, -0.2618448660333355, 0.9270116248907194, 0.36952575488924966, 0.0640325213543724
0.00015706233632003787, 0.0009064687511607982, 0.0059142010228036175, 0.16867095800912973, -0.22092606945457294, -0.9605944928842949, -0.34078029880642957, 0.90138851496358, -0.2671470251325149, 0.9248885856521762, 0.37241162297531105, 0.07675081239447443
0.0001589954704922503, 0.0009039367222956269, 0.005903191670264497, 0.15548386207293316, -0.2207577056684571, -0.9628555468100519, -0.3416012492316398, 0.9025598631960889, -0.26209593638750023, 0.9268944681884063, 0.36966434604307774, 0.0649223852478905
0.0001607845889294359, 0.0009013965121664434, 0.005892112304289292, 0.11088087064645825, -0.21090413331309651, -0.9711976519103281, -0.3446385844794522, 0.9084246997766364, -0.23661954890441203, 0.9321639762470351, 0.3609487655986367, 0.02804121966208964
0.00016205880176847588, 0.000898972859169246, 0.0058809515647487865, 0.02064571152810079, -0.1631729247180433, -0.9863814430708122, -0.3473095409849294, 0.9239793508199228, -0.16011946165045537, 0.9375232462911712, 0.3458854664442463, -0.037595302450042105
0.00016229311148309916, 0.0008971209975188063, 0.005869757048438654, -0.11474109953189555, -0.07242705122164422, -0.9907516350375349, -0.3351264750403594, 0.941694482950652, -0.030029094347444926, 0.9351602674436266, 0.32858153178722893, -0.13232328277035488
0.00016099890826899894, 0.0008963040685991667, 0.005858582029586022, -0.19559557787348142, -0.015000043003819036, -0.980569920314825, -0.3203580403697033, 0.9460059771838187, 0.04943093265326655, 0.9268835395489676, 0.3238019299546743, -0.18983997016120127
0.00015876852220149726, 0.0008961330223654462, 0.005847400542191169, -0.1623084247860059, -0.040334434940566745, -0.9859153658410598, -0.3262203835392555, 0.9451741367060098, 0.015037043111932137, 0.9312551941369168, 0.32406632756285286, -0.1665676401133763
0.00015691521340268057, 0.000895672466092602, 0.005836142928023507, -0.08763844581969282, -0.0812570712419445, -0.9928327105748936, -0.3324173609682127, 0.9419229621506108, -0.04774758109420853, 0.9390517562633264, 0.32585030573347734, -0.10955992566701413
0.00015591779527620174, 0.0008947476747524173, 0.005824843442588474, 0.006627336352708744, -0.11743857512779214, -0.9930580342985106, -0.33269626927978135, 0.9362465820055033, -0.11294038290322767, 0.9430107479876269, 0.3311351970947311, -0.0328665548065254
0.00015599305362412933, 0.0008934140721288722, 0.005813566527840216, 0.053473826998437106, -0.13621960319721954, -0.9892344360822328, -0.3310864438319636, 0.932195835695667, -0.14626240331117513, 0.942084028384329, 0.3353433220096218, 0.004747614843884994
0.00015660066776041758, 0.0008918662316022418, 0.005802326022695816, -0.008074182462302607, -0.1292336023356602, -0.991581304586222, -0.3309893195057782, 0.9360624727642541, -0.1193026297093733, 0.9435999565232437, 0.3272395500391394, -0.05033288129557327
0.00015650904170631428, 0.0008903996849772606, 0.005791073529618525, -0.05703898773593452, -0.12416121784391065, -0.9906212928569509, -0.32987224918268065, 0.9388539418262675, -0.09867915249149134, 0.9423008294049302, 0.3211499149942228, -0.09450861866509383
0.00015586048260445934, 0.0008889879157449092, 0.00577980971724254, -0.07183361224803782, -0.12647140151353709, -0.9893659165094583, -0.3296874811283536, 0.9391843346420827, -0.09611945874873634, 0.9413533326751651, 0.3192769489990002, -0.10916104112388142
0.0001550425717315401, 0.000887547888838646, 0.005768544612856384, -0.05460698663598695, -0.13569603368698072, -0.989244491241755, -0.3305054015849572, 0.9373330354630248, -0.11033113863655183, 0.9422230396958585, 0.3209257968305036, -0.09603320464819995
0.0001544211722831501, 0.0008860037377020178, 0.0057572875188643974, -0.0272814129833922, -0.14432797745711123, -0.9891537592451283, -0.3310213773780105, 0.9349975978861377, -0.12729626728980453, 0.9432288016300152, 0.32395821778478195, -0.0732837014984468
0.00015411094159292296, 0.0008843625115641757, 0.005746039353175245, -0.004035195165290339, -0.14759931147253064, -0.9890390085597296, -0.3310840257012443, 0.9334623273261492, -0.13795452652344115, 0.9435926478758914, 0.3268983430910654, -0.05263447690326445
0.00015406506821575997, 0.0008826845558255242, 0.005734795644355696, 0.014869632825977799, -0.1454743487185918, -0.9892502756555199, -0.33102386822506646, 0.9328530000914631, -0.1421565295217585, 0.9435052160348317, 0.3295792682880073, -0.03428430004837861
0.00015423407636742817, 0.0008810310953077156, 0.005723551832044897, 0.029432340299195017, -0.13797952682422834, -0.9899976704628523, -0.3310917503261791, 0.933169628068406, -0.139902459294396, 0.943139433069395, 0.3318977183230326, -0.018218516995229177
0.00015456849026369433, 0.000879463354832402, 0.005712303355881995, 0.03946401844226958, -0.12757110415330508, -0.9910439973247882, -0.33135683989835396, 0.9340236242848259, -0.13342606166118842, 0.9426798162159647, 0.3336547357118511, -0.005411232400291108
0.00015501670119672415, 0.000878014471371539, 0.0057010476152795945, 0.043737260930965485, -0.12984402229082964, -0.9905693220979515, -0.33120143574059063, 0.9335619492777042, -0.13699524015156442, 0.9425458402484348, 0.33406977824423434, -0.002173084034276323
0.00015551356999481887, 0.0008765394031591683, 0.005689794441714904, 0.04176500765423878, -0.15083571044548452, -0.98767619825024, -0.3304555012354542, 0.9308188597152485, -0.15612626973584345, 0.9428970494379894, 0.3329036480016561, -0.010968833498751253
0.0001559886933590552, 0.0008748234793698772, 0.005678558527622089, 0.04953183403810695, -0.17820274533628483, -0.9827463451834519, -0.32916512273819054, 0.9260692412178009, -0.1845158054017018, 0.9429723852741254, 0.3326252275833839, -0.012788220577104964
0.00015655288269230896, 0.0008727936718727851, 0.005667364615342966, 0.12163912479640107, -0.17053759825069503, -0.9778143233260853, -0.32708110357627473, 0.9232189904959079, -0.2017043561032902, 0.9371349289201059, 0.34435972931021014, 0.05651992416225445
0.00015793284840669823, 0.0008708589650998274, 0.005656271554261778, 0.22143796989455325, -0.1386511047007637, -0.9652673705529659, -0.325816542391198, 0.9224390128139835, -0.20724345187003654, 0.9191348139382077, 0.36039164641265115, 0.15908819881674155
0.00016045010985973448, 0.0008692828077612719, 0.005645298592646732, 0.20606583739810652, -0.15074211141662855, -0.9668576350751302, -0.3246237275529339, 0.9215780070807051, -0.21286947262300032, 0.9231231262226376, 0.357730055643655, 0.14097127764949802
0.00016278956168251643, 0.0008675714425404453, 0.005634321921863708, 0.11427183579777642, -0.19027221996337537, -0.975058167420598, -0.32406927212486164, 0.9206593405181709, -0.2176361311480911, 0.9391065192020916, 0.3408560708376127, 0.043544053156268914
0.0001640865125591777, 0.0008654119102220664, 0.005623255305700564, 0.07091214437055456, -0.2033392688854597, -0.9765370497374364, -0.3242363165069762, 0.9211383135927522, -0.2153485971384268, 0.9433145174536209, 0.33189960674973273, -0.0006100824659046461
0.0001648941615312546, 0.0008630959916589492, 0.005612133104398991, 0.09014572937625989, -0.18590976260674075, -0.9784228674978562, -0.3251750432738718, 0.923087470973961, -0.2053550879884214, 0.9413474059597009, 0.3366705824666034, 0.022759178248352697
0.00016591964047416767, 0.0008609811211248229, 0.005601002770717894, 0.14897934957501238, -0.15126024273382796, -0.9772028921203159, -0.32707857392072626, 0.925067238434602, -0.1930549425862062, 0.9331799182806017, 0.34838332816465656, 0.08834193101085656
0.0001676124286581357, 0.0008592624161342696, 0.005589899235135013, 0.15620016927927374, -0.1563807144629869, -0.9752674398651745, -0.3259205131095751, 0.923924523216849, -0.20034793368764653, 0.9324040573976058, 0.34915404557668245, 0.09334948422952548
0.00016938870048654512, 0.0008574840911882159, 0.005578808721683006, 0.14300648530555532, -0.18223854619221125, -0.9727991865962375, -0.32311339363458896, 0.9204499221093395, -0.21993107043537546, 0.9354928540691752, 0.3457760158985296, 0.0727465931494296
