0.0003356345114298165, 0.0012399428524076939, 0.007265004329383373, -0.24693767719281937, -0.13196399331500683, -0.9600037958523767, -0.47132188363615607, 0.8819612701279269, 0.0, 0.846686167117593, 0.4524707973590019, -0.2799869853207971
0.00033295656248312976, 0.0012385117510831983, 0.007254593438736213, -0.22324633574469444, -0.18413501839691132, -0.9572122902347923, -0.48488019555949596, 0.8728606544569983, -0.054822202209375386, 0.8456076333210056, 0.45189442672030133, -0.28414636645288655
0.00033054256073632767, 0.0012365206668641681, 0.007244242934514143, -0.20388019172813454, -0.22433628113785478, -0.9529460112651379, -0.49449112599859923, 0.8636934773459513, -0.0975300133225473, 0.8449327746806468, 0.45133890831092344, -0.2870222920178279
0.0003283378153045106, 0.0012340947107826227, 0.007233937846279251, -0.18933245727813025, -0.252641233909636, -0.948854903317489, -0.5008143667239058, 0.8560384579721221, -0.12799659587522177, 0.8445935061933394, 0.45096625749752967, -0.28860222434124383
0.0003262876353027781, 0.001231358993870579, 0.007223663203593609, -0.17985844105225154, -0.26931812249821657, -0.9461071239961623, -0.5043933287801461, 0.850980794596076, -0.14635250975201883, 0.8445343753005778, 0.45088738740695206, -0.28889834338915105
0.0003243373298462305, 0.0012284386271600568, 0.007213404036019304, -0.17556713735274967, -0.2746141875034463, -0.9453905162966164, -0.5055946203247066, 0.84913944050563, -0.15276220238168084, 0.8447190421557198, 0.45116433657771304, -0.28792443664947165
0.0003224322080499676, 0.001225458721683073, 0.00720314537311841, -0.1764831329318227, -0.2686320169344861, -0.9469374547816126, -0.5045831270028985, 0.8507061069177728, -0.14729218443890288, 0.845132872236399, 0.45181407584372246, -0.28568246207098125
0.0003205175790290896, 0.0012225443884716467, 0.007192872244453011, -0.182570949984668, -0.25128994067239985, -0.9505373290610726, -0.5013164833622444, 0.8554626654106944, -0.12986689954620095, 0.8457834425732206, 0.452810107887724, -0.28215842086264115
0.0003185387518986962, 0.0012198207385577954, 0.007182569679585185, -0.19372045204508917, -0.22236129413562908, -0.9555249035633633, -0.4955520790273676, 0.8627666700489786, -0.10030857403158919, 0.8466997835307979, 0.4540805302178517, -0.27732715093545135
0.00031644103577388753, 0.001217412882973538, 0.007172222708077011, -0.2091211530050056, -0.18316757223747437, -0.9605821067698933, -0.4872075437658473, 0.8712183891390679, -0.060061033320929866, 0.8478780293553474, 0.45544281628603767, -0.27143081702329885
0.00031417608113854206, 0.001215429027032507, 0.007161818811273198, -0.2152226962495739, -0.1707188291863634, -0.961527052339299, -0.48426793604420126, 0.8736712230650044, -0.04672429889884468, 0.8480352334299284, 0.4555805914976367, -0.27070753131767594
0.0003118446971047725, 0.0012135797278667378, 0.007151403140171012, -0.19962886668259963, -0.2178125787517971, -0.9553564759421024, -0.49464042183163076, 0.8640390524698197, -0.09363422930361807, 0.8458600171879785, 0.4538658351810018, -0.2802260426480816
0.000309685644720351, 0.0012112240126070867, 0.007141070643114688, -0.17455492645086013, -0.2713656598709222, -0.946515322799665, -0.5059232670576204, 0.8493971442404719, -0.15022030224265595, 0.8447320436099713, 0.45264243062151177, -0.2855566572496101
0.00030779540269592015, 0.0012082854145124644, 0.0071308209006622604, -0.14930457612324993, -0.29751344224290055, -0.942970781749592, -0.5115488769831633, 0.8393599204154488, -0.18382782829984173, 0.846183130300954, 0.454929308447974, -0.2775129443992244
0.00030617568891785256, 0.0012050578736421608, 0.0071205911889737575, -0.12433763374461072, -0.296478170616188, -0.946911213991507, -0.5129708343621685, 0.8360979841299645, -0.1944250087503927, 0.8493533280847092, 0.4615634899793182, -0.25604309947651416
0.00030482670215820567, 0.001201841268060724, 0.007110317785405057, -0.10059571618920038, -0.27404869584151337, -0.9564401780518986, -0.5121412996256054, 0.8384371625065445, -0.18637170854443075, 0.852989912661444, 0.47108432030321284, -0.22469484209096172
0.0003037365311638643, 0.0011988713608861322, 0.007099952698506388, -0.08253278759591282, -0.25445902755009153, -0.9635553654408809, -0.5114582473966947, 0.8406304335583414, -0.17818792143525505, 0.855335489817621, 0.4781119926061015, -0.19952474128456776
0.00030284241019579253, 0.0011961146728028261, 0.007089513997945868, -0.07145894760906861, -0.24438074623936162, -0.9670427444917298, -0.5112161704925713, 0.841473538250711, -0.17487227181786033, 0.8564762961305554, 0.4818717000315769, -0.18506220271887847
0.00030206822651366775, 0.001193467060540202, 0.007079037091445671, -0.06742343606517806, -0.2439601887042235, -0.967438631953761, -0.511327425802031, 0.8410745986393661, -0.17645901265250774, 0.8567370331039936, 0.4827804323406543, -0.18145167471571494
0.0003013378673229836, 0.0011908243805407886, 0.007068557386798354, -0.07043416370264803, -0.2532268470245571, -0.9648394646414036, -0.5118117922998846, 0.8393935682586099, -0.18294022747569316, 0.8562054180196995, 0.48093097374995514, -0.18872647043176402
0.0003005752198292339, 0.0011880824892471157, 0.0070581102917964735, -0.08046578710134858, -0.2720952862180218, -0.9589001054980093, -0.5127961507326687, 0.8362436111721929, -0.19425944138560813, 0.8547311652794221, 0.47608904418356784, -0.20681841578654997
0.00029970426011510787, 0.001185137336515297, 0.007047731180476677, -0.09285579963475629, -0.29554780972291556, -0.9508045501795717, -0.5142298639176434, 0.8319518128717543, -0.20838384801765134, 0.8526109590718571, 0.4695824456124706, -0.22923106081676425
0.0002986988762399769, 0.0011819373317402105, 0.007037436470109508, -0.09535280298028889, -0.3107858773910833, -0.9456849271179363, -0.5154579896115011, 0.8281436632532913, -0.22018431814979217, 0.8515931563308102, 0.4664656594302241, -0.23916288312122017
0.0002976659399879475, 0.0011785706556767667, 0.007027192070221024, -0.08600260803033698, -0.315884724388315, -0.9448917357613508, -0.5162725927775716, 0.8252672525169787, -0.22890297479456426, 0.8520951598024156, 0.46813545349737773, -0.23405776171727488
0.0002967342293390645, 0.0011751485133921018, 0.0070169555702774425, -0.0651156321575252, -0.31084828578172174, -0.9482263957912641, -0.5166632903085051, 0.8234587027958516, -0.23446707495374042, 0.8537089661566846, 0.4746462978011506, -0.21422393210691035
0.0002960289384913549, 0.001171781603731182, 0.00700668498890782, -0.04555944317312344, -0.2973454647141732, -0.9536823432106035, -0.5165601232344749, 0.8241430687547548, -0.2322796618464035, 0.855037996946182, 0.48205173668124857, -0.19114430920342135
0.00029553545698446506, 0.0011685608776253686, 0.00699635508654195, -0.04415138023866137, -0.2778623063984256, -0.9596057494127308, -0.5158945455476605, 0.828900552457658, -0.2162791992068638, 0.8555135729473812, 0.48550634683630745, -0.17994475175583508
0.00029505729066476016, 0.0011655515856005881, 0.006985962406922785, -0.056992677285825674, -0.2568001203156118, -0.9647826350746997, -0.5146216325547445, 0.835638085648896, -0.192024907550396, 0.8555211336036554, 0.48555400113575, -0.1797801489002076
0.0002944400751012544, 0.0011627705084777493, 0.006975514067133766, -0.06717213536976413, -0.24867994996284531, -0.966253686521476, -0.5138338858518481, 0.8387620015960048, -0.18014727982696221, 0.8552558926895835, 0.484393008996972, -0.1841216197370731
0.0002937124868553922, 0.001160076882503548, 0.006965047899563478, -0.07116304388262483, -0.25667938683210006, -0.9638731833394146, -0.5142026045398101, 0.8374669072861664, -0.18505366974210335, 0.8547113563477646, 0.48245711889870685, -0.19158190351419885
0.0002929417207440362, 0.0011572967910113946, 0.006954608200179789, -0.06904241409401518, -0.2803412847797805, -0.9574141784536578, -0.5158545725173272, 0.8314739807321855, -0.20626458585597976, 0.8538894571717326, 0.4796454767986406, -0.2020223045051427
0.00029219390609186956, 0.001154260348512729, 0.006944238221663904, -0.06429987475065302, -0.30615725779575437, -0.9498069591269767, -0.5176610687115436, 0.8239403525916178, -0.2305413483772989, 0.8531661878247829, 0.47685430570582515, -0.2114649547379957
0.0002914969986521777, 0.0011509420952268412, 0.0069339438386864325, -0.06140656492796066, -0.3176905249460718, -0.9462039759709517, -0.5184238613523853, 0.8202391281743803, -0.24175291640891428, 0.8529161352467376, 0.47568950269185256, -0.21506641593830278
0.0002908311662944296, 0.001147497371824592, 0.006923684133963159, -0.06067340780734809, -0.3141056477439787, -0.9474472964974774, -0.5182523989189067, 0.8211411282460159, -0.23904329841612046, 0.8530727920874288, 0.4765132627306355, -0.21260743599875048
0.00029017355806746346, 0.0011440929403684122, 0.00691341523430333, -0.06209029671417583, -0.29532246974832965, -0.9533779071887981, -0.5172410181935189, 0.8264592608674993, -0.2223214322202844, 0.8535845149439377, 0.4793221557450621, -0.20406799567749218
0.0002895013230201171, 0.0011408955629207316, 0.006903093266516185, -0.0656046027942555, -0.2610050398654999, -0.9631056044157446, -0.5153888358702571, 0.8353377923768185, -0.19127237251449716, 0.8544415626317048, 0.4838255282556225, -0.18932108772046152
0.0002887916102012289, 0.0011380720015439802, 0.006892674357410972, -0.07288410575268041, -0.21682428489926545, -0.9734860741718673, -0.5127472409698475, 0.845352817481244, -0.1498962336229026, 0.8554403392443224, 0.48822724571089315, -0.17278883800498784
0.00028800250402418137, 0.0011357244748674711, 0.006882134557732213, -0.09290945493938524, -0.19338345423108833, -0.9767142226938845, -0.510145611913981, 0.8516620662265483, -0.12009654281300672, 0.8550551373027218, 0.487108370468399, -0.1777811789584171
0.00028699571384386993, 0.0011336289232050318, 0.006871550637193444, -0.12784254675647733, -0.19988885747506746, -0.9714426014418608, -0.5086910781245311, 0.8540481960904753, -0.10878908856639655, 0.8514045279861507, 0.48025631012191516, -0.21086537485505452
0.0002856110056170123, 0.0011314638556870157, 0.00686102859585224, -0.1510880079346236, -0.21861459788271553, -0.9640436045381587, -0.5094487162609006, 0.8529716038841108, -0.11358454325958324, 0.8471330588275183, 0.4739695143782418, -0.24024670670289358
0.00028397468260726416, 0.0011290962018826376, 0.006850587749129389, -0.15120054754435835, -0.23159024928648914, -0.9609913375560198, -0.5111989039743923, 0.8503962291729291, -0.1245067628036451, 0.8460579619610387, 0.4724322277786359, -0.24696905708701405
0.0002823371791426366, 0.0011265880771321678, 0.006840180203189362, -0.15094183739577913, -0.24156766302376007, -0.9585727024617514, -0.5125654083957207, 0.8482756277651293, -0.13306074348132887, 0.8452770337822471, 0.47124677560797695, -0.2518595097259
0.0002807023622619553, 0.0011239717124439438, 0.006829798119186796, -0.1516291655826799, -0.24877576409859642, -0.9566186363132698, -0.5134878555777184, 0.8467928142240344, -0.1388241763985523, 0.8445938777417797, 0.47016225813616686, -0.25614182146889614
0.000279059930447229, 0.0011212769984809787, 0.006819436122688277, -0.15327146131558256, -0.25323004672004734, -0.9551871034432723, -0.5139696927205288, 0.8460050281399984, -0.14181201404184895, 0.8440041552687707, 0.46920148742305057, -0.259820996243656
0.00027739958218046687, 0.0011185338259062877, 0.006809088839260411, -0.15587398936797303, -0.25494025854768965, -0.9543106223919705, -0.5140061068668967, 0.8459455168416108, -0.14203487120815247, 0.843505199475409, 0.46838194575284103, -0.2629017522777918
0.000275711015943678, 0.0011157720853828858, 0.006798750894469789, -0.1594384684897701, -0.2539088806601995, -0.9539966745683766, -0.5135838077005863, 0.8466239255370045, -0.13949767444685204, 0.8430961079458283, 0.46771594908683334, -0.26538791181287624
0.0002739839302188713, 0.0011130216675737858, 0.006788416913883003, -0.16396280859247903, -0.2501306853442127, -0.9542278751156354, -0.5126809705288294, 0.8480263813976443, -0.1341993998169697, 0.8427777998120759, 0.46721076261453115, -0.2672820297757867
0.0002722080234880556, 0.0011103124631420028, 0.0067780815230666525, -0.1694404625236724, -0.2435933647043392, -0.9549618852769899, -0.5112673506075122, 0.8501152497805446, -0.12613389034410036, 0.8425530403853156, 0.46686864829690705, -0.26858525531919974
0.0002703729942332401, 0.0011076743627505515, 0.006767739347587332, -0.1758593986867386, -0.23427924510579728, -0.9561311140247432, -0.5093046036608541, 0.8528286055083318, -0.11529176170297034, 0.8424264315555389, 0.4666868381895636, -0.26929742382211724
0.00026846854093643383, 0.0011051372570624455, 0.006757385013011635, -0.1827967012735932, -0.22316556933666581, -0.9574875950455621, -0.5069415507975614, 0.855841371151746, -0.10269280159808158, 0.8423749937399948, 0.4666183409251519, -0.26957687926415824
0.00026648877606892283, 0.001102720280439057, 0.006747015021165274, -0.1859741168545471, -0.22083163056205513, -0.9574168469394485, -0.5062751441781638, 0.8566421355233725, -0.09924580612466949, 0.8420802255412194, 0.4662592010773192, -0.2711148302162559
0.0002644745912288317, 0.0011003285727648187, 0.006736645758327147, -0.18308913345515232, -0.2329396781003162, -0.9551007672372389, -0.5085206957530486, 0.8538943763561607, -0.11077497920631174, 0.8413590619952203, 0.4654068117183552, -0.2747934286053412
0.0002624921482621616, 0.0010978063606717592, 0.0067263041680714125, -0.17791116207824417, -0.2491021932380829, -0.9519956490089362, -0.5115777282478613, 0.8498345263443892, -0.1267655544450673, 0.8406163490967363, 0.4644667643190249, -0.27863018227444264
0.0002605658770165078, 0.001095109293290159, 0.006715996766201557, -0.173381556543209, -0.26145110192386023, -0.9495168019332009, -0.5138978078811183, 0.8464756410832148, -0.13924091391448853, 0.8401475340115183, 0.4638127966707688, -0.281122412373693
0.0002586883349115208, 0.0010922780495174977, 0.00670571448583353, -0.16960313319920622, -0.2698293295271235, -0.947853844290329, -0.5154913483217965, 0.8440118351143869, -0.148029361926009, 0.8399425260185299, 0.4635042126170895, -0.2822417365873151
0.00025685129066314817, 0.0010893554123674644, 0.006695447874479681, -0.16659477355800936, -0.2742688550323404, -0.9471128636980941, -0.516399756657513, 0.8425410495343114, -0.15315309717299994, 0.8399865908139349, 0.46357434679765236, -0.28199530535793144
0.0002550465129873375, 0.001086384164853747, 0.006685187479652347, -0.16436570002168127, -0.2747893224087218, -0.9473514368736338, -0.5166556511793421, 0.8421152981004076, -0.15462458669212847, 0.8402683230735483, 0.4640394950814178, -0.2803863267774486
0.0002532657706000365, 0.0010834070899900354, 0.006674923848863874, -0.1629167406627852, -0.27139453812275893, -0.9485795381985367, -0.5162822950795907, 0.8427417568421822, -0.15244317978152688, 0.8407798328927529, 0.4648992750604014, -0.27741293525924127
0.0002515008322171926, 0.0010804669707900171, 0.0066646475296266005, -0.16224098548159932, -0.2640719371976162, -0.9507596303033999, -0.5152935387487617, 0.8443829851824863, -0.1465944857697299, 0.8415167446662829, 0.46613666056105413, -0.27306809064270166
0.0002497434665547537, 0.0010776065902673812, 0.006654349069452874, -0.1622841775561763, -0.2529140201270755, -0.9537810776787704, -0.513714185151355, 0.8469248736572246, -0.13717140501931693, 0.8424734901996589, 0.4677101204847458, -0.2673680263362652
0.00024798587058052525, 0.0010748674405221918, 0.006644019277555305, -0.1619489479380644, -0.24114904132923495, -0.9568801796085783, -0.5120862890172754, 0.849433016782708, -0.12740165854471183, 0.8435284054863059, 0.4693726556430602, -0.26105390108617726
0.0002462319372840945, 0.0010722557574061554, 0.0066336561104642046, -0.16005767808935592, -0.23235921983935137, -0.9593699665094233, -0.5110073511300571, 0.851036325629849, -0.12086628789488146, 0.8445430875779438, 0.47089952793997764, -0.2549521676907642
0.0002444983837780216, 0.0010697391199975083, 0.006623265361398515, -0.15656285554337884, -0.22674584971658515, -0.9612878819065634, -0.5105053830147726, 0.8517715774763982, -0.11776855996533495, 0.8455012277797376, 0.47230445629876516, -0.24911076729696863
0.0002428025816468009, 0.001067283134547701, 0.006612853223518198, -0.15147081502089293, -0.22431732635929763, -0.9626724932664913, -0.5105611441713714, 0.8516891080444244, -0.11812273828908948, 0.8463946539642878, 0.4736110221832987, -0.2435337541433723
0.00024116190247492668, 0.0010648534073081832, 0.006602425889983215, -0.14478118053856864, -0.2250734031236211, -0.9635249726749227, -0.5111382963952666, 0.8508047738117587, -0.1219380121917141, 0.8472166498127872, 0.47484018370971304, -0.23822415539680908
0.0002395937178468934, 0.0010624155445304062, 0.00659198955395353, -0.13648784192947636, -0.22900569809795013, -0.9638088292001193, -0.5121833840491979, 0.8490999714399015, -0.1292184955982322, 0.8479618211389863, 0.4760101141146363, -0.23318473610256923
0.00023811539934719546, 0.0010599351524658194, 0.006581550408589103, -0.12690924905148, -0.2360107073440027, -0.9634277287498907, -0.5135976293350681, 0.8465770226812082, -0.1397312413514579, 0.8485938472830142, 0.4770810106126683, -0.22865299400228223
0.00023674077217996348, 0.0010573787845690942, 0.006571114967992752, -0.12062631328321352, -0.24487884301681706, -0.9620206051776881, -0.5149469712495605, 0.8439506551828639, -0.15025614269413107, 0.8486924704182337, 0.47726475237457017, -0.22790227466226798
0.0002354341313888539, 0.0010547262233122957, 0.006560694228683064, -0.12101420523749087, -0.2547447139989189, -0.9594064273395021, -0.5159966606539864, 0.8418109427262469, -0.15843542186102894, 0.8479994152855728, 0.47587757605917563, -0.23331850393693673
0.00023412337399494125, 0.0010519669727203594, 0.006550302481152809, -0.1281463639933972, -0.2655793875257924, -0.9555344568966085, -0.5167819335448809, 0.8402185138123243, -0.1642232693884256, 0.8464720565717961, 0.4727583293485521, -0.24491757690022958
0.00023273555545375116, 0.0010490907615920812, 0.006539954092055359, -0.14175393629637523, -0.2774824825050844, -0.9502153931858287, -0.5173304518721413, 0.8391584639500598, -0.16787577534219264, 0.8439638766619394, 0.4677783067691274, -0.2625041535022997
0.0002312004207821397, 0.0010460857446536608, 0.0065296636646168665, -0.15779874814162625, -0.29279832677366874, -0.943063462829239, -0.5182467778584111, 0.8374879735608206, -0.17330369696104278, 0.8405473409179939, 0.4613924944984803, -0.28389634322435287
0.0002294913520885511, 0.0010429145379126867, 0.006519449640365279, -0.17299182467850643, -0.3134104827170665, -0.9337278500277563, -0.5201823333549233, 0.834088924580116, -0.18359195504763612, 0.8363517015346047, 0.45394882444592927, -0.30732116120490394
0.00022761714814151145, 0.0010395190296865404, 0.00650933357606435, -0.18708565851565856, -0.3381846193705691, -0.9222961127528109, -0.5231315865379413, 0.8289690192907112, -0.19784768945452225, 0.8314639496358569, 0.44546776345475314, -0.332003271337138
0.00022558857701274838, 0.0010358520914482497, 0.0064993331127399835, -0.19920562224475608, -0.3558071133090888, -0.9130818244739803, -0.5251685487817828, 0.8254205298814319, -0.2070723164034552, 0.8273542865281571, 0.4382718870392095, -0.35128711561139647
0.00022342652068763863, 0.001031990378052913, 0.006489423079520534, -0.2089903906786887, -0.35973686168832014, -0.9093472422274163, -0.5249344692853601, 0.8258245406619286, -0.2060524957301223, 0.8250859467716478, 0.43428472041179755, -0.36142767195772446
0.0002211579883704124, 0.0010280855348982238, 0.006479552369198043, -0.2165215473159758, -0.3499957568211211, -0.9113843260420416, -0.5222860700836418, 0.8302346433964967, -0.1947503476271025, 0.824824636237595, 0.43383569137578193, -0.3625615979995902
0.00021881007491079824, 0.001024290255590299, 0.006469669512029686, -0.22173226848688488, -0.32638323114173057, -0.9188627686119095, -0.5171591330439176, 0.8382337176793863, -0.17294700244484912, 0.8266687560449612, 0.4368503416215657, -0.3546555326005753
0.00021640987515852473, 0.0010207572337352553, 0.006459723038272637, -0.22438108653564895, -0.28846320317122076, -0.9308287213130462, -0.5095715081279985, 0.8489217267739623, -0.14024542743088414, 0.8306563706547003, 0.442855373939747, -0.33747460891665315
0.00021398448396332055, 0.0010176391629392093, 0.006449661478184073, -0.22365967165774958, -0.238527597857325, -0.9450295954806717, -0.5002118140427902, 0.8602543318858666, -0.09874525590438465, 0.8365192719632758, 0.4506296367661759, -0.31171852383523135
0.0002115655157446362, 0.0010150593921910034, 0.0064394406076076285, -0.21455121744841976, -0.21062469554944982, -0.953732149356465, -0.49595723961446675, 0.8647097459724263, -0.07939440593832975, 0.8414239071748553, 0.45597619767374203, -0.2899853713372405
0.00020924067376980213, 0.0010127770973666092, 0.0064291061216981945, -0.1963505998550211, -0.2230475996112916, -0.9548278432493548, -0.49991863912722145, 0.8604864192493932, -0.09820629582946576, 0.8435210703887369, 0.4580533709023421, -0.2804626770449878
0.0002071122353293518, 0.0010103592637291598, 0.006418755797904507, -0.1864566392459023, -0.2349495110032367, -0.9539563139685503, -0.5028250788852922, 0.8569979508585052, -0.11278941558640551, 0.8440384243179474, 0.45864282345160834, -0.2779314641619651
0.00020509140477684853, 0.001007812863922474, 0.006408416750323162, -0.19359264739617582, -0.22628430082253315, -0.9546294056205252, -0.5007089000020845, 0.8595603383263339, -0.1022087189774977, 0.8436898033832356, 0.4582045831040713, -0.2797071248459389
0.00020299535859918429, 0.0010053628620748632, 0.006398080886106987, -0.2174924856921529, -0.196903915657283, -0.9559947001245761, -0.4929273838569635, 0.8675224530742794, -0.06653861777880887, 0.8424485817611532, 0.45676431713829646, -0.28573894672901584
0.00020064275680020481, 0.0010032329654730233, 0.006387739954813796, -0.24409459759584404, -0.16412480629833967, -0.9557619344701145, -0.48320611387509343, 0.8750943464586836, -0.026865150470076534, 0.8407911030322891, 0.4552723720517006, -0.2929119121991537
0.00019799985324597173, 0.0010014559247757855, 0.006377391562680209, -0.2515613825719553, -0.15717018389671705, -0.9549944523882631, -0.48079517333232985, 0.8766557219943373, -0.01762800030979777, 0.8399719472094418, 0.4547221991375168, -0.2960993912738074
0.00019527383762390262, 0.000999752768384111, 0.006367042876528212, -0.23817293931493605, -0.17875819087616107, -0.9546303788235349, -0.4869940607047764, 0.8724016199883848, -0.04185926755110058, 0.8403037759146132, 0.4549295798651963, -0.2948366353547667
0.0001926938428997131, 0.0009978163805195084, 0.006356701897624395, -0.21034089123957833, -0.2134687467599298, -0.954037632187161, -0.4966976834254084, 0.8638701239706115, -0.08378436722225242, 0.8420499514591595, 0.4562450033345521, -0.28773664379060576
0.0001904145474073297, 0.000995503190966173, 0.006346363757181073, -0.18439193110953503, -0.22586942930086423, -0.9565472370191649, -0.5011479325870629, 0.858821770719681, -0.10618811516184154, 0.8454882408439572, 0.45979143863844807, -0.2715538023106602
0.00018841545373263978, 0.0009930544170707852, 0.006335993305938653, -0.16286347020894906, -0.21116096095233888, -0.9637876003773774, -0.5007242655946471, 0.8593762226453701, -0.1036712004197736, 0.8501474577484779, 0.4657075869270977, -0.24569441093020322
0.00018665089157420307, 0.0009907665704434378, 0.0063255510433108545, -0.1455600207971819, -0.16940162508003637, -0.9747386161252496, -0.49679626684208683, 0.8645278056535463, -0.07606012426778178, 0.8555733455392882, 0.47317519236759137, -0.20999878030741712
0.00018507499942854995, 0.0009889325593670278, 0.006314998125546732, -0.1338632339091466, -0.13026431778505698, -0.9824010597100243, -0.4931686563080534, 0.8686097951055276, -0.04797603862390691, 0.8595727491275502, 0.47806718289245415, -0.18051719474492894
0.00018362472249275032, 0.0009875212731600207, 0.006304354772947246, -0.13099623847161562, -0.14702609754350687, -0.9804199672321116, -0.4953375073154129, 0.8663591718798321, -0.06373805100758034, 0.8587669878103379, 0.47728933776150795, -0.1863173333491554
0.00018220715717887537, 0.0009859302420087161, 0.006293745236713274, -0.13297635970888969, -0.19708090335748704, -0.9713271360825707, -0.5015138173894685, 0.8586846518834187, -0.1055677961657567, 0.8548691003457868, 0.47309595871413745, -0.21302355532273048
0.00018076933998300914, 0.0009837992894661395, 0.006283242686770349, -0.1334893914677881, -0.23738863384794529, -0.9621991575995926, -0.5065444097762377, 0.8508313814821692, -0.139637821558439, 0.8518176702147019, 0.46875643654775523, -0.23382484877584714
0.0001793241520673116, 0.0009812292636297135, 0.0062728256897358475, -0.13222509444192962, -0.26455298650786585, -0.9552634410096472, -0.509969026477891, 0.8445494229456588, -0.1633029829346262, 0.8499694797067804, 0.4655620147004303, -0.24658445619110186
0.00017789002893347833, 0.0009783599024114295, 0.006262464831946793, -0.12933788992023817, -0.2789069858181603, -0.9515684964797905, -0.5118570197323057, 0.8406741206751056, -0.1768315983581552, 0.8492785771357608, 0.4641959888764297, -0.2514915154220738
0.0001764854060832053, 0.0009753309437232789, 0.006252130699740216, -0.12490071159516875, -0.28068342233970034, -0.9516389171669547, -0.5123292727117605, 0.839626864101898, -0.18040356260631765, 0.8496578891328315, 0.4650199409725205, -0.24867232643029363
0.00017512871901818812, 0.0009722821254772526, 0.006241793879453139, -0.118905111607414, -0.269907514624969, -0.9555163567321077, -0.5115469168327873, 0.8414473869893072, -0.17402886774249984, 0.8509884407631504, 0.46809852432777366, -0.2381227523981338
0.00017383840324012258, 0.0009693531855853419, 0.006231424957422588, -0.11127232285825563, -0.24638708040414187, -0.9627626274298619, -0.5097137930122428, 0.8457967285176896, -0.15754282986491763, 0.853117998508296, 0.4732032339689753, -0.21970065995008434
0.00017263289425070442, 0.0009666838619595374, 0.00622099451998559, -0.10187546784966693, -0.20979877164360053, -0.9724226778861381, -0.5070883156488981, 0.8519300231467217, -0.13067775554236358, 0.8558521070738653, 0.4797913203446501, -0.19317727542121105
0.00017153062755162946, 0.0009644138925118306, 0.006210473153479171, -0.0913970759013213, -0.1649385447121053, -0.9820600037599235, -0.5042602159346379, 0.8580658273732183, -0.09718369472224628, 0.8587014668336375, 0.48633148403385035, -0.16159665372523124
0.00017054131092623936, 0.0009626285351265735, 0.006199842963407234, -0.08600963571729806, -0.14972849439435157, -0.9849790457315213, -0.5033753231413752, 0.859704145723839, -0.08672984421501172, 0.8597764980598701, 0.4883545431258368, -0.14931246964758665
0.00016960951135729715, 0.0009610064267968324, 0.006189172030521918, -0.08716236593843914, -0.17400949954329206, -0.9808788997795327, -0.5052829528899456, 0.856293467022727, -0.10700764389993338, 0.8585405403839884, 0.48629434749222716, -0.16256059828346597
0.00016866566074382776, 0.0009591221391099948, 0.006178550437804369, -0.08764994669524556, -0.20082072076835292, -0.975698993006757, -0.5074596003852335, 0.8518517242412802, -0.1297435697212666, 0.8572060667197707, 0.4837558041173638, -0.1765731609321842
0.00016771647226095413, 0.0009569473891818691, 0.00616798429051242, -0.08529197872755602, -0.21872363504169798, -0.9720520818551259, -0.5089756365709917, 0.8482722788121047, -0.14621197753971094, 0.8565448498134188, 0.4822801182643395, -0.18367582253808698
0.00016679245486269476, 0.0009545778293803005, 0.006157453487392968, -0.08013151531632245, -0.22781538085922823, -0.9704015109721721, -0.5098519779255916, 0.8459093025577795, -0.15648773898159926, 0.8565219792033781, 0.4822215300981239, -0.18393611676707783
0.00016592412516620107, 0.0009521091519849313, 0.006146937918753424, -0.07223527698179938, -0.22824117968652988, -0.9709212268019811, -0.510167661227749, 0.8449346053992044, -0.16066882098372254, 0.8570361848818121, 0.48372665472784526, -0.17747535408905826
0.00016514143365811454, 0.0009496360883988207, 0.006136417687766695, -0.06343349940924518, -0.22309846757422505, -0.9727298005709138, -0.5101584399323688, 0.8449670650283821, -0.16052733469130276, 0.8577380470274529, 0.48606350694467315, -0.1674147839892783
0.00016445428013392874, 0.000947219338579533, 0.006125880436680632, -0.05601398712881812, -0.21624311853143502, -0.9747314229744172, -0.5100293812875685, 0.8454729298985213, -0.15825787510335895, 0.8583312084908441, 0.4882770100021196, -0.15764865376538206
0.00016384759694258833, 0.0009448772259755088, 0.006115323195521742, -0.05012318872484511, -0.2079189860472813, -0.9768609733186826, -0.5098151933660694, 0.8463896951795717, -0.15399010522416393, 0.8588225279795417, 0.4903000908983214, -0.14842400850242157
0.00016330475210152095, 0.0009426254189415365, 0.006104743582506354, -0.04576260409773216, -0.1981260864717121, -0.979107674326781, -0.5095322598579672, 0.8476774009363125, -0.1477156054920783, 0.8592337634370679, 0.4921270951708125, -0.13974355787838952
0.0001628091136281542, 0.0009404795858324055, 0.006094139215850807, -0.04293240256682176, -0.18686322543916078, -0.981447371889249, -0.5091876289719769, 0.8492868722715805, -0.13942656522002012, 0.8595840664598995, 0.4937549428265296, -0.1316103685985027
0.0001623440495399157, 0.0009384553950029054, 0.006083507713771432, -0.041631420366860954, -0.17412914368763005, -0.9838423990441002, -0.5087790407661082, 0.8511596555122095, -0.1291167243445086, 0.859889942094543, 0.4951830794231055, -0.12402824411275758
0.00016189292712301734, 0.000936568513424987, 0.006072846694834467, -0.04701860480346103, -0.1697334559989719, -0.98436771824201, -0.5084819702151857, 0.8522897181286054, -0.12267160363484919, 0.85978796035326, 0.49476538913601015, -0.12637987555253183
0.00016138344919008869, 0.0009347293382586319, 0.0060621804142753566, -0.07680590088701039, -0.20824539659654043, -0.9750562590872817, -0.5100177252253856, 0.8485209614205251, -0.14104643911106346, 0.8567279460510542, 0.48646277640363955, -0.17138026032424147
0.0001605521459004711, 0.0009324754087917658, 0.006051626961137245, -0.08570613349046244, -0.23902467588447063, -0.9672236881923637, -0.512093491292512, 0.843316287880383, -0.16302728229194272, 0.8546430335865149, 0.481336517328547, -0.19468035912249704
0.00015962378221981446, 0.000929886307885743, 0.006041150052348816, -0.04594998337128658, -0.20872155527465092, -0.9768950360155944, -0.5117940135092098, 0.8447493227939323, -0.1564144154971899, 0.8578784801848763, 0.49278179146851975, -0.14563865981518476
0.00015912615226702673, 0.0009276258914486391, 0.006030570456993515, -0.04193603519014278, -0.17124696121842803, -0.9843352311209761, -0.5107455869468465, 0.8504204986872838, -0.1261900187288719, 0.858708515368779, 0.49745296630528396, -0.12312689367973859
0.0001586722504738537, 0.0009257723709043139, 0.006019916337583719, -0.04803659909864296, -0.14506210211458992, -0.9882557723975774, -0.5096731563068921, 0.854460686135939, -0.10064894231074041, 0.8590260525078426, 0.49885260586489555, -0.11497964487071924
0.00015815224215553827, 0.0009242020370091727, 0.00600921821923411, -0.05614831606393894, -0.1315345562370611, -0.9897201761703677, -0.5088475846802544, 0.856651737983487, -0.08498197088172532, 0.859023574861747, 0.4988451265928039, -0.11503059378423706
0.0001575441094213073, 0.0009227774089003045, 0.005998498730582435, -0.06629060132771172, -0.1307218176054809, -0.989200365233217, -0.5084708323534851, 0.8574261020793742, -0.07923315037738109, 0.8585237147693502, 0.4977271198908997, -0.12330752330553699
0.00015682583438038784, 0.0009213610057147991, 0.005987780500266452, -0.07846155465884168, -0.14260323708504805, -0.986665141379477, -0.5088048374603067, 0.8568347621918494, -0.08337762095807158, 0.8572989104259429, 0.4954780591232094, -0.13978580439368288
0.00015597539914200703, 0.0009198153465897459, 0.005977086156923913, -0.09261141813562482, -0.16707807925416188, -0.9815844541676729, -0.5101708575610392, 0.8545491893904609, -0.0973210101033705, 0.8550724070664087, 0.4917627459912416, -0.16437937926884624
0.0001549707882507709, 0.000918002951730834, 0.005966438329116322, -0.0947346773899294, -0.1981353636838436, -0.9755858335163016, -0.5128117009422263, 0.8496777730475341, -0.12276742795108192, 0.8532581674244712, 0.48866149801969705, -0.18210008258257027
0.00015394307525388412, 0.0009158535140168843, 0.005955854852523516, -0.03467145319431023, -0.21456573616382418, -0.97609396842613, -0.5148761140396738, 0.8409273592141298, -0.1665645932260359, 0.856563177777798, 0.49679243290294406, -0.13963094601689932
0.00015356941677986203, 0.0009135411129443628, 0.005945335368938555, 0.05323710927623645, -0.21877791997529422, -0.974321318625018, -0.512880790346011, 0.8311879892211375, -0.21466210999748767, 0.8568075076059741, 0.5111386781547705, -0.06795694669592431
0.000154141563124615, 0.0009111898773320566, 0.005934864207212368, 0.11764233628294414, -0.22037069015704808, -0.9682959463064982, -0.5090104486295944, 0.8238555616067823, -0.24933988207960733, 0.852683202543471, 0.5222056802920472, -0.015250690834533509
0.0001554112052159403, 0.0009088115506789301, 0.005924413978756061, 0.1559077284914237, -0.2208643112395395, -0.9627625544324666, -0.5058096139272726, 0.8193443903390144, -0.26987294136080503, 0.8484393995185443, 0.529049833229983, 0.01602683075156169
0.00015710462769937051, 0.0009064125894852845, 0.005913956743751381, 0.1687742650234618, -0.2209268009358031, -0.9605761792247726, -0.5046158986087096, 0.8177858263436051, -0.2767474247447149, 0.8466865077093854, 0.5314298550700546, 0.02653802560677851
0.0001589481152204382, 0.0009039994502514212, 0.005903464562380071, 0.15684979855977443, -0.22078315261044087, -0.9626281422310242, -0.5056785628722615, 0.8192840563359066, -0.2703013616044645, 0.84834387588006, 0.5291771296618724, 0.016859231881066902
0.0001606679485771109, 0.000901578597729216, 0.005892909496295942, 0.1170839981750017, -0.21332152157866346, -0.9699408568581488, -0.5091826418130957, 0.825627730327692, -0.24304709047873962, 0.8526572433560822, 0.5223339729955422, -0.011951820242094888
0.00016195123123287095, 0.0008992405172655384, 0.005882278596274415, 0.036743243759907576, -0.17290469810604875, -0.9842529651521787, -0.513594589738572, 0.8416201534777744, -0.16702129999289153, 0.857245899044882, 0.5116439021750417, -0.05787906303516307
0.00016234947211087942, 0.0008973664933161157, 0.005871610791124007, -0.08834929351497846, -0.09104442778427103, -0.9919200141668878, -0.5063137011332803, 0.8616791121605837, -0.033993289203424336, 0.8578116567056684, 0.4992194105156399, -0.12222578199501738
0.0001614003795937378, 0.0008963884483120225, 0.00586095508777207, -0.18862817087885597, -0.019596065509765715, -0.9818530477456563, -0.4882599213759728, 0.8693431192128007, 0.07645122795146687, 0.8520690478645649, 0.4938203471849811, -0.17355057584830647
0.00015935495632687002, 0.0008961759548750879, 0.005850308188853701, -0.17928819204682447, -0.028518738628078917, -0.9833831530688556, -0.4905271444528175, 0.8690556965191867, 0.06422862992868547, 0.8527830115261126, 0.4938915649154323, -0.1698006400395466
0.00015740281155616348, 0.0008958654341104777, 0.005839600811764624, -0.11459942309329779, -0.06825088151921341, -0.9910644728767819, -0.49929086015865987, 0.8664322813424885, -0.0019336001852902427, 0.8588222221092728, 0.49460784366960997, -0.13336968093157392
0.00015615828423860373, 0.0008951242428879962, 0.005828838045455111, -0.03081234693176256, -0.10450283985860898, -0.9940471597152937, -0.5028980466704854, 0.8610911606964542, -0.07493709111944309, 0.8637963613789809, 0.4975953872695358, -0.07908651361966625
0.0001558246789320705, 0.000893992790551638, 0.005818075496008303, 0.05038009020558805, -0.1323502671530993, -0.9899218420134894, -0.5006800214928784, 0.854285796973294, -0.13969714802956773, 0.8641651246080044, 0.5026720440547767, -0.023226139089934726
0.00015637031248498, 0.0008925593920364591, 0.005807354304967231, 0.02567837698749714, -0.13374826692541952, -0.9906826040916105, -0.5010015366138553, 0.8558488758442848, -0.12853078240884586, 0.8650653624240446, 0.4996339688317047, -0.04503127717082008
0.00015664807346960893, 0.0008911126475505554, 0.005796638169142088, -0.03610394862444231, -0.1258649058097019, -0.991390200869082, -0.4999942965007479, 0.8612206291964047, -0.09113029854703103, 0.8652757990146529, 0.4923992824243996, -0.09402520038527167
0.00015625729610704912, 0.000889750326868051, 0.0057859076850060405, -0.06778282691968829, -0.12421140306796578, -0.9899378847799809, -0.4989063251789054, 0.863475198114164, -0.07418261884151665, 0.8640011383506715, 0.48885796463757525, -0.12049864455317058
0.00015552214232283, 0.0008884031643615834, 0.005775171092638771, -0.06856809759775373, -0.12937833871578103, -0.9892217453447784, -0.499193265162966, 0.8629491223821264, -0.07826171602932382, 0.863773407791512, 0.4884465760460016, -0.12375557499028447
0.00015477811108423377, 0.0008869992822505917, 0.0057644370646254385, -0.0449370297265962, -0.1392249305989633, -0.9892406593236374, -0.5002081275114836, 0.8603010975078695, -0.0983557359700527, 0.8647383954299743, 0.4904064032274346, -0.10830081783035818
0.00015429091426542673, 0.0008854898379526678, 0.005753711947607484, -0.019972517679768965, -0.14587405775617363, -0.9891015406980618, -0.5006551748672642, 0.8577854822723594, -0.11639786201389217, 0.8654163705501304, 0.4928740464627088, -0.09016473760464837
0.0001540744850640369, 0.0008839090955380226, 0.005742993696659904, 0.00106242524368378, -0.14759491799143284, -0.9890473251749402, -0.5006785436895665, 0.8560741026159748, -0.128289230721632, 0.8656326398314105, 0.49533107212586164, -0.07298809385884845
0.00015408599536074441, 0.0008823100547502564, 0.005732278375051896, 0.018152445403959105, -0.1444224589966348, -0.9893496055809703, -0.5005816493650286, 0.8552505634556877, -0.13403166054226295, 0.8654989896267032, 0.49768325976075806, -0.05677034357005404
0.00015428261703622937, 0.0008807457153329687, 0.005721562046052648, 0.03129955109211158, -0.13637486873335763, -0.9901627307061156, -0.5005945397175586, 0.8553066161410351, -0.13362521914046688, 0.865115856348962, 0.4998524657969906, -0.04149780151129026
0.00015462152197117187, 0.0008792690770297593, 0.0057108407729313535, 0.040238727238523585, -0.12685919670986734, -0.9911042271327224, -0.5007506292145675, 0.8557935227197649, -0.12987014211168765, 0.8646557998252475, 0.5015218745787888, -0.029088780440904807
0.00015505706011444665, 0.0008778959714972501, 0.00570011320462835, 0.04381865540527797, -0.13049913999062723, -0.9904796312394214, -0.5005382551638491, 0.8551531293060184, -0.1348131319851803, 0.8646047539517713, 0.5016802765704775, -0.027848151539485895
0.00015553149427021857, 0.0008764830287965264, 0.00568938906525643, 0.041723338672283866, -0.1511470320591333, -0.9876303649188564, -0.4999014505104166, 0.8527078877916051, -0.15161727433099773, 0.8650767034128357, 0.500043830876549, -0.0399808005758482
0.00015598386430603736, 0.0008748442723958572, 0.00567868104433166, 0.04811543415965818, -0.17784704650475824, -0.9828811388185055, -0.4987951918380031, 0.8482644552861609, -0.1779066342140236, 0.8653833032794875, 0.49881644113602264, -0.04789463913086356
0.0001565062328526807, 0.0008729134636059119, 0.005668010327108074, 0.11266175865498186, -0.1730089140413666, -0.9784555400216168, -0.4957484294442636, 0.843620033411637, -0.20624920346535744, 0.861127646078276, 0.5083041952303516, 0.0092748191848645
0.0001577247365820319, 0.0008710422696046182, 0.005657427750209272, 0.21377094786711873, -0.14103779555609255, -0.9666490170028993, -0.49043897439598705, 0.8402862506196159, -0.2310597961849712, 0.844850042458072, 0.5234762241442356, 0.11045835647106166
0.00016003949400353228, 0.0008695150822705448, 0.005646960668463981, 0.2190567679986344, -0.14444559542900162, -0.9649609330719838, -0.48916673867489296, 0.839456173567556, -0.23670495227917449, 0.8442334002917449, 0.5238786143950509, 0.11323057542625174
