0.003356344997882843, 0.012399429455399513, 0.07265004515647888, -0.24439331118346402, -0.13603527926728765, -0.9600866170525727, -0.48639145173697446, 0.8737410117081319, 1.1681119321797284e-05, 0.8388654630666237, 0.46698077824887096, -0.279702855938401
0.003345324257721715, 0.012394485233749006, 0.07260822208092087, -0.24027613770915013, -0.14628017241275562, -0.9596194499938338, -0.48905957347038526, 0.8721872045674622, -0.010498275370766981, 0.83850349506996, 0.46678859384917515, -0.281105491600167
0.0033347359352320846, 0.012388494227511685, 0.07256652423284532, -0.23549339144429512, -0.1579718686525196, -0.9589513810931685, -0.4920639364159001, 0.8702676168082784, -0.022524600190204743, 0.8381025862416563, 0.4665609969224503, -0.28267453207846005
0.0033245501591269632, 0.012381540227438571, 0.07252494030554724, -0.2300988575982587, -0.17090382592067832, -0.9580430042631963, -0.49533015927204443, 0.8679639921565634, -0.035868393261646224, 0.8376768762759943, 0.4662943175777671, -0.2843713423451406
0.0033147370581193677, 0.0123737070242807, 0.07248345899232173, -0.2241487452561371, -0.18486757109541435, -0.9568601366748336, -0.49878408246275696, 0.8652638181416644, -0.05032856144073895, 0.8372405741970972, 0.4659855214190571, -0.2861568009779333
0.003305266760922313, 0.012365078408789103, 0.0724420689864639, -0.21770245083220457, -0.19965299139203088, -0.9553765362043728, -0.5023533172021578, 0.8621626524781157, -0.06570163900458037, 0.8368074973359404, 0.4656331643043842, -0.2879912649756007
0.003296109396248811, 0.012355738171714798, 0.07240075898126876, -0.2108231044106459, -0.21504887801787304, -0.9535762154699077, -0.5059686870733989, 0.8586660625286763, -0.08178190975222056, 0.8363906421929164, 0.46523818966713537, -0.2898346434216721
0.0032872350928118774, 0.012345770103808827, 0.07235951767003143, -0.20457833927237185, -0.2284749563116038, -0.9518124276552439, -0.5090469249131984, 0.855378080565046, -0.09591437600940801, 0.8360735202941036, 0.4648951856357176, -0.29129630110208554
0.0032786139793245257, 0.01233525799582221, 0.07231833374604696, -0.19899231288795977, -0.23993998958029655, -0.9501741213123559, -0.5116223892332806, 0.8523833364677315, -0.10809800436348267, 0.8358496217901458, 0.4646196822265984, -0.2923764023325497
0.003270216184499774, 0.012324285638505985, 0.07227719590261046, -0.19408375432489416, -0.24945660918502502, -0.9487375276866958, -0.5137282522551557, 0.8497527818221415, -0.11833635375654938, 0.835712138922259, 0.46442610813717367, -0.29307611799418415
0.003262011837050633, 0.012312936822611175, 0.07223609283301699, -0.189866769759334, -0.2570390228070748, -0.9475661193265302, -0.5153949237167718, 0.8475443912190559, -0.12663560921045453, 0.8356546429884412, 0.46432687372960013, -0.2933971233402892
0.0032539710656901183, 0.01230129533888881, 0.07219501323056163, -0.18635157896570526, -0.2627011033873039, -0.9467107368653224, -0.5166487621843986, 0.8458039220680996, -0.13300293961995246, 0.8356716732965868, 0.4643316225428902, -0.293341096262303
0.0032460639991312447, 0.012289444978089923, 0.07215394578853944, -0.18354515354212714, -0.2664548658495097, -0.9462097976011011, -0.517511047395773, 0.8445656496082329, -0.1374451866205345, 0.835759231139284, 0.46444662553079596, -0.29290926854322946
0.003238260766087026, 0.012277469530965542, 0.0721128792002455, -0.1814517367820146, -0.26830932758635717, -0.9460895158223388, -0.5179975374927361, 0.8438528175148087, -0.1399677588724643, 0.8359149588147421, 0.4646746465027716, -0.2921021303025233
0.0032305314952704783, 0.012265452788266693, 0.0720718021589749, -0.180073232318477, -0.26826974374084056, -0.9463640819449983, -0.5181195673317175, 0.8436772113171299, -0.14057338671364755, 0.8361373959765045, 0.46501624455213886, -0.29091948603050943
0.003222846315394615, 0.01225347854074441, 0.07203070335802271, -0.17940945413382192, -0.26633720811291434, -0.9470357645527555, -0.5178839790253607, 0.8440393167872314, -0.139261681686684, 0.8364259871837221, 0.4654697877327396, -0.2893604061923029
0.0032151753551724485, 0.012241630579149714, 0.07198957149068397, -0.17945823462539573, -0.26250861353588395, -0.9480949160525038, -0.5172924344221399, 0.8449287354362641, -0.136029295828846, 0.836781500342086, 0.46603074990127363, -0.28742313899841815
0.0032074887433169975, 0.012229992694233645, 0.07194839525025382, -0.1802153906524654, -0.2567769702798329, -0.9495198789419257, -0.5163398893490727, 0.8463249778797164, -0.13087073960165765, 0.8372069825550708, 0.466690067765329, -0.2851049789292113
0.0031997566085412736, 0.01221864867674723, 0.0719071633300273, -0.18167455041175323, -0.24913208596241132, -0.9512768059175547, -0.515014485762661, 0.8481973948104927, -0.12377907291345676, 0.8377078471563396, 0.46743382759564023, -0.28240251350152695
0.003191949079558293, 0.012207682317441496, 0.07186586442329951, -0.18382658759135703, -0.23956714084705957, -0.953318084754969, -0.5133001201378342, 0.8505028882059398, -0.11475113864288984, 0.8382903866566777, 0.4682439771953505, -0.27931488585336445
0.0031840362850810685, 0.012197177407067473, 0.07182448722336549, -0.1866375051918607, -0.2285707793306614, -0.9554694346194086, -0.5112624377327277, 0.8530832684346727, -0.10420967747961184, 0.8389142753698657, 0.46904619810098674, -0.27607698677662906
0.003175988353822616, 0.01218721773637619, 0.07178302042352033, -0.19003852776336072, -0.21752058015486933, -0.9573767049467119, -0.5091213742431716, 0.8556184842219299, -0.09334042932465825, 0.8394526694544957, 0.4696826659212114, -0.27334485376327294
0.0031677754144959483, 0.012177887096118676, 0.07174145271705912, -0.19396845810521954, -0.2079018167563276, -0.9587247111917487, -0.5071249050938571, 0.857825940223815, -0.08342054251006885, 0.8397622091365091, 0.47001222416927213, -0.2718233640392667
0.003159367595814081, 0.012169269277045959, 0.0716997727972769, -0.19837552717770157, -0.20121493521563708, -0.9592495504628272, -0.5055366640715538, 0.8594743889282384, -0.07573939566590296, 0.8396903188059119, 0.4699109752097713, -0.2722202121096592
0.0031507351242172116, 0.012161445648385857, 0.07165796985673394, -0.2029963324890752, -0.19871642976105933, -0.9588035614968287, -0.5046199949579152, 0.8603774136909675, -0.07147983421298265, 0.8391371459330463, 0.4693213041759982, -0.2749297433197829
0.0031418569879088083, 0.012154280476889231, 0.07161607784977408, -0.2060037816621236, -0.19965012499214616, -0.9579677810508684, -0.5044792131725141, 0.8605116605419851, -0.07085482021793778, 0.8384886197306111, 0.46867847151527636, -0.27798799420183457
0.0031327277519417017, 0.0121472520598997, 0.07157421030919363, -0.2067456583651187, -0.20341495721319222, -0.9570154585633028, -0.5050954364210039, 0.8599144690845694, -0.07365939156467903, 0.8379348619396673, 0.468155381300865, -0.28052754963673804
0.003123343585237346, 0.012139798953462054, 0.07153248896157562, -0.20531141416195298, -0.20985615090268592, -0.9559328528422528, -0.506416200629784, 0.8585959917333458, -0.07972173304141676, 0.8374902118559437, 0.46773210164338913, -0.2825541118754865
0.0031137006567172015, 0.012131359713621087, 0.07149103553350315, -0.2017839378566232, -0.21881371739261915, -0.954674708737954, -0.5083687091243771, 0.8565414737655043, -0.08887046361324069, 0.8371645584986794, 0.46739411720778096, -0.28407435856351104
0.003103888594735495, 0.012121479691841562, 0.0714499323334875, -0.19624127578406592, -0.23011395001783044, -0.9531720367729184, -0.510865131165845, 0.8537159435982958, -0.10092524661835195, 0.8369624719409743, 0.46713665843440577, -0.28509149918787696
0.0030946786278568126, 0.012110578391746736, 0.07140895362575465, -0.1887841905871462, -0.24307585646291355, -0.9514592252898582, -0.5137229317868143, 0.850177362620756, -0.11527012381174805, 0.8369284788682462, 0.467025245668836, -0.2853736868865929
0.003086326003821427, 0.012099003264936039, 0.07136797958823662, -0.17956391589981327, -0.25614218528241384, -0.9498147087856, -0.516617671805986, 0.8462073888043135, -0.13053442576863827, 0.8371755976403561, 0.4672517908491471, -0.2842758918089565
0.003078758843851813, 0.012086902831940046, 0.07132699062490126, -0.16874961017318665, -0.2676874337318431, -0.9486132019366258, -0.5192454393686483, 0.8421853863061203, -0.14528574874112835, 0.837799345166405, 0.46804616536669863, -0.28111393477426927
0.003071905009849794, 0.012074425453693681, 0.07128596721957774, -0.1565188450158753, -0.27611648443143205, -0.9482940146284395, -0.5213573576011492, 0.838562139870506, -0.15811401977985834, 0.8388613454141536, 0.46965223793890803, -0.27520613831986274
0.003065692363717199, 0.01206171949113188, 0.07124488985609514, -0.14322820066613537, -0.2803187731884203, -0.9491612444321988, -0.5228278644757495, 0.835734441531347, -0.167925481586372, 0.8403194075241085, 0.4721962818960211, -0.2662592058538161
0.003060048767355849, 0.012048933305189571, 0.0712037390182826, -0.1307415676713175, -0.2813960146507905, -0.9506434270647951, -0.5237839200349574, 0.8337333970413799, -0.17475419242654472, 0.8417583071141381, 0.4750841037084831, -0.25639431898512843
0.0030549020826675754, 0.012036215256801697, 0.07116249518996925, -0.11973350140940514, -0.2802901862312435, -0.9524186580189926, -0.5243743037654806, 0.8324473084452635, -0.1790616324417486, 0.8430275666849284, 0.4779841944716281, -0.2466488022362917
0.0030501801715542014, 0.012023713706903182, 0.0711211388549842, -0.110126547177687, -0.2774839984006903, -0.9543975975652319, -0.5246940752743887, 0.8317641922900697, -0.18128556422396672, 0.8441375900756196, 0.48080241165744325, -0.23719352850723324
0.003045811718366434, 0.012011571942566494, 0.07107965145209323, -0.10183978831142408, -0.2734564191462345, -0.9564780417471188, -0.5248146245529207, 0.8315618430200489, -0.18186399063167075, 0.8451025188532225, 0.4834526740652269, -0.22820001000683662
0.0030417421809582493, 0.011999829771546865, 0.07103803389559844, -0.09479145559737856, -0.26868458222603187, -0.958552646034506, -0.5247960042572752, 0.831711240666714, -0.18123345735330834, 0.8459336462520735, 0.48586521528368154, -0.2198437142972563
0.0030379326801149016, 0.01198843037363764, 0.0709963052858649, -0.08890006661124755, -0.2636450334305807, -0.960514484275955, -0.5246942149888939, 0.8320802079315353, -0.1798291086720984, 0.846636143165235, 0.4879895735730437, -0.21230500976259345
0.0030343449366293266, 0.011977313227056863, 0.07095448541992022, -0.0840849642141637, -0.2588146066244038, -0.9622602133471787, -0.5245580229273297, 0.8325405885191173, -0.1780871950781778, 0.8472122516675935, 0.48978685962987717, -0.2057674239480806
0.003030940671294461, 0.011966417810022579, 0.07091259409479199, -0.08026644537783346, -0.25467094091703985, -0.9636908267690613, -0.5244287278383974, 0.8329713409791344, -0.1764461802511538, 0.8476625550088948, 0.4912244466227757, -0.2004164062045333
0.0030276816049032433, 0.011955683600752838, 0.07087065110750787, -0.07736756581709073, -0.25168115252189327, -0.964712836664253, -0.5243417348357595, 0.8332604776298912, -0.1753360246196762, 0.8479858518094298, 0.4922738809699913, -0.19643426698460398
0.003024529458248609, 0.011945050077465687, 0.07082867625509547, -0.07535171106375671, -0.2500783329218188, -0.9652890484423866, -0.5243130868344289, 0.8333555152439498, -0.17496963218411224, 0.8481850662525937, 0.49292941950702723, -0.193914106682697
0.0030214459521234953, 0.011934456718379179, 0.07078668933458243, -0.07421896601634922, -0.24987488462128501, -0.9654294832451326, -0.5243441317767754, 0.8332549091239636, -0.1753553189728636, 0.848265746423091, 0.49320259372423697, -0.19286374721279725
0.0030183928073208377, 0.011923843001711346, 0.07074471014299631, -0.07396997792979351, -0.2510723587834803, -0.9651378725446252, -0.5244368409961738, 0.8329563874119508, -0.17649265275241932, 0.8482301823037305, 0.493098699374204, -0.19328536029520887
0.003015331744633574, 0.011913148405680248, 0.07070275847736475, -0.07460460344492774, -0.25366988867119483, -0.9644095295704873, -0.5245933648800949, 0.8324555307458316, -0.17838046657203027, 0.8480777998913807, 0.4926148362688839, -0.19517855522361086
0.003012224484854641, 0.011902312408503922, 0.07066085413471537, -0.07608547966572542, -0.2576230704286311, -0.9632452197477863, -0.5248144983824801, 0.8317504200734059, -0.18099994750070716, 0.8478093783814747, 0.4917535889961938, -0.19848845215221006
0.003009032748776975, 0.011891274488400425, 0.07061901691207581, -0.0781991441546427, -0.2626879588919887, -0.9617067796925641, -0.5250947015296366, 0.8308594131094779, -0.18425034619472522, 0.8474434779258045, 0.4905789150590708, -0.20290855038780817
0.0030057182571935127, 0.011879974123587794, 0.07057726660647365, -0.08067943680875884, -0.26856143127371096, -0.9598779016668929, -0.5254255466342678, 0.8298081099156818, -0.1880066372824236, 0.8470057989295601, 0.4891761015732266, -0.2080574877992088
0.003002242730897191, 0.011868350792284078, 0.07053562301493652, -0.08326069984322436, -0.2749419875434158, -0.9578489230287273, -0.5257970397515903, 0.8286241537825381, -0.19214443722532557, 0.8465253267623368, 0.4876360479433906, -0.21355551010468035
0.002998567890680947, 0.011856343972707333, 0.07049410593449204, -0.08567801098713983, -0.28153056254979786, -0.9557195303977427, -0.5261975003770711, 0.8273379692019978, -0.19654026384849652, 0.8460351464509084, 0.4860580490714136, -0.21902534990882103
0.002994671231889651, 0.011843910873854594, 0.07045272890062808, -0.0876673180277754, -0.2880309905055421, -0.9535998059239594, -0.5266137583226825, 0.8259831269187624, -0.20107168769064218, 0.8455722268943535, 0.48455136214223987, -0.2240928078966919
0.0029906063141067665, 0.011831094201807717, 0.07041147525594617, -0.088965448624964, -0.29415006240206004, -0.9516096309620995, -0.5270316174846918, 0.8245963688669152, -0.20561736945834064, 0.8451762083272508, 0.4832355215010197, -0.22838696906174216
0.002986449594165527, 0.011817962399422371, 0.0703703192542293, -0.0893099488200268, -0.2995970752713188, -0.9498764790911689, -0.5274365896440006, 0.8232172981200787, -0.2100569541352619, 0.8448871977645717, 0.48223943489178606, -0.23153995441128636
0.002982277533491426, 0.011804583914715991, 0.07032923514743766, -0.08843873172130785, -0.30408278540585254, -0.9485316285455877, -0.527814630199957, 0.8218878924527488, -0.2142708761975397, 0.8447427459756073, 0.48169902621802857, -0.23318606575478273
0.0029781665935099595, 0.011791027195706004, 0.07028819718753139, -0.0861069859008923, -0.3073200291980961, -0.9477024779078849, -0.5281521630255404, 0.8206540037098635, -0.21813367206007997, 0.8447726792874559, 0.4817482805871266, -0.2329757808890027
0.002974193235646621, 0.011777360690409848, 0.07024717962647069, -0.08235584908928076, -0.30909285357805333, -0.9474592983277749, -0.5284314554844861, 0.8195869743187166, -0.22144387185388287, 0.8449720178652849, 0.4824300979355116, -0.23083216766863637
0.0029704339213269047, 0.011763652846844944, 0.07020615671621566, -0.07758799876821544, -0.3094019182950779, -0.9477608112822926, -0.528640754211124, 0.8187542071454914, -0.22401004724934034, 0.8452922899413181, 0.4836444988179682, -0.22708796385735414
0.0029669651119763074, 0.011749972113028733, 0.07016510270872653, -0.07226295400548309, -0.308305904360864, -0.948538631166191, -0.5287737587440086, 0.8182143743765701, -0.22566246836213383, 0.8456810140603457, 0.485255300743627, -0.2221506595940641
0.002963863269020322, 0.011736386936978642, 0.07012399185596345, -0.06684051246623605, -0.30586390338702213, -0.9497260755070933, -0.5288265450721459, 0.818023436007508, -0.22623028835575476, 0.8460938666131015, 0.4871190108662612, -0.2164260569625727
0.002961197288347054, 0.011722964730301898, 0.07008279929722412, -0.06178095628624004, -0.30213629655349056, -0.9512606224086535, -0.5287970437153999, 0.8182328245326772, -0.2255409750247845, 0.8464967808551969, 0.4890896678138052, -0.21031998678102526
0.0029589272195284398, 0.011709757993644753, 0.07004151293804127, -0.05751935684202688, -0.2972105709268588, -0.9530778562729334, -0.5286859892909327, 0.8188768969686476, -0.22345413922876103, 0.8468663698104604, 0.49102597094281014, -0.2042323371646206
0.0029569314957308282, 0.011696808046943983, 0.07000013025647361, -0.0542793611238274, -0.2913869618927379, -0.9550640760676266, -0.5285084832544475, 0.8198963243768093, -0.22011088206056809, 0.8471909667153401, 0.49281198819866195, -0.19850392994500002
0.002955086572467961, 0.011684155939215846, 0.06995864896253244, -0.05218057365410103, -0.28507157965659313, -0.957084835427468, -0.5282811987861668, 0.8211897020567549, -0.21579260470412048, 0.8474645495489352, 0.49434974229591033, -0.19344810557301303
0.00295326890525358, 0.0116718427194766, 0.06991706676622908, -0.05134244658698391, -0.2786733416121411, -0.9590125764833253, -0.5280157019484435, 0.8226602047521089, -0.2107833153100848, 0.8476811733631668, 0.49555156764149294, -0.18938128770737547
0.002951354949601425, 0.01165990943674249, 0.0698753813775748, -0.0518675180023146, -0.27260072570425453, -0.9607281639057915, -0.5277217563832012, 0.8242151709287734, -0.20537550937412627, 0.8478322407269665, 0.49634483613347535, -0.18660732897591345
0.002949232246384744, 0.011648385908665779, 0.06983359286807435, -0.05360736426371825, -0.26722768806737746, -0.9621411607590964, -0.5274154960611441, 0.8257419225466536, -0.1999579252331196, 0.8479145859172811, 0.4967289402472146, -0.18520587169311004
0.00294687992829086, 0.011637209154735328, 0.06979172082086589, -0.05622529393413494, -0.2629021282972473, -0.9631828420703921, -0.5271218726406999, 0.8271158656347148, -0.1949919900895885, 0.8479276193790258, 0.4967512614499475, -0.18508629485216885
0.002944322291886392, 0.011626270435710418, 0.06974979444026454, -0.05938028976220936, -0.2599721005437279, -0.9637886117435908, -0.5268716090692357, 0.8282193533752994, -0.1909424265358422, 0.8478680845181936, 0.4964546400563528, -0.18615182411667797
0.0029415839513515767, 0.011615460690553456, 0.06970784299824605, -0.06273157424451392, -0.25878589455387296, -0.9638955391393595, -0.5267009002881087, 0.8289384378366021, -0.18827434215184335, 0.847732806507157, 0.4958739023753573, -0.18830337680066667
0.0029386895208666514, 0.011604670858226846, 0.06966589576678624, -0.06593845904085426, -0.25966605696068656, -0.9634446836647172, -0.5266495459267564, 0.8291622842061623, -0.1874304196899763, 0.8475213126491032, 0.49503883212583316, -0.19142669430628603
0.002935663614611851, 0.011593791877692989, 0.0696239820178608, -0.06868685393327126, -0.262626560535664, -0.9624496900087591, -0.5267419652787001, 0.8288434963470235, -0.18857720057730903, 0.8472455477080314, 0.49400986656589063, -0.195267082798071
0.0029325308467674106, 0.01158271468791429, 0.06958213102344553, -0.07087391693450953, -0.26728793900471265, -0.9610067874687322, -0.5269681921633851, 0.8280424654763389, -0.19144241906098, 0.846924679263991, 0.49285173534287086, -0.1995388549208071
0.0029293158315135685, 0.011571330227853154, 0.06954037205551622, -0.07250062757153322, -0.2731617022890172, -0.9592321634538221, -0.5273001497493846, 0.8268561547912568, -0.1956104582022493, 0.8465803039735866, 0.49162138245440823, -0.2039857966565465
0.002926043183030561, 0.01155952943647199, 0.06949873438604862, -0.07356901505032577, -0.2797598690112542, -0.9572471027458537, -0.5277037544471916, 0.825385850006235, -0.20066625563811888, 0.8462365789581912, 0.49038007127155037, -0.20835315724232803
0.002922737446706802, 0.01154721399180625, 0.06945724427491197, -0.07408182016102044, -0.2865971088702591, -0.9551826951472892, -0.528142268976985, 0.8237405490269233, -0.2061971183325921, 0.8459182156931438, 0.4891968980646053, -0.2123882465733354
0.0029194223903704413, 0.011534406956620521, 0.06941589393585842, -0.0740427126040535, -0.29319161746089584, -0.9531822240059333, -0.5285795887624339, 0.8220385250347354, -0.21179301617960183, 0.8456484464917853, 0.48815093855218655, -0.21584106684468013
0.0029161212905166327, 0.011521208095544432, 0.06937465406922018, -0.07345628479668434, -0.29906534249029976, -0.9514011221062482, -0.5289823756950546, 0.8204074761541504, -0.2170465831898609, 0.8454477041354389, 0.4873309901817621, -0.2184643805762822
0.0029128574159030074, 0.011507718381110107, 0.06933349503653556, -0.07232781420283863, -0.30374339367026487, -0.9500045463545479, -0.5293204822741672, 0.8189836007971392, -0.2215529026449337, 0.8453333746739703, 0.4868324274604383, -0.22001289333876406
0.002909654035287196, 0.01149403878584968, 0.0692923871993429, -0.07066282501963517, -0.30675252728814867, -0.9491626057544503, -0.52956738724929, 0.8179086226925476, -0.22490857539707176, 0.845319553495721, 0.4867528858954135, -0.2202418682954757
0.002906534417426832, 0.01148027028229528, 0.06925130091918058, -0.06846628652781514, -0.30764319475658225, -0.9490353166921949, -0.5297027671254632, 0.8173176679699674, -0.22673069515123292, 0.8454154872657104, 0.4871832246127709, -0.21891815718935692
0.0029035218310795455, 0.011466513842979026, 0.06921020655758692, -0.06573965305436341, -0.30623850621104926, -0.9496821970164109, -0.529729358830758, 0.8172622043778228, -0.22686845459044253, 0.8456152224321923, 0.48816028782473364, -0.2159500613147106
0.0029006395450029672, 0.011452870440433052, 0.06916907447610031, -0.06248161088734261, -0.30253084341667275, -0.9510894474667034, -0.529660570363547, 0.8177359485566303, -0.22531666303305242, 0.8459052715896058, 0.4896764311458993, -0.21133211842294725
0.0028979108279547305, 0.011439441047189487, 0.06912787503625908, -0.05868998694957879, -0.296510298546426, -0.9532245948819028, -0.5295006956066167, 0.818726487627665, -0.22207195187365736, 0.8462768452368097, 0.49169968610197046, -0.20505345620900026
0.002895358948692467, 0.011426326635780457, 0.0690865785996016, -0.054714158672654875, -0.2882187215003063, -0.9560001722894574, -0.5292376148790139, 0.8202541291118483, -0.21700394160506797, 0.8467076873620057, 0.49407806291282763, -0.19741570330242694
0.0028930071759738062, 0.011413628178738089, 0.06904515552766621, -0.0524429490732186, -0.27794118052724187, -0.9591654900274649, -0.5288304828505521, 0.822484860383224, -0.20942056930597888, 0.8471056944092371, 0.49625331697381286, -0.19011730034884455
0.002890878778556381, 0.011401446648594514, 0.06900357618199128, -0.05355656745718153, -0.2661531972230226, -0.9624417747012892, -0.5282456991019474, 0.8254714153728123, -0.1988804258410084, 0.8474008351792552, 0.4977543751795346, -0.18480369727668322
0.0028889970251978238, 0.01138988301788186, 0.06896181092411516, -0.057695808224314644, -0.2537069408041131, -0.9655588961327844, -0.5274948950509653, 0.828885204475634, -0.18627520902298736, 0.8475967964831594, 0.49858008984435465, -0.18165231791056513
0.002887385184655764, 0.011379038259132246, 0.06891983011557616, -0.0640947443490968, -0.24153349134021662, -0.9682734305493617, -0.526599991682842, 0.83237091964899, -0.1727747113507219, 0.8476935251058927, 0.49881882951999723, -0.18054213582941048
0.002885913901994195, 0.011368990222721531, 0.06887762574217111, -0.07199298106756927, -0.2305760131305649, -0.9703874034867818, -0.5256064756259279, 0.8356303054254798, -0.15956135319873122, 0.8476761430269791, 0.49855460565853066, -0.18135176238341758
0.002883786785022334, 0.011359715673214508, 0.06883528430604212, -0.08070988310441847, -0.22169982133969937, -0.9717690589781176, -0.5245949492949042, 0.8384398024692029, -0.1477120063152652, 0.8475175832651191, 0.49786332145815826, -0.18397298498177003
0.002880299809248294, 0.01135111015047948, 0.06879290423371444, -0.09030230155118497, -0.21487142847059487, -0.9724586179172691, -0.5235922974473776, 0.8408537421653759, -0.13717175489239902, 0.8471697588962532, 0.49678491675320574, -0.18843605307417874
0.0028756298544924314, 0.011342897188603826, 0.0687505393787878, -0.10123308784818869, -0.20954560016571544, -0.9725443451976424, -0.5225625103784745, 0.8430513889455726, -0.12725084810675213, 0.8465697163681606, 0.49533321819572235, -0.19484537017902498
0.002870130088800773, 0.011334765899854153, 0.06870823467476593, -0.11357629651623047, -0.20566392800690092, -0.9720096571466919, -0.5214991474529319, 0.8450711903560206, -0.11786993864477678, 0.8456589525781197, 0.49351497641614744, -0.20323361921061928
0.0028641536802193426, 0.011326405396497053, 0.06866603505515237, -0.1264357021326757, -0.20391533501191636, -0.970789652485643, -0.520524225961615, 0.8467236142441867, -0.11006203372790872, 0.8444338597032209, 0.4914037619190961, -0.21319896659806176
0.00285802070027293, 0.011317545395619159, 0.06862397905018651, -0.13758416607111235, -0.20460966094872504, -0.9691261444688015, -0.5198679101825604, 0.8477468715154579, -0.10517888475435937, 0.8430942730258187, 0.4893466342810599, -0.22300654319742466
0.0028517305288023125, 0.011308309058319668, 0.06858204314510986, -0.14540885878292045, -0.20750587410975987, -0.967366309108082, -0.5196978134804398, 0.8480225458022769, -0.10378797846896894, 0.8418850553674764, 0.4876464641735544, -0.2311503396664856
0.0028451050540897836, 0.011299037126397175, 0.06854016940790175, -0.1503472915607851, -0.21191020222846674, -0.9656550927281575, -0.5199435289029878, 0.8477132775712178, -0.10507580968696469, 0.8408652797400094, 0.4862882532212285, -0.2376327336601634
0.002838132441786107, 0.011289854742344011, 0.0684983269865824, -0.15323802562158367, -0.21703819277017056, -0.9640604391751884, -0.5204480539074031, 0.8470399943967265, -0.10796791688455559, 0.8400309105548412, 0.48519858900397866, -0.24275584141468676
0.0028310688240613577, 0.011280539294219448, 0.06845652890885215, -0.15491611281876017, -0.22210449497648246, -0.9626373103616787, -0.5210344071561289, 0.8462349618706287, -0.11139809633596467, 0.8393593655572007, 0.4843098002508903, -0.2468195146911125
0.002824089186305107, 0.011270937363352726, 0.06841478463732849, -0.15613967953975358, -0.22641863701192724, -0.9614338257451129, -0.5215436855445911, 0.8455177323428655, -0.11442005227381802, 0.838816180424405, 0.4835642305913866, -0.25010607819637765
0.0028171971145184707, 0.011261059144099219, 0.0683730914033791, -0.156934894232747, -0.23020536702105215, -0.9604045647365798, -0.5220046650822335, 0.844850921552086, -0.11720942788434849, 0.8383809209449734, 0.48294141399065554, -0.25275486552817245
0.0028103804655618984, 0.011250929845408719, 0.06833144531592271, -0.1569214651987147, -0.2341949959190873, -0.9594416905921627, -0.522551796369782, 0.8440407840458991, -0.12056025455305647, 0.8380425250967891, 0.4824394871417996, -0.25482713233828724
0.0028036270962958423, 0.01124057467623102, 0.06828984248387807, -0.15610041939545252, -0.2386178916003488, -0.9584853472394703, -0.5232192163302685, 0.8430307436536819, -0.12466281288924884, 0.8377793926370496, 0.48203803487165237, -0.25644691889311544
0.002796924863580754, 0.011230018845515938, 0.06824827901616397, -0.1550897252455869, -0.24290266040451602, -0.9575726994289555, -0.5238802789914601, 0.8420069106321145, -0.12873933249629727, 0.8375539567138814, 0.4816873052262957, -0.2578385339253058
0.002790261624277083, 0.011219287562213258, 0.06820675102169915, -0.15432161726435853, -0.24663956279545102, -0.9567412212866034, -0.5244460204710895, 0.8411119558380256, -0.1322386076695047, 0.8373417522475219, 0.48135185032406413, -0.2591508945241155
0.002783625235245283, 0.011208406035272782, 0.06816525460940238, -0.15383350790970915, -0.24979579086491155, -0.9560006876097772, -0.5249095718433582, 0.8403651616790265, -0.1351160109809563, 0.8371410832299511, 0.48102854167123693, -0.2603965223773684
0.002777003553345805, 0.01119739947364431, 0.06812378588819241, -0.15362633067720996, -0.25237288315668, -0.955356937678186, -0.525271617038256, 0.839772804403852, -0.13737308804021842, 0.8369520170575326, 0.480717760053521, -0.26157552697539027
0.002770384435439099, 0.01118629308627764, 0.06808234096698804, -0.15370081582819375, -0.2543721233580342, -0.9548145799431808, -0.5255331922245897, 0.8393395119141587, -0.13901096219339748, 0.8367741171212099, 0.4804206558819332, -0.262688161739339
0.002763755738385617, 0.011175112082122568, 0.06804091595470797, -0.1540575054035892, -0.2557944960488506, -0.9543770014097875, -0.5256952324510117, 0.8390685328757009, -0.1400304242516452, 0.8366067221861775, 0.4801387017612031, -0.2637347520975698
0.0027571053190458103, 0.011163881670128894, 0.06799950696027099, -0.1546967629253474, -0.256640653563333, -0.9540463754341317, -0.5257578894349687, 0.838962134866361, -0.140432111560587, 0.8364493727879209, 0.4798730157021368, -0.2647155748414337
0.002750421034280131, 0.011152627059246419, 0.06795811009259589, -0.15561877771209812, -0.25691089384472693, -0.9538236674812048, -0.5257205144060649, 0.8390216181386059, -0.14021649342605189, 0.8363018215668403, 0.4796243497988598, -0.26563084595732833
0.0027436907409490296, 0.011141373458424938, 0.06791672146060136, -0.1568235637624886, -0.25660514920955796, -0.953708638551614, -0.5255818819299709, 0.839247188832065, -0.1393837918282696, 0.8361638925687851, 0.47939331809758967, -0.2664807522647751
0.002736902295912957, 0.011130146076614254, 0.06787533717320623, -0.15831095318284177, -0.2557229859825518, -0.9536998461478893, -0.5253402181546082, 0.8396379420058111, -0.13793397526902154, 0.8360354641351101, 0.4791804261282111, -0.2672654521706411
0.0027300435560323657, 0.01111897012276416, 0.06783395333932923, -0.1600805841593554, -0.25426361501229455, -0.9537946428115851, -0.5249932248590982, 0.8401918446012656, -0.13586676605250855, 0.8359164554112115, 0.47898609410545767, -0.2679850764993337
0.002723102378167706, 0.011107870805824462, 0.06779256606788914, -0.1621318834995791, -0.2522259131258451, -0.9539891724232055, -0.5245380486977598, 0.8409057475526891, -0.13318167742298387, 0.8358068483933507, 0.4788106227734372, -0.26863972099838057
0.00271606661917943, 0.01109687333474495, 0.06775117146780468, -0.16446404379720622, -0.24960845562476813, -0.9542783646182537, -0.5239712486448054, 0.8417753970628549, -0.12987806394182436, 0.8357067122450761, 0.4786541546673247, -0.2692294399359673
0.0027089241359279886, 0.01108600291847543, 0.06770976564799465, -0.16705795648171548, -0.24644240367015724, -0.954650606687823, -0.5232950977923028, 0.8427861202048365, -0.12599125452436438, 0.8356158685680267, 0.47851614106877755, -0.26975622872131855
0.0027016627852738334, 0.011075284765965695, 0.06766834471737779, -0.16981124650422932, -0.2429106045607666, -0.9550699339590807, -0.5225413090380158, 0.8438803594772021, -0.12172312531916417, 0.8355325971555609, 0.47839353787499156, -0.27023120102965964
0.002694270424077415, 0.011064744086165545, 0.06762690478487286, -0.17259807907347502, -0.23924052160043222, -0.9554966645281916, -0.5217522075585185, 0.8449909603567457, -0.11732395673176639, 0.8354546887820783, 0.4782826044711828, -0.27066808687450217
0.0026867349091991856, 0.01105440608802478, 0.06758544195939864, -0.17529336937378703, -0.23566076989546167, -0.9558955153079564, -0.5209728449785824, 0.8460545055155152, -0.11304454207001308, 0.8353798713450709, 0.47817964744348473, -0.2710806066879697
0.0026790440974995967, 0.0110442959804932, 0.06754395234987388, -0.17777283851309797, -0.23240104633800843, -0.956235625537971, -0.5202509484327107, 0.847011368991016, -0.10913611434731336, 0.8353057934324777, 0.47808105427946396, -0.2714824800925012
0.002671193588260464, 0.011034424602223541, 0.06750243390073248, -0.17991906703313337, -0.22968101913730635, -0.9564913793474435, -0.5196342844815632, 0.8478080509240895, -0.10583817449120234, 0.8352301118310215, 0.47798340790904525, -0.2718869655838519
0.002663214704364036, 0.011024736487191268, 0.06746089302549146, -0.1816688546511777, -0.22762519921339527, -0.95665207674096, -0.5191521124153681, 0.8484181414923085, -0.10328475861131779, 0.8351511907579312, 0.4778843226867767, -0.27230325504079167
0.002655149065028839, 0.011015157058888952, 0.06741933857864593, -0.1829868739066838, -0.22630837339238707, -0.9567132925335319, -0.5188232737198667, 0.8488280088892408, -0.10155501943147434, 0.8350677904364769, 0.4777818869082615, -0.2727384349847332
0.0026470382904360728, 0.011005611739022404, 0.06737777941491928, -0.183837773008229, -0.22580457066781345, -0.9566692056718975, -0.51866582485663, 0.8490228149574814, -0.1007274630250641, 0.834978703525525, 0.4776741101914553, -0.27319957743677986
0.0026389240007669347, 0.01099602594929745, 0.06733622438903482, -0.18418577920294416, -0.2261873469080606, -0.9565118309974513, -0.5186967936117796, 0.8489857413175514, -0.10088036149988071, 0.8348827672411638, 0.47755889180098016, -0.27369375189352874
0.0026308451967399786, 0.010986329877019502, 0.0672946819122412, -0.1840124280491153, -0.2274965214272028, -0.9562346778181554, -0.5189248727684124, 0.8487058687101177, -0.10205549881947337, 0.8347792539023453, 0.4774344783899952, -0.27422603103775006
0.0026228178615841464, 0.010976495585311441, 0.0672531564989286, -0.18338119031744415, -0.22961857826448778, -0.9558486530583975, -0.5193251377709067, 0.8482092105861451, -0.10412750047925613, 0.834669240068775, 0.47730120845502166, -0.27479231446747177
0.0026148460337252514, 0.010966516868527633, 0.06721165064123341, -0.18237905300574483, -0.23239566300542902, -0.9553691102610523, -0.5198624358604396, 0.8475320407235808, -0.10692281201022047, 0.8345543294513414, 0.4771600316069963, -0.2753858664325972
0.00260693365005492, 0.010956387705744022, 0.06717016681410222, -0.18109300974057707, -0.23566997141389515, -0.954811492597818, -0.5205014006655929, 0.8467108476525225, -0.11026800248804135, 0.8344361052400928, 0.47701195482012887, -0.27599996599714327
0.002599084647464783, 0.010946102076036565, 0.06712870749248173, -0.17961026098253907, -0.23928406370282254, -0.954192481110414, -0.5212070704313004, 0.8457833553049166, -0.11398993649256402, 0.8343160935054565, 0.4768581054643204, -0.2766279150244485
0.002591302962846466, 0.010935653958481199, 0.06708727515131853, -0.1780122130946707, -0.24309193083126882, -0.9535292156792382, -0.5219475807089676, 0.8447862102639977, -0.11792786752862289, 0.8341956455060128, 0.47669966657479246, -0.27726350806820654
0.0025835925330915973, 0.01092503733215388, 0.06704587226555929, -0.17632659123633365, -0.24704331690231154, -0.9528266016421241, -0.5227115819783549, 0.8437310686177155, -0.1220265787232166, 0.8340752575689201, 0.4765369696289175, -0.2779046262447382
0.0025759572950918045, 0.010914246176130547, 0.0670045013101506, -0.17455315628062373, -0.25113745438256263, -0.9520825461264998, -0.5234981121018724, 0.8426159907837184, -0.1262854651230621, 0.8339549881487895, 0.4763698889327693, -0.27855126397116464
0.0025684011857387166, 0.010903274469487152, 0.06696316476003912, -0.17269142246341415, -0.25537395062839285, -0.9512948112693613, -0.5243062755716988, 0.8414388299590837, -0.13070434129447334, 0.8338348769412902, 0.47619832084703484, -0.2792034333935886
0.00256092814192396, 0.010892116191299641, 0.06692186509017155, -0.1707408980201496, -0.2597523621346284, -0.9504610755358441, -0.5251351317600361, 0.8401973631098473, -0.13528297902777361, 0.8337149627628393, 0.47602216480825804, -0.2798611432060858
0.002553542100539164, 0.010880765320643963, 0.0668806047754944, -0.16870108805844, -0.26427218903200433, -0.9495789345768634, -0.5259836727415826, 0.8388893044989829, -0.14002110843186563, 0.833595296830047, 0.47584130222317317, -0.2805243950200779
0.0025462469984759554, 0.010869215836596063, 0.0668393862909544, -0.1665714975873726, -0.26893286940715544, -0.9486459022964964, -0.5268507644233776, 0.8375123403828719, -0.1449184313084675, 0.83347597938873, 0.4756555386609498, -0.2811931726112126
0.002539046772625963, 0.010857461718231891, 0.06679821211149815, -0.16435163470742822, -0.27373377345394906, -0.9476594121516749, -0.5277346049872143, 0.836064439321072, -0.1499747978886135, 0.8333575024369704, 0.47546406233637006, -0.2818673421285471
0.002531945359880814, 0.010845496944627393, 0.06675708471207231, -0.16204101396345486, -0.27867419746617195, -0.9466168187076968, -0.5286335729680309, 0.8345433696467952, -0.155189914973964, 0.8332402146588636, 0.47526629992579705, -0.2825467905145861
0.002524946697132136, 0.010833315494858515, 0.0667160065676235, -0.15963915986317373, -0.2837533576841336, -0.9455153994733032, -0.5295468203614386, 0.8329463634193112, -0.16056313621636534, 0.8331239425699338, 0.4750625092232863, -0.28323154599585953
0.0025180547212715577, 0.010820911348001207, 0.06667498015309836, -0.15718869726502663, -0.2888561128973072, -0.9443801456479176, -0.5304550987641321, 0.8313054586854098, -0.16597777729254956, 0.8330120657272971, 0.47486143284299104, -0.2838970199756294
0.0025112733691907067, 0.010808278483131414, 0.06663400794344351, -0.15537787334703296, -0.2921410033980891, -0.9436690895688546, -0.5310513378394943, 0.830198335941446, -0.16957358160673824, 0.8329719041198429, 0.4747887500074233, -0.2841363225871551
0.0025046065777812104, 0.010795410879325083, 0.06659309241360561, -0.15438910088431904, -0.2930558614219204, -0.943547702882259, -0.5312556325016241, 0.8298152187034534, -0.17080443713041885, 0.8330254848823241, 0.47489468821455144, -0.2838020025337614
0.002498058283934697, 0.010782302515658164, 0.06655223603853132, -0.15411381946400238, -0.29179671645826627, -0.9439828424894124, -0.5311116774836135, 0.8300962395972202, -0.1698841341829671, 0.8331682403277018, 0.47517881820502955, -0.2829059455693935
0.002491632424542795, 0.010768947371206603, 0.06651144129316722, -0.15444060607743704, -0.2885553664591959, -0.9449253407979029, -0.5306578434761512, 0.8309665478058058, -0.16702350009786612, 0.8333968756550953, 0.47563683300949317, -0.28145914576191167
0.0024853142395918613, 0.010755389089952917, 0.06647069870464653, -0.15525638630565047, -0.28351979111955383, -0.946314948922839, -0.5299277824790699, 0.8323417468159412, -0.1624307909978989, 0.8337097815595822, 0.4762601647743723, -0.27947138597889004
0.002478809748342491, 0.010742422442914843, 0.06642981710382523, -0.15644718325449106, -0.2768753926185323, -0.948084540436173, -0.5289509921587456, 0.8341325504883343, -0.1563129428745581, 0.8341073832223368, 0.4770355386951373, -0.2769512016146993
0.0024720456119733556, 0.010730283203214902, 0.06638873692843737, -0.15789858588863273, -0.26880663788303066, -0.950163684848243, -0.5277524296227152, 0.8362492824978175, -0.1488775018235004, 0.8345929604314256, 0.47794364620936913, -0.273905935398272
0.0024650730965738834, 0.010718880927223177, 0.06634747658804904, -0.15949607821374123, -0.2594987715427134, -0.9524816998778816, -0.5263572753952287, 0.8386028299840711, -0.1403328620858936, 0.8351700543439926, 0.4789631312643279, -0.27034292891903566
0.0024579434682335034, 0.010708125171309741, 0.06630605449222639, -0.16112533071662916, -0.2491393485852443, -0.954970268012558, -0.5247943742943973, 0.8411058158484794, -0.13088877436516766, 0.8358405903702026, 0.48007352721472146, -0.26627038129917346
0.002450707993041644, 0.010697925491844675, 0.06626448905053547, -0.16263047725642674, -0.23803507410403155, -0.9575440623614325, -0.5231177328977594, 0.8436452400228465, -0.12087409364583514, 0.8365997641616063, 0.4812504675146632, -0.2617227963354794
0.0024434179370877323, 0.010688191445198052, 0.06622279867254244, -0.16323325608415162, -0.22825119785549816, -0.9598209701739674, -0.5216860516878191, 0.8457019311030737, -0.11239175771784225, 0.8373760013175324, 0.48237913968792456, -0.2571221460928597
0.002436124566461198, 0.010678832587739955, 0.06618100176781336, -0.1626618726034517, -0.2205631228730689, -0.9617135873167322, -0.5206377061205701, 0.8471434572101734, -0.1062277829548649, 0.8381393047499022, 0.4834251459476169, -0.252631419460993
0.0024288791472514694, 0.010669758475840457, 0.0661391167459144, -0.16092402102815057, -0.21498165974220654, -0.963268573883015, -0.5199764404903447, 0.848021283597453, -0.10239337820737861, 0.8388849508669961, 0.48439941013611326, -0.24825239307741476
