0.0003356345114298165, 0.0012399428524076939, 0.007265004329383373, -0.25114801224663175, -0.12238617536978891, -0.960180347655023, -0.43806203437391145, 0.898944744709145, 0.0, 0.8631490774974829, 0.42061855645960905, -0.2793809227149897
0.0003338179237234723, 0.0012390576165676231, 0.007258059214429764, -0.2344908827489197, -0.15978312003466966, -0.9588969602932417, -0.44803130617486076, 0.893155162979536, -0.039265806119914246, 0.8627177838638083, 0.42040838406837805, -0.2810245825726542
0.0003321266491743697, 0.0012379051746427053, 0.007251143133065985, -0.2195999352304959, -0.19190671752048954, -0.9565289751059678, -0.456104210157238, 0.8869085807644438, -0.07322649003770619, 0.8624064111099847, 0.4201963602137829, -0.28229452870979393
0.0003305445035968148, 0.0012365225496245812, 0.0072442516552238875, -0.20668270890470983, -0.21869954609452635, -0.9536523299283963, -0.46248309208768773, 0.8807699866290929, -0.1017527404368014, 0.8622016280272397, 0.4200175462899566, -0.28318476907443635
0.0003290553028051136, 0.001234946764504894, 0.007237380350835324, -0.19588291067093025, -0.24018997011203302, -0.9507568898328663, -0.46736395053089325, 0.8752098814009392, -0.12481426698222739, 0.8620909598477653, 0.4199005141170164, -0.28369479232623257
0.00032764286261357205, 0.0012332148422752856, 0.0072305247898321445, -0.18729409398145777, -0.25645200469413887, -0.9482369385591464, -0.4709215051778212, 0.8705997766385267, -0.14243933753708177, 0.862063720568683, 0.4198671197001556, -0.28382696044240596
0.0003262909988364963, 0.0012313638059273974, 0.007223680542146202, -0.18097290954816608, -0.2675727085963758, -0.9463897989856348, -0.4732994735158733, 0.8672147184485639, -0.15468109281930764, 0.8621116020442299, 0.4199327061810941, -0.28358439290651116
0.00032498352728819237, 0.001229430678452872, 0.007216843177709347, -0.17695028737836793, -0.2736279743503535, -0.9454185990605617, -0.4746048212785908, 0.865238859581447, -0.1615920155493889, 0.8622290063642198, 0.4201064716510796, -0.2829694207172408
0.00032370426378296614, 0.0012274524828433508, 0.007210008266453429, -0.17523968138306215, -0.27466643525268697, -0.9454360916605333, -0.47490474448048015, 0.8647711131059213, -0.16320663469196278, 0.8624132059162202, 0.42039180686964805, -0.2819826075809993
0.0003224370241351239, 0.0012254662420904767, 0.007203171378310302, -0.1758420013157945, -0.2707008279841466, -0.9464674597163675, -0.47422540099730226, 0.8658289672889182, -0.1595320295500348, 0.862664395707974, 0.42078647926484386, -0.28062230710635466
0.0003211656241589714, 0.0012235089791858911, 0.007196328083211815, -0.17874711601597762, -0.2617062757097892, -0.948450997031519, -0.4725517887440583, 0.8683494654260243, -0.15054571680764886, 0.8629856751248897, 0.42128260247540456, -0.2788847313511243
0.0003198738796688148, 0.001221617717121236, 0.007189473951089821, -0.18393192772545977, -0.2476253439092399, -0.9512364243536024, -0.4698285844866032, 0.8721871596857129, -0.13620080645386629, 0.8633829666854166, 0.42186638587732894, -0.2767645304302731
0.00031854560647896025, 0.001219829478888154, 0.007182604551876173, -0.1913550933985981, -0.22838016025444216, -0.9545814426399505, -0.4659621760471801, 0.8771096197765813, -0.11643867651582873, 0.8638648498022076, 0.4225177124068722, -0.2742559096513202
0.0003171646204037135, 0.0012181812874782862, 0.007175715455502716, -0.20094860958179805, -0.20389218247751392, -0.958148023131968, -0.46082451792694695, 0.8827919163170904, -0.0912096275762386, 0.8644422594855825, 0.42320965302052765, -0.27135432483324384
0.00031571473725738083, 0.0012167101658832756, 0.007168802231901308, -0.21177186899297534, -0.1764099497533855, -0.9612659388177811, -0.45476860688087767, 0.8883893619200952, -0.06284787842745268, 0.8650654250973437, 0.4238441591613764, -0.2683615826565682
0.00031418595338388597, 0.0012154366601641758, 0.007161862840600695, -0.21625450747884814, -0.1669168170961041, -0.9619629744255164, -0.4525195030460535, 0.8901938765864829, -0.05273482199536389, 0.8651358779741096, 0.4239028641781459, -0.26804155346425435
0.0003126244856677597, 0.001214231435707989, 0.007154916977847655, -0.21046332263807752, -0.18666463885272655, -0.9596152887621798, -0.4568912924549221, 0.8865832621714287, -0.07225279313866431, 0.8642658946776804, 0.4232333066282106, -0.27187870725295815
0.00031110656063034777, 0.0012128851539646315, 0.007147995942605803, -0.19572520730077864, -0.22858744187489807, -0.9536453348305949, -0.4660265966302631, 0.8773118376623076, -0.11464358128913761, 0.8628504241525766, 0.42198545106990965, -0.278239868863259
0.00030969591224490773, 0.0012112376579151464, 0.007141122743847128, -0.17890328475206504, -0.26471508499811314, -0.9475861641451733, -0.47360715125400377, 0.8673646853389332, -0.15288809276055737, 0.8623745595656152, 0.42143140177416216, -0.2805453485849943
0.00030840530839158396, 0.0012093280098658947, 0.007134286880791305, -0.1620297864808684, -0.2883533461853584, -0.9437153681257241, -0.47852244171805014, 0.8593411632129626, -0.18041351939360833, 0.8629963042013329, 0.4223566182167616, -0.27722241248380536
0.0003072348078912184, 0.0012072449500574324, 0.007127469496564706, -0.14525937740577194, -0.2997922621655432, -0.942880858232552, -0.48121592120855433, 0.854081709147206, -0.1974225703297116, 0.8644830538831227, 0.4250518011323487, -0.2683281869335691
0.00030618446956465304, 0.001205077218730314, 0.007120651734293703, -0.12862456288118698, -0.29920973114550353, -0.9454783226555007, -0.4821273939973541, 0.8520096960098037, -0.20404081420784936, 0.8666076954314125, 0.42959633924547996, -0.2538465826556246
0.0003052543522327294, 0.001202913556125095, 0.007113814737104664, -0.11212740555989835, -0.286867931308291, -0.9513854292080092, -0.48170843972340616, 0.8530963491838441, -0.2004584697847369, 0.8691285428644302, 0.43581350253990336, -0.23384218392380368
0.00030444413343877713, 0.0012008406838583412, 0.007106940143412002, -0.09707705501479556, -0.2700632312445327, -0.9579362695500241, -0.48091002264086813, 0.8553948703351877, -0.19241924521161385, 0.8713791341965987, 0.44200165942449754, -0.21291532953917713
0.000303743153619628, 0.0011988905950864087, 0.007100023019763337, -0.08500621091491674, -0.2569602395304638, -0.9626761550003903, -0.48038276362059473, 0.8570347387042464, -0.18634338483129462, 0.872929747758735, 0.446612686737167, -0.19629254576595795
0.0003031294619666804, 0.00119703550294147, 0.007093073100287374, -0.07603420417826955, -0.2480671162058033, -0.9657543712830472, -0.48009096981975835, 0.858005035828434, -0.18259249489114177, 0.8739173075826462, 0.4497666776789764, -0.18433251247979743
0.0003025805350996264, 0.0011952445891495835, 0.007086100862896302, -0.07018163500933955, -0.2434409560950223, -0.967373267670219, -0.4799893565706643, 0.8583601758150133, -0.18118506051465502, 0.8744625524779753, 0.4516130085265049, -0.1770901884445989
0.00030207384963815815, 0.0011934870354368087, 0.0070791167855023185, -0.0674566100937949, -0.24311102789029299, -0.9676500575480678, -0.4800553301856105, 0.85812363874081, -0.18212825314765566, 0.8746407752414922, 0.45223981332071733, -0.17459285647644512
0.00030158688220196795, 0.0011917320235292034, 0.0070721313460176145, -0.0678611606754414, -0.2470860390966933, -0.9666143761372936, -0.48028921443960915, 0.8572871654296033, -0.18542110581770135, 0.8744810651836695, 0.45167156792650054, -0.1768492616949574
0.0003010971094107477, 0.0011899487351528268, 0.007065155022354384, -0.07139343684385427, -0.2553556067554847, -0.9642077013144839, -0.48071428503034813, 0.8558107009967121, -0.1910544954385464, 0.8739661053744497, 0.4498683787043212, -0.18385235516185697
0.0003005820078841898, 0.0011881063520337376, 0.007058198292424821, -0.07804565408381849, -0.2678858515017388, -0.9602843570754536, -0.4813766168780613, 0.853623100735887, -0.19900792600567982, 0.8730323181885429, 0.44672673129692864, -0.19557555814339533
0.00030001905424198623, 0.0011861740558979945, 0.007051271634141118, -0.08733232953817067, -0.2841221227349132, -0.9548024317051372, -0.48231836683456014, 0.8506921591035541, -0.20902593966724858, 0.8716318358294854, 0.44226402726464253, -0.2113302461934413
0.0002993890898612093, 0.001184124564969947, 0.007044384247467314, -0.09431166237417854, -0.2988613499267866, -0.949624770032963, -0.483310902649632, 0.8476720403797708, -0.21877541758249291, 0.8703538830385127, 0.43833093146427055, -0.22438830807653073
0.00029870854298441444, 0.0011819680007321073, 0.0070375318163352135, -0.09604746663601486, -0.3090744185388167, -0.946175400207433, -0.4841521133076676, 0.8450533889811973, -0.22689535242290187, 0.8696962776352002, 0.43630009577845136, -0.2308042700887295
0.00029801522965517796, 0.0011797369641248531, 0.007030701901505232, -0.09252199639526901, -0.31478219534309326, -0.9446437686652129, -0.48479992392330407, 0.8429083290929106, -0.23339790596694757, 0.8697176058623813, 0.43636878696898124, -0.23059394574061878
0.00029734725799235995, 0.001177464363071688, 0.007023881952806435, -0.08373832169032527, -0.31599961526518744, -0.9450566843490082, -0.4852408993375053, 0.8412802060193256, -0.23830418496159497, 0.8703615128730227, 0.4386249629379688, -0.22378333002493467
0.0002967427361148208, 0.0011751831054961157, 0.007017059420067884, -0.06968243396142959, -0.3126878952030244, -0.9472964892739302, -0.48548780803203834, 0.8401907425596415, -0.2416218209709645, 0.8714619593817379, 0.4430640995505961, -0.2103526967736848
0.0002962397624417461, 0.0011729260979515268, 0.007010221754280196, -0.053264678781921065, -0.3051893421182636, -0.950800893695247, -0.48553184495580587, 0.8399396538461884, -0.24240504415246103, 0.8725948094780706, 0.4487324852895841, -0.19291826019784436
0.00029585530156495896, 0.0011707232617617646, 0.007003358937238969, -0.04362514385295407, -0.2948212486713636, -0.9545560633905518, -0.4853223186267255, 0.8414059021486513, -0.2376938259025533, 0.8732462962226569, 0.45289793459594424, -0.17978978550557215
0.00029554041032756653, 0.0011685952085428084, 0.006996468843283642, -0.04254641793508329, -0.281881942997727, -0.958505280388543, -0.4848724134460669, 0.8446457906797803, -0.22687492361632933, 0.8735493947109572, 0.45510005328362146, -0.17261343082554537
0.00029523333375617813, 0.0011665607401952236, 0.006989550880986358, -0.049679283034759006, -0.2666434696381876, -0.9625140149298924, -0.4840879239170806, 0.8493687105185812, -0.2103132794420109, 0.8736079502584687, 0.45549319829313756, -0.17127491221391825
0.0002948748222156289, 0.0011646365022586476, 0.006982604879329062, -0.05912007118258693, -0.25411579341345586, -0.9653652058786953, -0.4832136082700189, 0.85349307113358, -0.1950748223365553, 0.8735041075839509, 0.4549447670485063, -0.17325078057297666
0.00029444815048729634, 0.0011628025392304662, 0.006975637803129301, -0.06595141948594965, -0.24857499108764278, -0.9663647779558021, -0.48268748342786555, 0.8555665479393607, -0.18713277475952692, 0.8733059049438877, 0.4541105106170789, -0.17640986519249302
0.0002939721128281816, 0.0011610083237640798, 0.006968662577571843, -0.07003454228822537, -0.2501937021216316, -0.9656595022600621, -0.4826557390887295, 0.8556802183166111, -0.18669440673557675, 0.8730054984999758, 0.4530060434478871, -0.18068459864775419
0.00029346659360102227, 0.0011592023902517832, 0.00696169231076732, -0.07137066969451215, -0.2589708568021928, -0.9632446848202668, -0.483190846737675, 0.8538083411080949, -0.19374705748261536, 0.8726011879067583, 0.45160315762999415, -0.1860692206742779
0.00029295147716855576, 0.0011573332730858699, 0.006954740110826353, -0.06994685314861779, -0.2748566760309335, -0.9589375607284513, -0.484301171777592, 0.8497585788415888, -0.20823720296809278, 0.8721008042362173, 0.44984904726624664, -0.19255134879868585
0.00029244664321789575, 0.0011553495243483655, 0.00694781908128139, -0.06656524349434986, -0.29466330803703084, -0.9532799186258, -0.48570270741970967, 0.8441323461990702, -0.22700982821370783, 0.8715858812324244, 0.44789967291473554, -0.19930864165703172
0.00029196605113086105, 0.0011532220949760973, 0.006940936528742398, -0.06366684764853067, -0.3092627940069608, -0.9488430095403069, -0.4866939516282555, 0.8396653664112774, -0.24102089099886848, 0.8712494074367982, 0.44645111344068045, -0.20397517826589745
0.00029150615773419276, 0.0011509881549892434, 0.00693408262202832, -0.06171881321895058, -0.31708029383952147, -0.9463883322154215, -0.48721010732473047, 0.8371232964021152, -0.24869840759739695, 0.8711010844990775, 0.445740590343194, -0.2061509803639847
0.00029106020094975726, 0.001148697052797325, 0.006927244378137193, -0.06073002784314765, -0.31818340833222314, -0.9460820167301882, -0.4873006055999762, 0.8366528672863771, -0.2501001788151707, 0.8711199593052996, 0.4458377488768459, -0.20586091949750782
0.000290621418699421, 0.0011463981368098623, 0.0069204088140670484, -0.06070122957945036, -0.3125804440908488, -0.9479498017825155, -0.4869949857717851, 0.8382708691720204, -0.24523016480589066, 0.8712928580911712, 0.4467610276977539, -0.20310918140193743
0.0002901830489050504, 0.0011441407554363757, 0.0069135629468159215, -0.06162601931376567, -0.30021776471757056, -0.9518778952636335, -0.4863029458399787, 0.8418648961539964, -0.23403619696743455, 0.8716144093639677, 0.44847830535222827, -0.19787756572561568
0.00028973832948851167, 0.0011419742570863852, 0.006906693793381843, -0.06348961309514034, -0.28099204674862394, -0.9576077164961907, -0.4852150965151952, 0.8471882767883895, -0.21642165738684582, 0.8720867956475314, 0.45090519329049483, -0.19012923899516926
0.0002892804983716716, 0.0011399479901694123, 0.006899788370762853, -0.06626542651067377, -0.2547783235170465, -0.9647263337937871, -0.4837044739765065, 0.8538509652280275, -0.1922719715254331, 0.8727192418552886, 0.45390145961982653, -0.17981821334481493
0.0002888027934763963, 0.0011381113030949764, 0.006892833695956979, -0.07055361245572199, -0.2236530411198642, -0.9721118788325159, -0.4818007657573432, 0.8609656947483769, -0.16311374737305978, 0.8734358647806292, 0.4568559835049564, -0.16850044644045756
0.00028829387010473226, 0.0011364980297868085, 0.006885821575134383, -0.0802646349802707, -0.20095157067185385, -0.9763073566331449, -0.4799504191140321, 0.8662398173964208, -0.13883866157983746, 0.873616153447124, 0.4574352905073357, -0.16597521331427934
0.0002877143946968931, 0.0011350472477157307, 0.006878773064868306, -0.09692241416825775, -0.1917854728182436, -0.9766393285382683, -0.47846260040732025, 0.8694157769280854, -0.12324669099005786, 0.8727425655044343, 0.4553400259634734, -0.17602805206080574
0.0002870144693162023, 0.0011336622685937678, 0.006871720262276761, -0.1205522615299568, -0.19613866220637896, -0.9731375942937899, -0.47761992592429786, 0.8708282249449654, -0.11635037171951457, 0.8702564901223553, 0.45076360526011067, -0.19866004523513509
0.0002861442139033647, 0.0011322463620791528, 0.006864695273710623, -0.14477230580801462, -0.20980740079095406, -0.9669652703403442, -0.47777267959402314, 0.8706077177973569, -0.117368941143834, 0.8664722996752855, 0.44499781604522726, -0.22628013083432794
0.0002850993749619451, 0.001130732157125927, 0.006857716570402604, -0.1519919261747473, -0.22095833151649036, -0.9633669446847027, -0.4787988360640287, 0.8691508756534952, -0.12380803663128637, 0.8646676407507231, 0.44244114985409216, -0.23789850767578835
0.0002840024256948086, 0.0011291374666319988, 0.006850763801985548, -0.15132789083904538, -0.22951872740459184, -0.9614681602761386, -0.4800237805343746, 0.8673439726566208, -0.13149754072878236, 0.8641047619216623, 0.441628335670174, -0.24142778124627584
0.0002829103015096032, 0.0011274810439344622, 0.0068438249447443575, -0.150936128906534, -0.23681684098654873, -0.9597583387581802, -0.48105245875853275, 0.8657668299609017, -0.13797220032246119, 0.8636010750995394, 0.4408691188602383, -0.24459681748198775
0.00028182097377685744, 0.0011257719027610615, 0.006836898230890508, -0.15096182545495973, -0.24288103533125144, -0.9582376166336437, -0.48188199396889353, 0.8644565301132233, -0.1431944532206785, 0.8631339821510154, 0.44014055734620183, -0.24753993341500524
0.0002807313940602477, 0.00112401888838906, 0.006829982070015864, -0.15140842518372327, -0.24771670623424996, -0.9569283788433903, -0.48251487669419874, 0.8634353320809869, -0.147169361903143, 0.862702082153606, 0.43944949740174966, -0.25025837984207955
0.00027963851392345075, 0.0011222308460957222, 0.006823074871712294, -0.1522785797720429, -0.25132852075214634, -0.9558479004523405, -0.4829520181242898, 0.8627206285159275, -0.14990151874733912, 0.8623042284091418, 0.4388018821628061, -0.2527534883598912
0.0002785392849301427, 0.0011204166211583111, 0.006816175045571659, -0.15357421295677917, -0.25372007038604394, -0.9550084224749051, -0.48319269878020943, 0.8623250291425735, -0.15139471575903055, 0.861939543680532, 0.4382027726949714, -0.2550265732080397
0.0002774306586440001, 0.001118585058854091, 0.006809281001185827, -0.1552965536006597, -0.25489362136373006, -0.9544172160160571, -0.48323453230114377, 0.8622564263449716, -0.15165171287688592, 0.8616074322053242, 0.43765636864426194, -0.25707885123764207
0.00027630958662869953, 0.0011167450044603257, 0.0068023911481466665, -0.15744613576652802, -0.2548499601298171, -0.9540766280304841, -0.48307344320884, 0.8625180363953133, -0.15067410314691973, 0.8613075889591033, 0.4371660264871958, -0.25891137960092203
0.00027517302044791726, 0.0011149053032542778, 0.006795503896046036, -0.16002276519159633, -0.2535883327456014, -0.9539841047500431, -0.48270365839960444, 0.8631084123739566, -0.14846227351400096, 0.8610400064968371, 0.43673427388357583, -0.2605250107519672
0.00027401791166532986, 0.001113074800513212, 0.006788617654475805, -0.1630254518970482, -0.25110647773166034, -0.9541321915096264, -0.4821177130378184, 0.8640214273656637, -0.14501546065225251, 0.8608049795446974, 0.4363628191014907, -0.2619203644179899
0.00027284121184461375, 0.001111262341514392, 0.00678173083302784, -0.16645230903957306, -0.24740075281255847, -0.9545085103461224, -0.4813064724625143, 0.8652462290276657, -0.14033190200056223, 0.8606031073503544, 0.43605255493023287, -0.2630978163302212
0.00027163987254944546, 0.0011094767715350818, 0.006774841841294005, -0.1703004185507526, -0.24246635687960336, -0.955095719403543, -0.4802591726471421, 0.8667671691649832, -0.13440908282554456, 0.8604352936332407, 0.4358035569373595, -0.2640575036446126
0.0002704108453435013, 0.0011077269358525442, 0.006767949088866166, -0.1745656646901737, -0.2362976491327703, -0.9558714608803864, -0.4789634826453627, 0.868563714564075, -0.12724408054947606, 0.8603027438079592, 0.43561507636557106, -0.26479934712818765
0.0002691510817904579, 0.001106021679744044, 0.006761050985336192, -0.17924253716583513, -0.2288885682048502, -0.9568083069327356, -0.4774055933870862, 0.8706103479169134, -0.11883400819090059, 0.8602069589773604, 0.4354855283991933, -0.26532309036681506
0.0002678575334556848, 0.0011043698484827177, 0.006754145940296661, -0.18377201199655252, -0.2215977551158466, -0.957665015824613, -0.47584065594828756, 0.8725510275536531, -0.1105910234230952, 0.8601183161364735, 0.43537241442549096, -0.2657956790541866
0.0002665311743324421, 0.0011027704852228024, 0.006747234073157866, -0.18600156485624025, -0.21976890645412514, -0.9576560163372796, -0.47534837146900283, 0.8731377425014677, -0.10804817611235965, 0.8599112417062571, 0.4351230979566572, -0.26687177822281
0.000265188707758258, 0.0011011843028098335, 0.006740322189419184, -0.1854121319129289, -0.22471515449821977, -0.9566218901312806, -0.4762270720714183, 0.8720888580152826, -0.11255576196661166, 0.8595522771570017, 0.4347000380313321, -0.2687112944588887
0.00026385068132377804, 0.0010995626461585413, 0.006733418728660754, -0.18233954239225253, -0.23545823901342017, -0.9546264761470232, -0.47827239425672924, 0.8695386035432181, -0.12311837328378729, 0.8590738083378632, 0.4341221425230569, -0.27116444678289037
0.0002625350571699933, 0.0010978637576871241, 0.006726530866415495, -0.17883057725273677, -0.24641402896468645, -0.9525228348805312, -0.4803540223348647, 0.8667707380523928, -0.13404663696947644, 0.8586498924859709, 0.43357653763263176, -0.2733710814046171
0.0002612448005548961, 0.0010960858887353558, 0.006719658446119055, -0.17563786175881116, -0.2555892029977854, -0.9506973760496816, -0.48208599836127514, 0.8643244975615342, -0.14330475602370668, 0.8583381802651012, 0.43314815274448343, -0.27502408271501666
0.0002599774827641489, 0.0010942416807676752, 0.0067127986740504395, -0.17277267112172792, -0.26299250007376, -0.9492020591098698, -0.4834826631867943, 0.8622495827621166, -0.150897884095042, 0.8581340912184227, 0.43285170893911146, -0.276125477921221
0.00025873066798729014, 0.0010923437941796745, 0.0067059487530192995, -0.17024282001558477, -0.26863501519594496, -0.9480783780067003, -0.48455752357795506, 0.8605853278012978, -0.1568339883989832, 0.8580334425750205, 0.4326986505453967, -0.2766775907786028
0.00025750192041385786, 0.0010904048893669444, 0.006699105885835281, -0.16805392621693135, -0.27252642095527885, -0.947358025122699, -0.4853225119094962, 0.8593616133635232, -0.16112006985816327, 0.8580325968848335, 0.4326973160981573, -0.27668230034557734
0.0002562888042333904, 0.0010884376267250768, 0.006692267275308036, -0.16620965314657374, -0.27467409668365744, -0.947063087556427, -0.4857878289021753, 0.8585990996400309, -0.16376132445678163, 0.8581285081451417, 0.43285300820064226, -0.2761407916267502
0.0002550888836354258, 0.001086454666649663, 0.006685430124247208, -0.16471190437312253, -0.2750825283606323, -0.9472062030775038, -0.48596184238439677, 0.8583094117309742, -0.16476055802403625, 0.8583187498267425, 0.43316804628775546, -0.2750533900374742
0.0002538997228095024, 0.0010844686695362946, 0.006678591635462452, -0.1635609659903326, -0.27375297164771867, -0.9477906524746657, -0.4858510347257426, 0.8584952555680265, -0.1641178485817866, 0.8586015271709192, 0.4336417953579109, -0.27341947783311493
0.00025271888594515846, 0.0010824922957805635, 0.006671749011763416, -0.16275559485888247, -0.27068337297191924, -0.9488103751217501, -0.4854599934528042, 0.8591504521487995, -0.16183045241646238, 0.8589756754989835, 0.4342706669452341, -0.2712374913834866
0.00025154393723193205, 0.0010805382057780606, 0.0066648994559597476, -0.1622930524091996, -0.26586854718911135, -0.9502499043700325, -0.48479144158441756, 0.8602598872024212, -0.15789295309474682, 0.8594406455981746, 0.43504809169335396, -0.2685049992230387
0.0002503724408593615, 0.0010786190599243778, 0.006658040170861097, -0.1621690852200613, -0.25930061423342865, -0.9520842290769526, -0.4838463062761258, 0.8617993826210475, -0.15229765597976586, 0.8599964765636182, 0.435964465951238, -0.2652188619348439
0.00024920196101698507, 0.0010767475186151067, 0.006651168359277114, -0.1623276114729443, -0.2511207359430197, -0.9542474115935159, -0.48264947670204716, 0.8636956341292829, -0.14518723850688853, 0.8606388494558731, 0.4369991162067176, -0.26140494111974794
0.0002480304238469623, 0.0010749351511832742, 0.0066442814452029415, -0.16216472403664614, -0.24312661433607366, -0.956343061709341, -0.4815054605375323, 0.8654511585153051, -0.1383719035680845, 0.8613101031281691, 0.43804536480368605, -0.2574124406926523
0.00024686007698557417, 0.0010731805003385945, 0.006637379493453997, -0.16128956949478998, -0.23651162376629947, -0.9581481756991523, -0.4806171763300572, 0.8667779527997377, -0.13305303587975215, 0.8619703037742705, 0.4390424038333021, -0.2534737916384408
0.00024569601113287473, 0.0010714735387176092, 0.0066304643062124954, -0.15969978585482614, -0.23130367429531642, -0.9596846297901247, -0.47998939843581245, 0.8676994250410708, -0.12925898488160154, 0.8626158796284413, 0.4399958159356534, -0.24959472384641684
0.00024454336690689897, 0.0010698040884851222, 0.0066235377161650245, -0.15739866079334278, -0.22750731940413832, -0.9609714257968369, -0.479619912493172, 0.8682378211405876, -0.12699537582560758, 0.8632441144430146, 0.4409121290672197, -0.24577651092182728
0.00024340728492568147, 0.0010681619718059371, 0.00661660155599816, -0.15438812176429814, -0.2251250643281752, -0.9620202769533119, -0.47950307815258475, 0.8684086361084374, -0.12626653861763976, 0.8638524792464791, 0.4417976303054586, -0.2420201395673362
0.00024229290580725715, 0.0010665370108448584, 0.006609657658398484, -0.1506687389405436, -0.2241576842057859, -0.9628355330572119, -0.4796298747766913, 0.8682205528391186, -0.12707578388281068, 0.8644386122378858, 0.4426583380432752, -0.23832641782438582
0.00024120537016966066, 0.0010649190277666892, 0.006602707856052576, -0.14623980975490417, -0.22460437908697425, -0.9634141326230398, -0.47998791506120214, 0.8676754235650448, -0.1294255026508307, 0.8650003002531558, 0.4434999799731391, -0.23469607650273075
0.00024014981863092696, 0.0010632978447362345, 0.00659575398164702, -0.14109952451273244, -0.2264627651716719, -0.9637455785491734, -0.4805614287991312, 0.8667682891690525, -0.13331708833263461, 0.8655354627817502, 0.44432797445327943, -0.23112986346516867
0.0002391313918090908, 0.0010616632839182977, 0.006588797867868395, -0.1352452136026306, -0.22972870288119943, -0.9638119397839499, -0.4813312217176362, 0.8654874370553639, -0.1387506803556125, 0.8660421393889484, 0.4451474130800483, -0.22762863051636162
0.0002381552303221869, 0.0010600051674776827, 0.006581841347403282, -0.128708817276949, -0.23438677710424197, -0.963585429048123, -0.48227162935770806, 0.86382016537331, -0.1457010549415792, 0.8665149253601063, 0.4459569044348501, -0.22421936471914194
0.00023722622184060708, 0.0010583133851390146, 0.006574886275829699, -0.12298945511791146, -0.24003903391435427, -0.9629407334448278, -0.48323737772568004, 0.8619893081334309, -0.1531537444284586, 0.8668074934485787, 0.4464926593585976, -0.2220114286253743
0.0002363384478155449, 0.001056580712861494, 0.006567935486674587, -0.12012157944028057, -0.24615958407270486, -0.9617568639328369, -0.4840707069337457, 0.8603249747796194, -0.15973881325185454, 0.8667446895374877, 0.4463702464766218, -0.22250223868303848
0.000235471361750307, 0.0010548038335849413, 0.006560993137275347, -0.12025099566102554, -0.25271543398466, -0.9600388572700987, -0.48478271023781366, 0.8588608035075131, -0.16535974133055745, 0.8663287031473746, 0.4455255656237629, -0.22579093976201564
0.00023460337781655477, 0.001052979707844409, 0.006554063479027549, -0.1233765615565003, -0.2597045179082685, -0.9577743927650858, -0.4853882892332385, 0.8576082870805947, -0.17001833608737174, 0.8655497863980587, 0.44391619626763146, -0.23186629327600117
0.00023371291018594963, 0.0010511052961749501, 0.00654715076332677, -0.12949417595745416, -0.2671169583046476, -0.9549239702610742, -0.48589335617009133, 0.856580384900495, -0.17371727212192997, 0.8643719713311306, 0.44149583779441576, -0.24071252644460014
0.00023277837303015304, 0.0010491775591116163, 0.006540259241568579, -0.13857582424151402, -0.27494560071578755, -0.9514208624908431, -0.4862975088235646, 0.8557861782527239, -0.17647875232897658, 0.8627348803936121, 0.43821790670696226, -0.2522966357159524
0.00023177832087028236, 0.0010471933750495857, 0.006533393177493638, -0.14937943321540872, -0.28390983492183797, -0.9471435955370748, -0.48677387170517594, 0.8548897634108837, -0.17948451253641984, 0.8606607826300652, 0.4342334603067088, -0.2659028378800531
0.00023070024616596074, 0.0010451443914328384, 0.006526557621020236, -0.1599474916012397, -0.2951683973737154, -0.9419620040756973, -0.48764641993786645, 0.8533052182095552, -0.1845837850357539, 0.8582643934431007, 0.42982068559828046, -0.2804218414809567
0.00022954580091077964, 0.0010430139688021602, 0.006519758867533828, -0.1700930022609728, -0.3087991189466102, -0.935794568652568, -0.48899187330958005, 0.8509157769129551, -0.1919095840176036, 0.8555438728779702, 0.4249534618501411, -0.29573507881640354
0.00022831789156986128, 0.0010407847335156895, 0.006513003322762703, -0.1797945813402345, -0.3247630507948843, -0.9285487975109813, -0.49085694995613904, 0.8476376475494118, -0.20141964436632162, 0.8524865765514705, 0.4195704699991391, -0.31181285654099533
0.00022701942460832765, 0.001038439311931565, 0.006506297392435146, -0.18892005084588212, -0.3416297368989853, -0.9206510398922707, -0.4930442926015489, 0.8437951439769259, -0.2119365011837208, 0.8492446878970911, 0.4138826861168381, -0.3278484134646428
0.00022565412998956405, 0.0010359704091374496, 0.006499643996435643, -0.19704760684132844, -0.35371873798065984, -0.914360593551294, -0.4945413932075864, 0.8411566807489003, -0.2188246988705623, 0.846522918202694, 0.4090702785987539, -0.34067646840475085
0.0002242291446824426, 0.001033412428289289, 0.006493031632895137, -0.20412295807309486, -0.3596649506285534, -0.9104806100499064, -0.49502279364910173, 0.8403131879939787, -0.22096646770773865, 0.8445627577364091, 0.4056043261267765, -0.34956956227897634
0.00022275248662293086, 0.0010308105546290055, 0.0064864450708369, -0.21018767451961534, -0.35953791302269605, -0.9091499494469107, -0.4944330967148805, 0.8413285818970039, -0.2184081732813818, 0.8434198565085896, 0.40360711884512235, -0.354604341858034
0.00022123217374820742, 0.0010282099734133425, 0.0064798690792790825, -0.2152558140762888, -0.3533440782595124, -0.9103916173083371, -0.49272933318930257, 0.8441780623125509, -0.2111426137118046, 0.8431386236682432, 0.40312697933673775, -0.3558172280956305
0.00021967622399545036, 0.0010256558698990411, 0.006473288427239826, -0.21930964577286718, -0.34102528566943247, -0.914114343944488, -0.48988080360642255, 0.8487474566534179, -0.19910939978383818, 0.8437535644540445, 0.4041404574630418, -0.3532002450631344
0.00021809265530183824, 0.0010231934293428444, 0.006466687883737277, -0.22229699024002733, -0.3224687809915357, -0.9201075662204166, -0.48587139983219946, 0.8548278101353641, -0.1822042750439105, 0.8452887263860344, 0.4065504892445844, -0.3467040073891053
0.0002164894856045493, 0.0010208678370014945, 0.006460052217789582, -0.2241304746827088, -0.2975296762229862, -0.928031045862771, -0.48070449292175005, 0.8621065262599926, -0.16029824660542005, 0.8477551066218042, 0.41018097121462593, -0.3362481970956564
0.0002148747328407621, 0.001018724278131734, 0.006453366198414892, -0.22468952726205055, -0.26606735443320456, -0.9374021438228481, -0.47441022378759035, 0.8701578115365264, -0.13326786029561496, 0.8511460250183659, 0.4147692683009176, -0.32174042047675133
0.00021325641494765487, 0.001016807937990305, 0.006446614594631346, -0.22332235590259816, -0.2314945215314071, -0.9468565951901365, -0.467775720418289, 0.8776771499772956, -0.10425303734128119, 0.8551684049012008, 0.419634492038818, -0.30429244543704875
0.00021164639958498976, 0.0010151390063935018, 0.00643978834717244, -0.21753382521157708, -0.21157381400036518, -0.9528460295966803, -0.46448064784153503, 0.8810400090189067, -0.08958923087443492, 0.8584502097789521, 0.4230898530304216, -0.2899279455195192
0.00021007597110454205, 0.001013611604653106, 0.006432909524805828, -0.20675033597735787, -0.21199790770309704, -0.9551498236940417, -0.46555701780381425, 0.8799545014787619, -0.09453432445880607, 0.8605294659376101, 0.4251317001315862, -0.28062800251642456
0.00020858250617348422, 0.0010120802337892304, 0.006426009982133504, -0.19372367138554544, -0.2261729944625929, -0.9546292032620461, -0.46923888355162374, 0.8759018752866811, -0.1122977071560287, 0.861560218039419, 0.426194417426014, -0.2758120904651747
0.00020718309504981456, 0.0010104464169094403, 0.006419113980646075, -0.18669313387769199, -0.2346692545171563, -0.9539790431384163, -0.47128532200186324, 0.8734152549919934, -0.12262111405818929, 0.8619952546438562, 0.4267038004654206, -0.2736568063100939
0.0002058345777148723, 0.0010087513596187866, 0.006412223222265606, -0.1872509628076127, -0.23397881953218347, -0.9540393015688337, -0.4711219712785216, 0.8736199269917847, -0.12178797699899928, 0.8619635520752963, 0.42666396048083893, -0.2738187351525518
0.00020448266148305247, 0.0010070620771751358, 0.006405335240499071, -0.1954021754239236, -0.22408085167335529, -0.9547804783053232, -0.46870136635261866, 0.8765076458357451, -0.10978786804865272, 0.8614737483050696, 0.4260541264966504, -0.2762985021247667
0.00020307305366874977, 0.0010054455848363525, 0.0063984475688534355, -0.21107673259449186, -0.20484745259700674, -0.9557636392548895, -0.4637065621795372, 0.8817487163381209, -0.08657612504444326, 0.8604782607067238, 0.42491966582001495, -0.2811057460290317
0.00020155146158635915, 0.0010039688978603024, 0.006391557740835674, -0.23191779709388513, -0.178943734697876, -0.9561345486925444, -0.4564023424222285, 0.8880411609691806, -0.05549593008512142, 0.8590174836536347, 0.42351155384107997, -0.28762288945856107
0.00019987931072343635, 0.0010026786953655428, 0.006384663913666303, -0.24673779514637686, -0.16093033203242865, -0.9556264378292579, -0.45090993910733035, 0.89192996791865, -0.033781047095371275, 0.8577882531607252, 0.42256639781289795, -0.29263791992649124
0.00019809867822059407, 0.0010015173095318883, 0.0063777674449077785, -0.2522108258174164, -0.15560140879755868, -0.9550800494831373, -0.4491050614130237, 0.8930738377701227, -0.026902864229462593, 0.8571431287443778, 0.4221460906733114, -0.29512427039391254
0.0001962774384736958, 0.001000393696104681, 0.00637087071578463, -0.2484457885304153, -0.1629889815829091, -0.9548346883330466, -0.4511814785932292, 0.8917525013666566, -0.03482455571487509, 0.8571522405826911, 0.4221517122894056, -0.2950897630809908
0.00019448347738909748, 0.0009992167959370123, 0.006363976107978129, -0.2353618391210122, -0.18299726978852043, -0.9545243862445434, -0.4569017972215266, 0.8876556485412568, -0.0575169306251635, 0.8578144043913659, 0.42258661699437233, -0.2925320473998326
0.00019278454404645702, 0.0009978958504327751, 0.006357085979518008, -0.21606365030059946, -0.208218271962942, -0.9539191004689793, -0.4638779827240455, 0.8815812428897613, -0.08735976950984954, 0.8591470864541476, 0.4236267973177691, -0.28706553333975743
0.00019122453781300353, 0.0009963924887996212, 0.006350198565828238, -0.19768700929138217, -0.223204448442415, -0.9545153851839929, -0.4682747228710013, 0.8769474785826281, -0.10808285584521671, 0.8611844345304414, 0.4256088509454289, -0.2778821255845647
0.0001897964802063911, 0.0009947800975172072, 0.006343303307706186, -0.18126674425626305, -0.22611936005021183, -0.9570853684166409, -0.4701048800124469, 0.8747370557219236, -0.11762858978761603, 0.8637961386896896, 0.4286083507789168, -0.2648605527959186
0.00018848685642172027, 0.000993146420621253, 0.006336388516095724, -0.16681470038000873, -0.21701174192876935, -0.9618101473794967, -0.46981723205269926, 0.8751134817530632, -0.11596621283965068, 0.8668590567119133, 0.43253011215298326, -0.2479376491730526
0.0001872821516540914, 0.0009915792021474765, 0.006329442501940723, -0.15426670487683242, -0.1957973735247937, -0.9684343923504766, -0.4677864486046617, 0.8778238491307071, -0.10296178125492951, 0.8702744522668022, 0.4371369103817958, -0.22701035067497552
0.00018616885109860496, 0.000990166186131597, 0.006322453576185053, -0.14352751959224, -0.1626332796075047, -0.9761917165617655, -0.4643582656586403, 0.8821445841122402, -0.07869138349236589, 0.8739400735944078, 0.44200831336701146, -0.2021321317362756
0.0001851333173783799, 0.0009889928066602396, 0.0063154104708434715, -0.13537568373365771, -0.13296572251311056, -0.9818317273801103, -0.4613879538095001, 0.8854108905355107, -0.056291304840059994, 0.8768093181149066, 0.4453848578001732, -0.1812118873285974
0.00018415599027260066, 0.0009880328779554122, 0.006308322264645595, -0.1312064916057664, -0.12907353365404448, -0.9829165170402643, -0.4611807488362311, 0.8856164064991398, -0.05473479188234537, 0.8775518067119225, 0.4461206153604749, -0.17572485051076914
0.00018320886940285036, 0.0009871011539533446, 0.006301227030750398, -0.1310808361591794, -0.15220466809591873, -0.9796180650649627, -0.463996890604877, 0.8826517062817777, -0.07505232112914552, 0.8760848702613327, 0.4447018151612131, -0.18632121642879546
0.00018226382193598265, 0.0009860038109683273, 0.006294164323507951, -0.13266915158869969, -0.18739383658704206, -0.9732843604137095, -0.46830500974589545, 0.8772964883131692, -0.10507754013240964, 0.8735498349056174, 0.44185339378867555, -0.20414765326546924
0.00018130794205325384, 0.0009846536402888897, 0.006287151819627785, -0.1334840960724711, -0.21756712264615347, -0.9668746264326048, -0.47204649842845964, 0.871786047208822, -0.13100072982028743, 0.871409260575733, 0.43892326782194097, -0.2190713708985342
0.0001803457329009502, 0.0009830853255397166, 0.006280182183228716, -0.1334610144294044, -0.241831508718934, -0.9610960820949165, -0.475086292576905, 0.8666930658381797, -0.1521057008581474, 0.8697592610791827, 0.4363033933156387, -0.23056057067125185
0.0001793826499326332, 0.0009813402181145605, 0.006273246710187849, -0.13266091752620457, -0.26027644299098357, -0.9563771505975385, -0.4774223460712362, 0.8623723625115677, -0.1684690234080266, 0.8686017409796866, 0.4342465677471483, -0.23866489889985698
0.00017842414860186413, 0.0009794596694071734, 0.006266336696382285, -0.13113074738308703, -0.273005374436001, -0.9530334687826089, -0.479067510648352, 0.8590870157918002, -0.18017718928635298, 0.8679280196721063, 0.43294060196174494, -0.2434407275725609
0.00017747568436220446, 0.000977485030811307, 0.0062594434376891245, -0.12890139547741097, -0.28010682161098915, -0.9512752486693669, -0.4800458596206334, 0.8570142698836075, -0.18730326712835083, 0.867721385529401, 0.43251209197299534, -0.2449344552979022
0.00017654271266721573, 0.0009754576537207145, 0.006252558229985478, -0.12598715867116808, -0.2816353441358989, -0.9512143653159469, -0.48039036460006007, 0.8562512951894743, -0.18989159298338923, 0.8679587164430042, 0.4330303135114234, -0.24317157344313733
0.0001756306889704592, 0.0009734188895291469, 0.006245672369148441, -0.12238625662757051, -0.27760149039625903, -0.9528688350022085, -0.4801418992283, 0.8568189168361096, -0.18794972827125092, 0.8686111677811491, 0.43450978847613053, -0.23815096666672758
0.00017474506872549656, 0.0009714100896303571, 0.0062387771510551224, -0.11808222704485373, -0.26797002866532077, -0.9561635066207216, -0.47934943645862865, 0.8586623636982179, -0.18144713537277057, 0.8696440107440072, 0.4369107562252234, -0.22984404641360787
0.00017389130738588892, 0.0009694726054180963, 0.006231863871582621, -0.11304620847129257, -0.25266632470006617, -0.9609267834298437, -0.4780712353011355, 0.8616488988592201, -0.17032048929104152, 0.8710157568769415, 0.44013736884892446, -0.21819864301785752
0.0001730748604051979, 0.0009676477882861175, 0.006224923826608042, -0.10724028829197907, -0.23159133695227518, -0.9668841570817628, -0.4763767350924574, 0.8655629776917891, -0.15448604439228156, 0.8726767596479833, 0.4440339900255172, -0.20314794823555338
0.00017230118323698494, 0.0009659769896281723, 0.0062179483120084885, -0.10062220934533195, -0.20464610286735696, -0.973650421644066, -0.4743487580171242, 0.8701004599482571, -0.1338597974204479, 0.8745675655740248, 0.44838059969074795, -0.18462505536055857
0.00017157573133481143, 0.0009645015608380132, 0.006210928623661062, -0.09333129623200516, -0.17287812047385914, -0.9805113077395281, -0.47215479133276705, 0.8747155367256739, -0.10928212494377808, 0.8765609631766436, 0.45275366952918467, -0.16326356777521717
0.00017090268032934598, 0.0009632548644188542, 0.006203857746600662, -0.08776744005993782, -0.15112164140872864, -0.9846111547018228, -0.4707426007016716, 0.8773867936272558, -0.09270284921786308, 0.8778942307305316, 0.4553621238820978, -0.14814538731811158
0.00017026920051645312, 0.000962164112437729, 0.006196751110134715, -0.08571291201958703, -0.15000334050140152, -0.9849630929895511, -0.47073860234179987, 0.877393792876453, -0.09265689659793665, 0.8780993480116083, 0.45571825732605065, -0.14581633982958206
