0.009740553796291351, 0.020989058539271355, 0.037682779133319855, 0.14253570742392463, 0.47857575872473873, -0.8663999164763362, 0.9578737348389297, -0.287187752529185, -0.001050191866065835, -0.24932204117342152, -0.8297520340187642, -0.4993496588832742
0.009751947612121751, 0.021028751922515562, 0.037647539221362145, 0.1062505931852012, 0.37459049577537373, -0.9210823914952194, 0.9583038530048626, -0.28569541903471746, -0.005643833680392769, -0.26526314626013847, -0.8820771440284217, -0.38932682314327577
0.009757674441398115, 0.021044632686425903, 0.037607727626553636, 0.06400480714416748, 0.26079828790455784, -0.9632692446499521, 0.9587529878251717, -0.28393536625589394, -0.013168755652585918, -0.27694059471075033, -0.9226944027223655, -0.2682143661068012
0.00975890501799832, 0.02104424489815249, 0.0375651699459987, 0.018664507369142103, 0.14276490773514144, -0.9895806269749039, 0.9588539171167555, -0.28298764499171236, -0.022741117208674933, -0.2832857246571408, -0.9484388087280177, -0.14217251599397657
0.009756810075800228, 0.021035132624845423, 0.03752169177680171, -0.02635582435906947, 0.027244693774346917, -0.9992812903199458, 0.9584987603790145, -0.2831802725521695, -0.03300090285388669, -0.283875847641617, -0.958679644040918, -0.018650555684278973
0.009752443071933027, 0.021023657244195866, 0.03747877620243476, -0.06789763598842517, -0.07958986251658338, -0.9945126267734234, 0.9578474708094951, -0.2840923264037811, -0.04265879443140446, -0.2791381981940786, -0.9554878355390397, 0.09552414587885363
0.009746385998202453, 0.021011425593250074, 0.037436529364203344, -0.10395980106820076, -0.17388866818509177, -0.9792625239631482, 0.9571747004366313, -0.2849816265427389, -0.051010443804187275, -0.27020168875472517, -0.9426283486135297, 0.1960684670828654
0.009739102387540232, 0.020998849898330736, 0.03739471143731425, -0.1318398839820595, -0.2282421262632227, -0.9646366034888165, 0.9559530535875779, -0.28672000206620407, -0.06281241717798677, -0.26224416929301336, -0.9304284885008622, 0.2559898893663935
0.009731055772877554, 0.020986342385754992, 0.037353082596972675, -0.15055201188452114, -0.24641592509943977, -0.957399228940002, 0.9542961997813728, -0.28913008018491604, -0.07564760283772488, -0.25817214179758663, -0.9250313446525211, 0.27868289615617886
0.009722709687145599, 0.020974315281839965, 0.03731140301838379, -0.1621341046653938, -0.24533076804043596, -0.9557851988585307, 0.9526569504301898, -0.291391320778293, -0.08680917562177945, -0.2572105497474825, -0.9246101407770586, 0.2809605322297531
0.009714527663275543, 0.020963180812902785, 0.037269432876752766, -0.16886189424636566, -0.23880711334036886, -0.9562723583213987, 0.9513836078042625, -0.2930515515098516, -0.09481571050735263, -0.2575944321464937, -0.9257926067838893, 0.2766824131588715
0.009706867868366036, 0.020953219569092376, 0.03722699951714712, -0.1720083701032286, -0.23023178160807325, -0.9578133677037522, 0.950517167129599, -0.29413959007572843, -0.0999950825891172, -0.25870878532889574, -0.9276180400831233, 0.26943373230906414
0.009699560523743314, 0.02094405256990385, 0.03718426684378368, -0.172714183244153, -0.2206614250584628, -0.9599366366575836, 0.9499715883060788, -0.29481091812271626, -0.10315281851150349, -0.26023795326110916, -0.9297284861973466, 0.2605401113756945
0.009692326489746116, 0.020935200269790354, 0.03714145465254041, -0.17215011577155395, -0.2111658067763634, -0.9621711592478378, 0.9496193233042098, -0.2952559104284081, -0.1051051291057987, -0.26189211222771736, -0.9317901852915063, 0.25135546969844375
0.00968507524386426, 0.020926541025532902, 0.03709861562778059, -0.17150403473069714, -0.20282204622241304, -0.9640796562718483, 0.9493247748045137, -0.29563678256465137, -0.10668347921388943, -0.2633796461639569, -0.9335213497081759, 0.24324689438012245
0.009677756207948862, 0.020918028980952547, 0.03705576706679388, -0.17197312341996618, -0.19671106658920648, -0.9652616231377469, 0.9489471842926772, -0.2961056348114137, -0.10872301713956202, -0.26443238501397837, -0.9346797362274774, 0.23759062363980754
0.009670318803851035, 0.020909618279870344, 0.03701292626686988, -0.17450780106865801, -0.19360164473065145, -0.9654353580244346, 0.948369435356284, -0.2967680676217407, -0.1119112510968438, -0.26484418333840093, -0.9351187717063777, 0.23539422540532062
0.00966271245342189, 0.020901263066107352, 0.03697011052529819, -0.17881568140235096, -0.1927101352851121, -0.9648252462715756, 0.9475922641220341, -0.29760956032366975, -0.11617852891145189, -0.26475243730830883, -0.9350354824082057, 0.23582788973521399
0.00965488657851255, 0.020892917483484617, 0.03692733713936844, -0.18434714488634865, -0.1930200859236646, -0.9637216281698117, 0.9466401775551663, -0.2986054150976918, -0.12127316402509901, -0.2643643402779107, -0.9346539747437853, 0.23776762413135377
0.009646790600974123, 0.020884535675823185, 0.03688462340637025, -0.1825565521849195, -0.196021407629038, -0.9634566482232012, 0.947119428008466, -0.2980730154557292, -0.11881610390029164, -0.26388992846122605, -0.9341991678481946, 0.24007086547198897
0.009638373942657732, 0.02087607178694413, 0.036841986623593226, -0.16954884247274576, -0.20276986548246256, -0.9644364010490147, 0.9496825229839261, -0.2951233186795396, -0.10490630252973139, -0.26335583448072053, -0.9336951367677776, 0.24260481450532762
0.009629586025414482, 0.02086747996066849, 0.03679944408832699, -0.15604328107752827, -0.21146996788678163, -0.9648476289614455, 0.9522251881824286, -0.2918211915920782, -0.09004211863743444, -0.2625217808516044, -0.9328026826825399, 0.2469037661899047
0.0096203762710955, 0.020858714340817333, 0.03675701309786117, -0.14297841336326908, -0.22167260445253253, -0.9645819974203091, 0.9545672127114817, -0.2883435784740968, -0.07522909788762117, -0.2614547948085005, -0.9315144857639003, 0.2528283075204624
0.00961069527613744, 0.020849728857342126, 0.036714710823957185, -0.13006862815081693, -0.23308357344732228, -0.9637189423063092, 0.9567357473319477, -0.28464495057698636, -0.060282351382512915, -0.2602669048268417, -0.9298652052314098, 0.2600227650645305
0.0096042639156597, 0.020839777778404567, 0.03667215543480882, -0.11702481893479524, -0.24540330467079008, -0.9623317566255067, 0.9587413908580371, -0.28069407547414943, -0.04500868193258905, -0.259075543440277, -0.9278944196676515, 0.268126478999664
0.009602788232443444, 0.0208283421170762, 0.03662922224254733, -0.1035576580509052, -0.2583278154077792, -0.960490786653186, 0.9605803128667814, -0.27646367227226626, -0.02921130682611514, -0.257994716984221, -0.9256535948724973, 0.27677454418326564
0.009601391948012449, 0.020816134716412547, 0.036586484086520356, -0.0893803595992507, -0.27154926950982183, -0.9582651749628548, 0.962246583615304, -0.27188241913496763, -0.012706788972577102, -0.2570849346783752, -0.9232231281732494, 0.2855983052600551
0.0095996005075794, 0.020803307208708415, 0.03654397988390087, -0.0742112593458277, -0.2847562751721211, -0.9557230523202868, 0.9637305056112164, -0.2668364648912858, 0.004670498760391382, -0.2563517145264598, -0.9207128568421432, 0.29423057914656603
0.00959749520215896, 0.020789939315291252, 0.03650168139907885, -0.057779154068589245, -0.2976336138275267, -0.9529301135314618, 0.9650048913442633, -0.2612146490046449, 0.023075242729532035, -0.25578727301561527, -0.9182489526622652, 0.3023106546218447
0.009595157322765807, 0.02077611075748856, 0.03645956039644434, -0.04832545114483049, -0.30861674131754663, -0.9499580821016194, 0.9656519533292082, -0.25753283416125755, 0.034541921781437675, -0.25530561255705553, -0.9156596236087998, 0.3104617494788335
0.009592668160414604, 0.020761901256627805, 0.03641758864038731, -0.049574389262082096, -0.3165352227886751, -0.9472844518218461, 0.9656942139702189, -0.2572544296317058, 0.03542377082280707, -0.2549059925418244, -0.9130310023044068, 0.31842946439875486
0.009590109006120028, 0.020747390534036472, 0.036375737895297806, -0.05024706213261232, -0.3225373590827364, -0.9452221351317242, 0.9657191173870306, -0.257028936685622, 0.03636910803790692, -0.2546798363833616, -0.910991645242805, 0.32439544268924575
0.009587561150896748, 0.02073265831104204, 0.03633397992556581, -0.049088364568500485, -0.3267596088174976, -0.9438318126178127, 0.9658016419045399, -0.2564022282462175, 0.038536811555567506, -0.2545928533138445, -0.9096626052530744, 0.32817133276035065
0.00958510588575943, 0.02071778430897199, 0.03629228649558134, -0.046096156386515715, -0.32920501259513557, -0.943132654534147, 0.9659446932796606, -0.25533136276776225, 0.04191353852897361, -0.2546094929323184, -0.9090819296792749, 0.32976362934586
0.009582824501722747, 0.020702848249153808, 0.03625062936973441, -0.0412678983908078, -0.3298705482168837, -0.9431237363047855, 0.9661381751930331, -0.25380146275724674, 0.04649563352571823, -0.2547037239560544, -0.9092690684947853, 0.3291743824806899
0.009580798289801372, 0.02068792985291496, 0.03620898031241504, -0.03460100728871905, -0.32874688760552656, -0.9437840082266097, 0.9663588110591275, -0.2518262197925473, 0.05228960999457951, -0.2548596056321904, -0.9102247189099376, 0.3264008923123978
0.009579108541009972, 0.020673108841582945, 0.03616731108801321, -0.026093790321066377, -0.3258187292402183, -0.9450720976639663, 0.9665770052910191, -0.2494235323375152, 0.05930256620856799, -0.25504510767573124, -0.9119375292159907, 0.32143729693069056
0.009577836546363218, 0.02065846493648522, 0.03612559346091895, -0.015746956075910517, -0.32106572167711994, -0.9469259927461562, 0.9667575377485689, -0.24661341562570918, 0.06754025791885766, -0.25520951506687195, -0.9143842877025893, 0.3142761171676281
0.009577063596875782, 0.020644077858949287, 0.036083799195522265, -0.004892108086225837, -0.314560038087716, -0.949224973184296, 0.966846373367415, -0.24384209392851428, 0.0758229749801148, -0.2553118829681653, -0.9173837886439962, 0.30532413391089397
0.009576870983562333, 0.020630027330302614, 0.03604190005621317, 0.0011592296128638858, -0.3067881791376069, -0.9517771111600322, 0.9668541777392968, -0.242670457220185, 0.07939803637757518, -0.2553265657442896, -0.9203217167566884, 0.2963381219000502
0.009577339997437543, 0.020616393071872685, 0.035999867807381666, 0.0017334122024278851, -0.29836645093354786, -0.9544498186072724, 0.9668641097129161, -0.24315806626401257, 0.07776855508363369, -0.25528570001311585, -0.922958079095722, 0.2880583197908865
0.009578551929516078, 0.020603254804986978, 0.03595767421341776, -0.0021611212757184973, -0.2898818009995303, -0.957060014316814, 0.9668760939572271, -0.2448840310410757, 0.07198909830723553, -0.2552370437237647, -0.9252028711533175, 0.2808090075492787
0.009580588070812612, 0.020590692250972972, 0.03591529103871147, -0.009523231657868931, -0.2819033591116135, -0.9593955410467464, 0.9668357896879425, -0.24747612814352155, 0.06311990001246762, -0.2552212056967116, -0.9269768401209817, 0.27491102932046374
0.009582939594014728, 0.020578742771621396, 0.03587271420633952, -0.01936728025663426, -0.2750007965565508, -0.9612489117542468, 0.9666782060489497, -0.250611861240063, 0.0522201202198499, -0.25526095354645445, -0.9282070118777676, 0.27069094682959177
0.009583336267485188, 0.020567273461257748, 0.03583002533287727, -0.030713440320956083, -0.2697565021922388, -0.96243862874921, 0.9663620381715132, -0.25399999882979774, 0.04035358441900299, -0.25534505235984095, -0.9288247574862932, 0.26848365707409205
0.009581566991044293, 0.020556105302939727, 0.03578728183445324, -0.04260803902426442, -0.26675419386109495, -0.962822286337424, 0.9658964189543662, -0.2573493345451223, 0.028555697510550846, -0.25539902674371756, -0.9287698961888786, 0.26862207108065744
0.009578153033316519, 0.020545058239613112, 0.03574452775953115, -0.054724947445017505, -0.2662920483695747, -0.9623376357091498, 0.9653063458183685, -0.2605525982563508, 0.01720471634910726, -0.2553210505421138, -0.9280090993718761, 0.2713121313783639
0.009573615688037482, 0.020533952214188005, 0.035701807156116386, -0.0673047056114286, -0.2683936260238613, -0.9609552216999098, 0.964590851996466, -0.26368057368963477, 0.006086321010012936, -0.25501875391290496, -0.9265189779861333, 0.2766369797844107
0.009568476248942803, 0.020522607169574516, 0.035659164072214276, -0.07928629636240479, -0.27298074260891947, -0.9587466805021103, 0.9638290054955775, -0.26649388243415817, -0.003828680004264783, -0.2544549692470927, -0.9243714214480303, 0.28423607060964173
0.0095632560097681, 0.020510843048682767, 0.035616642555830226, -0.0856908514202145, -0.2796780185750162, -0.9562621418360301, 0.9634701444033383, -0.26769492826345975, -0.008044017990510948, -0.25373679044689057, -0.922019322632652, 0.2924004272666795
0.009558461203480115, 0.020498486519943914, 0.03557428493102097, -0.08613421556175407, -0.2879453636806501, -0.9537653613150247, 0.9636357732044687, -0.26714315955789314, -0.006374080486770576, -0.2529565051746783, -0.9196314478290987, 0.3004846196622528
0.00955431246224064, 0.020485491789383466, 0.03553210083021189, -0.081888289218235, -0.29718096180521747, -0.951303202995468, 0.9642070488699634, -0.2651504078034832, -0.00016778296292606384, -0.2521885703167112, -0.9172669934005979, 0.30825669144309065
0.009550774994594741, 0.020471927124727847, 0.035490070648464135, -0.07422842621004808, -0.30677125427088253, -0.9488843650811457, 0.9650065118753478, -0.26206326396203805, 0.009234593642241443, -0.2515006417100235, -0.9149941219672576, 0.3154888016789402
0.009547805007360164, 0.02045786481350535, 0.03544817375044563, -0.064426293944799, -0.3161096107596413, -0.9465326019920953, 0.965854377618312, -0.25827224243347474, 0.020512679589159342, -0.25094735281345654, -0.9128911012677101, 0.32195537476822167
0.009545358707354665, 0.02044337714324428, 0.03540638950082426, -0.05375010072451619, -0.3246071486216429, -0.9443204571202675, 0.966607524019459, -0.2542093658638658, 0.03236499368240618, -0.25056101289122246, -0.9110476372675679, 0.3274314912284811
0.00954339230139598, 0.020428536401472925, 0.03536469726426792, -0.043435378113447574, -0.33171089202701615, -0.9423806301271176, 0.9671845863698104, -0.2503177913403359, 0.04353135912368086, -0.25033446390139863, -0.9095652189090881, 0.331698309814901
0.009541861996301864, 0.020413414875719578, 0.035323076405444506, -0.034081796175811224, -0.3371689555292282, -0.9408270439335594, 0.9675851039313571, -0.24683329484296704, 0.05340778227103135, -0.25023488529694543, -0.9085099999363212, 0.33465218092241733
0.009540723998890067, 0.02039808485351254, 0.03528150628902193, -0.02571497689598474, -0.3409883275186846, -0.9397157551404837, 0.9678473109156862, -0.24378397184047373, 0.061975461490481096, -0.25022054815005496, -0.9079076690774749, 0.33629353504608533
0.009539934515978331, 0.02038261862238011, 0.03523996627966807, -0.01833763710644347, -0.3431830507151383, -0.9390895190380963, 0.9680066111266407, -0.24118358871540077, 0.06923638746697622, -0.25025373499804004, -0.907775231120684, 0.3366261990447559
0.00953944975438441, 0.020367088469850577, 0.03519843574205084, -0.011950682346250296, -0.34376416003293514, -0.9389799696842897, 0.9680934873180678, -0.2390418855951649, 0.07519293014273574, -0.2503041769603561, -0.9081217865506579, 0.335652558143447
0.009539225920926049, 0.020351566683452248, 0.03515689404083814, -0.006553962182368644, -0.3427390067715149, -0.9394078021908204, 0.9681332669263357, -0.23736546888245008, 0.07984742733961363, -0.25034980137849594, -0.9089486274919448, 0.33337271863525003
0.009539219222420995, 0.020336125550713402, 0.03511532054069785, -0.0021468569951474644, -0.3401108706217648, -0.9403828936608468, 0.9681464672581735, -0.23615668245987217, 0.08320119749778458, -0.25037533612670526, -0.9102497552949148, 0.32978413249425315
0.009539385865686995, 0.020320837359162344, 0.035073694606297875, 0.0012713064634077092, -0.3358788524716016, -0.9419043370970516, 0.9681491585049613, -0.2354124184119384, 0.08525373976300366, -0.2503709061892208, -0.9120122749830742, 0.3248815470508996
0.0095396820575418, 0.02030577439632737, 0.03503199560230612, 0.003701857561946563, -0.330034034583742, -0.9439617747912086, 0.9681525695251901, -0.2351257173575418, 0.08600290203750846, -0.25033357420123054, -0.9142173882909245, 0.3186528966982072
0.009540064004803157, 0.02029100894973677, 0.03499020289339047, 0.005164644935903286, -0.32247460597117406, -0.9465640258040775, 0.968162901914708, -0.23528823466163912, 0.08544028315672342, -0.2502677002706855, -0.9168694427962717, 0.31099277012123105
0.009540487914288817, 0.02027661330691885, 0.03494829584421884, 0.0056988498084804134, -0.3130107743795843, -0.9497324771919475, 0.9681818475179497, -0.23588734683572993, 0.08355279612035584, -0.250182799663746, -0.9199898992516673, 0.3017070632705124
0.009540909992816524, 0.0202626597554019, 0.03490625381945911, 0.005465275092258787, -0.3018647905995099, -0.9533350822058737, 0.9682067537865537, -0.23683085574940083, 0.08054084483732528, -0.2500916085962693, -0.9234656430865853, 0.2909731832118037
0.009541286447204029, 0.020249220582714215, 0.0348640561837792, 0.0048534253511665825, -0.2900585315542471, -0.9569966000644696, 0.9682313199735525, -0.23790041836127448, 0.07701624481758895, -0.2500091104032669, -0.9269678738856728, 0.2796891229548313
0.00954157385816821, 0.020236369894054952, 0.034821681811247625, 0.00427849522903808, -0.2787186619550417, -0.9603632656222156, 0.9682508691941294, -0.23888666884864473, 0.07364383036759338, -0.24994389127039698, -0.9301876514576988, 0.26884751122564415
0.009541737107479723, 0.02022422214931312, 0.03477909868398043, 0.004156849719487657, -0.2689907508820212, -0.9631337895330722, 0.9682647940009749, -0.23960089525958259, 0.07109641122487173, -0.2498919952672737, -0.9328640774146751, 0.25945828907669904
0.009541749698036372, 0.02021292968129648, 0.034736264603639815, 0.004906046005345472, -0.26203470129944406, -0.9650459813021889, 0.968270533449706, -0.23988370046484772, 0.07005700753181614, -0.24985616815603162, -0.9347692900209132, 0.25254359953913397
0.009541639075681174, 0.020202458651094986, 0.03469319224659751, 0.006943227082492416, -0.25901223735672957, -0.9658490837067363, 0.9682592292905803, -0.2395892569715879, 0.0712113252047301, -0.24985166897840078, -0.9356867258026393, 0.2491274667021765
0.009541534301380498, 0.020192419138811042, 0.034649999167062, 0.010391385180640339, -0.26078906593812773, -0.9653398791105371, 0.9682174274290014, -0.2386346223382492, 0.0748901211392254, -0.249894042219486, -0.93543710644201, 0.25002077424607283
0.009541575771253643, 0.02018238150376213, 0.03460681461834985, 0.012718160903815567, -0.2656805152664447, -0.9639772363448117, 0.9681687271924629, -0.23773737568644804, 0.07829595065038089, -0.24997512690215978, -0.9342883944529532, 0.25419998410852046
0.009541903881419912, 0.020171916105265773, 0.034563767853777676, 0.011724263660242568, -0.27194088077184186, -0.9622425364775037, 0.9681531569986511, -0.2375873501935467, 0.07894121624065766, -0.25008399835889217, -0.9325236771219506, 0.26049488550024497
0.009542659027998612, 0.020160593302639473, 0.034520988126662086, 0.007863619109295927, -0.2796964978249185, -0.9600562653297875, 0.9681591348454749, -0.23810294230517262, 0.07729733812286929, -0.250212016317693, -0.9300950800698254, 0.26891836850639184
0.009543981607109047, 0.02014798345520074, 0.03447860469031967, 0.0016934900457677405, -0.28879265185228925, -0.9573901693288831, 0.9681594235618654, -0.23918943599089207, 0.07386301021970185, -0.2503287092201406, -0.9270314007338054, 0.27919226241731143
0.009545883318373066, 0.020133779665488544, 0.034436711157995056, -0.006455345330425611, -0.2982755360537875, -0.9544579787023055, 0.9681249666967311, -0.2408555786892187, 0.06872146005968452, -0.25038445913258717, -0.9235909780883026, 0.29032279934372107
0.009547198469390073, 0.02011880213919919, 0.03439507376546897, -0.016279493723203236, -0.3071162362650702, -0.9515327611314778, 0.9680253306496469, -0.24309542702396156, 0.06189969774303758, -0.250323665091333, -0.9201001199773944, 0.30125376663674563
0.009546921050227478, 0.020103938842462518, 0.03435343335092175, -0.02748062937679602, -0.31429790521015855, -0.9489265734447325, 0.9678239913027409, -0.2458932941974057, 0.053415444653958685, -0.25012304345639014, -0.9169260137269823, 0.3109423555626646
0.009545227666786706, 0.02008927447061162, 0.03431175555040108, -0.03976478046501449, -0.31880853911986173, -0.9469846237499471, 0.9674692452340579, -0.24925750458889948, 0.043289212655778335, -0.24984399484640743, -0.9144571131498592, 0.3183491266657002
0.009542390473617128, 0.020074828678523005, 0.0342700242068705, -0.05283162676612853, -0.319637358816521, -0.9460659480512144, 0.9669011824239561, -0.2531931878631017, 0.03154858232750861, -0.249621558845385, -0.9130855208952329, 0.3224343481874742
0.009538681625268112, 0.020060621121073173, 0.03422822316329354, -0.06552968084608107, -0.31649332656824547, -0.9463286084473916, 0.9661327334540515, -0.25733314358266146, 0.019162321426904928, -0.24958646252714395, -0.9130233444176722, 0.32263752148743535
0.009534373276289032, 0.020046671453138626, 0.03418633626263374, -0.07294284766729227, -0.31258873539189275, -0.9470837468145483, 0.9655704745236748, -0.2598912031001699, 0.011411453863182396, -0.24970582632832475, -0.913643718884579, 0.32078365800091035
0.009529737581229252, 0.020032999329595874, 0.034144347347854605, -0.07043213933777695, -0.31139427996207963, -0.9476670914172349, 0.9657113247984516, -0.25927113179903116, 0.01342078133600549, -0.24988187390109642, -0.914227587979354, 0.31897800311797236
0.009525046694638148, 0.02001962440532142, 0.03410224026191971, -0.058303174857535695, -0.3126201864760712, -0.9480872105503786, 0.966458657376016, -0.2556168276403171, 0.02485359149195333, -0.25011677949405975, -0.914838049293298, 0.3170377582887456
0.009520574428507005, 0.02000656506697088, 0.034059999358656605, -0.040178884675445684, -0.31323414873846034, -0.9488256032013097, 0.9672933292423623, -0.2502187927719482, 0.041643378188801275, -0.2504581251017103, -0.9161194921012439, 0.3130428145840361
0.0095168392796089, 0.0199936524763278, 0.034017684409715324, -0.01907722591488923, -0.3116586006177037, -0.9500026190029198, 0.9678427491573195, -0.24413387875611264, 0.060655273036214076, -0.25083156172019955, -0.9182960121357985, 0.30629391397887
0.009514860767571404, 0.019980334428710698, 0.033975509614219405, 0.0031344088125397048, -0.30870107346146636, -0.9511539427059817, 0.9679640593486857, -0.23787122182850592, 0.08039192518548104, -0.2510692241008645, -0.9209348126059478, 0.298065958539109
0.009515697758867759, 0.019966029010536304, 0.033933702253384504, 0.02466183456801192, -0.3054091500029081, -0.9519018042898338, 0.9676594487479547, -0.23182925879841912, 0.09945041987734372, -0.25105175793956186, -0.9235694050040185, 0.289814714905884
0.009519397321655005, 0.01995094681688915, 0.033892221660931574, 0.044384640529856766, -0.30275199546224846, -0.9520353107572544, 0.9670295688529315, -0.2261896187973688, 0.11701311598455284, -0.2507664583813969, -0.9258398811846072, 0.2827307867193163
0.00952460095137674, 0.01993639082806611, 0.033850657166443754, 0.06330475301022058, -0.3012895621464049, -0.9514289821042571, 0.9661005196420385, -0.2205853567769641, 0.13413383735270812, -0.25028442659042577, -0.9276673434573446, 0.2771119010239269
0.009530221033799094, 0.019923024933579253, 0.03380878082519072, 0.08181101381677983, -0.30080334092896416, -0.9501706731446956, 0.9648619473125098, -0.21494871254239234, 0.15112403384200535, -0.24969657716232765, -0.9291471363903251, 0.27264852519512445
0.009535712733148143, 0.019910471546579628, 0.033766668666633096, 0.09226077997420544, -0.29682715449098335, -0.9504638808683564, 0.9641107678636536, -0.2120244254273365, 0.15980009484216204, -0.24895456566993793, -0.9310957434007492, 0.26661271697557654
0.009540573669386224, 0.019898271916592842, 0.03372442041016177, 0.08382028292590896, -0.2837381720982454, -0.955231286058286, 0.9651320834402156, -0.2154384124942664, 0.14868204981200306, -0.24798028487073165, -0.9343869327619565, 0.25578670450032004
0.009544600992467936, 0.019886023963226016, 0.03368212096338529, 0.060174620606921435, -0.2657709174689788, -0.962156346163403, 0.9671201934843948, -0.22308812208172976, 0.12210741640356658, -0.24709825250195483, -0.9378685991191648, 0.24360817801694531
0.009548523109950125, 0.019873501796937143, 0.03363980918314826, 0.03162715992462146, -0.2518375985197739, -0.967252576490182, 0.9685768217670327, -0.23113341720514274, 0.0918492448893688, -0.24669548656344778, -0.9397633571399061, 0.23661396722585334
0.009553030781881402, 0.019860629165059804, 0.03359749537322925, 0.002921401260788152, -0.24405948506581457, -0.9697558626603311, 0.9690912586277998, -0.23853551643569565, 0.062951885197688, -0.24668522020149564, -0.9399658372239735, 0.23581905560402494
0.009555699928295268, 0.019848979246590508, 0.03355490950112975, -0.025198638791560375, -0.23918796393530867, -0.9706462519947903, 0.9687440568294503, -0.24553004961639197, 0.0353545908333123, -0.24677921500943167, -0.9394169003397022, 0.23789894156022456
0.009552762681249358, 0.01984065465074058, 0.033511707873673066, -0.05176546859284279, -0.23535608029728278, -0.9705296758618267, 0.967682539834479, -0.25199274021710827, 0.00949531344216, -0.24680121223538445, -0.9386730923729368, 0.2407944918268953
0.009545904053745644, 0.019833846767787027, 0.033468303266498085, -0.07630324136622517, -0.23165587116686356, -0.9698006871058245, 0.9660869605342852, -0.2578135754847117, -0.014427230552507159, -0.24668562998811652, -0.9380126425852215, 0.24347172794321664
0.009538479582031136, 0.019825653050397782, 0.03342530989660812, -0.10042400422377495, -0.22755416558952316, -0.968573239924849, 0.9639344556878441, -0.2634043283410818, -0.038059492232074076, -0.24646578771391978, -0.9374632054294395, 0.24579941812892395
0.009531481235477927, 0.01981580975310181, 0.03338273884014676, -0.12561053797157315, -0.22282754287006762, -0.9667315443746418, 0.9610479345460186, -0.2691441487448316, -0.06283545735690507, -0.2461886680075333, -0.9369681495840231, 0.2479552911509823
0.009524629725555449, 0.019805410631214094, 0.03334029468146803, -0.14661948417258774, -0.22105890194052502, -0.9641761710049743, 0.9582050315340032, -0.2737964274908375, -0.0829375297207154, -0.2456539118432358, -0.936038716168356, 0.25196364307179686
0.00951782107150203, 0.019794838713690678, 0.033297876008125615, -0.15511211417880824, -0.22728305997509574, -0.961396194439804, 0.9571677501045419, -0.2754121578812812, -0.08931988273047364, -0.24447930422591946, -0.9340720282395428, 0.2602677772327513
0.00951104546470094, 0.019784114573633164, 0.03325548001910219, -0.15487431109145441, -0.2372313645204758, -0.9590282724986269, 0.9575857698527847, -0.27480714007180235, -0.08666330908179337, -0.24298856174601519, -0.9317737469221323, 0.26972994532919964
0.009504293793012916, 0.0197732561034956, 0.0332131046426899, -0.15340484468824417, -0.24415920845595931, -0.9575245346999393, 0.9581034596076066, -0.27393613312689913, -0.08364661173901242, -0.24187747789761446, -0.9302393648376966, 0.2759529122735396
0.00949755694429868, 0.01976228119573204, 0.03317074780718086, -0.15293421614649613, -0.24739095186825302, -0.9567700049987857, 0.9583301258871928, -0.27350127510624156, -0.08246467323828457, -0.24127680234264937, -0.9295131894970504, 0.27890990517069564
0.009490825806418957, 0.019751207742796508, 0.033128407440867196, -0.15288105853999248, -0.2493805914249883, -0.9562618378667082, 0.9584316046408501, -0.2732987439509073, -0.08195520593849835, -0.24090712144985807, -0.9290409663601382, 0.28079644167860085
0.009484091267234478, 0.019740053637143064, 0.033086081472041035, -0.15303850197789967, -0.25096461329794434, -0.9558221486158258, 0.9584719763385163, -0.27322660688290207, -0.08172326391545298, -0.24064639512383953, -0.9286355496983031, 0.282356739516576
0.009477344214605967, 0.019728836771225746, 0.03304376782899453, -0.1534052392783042, -0.2521498738763682, -0.9554513455252956, 0.9584618070805981, -0.27324615970265176, -0.0817771396879788, -0.24045331548922447, -0.9283086648910935, 0.2835934162817518
0.009470575536394153, 0.019717575037498606, 0.03300146444001978, -0.15398141881551353, -0.25293690088383936, -0.9551505885622644, 0.9584054995356688, -0.27334024202121365, -0.08212192491393269, -0.2403094278619685, -0.9280668274769135, 0.28450543512838233
0.00946377612045976, 0.019706286328415683, 0.032959169233408935, -0.15476712118429642, -0.2533260194029781, -0.9549204501390507, 0.9583026332524626, -0.27350918363466986, -0.08275741398142399, -0.24021490649358473, -0.9279109086334413, 0.28509322043384333
0.009456936854663521, 0.01969498853643102, 0.03291688013745411, -0.15576235886906545, -0.2533173471299588, -0.954760917299501, 0.9581522858337658, -0.27375414145927424, -0.08368313560942338, -0.24017136530209832, -0.9278410379353436, 0.2853571860177879
0.009450048626866162, 0.01968369955399867, 0.03287459508044745, -0.15696707390489054, -0.2529107932385675, -0.9546713928746242, 0.9579536124907821, -0.27407486070637804, -0.08489904030458552, -0.2401795453938507, -0.9278572634797972, 0.28529753693676574
0.009443102324928407, 0.019672437273572676, 0.03283231199068107, -0.15838113353002684, -0.2521060608458473, -0.954650695608888, 0.9577056305836834, -0.27447050694860864, -0.08640524268632657, -0.2402401750125341, -0.9279593067048596, 0.2849143439874224
0.009436088836710984, 0.019661219587607075, 0.0327900287964471, -0.16000432383317378, -0.2509026530885405, -0.9546970592956806, 0.9574071590069948, -0.2749399013455845, -0.08820194176000472, -0.24035421410252794, -0.9281464913046926, 0.28420756929037694
0.009428999050074622, 0.019650064388555922, 0.03274774342603769, -0.16183634140233621, -0.2492998828337254, -0.9548081309983683, 0.9570567905493167, -0.2754816291577281, -0.09028937733778615, -0.24052296826903594, -0.9284177079395324, 0.2831770847356079
0.009421823852880045, 0.019638989568873257, 0.03270545380774494, -0.16387678298769642, -0.24729688606223826, -0.9549809684708507, 0.9566528698100346, -0.27609412742914696, -0.09266779097055733, -0.24074818105611598, -0.9287713835724367, 0.28182269315140906
0.009414554132987982, 0.019628013021013125, 0.032663157869861, -0.16612513319704791, -0.24489263897499808, -0.9552120369300862, 0.9561934929282777, -0.2767756892716083, -0.09533741086187526, -0.24103203978285329, -0.9292054741574047, 0.28014414609987776
0.009407180778259163, 0.019617152637429573, 0.03262085354067799, -0.16856981388418335, -0.24210481999402983, -0.955494361041817, 0.9556791230691883, -0.27752066556585203, -0.09828374185791636, -0.24137446338989307, -0.9297136851308283, 0.2781561290061686
0.009399694676554311, 0.019606426310576644, 0.032578538748488026, -0.17112852942922355, -0.23907306705710712, -0.955802853638395, 0.9551272182545404, -0.2782995416267747, -0.10139705163204099, -0.2417581919289087, -0.9302652491296421, 0.2759701847972529
0.009392086715734157, 0.019595851932908387, 0.03253621142158328, -0.17369123552571708, -0.2359862115225954, -0.9561076626995324, 0.9545632045610529, -0.27907465740066956, -0.10452953694928661, -0.2421578889891536, -0.9308210588334966, 0.2737365763510696
0.009384347783659425, 0.01958544739687884, 0.03249386948825583, -0.17614836007266785, -0.23303406528016452, -0.9563821828446565, 0.954014124076785, -0.2798100841942029, -0.10753310116070272, -0.2425465033879371, -0.9313438898721744, 0.2716058771309124
0.009376468768190843, 0.01957523059494206, 0.032451510876797846, -0.17839089872905797, -0.23040720005369586, -0.9566029528566463, 0.9535085585855085, -0.2804715031068909, -0.11025953314406442, -0.24289527775324235, -0.9317983999279981, 0.26972880071805055
0.009368445325705972, 0.019565210979660484, 0.03240913437364984, -0.1803157312671927, -0.22828766737201991, -0.9567502171326744, 0.9530750410865145, -0.2810274812725309, -0.11256784988421864, -0.24317525185659056, -0.9321525066723038, 0.2682489537519661
0.009360303947366127, 0.019555343428507347, 0.03236674431431962, -0.1818681790224232, -0.22677653772802908, -0.9568157437015529, 0.9527307190080798, -0.28146218810949475, -0.11438187672425455, -0.2433683268574919, -0.9323901750880386, 0.26724598945892863
0.009352083390515607, 0.01954556110879768, 0.032324347241752996, -0.18301885350394242, -0.22593194928256946, -0.9567961400191166, 0.9524862348654785, -0.2817673141643341, -0.11565964317946927, -0.24346266993912466, -0.932503048232013, 0.2667658025012144
0.009343822443889665, 0.0195357971322871, 0.032281949704544954, -0.18373833103197068, -0.2258113709827898, -0.9566867044359186, 0.9523516758634202, -0.2819339362345543, -0.11635953368514958, -0.24344714249652044, -0.9324818927647673, 0.26685390848948737
0.009335559896223552, 0.019525984610731188, 0.03223955825129046, -0.18399680959034923, -0.22647188983435226, -0.9564808713065984, 0.9523364094406441, -0.2819523007399561, -0.1164399560337734, -0.24331160538345575, -0.9323161390978397, 0.26755575019689476
0.009327332202295006, 0.019516060731219715, 0.03219717917249259, -0.18377486235383056, -0.22795113251833618, -0.9561720980819501, 0.9524460620584131, -0.28181498848087866, -0.11587411763178095, -0.243049992462975, -0.9319970994864363, 0.26890166922616465
0.00931915491981493, 0.019505999169308688, 0.032154816447830595, -0.1831228384723247, -0.23016362859452638, -0.9557670898822788, 0.9526670046009686, -0.28153589523080313, -0.11473063253206671, -0.24267592458762113, -0.9315375697033326, 0.270824946887749
0.009311032594502874, 0.01949579282864381, 0.03211247283926402, -0.182118848502057, -0.23297486143366403, -0.9552776763644432, 0.9529776699854674, -0.281137556366056, -0.1131160241061903, -0.24221124154207693, -0.9309588542682687, 0.2732202886503085
0.009302969673267868, 0.019485434785404328, 0.03207015109782583, -0.18084111020269333, -0.23625021979462033, -0.9547158354754838, 0.9533562699699711, -0.28064289538636206, -0.11113679758794175, -0.24167812348162798, -0.9302824296503472, 0.2759824010951531
0.00929497060301893, 0.01947491811576946, 0.03202785397454892, -0.17936802862798498, -0.23985538974164122, -0.9540945982018743, 0.9537812054082203, -0.2800756353502909, -0.10889926856123959, -0.24109857427233464, -0.9295305430673143, 0.2790061773309531
0.009287039830665082, 0.01946423589591844, 0.03198558422046628, -0.17777289700759796, -0.24366559671850674, -0.9534274351335501, 0.9542327163251191, -0.27945872329848676, -0.10650232423362625, -0.24049266139387834, -0.9287248779634332, 0.2821938710664985
0.009279181803115353, 0.019453381202030495, 0.03194334458661083, -0.17608087013614007, -0.24763739309617788, -0.9527178221869416, 0.9547036062698777, -0.2787994316106812, -0.10398029192520707, -0.23986777888534758, -0.9278720808786577, 0.28551155874766243
0.009271400967278761, 0.019442347110284856, 0.0319011378240155, -0.17429164241428421, -0.2517699986400036, -0.9519633875151626, 0.9551931576374392, -0.2780962613988469, -0.10133361238307213, -0.23922469560467577, -0.9269705158098596, 0.288958834147796
0.009263701770064336, 0.01943112669686075, 0.03185896668371325, -0.17240466724011266, -0.256062962901983, -0.9511616002255788, 0.9557007049715981, -0.27734743162658415, -0.09856249127800949, -0.23856402333674812, -0.9260184453886409, 0.29253554582202246
0.009256088658381095, 0.01941971303793741, 0.03181683391673701, -0.17041938900789852, -0.2605157757610081, -0.9503098244413842, 0.9562255492799605, -0.27655106201705154, -0.09566717828742996, -0.23788638202808615, -0.9250140759344591, 0.2962415037915964
0.00924856607913807, 0.019408099209694066, 0.03177474227411973, -0.16833524672999609, -0.26512786041253417, -0.9494053203671355, 0.9567669353395429, -0.27570525846483046, -0.09264794598813138, -0.23719248754825698, -0.9239555336096608, 0.3000764831884651
0.009241138479244276, 0.019396278288309938, 0.03173269450689434, -0.16615167787180635, -0.26989856610743423, -0.9484452456275663, 0.9573238175243135, -0.27480902490272247, -0.08950479446761367, -0.23648409743798504, -0.9228405950353321, 0.30404030623220957
0.009233810305608745, 0.019384243349964272, 0.0316906933660938, -0.16386812240488186, -0.2748271606515783, -0.9474266569121275, 0.9578945907278418, -0.27386332173739847, -0.08623708054716804, -0.2357651193748542, -0.9216663782384328, 0.30813291890191
0.009226586005140494, 0.019371987470836287, 0.03164874160275103, -0.16148402708245813, -0.27991282268063955, -0.9463465119585895, 0.9584780715355586, -0.2728672394738241, -0.08284477054957316, -0.23503764673496164, -0.9204304869575387, 0.31235400317012074
0.009219470024748553, 0.019359503727105213, 0.03160684196789899, -0.15899884994055144, -0.2851546337274713, -0.9452016719099336, 0.9590737158948692, -0.2718171271861414, -0.07932878952738733, -0.23430103114837014, -0.9191312660507338, 0.3167029247903874
0.00921246681134194, 0.019346785194950283, 0.03156499721257061, -0.1566551972354078, -0.28990468733056507, -0.9441474574677955, 0.9596189942342607, -0.27082385952055704, -0.0760645976733962, -0.23364617498251822, -0.9179377480952382, 0.32062400960920195
0.009205580811829681, 0.01933382495055072, 0.03152321008779883, -0.15514813185050894, -0.29227938584284596, -0.9436640386253076, 0.9599381255009548, -0.27022978344170717, -0.0741259694760283, -0.2333406359659846, -0.917359594026452, 0.3224957718399003
0.009198816473120802, 0.019320616070085762, 0.031481483344616604, -0.15442914295761018, -0.2923234907925454, -0.943768306596613, 0.9600472518069118, -0.2700252376784384, -0.0734550564270361, -0.23336862279101317, -0.9174057705004713, 0.32234413000559253
0.009192178242124325, 0.019307151629734634, 0.03143981973405686, -0.15438452120915838, -0.2902387797275669, -0.9444188002963896, 0.9599751420741486, -0.2701596005581765, -0.0739020759245955, -0.23369455751201626, -0.9180279086000052, 0.3203304743866301
0.009185670565749277, 0.019293424705676573, 0.03139822200715256, -0.1548981853136208, -0.2862226823250368, -0.9455596905056858, 0.9597476447496177, -0.27057641047055137, -0.07531842068467252, -0.23428830654582145, -0.9191653726177531, 0.3166133402059339
0.009179190324067497, 0.019279715322351777, 0.03135662376925303, -0.15585273693299365, -0.2804691138517813, -0.9471256519415423, 0.9593881852676701, -0.27121843967674486, -0.07755557973555832, -0.2351259967747117, -0.9207484098028671, 0.3113488902922088
0.009172435786090739, 0.019266852878995586, 0.031314824166189054, -0.15713010409000253, -0.2731699965060668, -0.949045985923517, 0.958918103256339, -0.2720324550179143, -0.08046374751521262, -0.23619102784807555, -0.9227006537473581, 0.3046921428889622
0.00916543426412747, 0.019254812372625447, 0.031272825746722445, -0.15861195198913747, -0.26451705142642057, -0.9512481159985905, 0.9583575629796686, -0.27297071480455687, -0.08389141993529316, -0.23747216713936395, -0.9249420081084877, 0.296798334682613
0.009158240184275317, 0.01924349751476259, 0.031230648126325436, -0.16017999569886954, -0.2547035414440693, -0.9536605659005511, 0.9577283022281102, -0.273984297504217, -0.08768753521671273, -0.23895369444553827, -0.9273935036956913, 0.2878235939144989
0.009150907972631905, 0.01923281201692825, 0.031188310920470284, -0.16171630638314438, -0.2439257259300813, -0.9562154968830382, 0.957054735052945, -0.2750219296952582, -0.0917015392424445, -0.2406118666286642, -0.9299802032388536, 0.2779258016472933
0.00914349205529485, 0.01922265959064364, 0.031145833744629203, -0.16286727448461577, -0.23303944339205335, -0.9587319065961426, 0.9564282883168737, -0.2759405943976323, -0.09540292275783005, -0.24232040815665512, -0.9324963303879558, 0.2678272084829858
0.009136046858361778, 0.019212943947430006, 0.031103236214274455, -0.1628515329419918, -0.224168781104164, -0.960847405052809, 0.9560628492495595, -0.27645868292922693, -0.09754191364665311, -0.24376875620812719, -0.9345153579322871, 0.2593411638853966
