0.0003356345114298165, 0.0012399428524076939, 0.007265004329383373, -0.2511027127857146, -0.12248979219413303, -0.9601789825026857, -0.43842555185399124, 0.8987675091376653, 1.3325160176695466e-17, 0.8629776724302769, 0.42096700028234385, -0.27938561444732085
0.0003338086469242518, 0.0012390521819669801, 0.007258022498308386, -0.23436621767077012, -0.16005706240034848, -0.9588817512031753, -0.4484374086874873, 0.8929434267615327, -0.03944524170318638, 0.8625406462911466, 0.42075381564418673, -0.28105134782902047
0.0003321093403936833, 0.0012378916648322854, 0.007251069985962296, -0.2194165459427845, -0.19229416874929495, -0.956493247248278, -0.4565342834077376, 0.8866623449518246, -0.07352777786602224, 0.8622255084604732, 0.42053874816662173, -0.28233726968030504
0.00033052014903115173, 0.0012364989155720667, 0.007244142291424423, -0.2064638159831694, -0.21914386252774734, -0.9535977454912987, -0.46292176966889326, 0.8804972796695828, -0.10211746011865296, 0.8620186354460605, 0.42035759540049267, -0.28323729297680345
0.00032902463002969755, 0.0012349115487547788, 0.007237234913774083, -0.19565313142742113, -0.24063594038086517, -0.9506914306754116, -0.46779875149585387, 0.8749246361106642, -0.12518470044515173, 0.8619072921501273, 0.4202394856788671, -0.28375093729324785
0.0003276063405823614, 0.0012331671789488777, 0.007230343352090594, -0.18707863139908543, -0.25684614707889286, -0.9481727914281093, -0.47134216205911883, 0.8703197271159819, -0.14275902373649854, 0.8618805903019748, 0.42020665073686136, -0.28388064170920324
0.00032624883788218395, 0.0012313034207228194, 0.007223463105453271, -0.1807970614079755, -0.26786287633622524, -0.9463413242943187, -0.47369709674836613, 0.8669594608571222, -0.15489465375698777, 0.8619300917814681, 0.42027463962415357, -0.28362958972994695
0.0003249356791222057, 0.0012293578886450598, 0.007216589672941432, -0.17683918158707104, -0.2737625395649255, -0.9454004314503868, -0.47497099648130475, 0.8650280918076085, -0.16164452630771053, 0.8620501472403862, 0.42045269925956036, -0.2830001260214885
0.0003236504214954673, 0.0012273681972840543, 0.0072097185536343965, -0.1752181270915526, -0.2745932944913413, -0.9454613321331127, -0.4752306174101302, 0.8646229861485915, -0.1630427922340613, 0.8622380577395752, 0.42074411991599386, -0.2819927611510634
0.0003223766221950094, 0.0012253719612082587, 0.007202845246611477, -0.1759343423688452, -0.27036644664702936, -0.9465458740614219, -0.4745007794532117, 0.8657584412861701, -0.15909535392347546, 0.8624941260516136, 0.4211464185639009, -0.2806057316899694
0.0003210978384138726, 0.0012234067949861292, 0.007195965250951994, -0.17897697490148456, -0.261054980743139, -0.9485871280405995, -0.4727642836606771, 0.8683665581767879, -0.14977801152040404, 0.862821635420624, 0.4216512986691713, -0.2788350906551774
0.00031979762734509745, 0.0012215103131861214, 0.007189074065735265, -0.18432173148436456, -0.2465990884110879, -0.9514275531523282, -0.469962823875017, 0.8722950021734348, -0.1350421169808414, 0.8632267624894548, 0.4222443827667432, -0.2766753291204449
0.0003184595461817246, 0.0012197201303766909, 0.0071821671900406045, -0.19192528064355663, -0.2269190137011796, -0.9548153998919247, -0.46599915440556683, 0.87730229457246, -0.1148280106559089, 0.8637184001416137, 0.4229047707921733, -0.2741205575983504
0.0003170671521167947, 0.001218073861126294, 0.007175240122947331, -0.20171643808912923, -0.20193582871547686, -0.9584009597687326, -0.46074118767830546, 0.8830521582919948, -0.08908672018114891, 0.8643078367002228, 0.42360454059988945, -0.2711662895747508
0.0003156040023433482, 0.0012166091200033855, 0.00716828836353476, -0.21245724628198878, -0.1747120595578391, -0.9614247837180673, -0.4547197576680233, 0.8885443004615526, -0.06098334283740389, 0.8649230373210143, 0.42422249158000597, -0.2682227006594394
0.00031406205783938534, 0.00121534111759478, 0.007161310660080672, -0.2161648508656726, -0.16744585598026254, -0.9618911802097255, -0.45296865840357753, 0.8899421584993694, -0.05312578497816607, 0.8649232056976415, 0.42422263004290617, -0.2682219387097092
0.0003124930468522298, 0.0012141257285676807, 0.007154328868988581, -0.20945346515679858, -0.18978981057349192, -0.9592231615929048, -0.4579218800413336, 0.8858000345864635, -0.07527184404563736, 0.8639657387380707, 0.42348332497171387, -0.27244279355064877
0.00031097458618467637, 0.0012127498221712765, 0.0071473748534930884, -0.19417483445496675, -0.23246470974484454, -0.9530248120524625, -0.46718993923708957, 0.876175700992465, -0.11853143745862177, 0.8625715589677362, 0.42222778178799153, -0.27873644531413794
0.0003095676505134464, 0.001211065448944642, 0.007140469506528805, -0.17724809475616904, -0.26757383000721313, -0.9470941655403537, -0.47453663916519556, 0.8663123334219008, -0.15594203747194813, 0.8622053647450295, 0.42179045325418696, -0.2805257965829853
0.0003082820405127818, 0.0012091246913176186, 0.0071336000745472385, -0.16029103958538835, -0.2900906100436875, -0.9434798464159777, -0.479233000636271, 0.8584952892425401, -0.1825419662694672, 0.8629267139970761, 0.4228868362964833, -0.27663009589948817
0.0003071178159426981, 0.0012070177075670795, 0.0071267473994294185, -0.1434464363793144, -0.30030414698240937, -0.9429955138786412, -0.48173046651643703, 0.8535337068921568, -0.1985345532364318, 0.8644992061997114, 0.4257905946637397, -0.26710202540596295
0.000306075036563211, 0.001204834655969899, 0.0071198923230563725, -0.12673671364954656, -0.29837690238317627, -0.9459963158160466, -0.48247480133953885, 0.8518148512080398, -0.20403314763488223, 0.866692489574985, 0.430560893934465, -0.2519155515816144
0.0003051537621343359, 0.00120266569480295, 0.007113015687309123, -0.11020707842676075, -0.28482144407755466, -0.9522243143599171, -0.4819467931042656, 0.853204052675224, -0.19942450480090912, 0.869242019509614, 0.4369434625808584, -0.23129790752771193
0.00030435328715776045, 0.001200596930781339, 0.007106099328154948, -0.0954078065482123, -0.2682070861562847, -0.9586252184170904, -0.4811697024719741, 0.8554649997215671, -0.1914558739616289, 0.8714201442890168, 0.4429950261424325, -0.21067116304889638
0.00030366074316943737, 0.001198650075362864, 0.007099140881502743, -0.08366733266641802, -0.2555684327525052, -0.9631638249150115, -0.480673789434287, 0.8570221039460082, -0.18564972797944085, 0.8728988976939825, 0.44743478801763487, -0.19454980050425258
0.00030305352033264824, 0.0011967952655609494, 0.007092150637504056, -0.0750623480105242, -0.24719381383445002, -0.9660542750348585, -0.48040831683742297, 0.8579119684241875, -0.18219468583899523, 0.8738269239526677, 0.4504245473289785, -0.18315085077308163
0.00030250873536662073, 0.0011950011906746545, 0.007085139241519856, -0.06961158952969489, -0.2431368817904951, -0.9674909215679206, -0.48033040099031243, 0.8581857110014098, -0.18110767879217712, 0.8743208407030195, 0.45210810891444925, -0.17652570738044218
0.00030200350499058257, 0.0011932365400030395, 0.007078117338911114, -0.06732216096913898, -0.24342419776225002, -0.9675806873776731, -0.48042036405449856, 0.8578627166886584, -0.18239471789856648, 0.8744506849698207, 0.45256625952379564, -0.17469911361095114
0.0003015149459237617, 0.0011914700028451658, 0.007071095575038801, -0.06819552896813441, -0.24806188346690583, -0.966340867292493, -0.4806819308599046, 0.8569299283988826, -0.1860536996651232, 0.8742392413827866, 0.4518145634938489, -0.17767765487340428
0.0003010201748853858, 0.0011896702685000923, 0.007064084595263883, -0.07222915259492152, -0.25703626884605596, -0.963698763106562, -0.48114224154749724, 0.8553418937853804, -0.19207391320605977, 0.8736618870673423, 0.44980284707117757, -0.18545162671864993
0.00030049630859468277, 0.0011878060262668808, 0.007057095044947337, -0.07941372825296075, -0.2703084773304315, -0.9594929842621407, -0.48185165236343874, 0.8530216274325845, -0.2004322535094815, 0.8726468041994934, 0.4464162073845089, -0.19799021416434315
0.0002999204637708803, 0.0011858459654445902, 0.007050137569450126, -0.08883387442825134, -0.28687038806135473, -0.9538416656906917, -0.4828318140241249, 0.8499948678928684, -0.21067074766554114, 0.8711957197554626, 0.4418304029934031, -0.21401848721652175
0.00029927624428610443, 0.001183765593573119, 0.007043220350198079, -0.09498400096531585, -0.3009412798819026, -0.9489006194663714, -0.4838090040075138, 0.8470185528598467, -0.22020086001755013, 0.870003958152995, 0.4381711049056676, -0.22605131192688982
0.00029858716860657944, 0.001181582369926776, 0.007036336408349817, -0.09580309210022284, -0.3104132537340687, -0.945761798472673, -0.48462264225475965, 0.8444658029379205, -0.2280754311240657, 0.8694611332072594, 0.4364872501856635, -0.23133572630985175
0.0002978919244075953, 0.0011793296971871464, 0.00702947300353068, -0.09130710384416892, -0.3153385460938962, -0.9445764204843236, -0.4852366367374561, 0.8424002972899141, -0.2343227378928189, 0.8696024489128996, 0.43694775485548865, -0.22993094696329042
0.00029722922869528735, 0.0011770410088636344, 0.0070226173842256314, -0.08149534770372657, -0.3157225850357424, -0.9453453113021703, -0.48564216060414234, 0.84086198970394, -0.2389619344474592, 0.8703506190877267, 0.4396252535620306, -0.22185453857005288
0.0002966377984757911, 0.0011747497384656425, 0.007015756798919636, -0.06640003265973597, -0.31152295897291726, -0.9479158621394328, -0.4858561329275287, 0.8398739404083583, -0.2419826074734406, 0.8715129682107395, 0.44448308208040466, -0.20712299723789884
0.0002961559871063136, 0.0011724892681394367, 0.007008878539656914, -0.05067191025100333, -0.30333409046030807, -0.95153601459752, -0.4858504593812574, 0.8399079271245318, -0.24187601177544185, 0.8725718816410115, 0.45004789024946007, -0.18993474629849708
0.00029578829887657183, 0.0011702881990621273, 0.007001973953052426, -0.04271386228334352, -0.2923893293035601, -0.9553449670554892, -0.4855930826768295, 0.8417510463906663, -0.23591213185555404, 0.8731408156908332, 0.45383218926122104, -0.17793667403071764
0.00029547835406632385, 0.0011681665329250693, 0.00699504167864064, -0.0434077057830458, -0.27884637824832076, -0.9593541934116131, -0.4850815760478411, 0.8453555169918798, -0.22376307664656012, 0.8733908836583968, 0.4556520023320277, -0.171958184199586
0.000295163410983056, 0.0011661433728308102, 0.006988081118017392, -0.05183824749991864, -0.26344752044940367, -0.9632799178147534, -0.4842275666154954, 0.8502312629782767, -0.20647145852151216, 0.8734050949163127, 0.45574357200450516, -0.17164305040053704
0.0002947873384653687, 0.0011642321320564373, 0.006981092781771442, -0.06085714123402977, -0.25228805908472535, -0.9657365808563344, -0.4834033643255933, 0.8539428444472346, -0.1926208861366385, 0.8732797923457974, 0.45511795576600605, -0.1739254168310448
0.000294345788704426, 0.0011624016528403798, 0.006974085867746826, -0.067109096919653, -0.2483174720076397, -0.96635128302619, -0.4829753577220404, 0.8555829229549071, -0.18631335373827787, 0.8730585163343267, 0.4542205356912792, -0.17734861717090344
0.00029385882047420694, 0.001160599770153435, 0.006967073668273652, -0.07058513436652408, -0.2515858495426951, -0.9652576335447133, -0.48306904276147367, 0.8552512518709067, -0.18758890185392257, 0.8727325127047654, 0.4530450932116222, -0.18190136004136775
0.0002933466357870573, 0.0011587741956780762, 0.006960069499711917, -0.07128311263738522, -0.26208228337564377, -0.9624092656418758, -0.48374336901032317, 0.852882739346539, -0.19642654062851575, 0.872302167136634, 0.4515572053077576, -0.18757670309337313
0.00029282943665532256, 0.0011568726410967761, 0.006953086678421613, -0.06921133009093748, -0.27965015656363745, -0.9576040840143574, -0.48498458061989985, 0.8482699945264698, -0.21266869291694776, 0.8717796443757926, 0.4497041319801234, -0.1943359084987143
0.00029232724201393677, 0.0011548435107520127, 0.006946138341510167, -0.06576424562544662, -0.2988922505679538, -0.9520181125103343, -0.48633556963573144, 0.8426916250085815, -0.23097302623355126, 0.8712937379003735, 0.44781050422117136, -0.20078091195324274
0.00029184985831378035, 0.0011526738471731607, 0.006939227626959367, -0.06308702617429933, -0.31186228989797693, -0.9480305581931805, -0.4872074841751733, 0.8386623120880228, -0.24346333121616162, 0.8710045318436535, 0.44652820562956863, -0.2048503529043974
0.00029139169137041556, 0.0011504089600675531, 0.006932342593864548, -0.061373433020193685, -0.3180003551808457, -0.9461020430292768, -0.4876136253971023, 0.8366279369878754, -0.24957292997940714, 0.8708996808165739, 0.44601509969536635, -0.2064080347208466
0.00029094587108377773, 0.0011480989864760317, 0.006925470052061759, -0.06063016863585532, -0.31736087716976497, -0.9463646529183268, -0.4875992019863899, 0.8367035305690385, -0.2493475890309388, 0.8709598158775316, 0.44632866317921327, -0.20547438660629444
0.0002905055273538019, 0.001145794063439438, 0.006918596811387035, -0.06085609488848354, -0.3099356149271738, -0.9488079101244037, -0.4871890458548532, 0.8388721989325139, -0.242776167399452, 0.8711735586632332, 0.44747441095312207, -0.20204772265035492
0.00029006379008042336, 0.001143544327998613, 0.006911709681676422, -0.062042667353078354, -0.2956548780536934, -0.9532779765161739, -0.4863878645689997, 0.8429842823494285, -0.2297919600678568, 0.8715374648445836, 0.449405933199457, -0.19610393819962305
0.0002896137891635772, 0.001141399917194399, 0.006904795472765959, -0.0641720503177962, -0.27440428399433076, -0.9594708108554262, -0.4851812043083626, 0.8487507885002752, -0.21028860645800168, 0.8720557017438149, 0.4520225524746747, -0.1876018792826522
0.00028914865450319847, 0.001139410968067636, 0.006897840994491688, -0.067216194658416, -0.2460688446422353, -0.9669188729526782, -0.4835376179899268, 0.8557316373301397, -0.18415954186765865, 0.8727389960144267, 0.4551631450026614, -0.17650256730998753
0.0002886614933429448, 0.001137627540956545, 0.0068908330803660435, -0.07265178514636313, -0.21572282951556726, -0.973748108568558, -0.48158332618068145, 0.8625563003195508, -0.1551583988181126, 0.8733837747862037, 0.4576683183320063, -0.16655477277867284
0.000288134510539131, 0.0011360627862665434, 0.006883769957176048, -0.08444275072675621, -0.19685558987119364, -0.9767892805442551, -0.4798104114432044, 0.867188698790072, -0.13328814561499785, 0.8732991417151409, 0.45741844893625166, -0.16768116069598224
0.00028752154502388686, 0.0011346338218257172, 0.0068766794948275254, -0.10326899344737688, -0.19168093683781315, -0.9760091871726125, -0.4784679724145045, 0.8698386661318295, -0.12020438542562703, 0.8720114187130341, 0.4545757509535434, -0.1815405527123441
0.00028677188138307683, 0.0011332423467644546, 0.006869594322635035, -0.12881703992009974, -0.19993573057363312, -0.971304212832525, -0.47789591810831084, 0.8707427136836147, -0.11585602281413489, 0.8689198246568196, 0.44925808863823724, -0.20771496843386045
0.000285837161886458, 0.0011317915773200254, 0.006862546365428087, -0.14896444379040613, -0.21372272357724606, -0.9654699331998583, -0.47835286037487285, 0.8700943791512888, -0.11880367141006533, 0.8654410063415025, 0.44413778132023113, -0.23184800138571443
0.00028475635887318925, 0.0011302409243066707, 0.006855541453474124, -0.1518348648743422, -0.22380606143894427, -0.962734138104481, -0.47954015618084056, 0.8683913009109484, -0.12624494885834348, 0.8642843354004778, 0.44250129419627493, -0.23917606948851822
0.00028365475364956825, 0.0011286171475373284, 0.006848556542884769, -0.15115727484629732, -0.2319922515434255, -0.9609011777934571, -0.4807129215850111, 0.8666385053710446, -0.1336143256894443, 0.8637514487873488, 0.44172083517992894, -0.2425203877732802
0.0002825580761113371, 0.0011269339953928481, 0.006841585004536929, -0.15089864330239874, -0.2389275103295423, -0.9592409729870914, -0.4816818427232881, 0.8651372368396145, -0.13971457985555483, 0.8632567415550214, 0.4409662189343342, -0.24563507876230528
0.00028146322949933753, 0.0011252004544578672, 0.006834625222087053, -0.15106313224737178, -0.24461757648473267, -0.9577798136055848, -0.4824504953431648, 0.8639135102490741, -0.14455091266490747, 0.8627986147524508, 0.4402450318673213, -0.2485213517937509
0.0002803671165965102, 0.0011234255112413834, 0.006827675579271217, -0.15165396807587597, -0.24906773080197175, -0.9565387286670611, -0.48302089044260366, 0.8629883031066332, -0.14812835007913958, 0.8623757263298147, 0.439563936389566, -0.2511805176816749
0.00027926664018579513, 0.0011216181522523936, 0.006820734459825488, -0.1526735925591936, -0.2522823820296777, -0.9555335545403423, -0.48339340697347694, 0.8623776526200102, -0.15045131556811223, 0.8619870000351767, 0.43892867755369197, -0.25361393453697134
0.0002781587030501328, 0.0011197873639998957, 0.006813800247485942, -0.15412371882552287, -0.25426474427136875, -0.9547750096834366, -0.48356674449523546, 0.8620927360747385, -0.15152332502110374, 0.8616316399214173, 0.4383441048169655, -0.2558229130835281
0.0002770402079724637, 0.0011179421329928871, 0.006806871325988653, -0.15600535391370324, -0.2550166139131228, -0.9542687546904937, -0.48353789094399224, 0.862139930268775, -0.15134678277911176, 0.8613091416975069, 0.4378141926256355, -0.2578086405919454
0.00027590805773572793, 0.001116091445740365, 0.006799946079069691, -0.15831878701665278, -0.2545382442862768, -0.9540154316745801, -0.4833021046418566, 0.8625208441295161, -0.1499228771430798, 0.8610193013668903, 0.4373420579337949, -0.25957212299456506
0.0002747591551228661, 0.0011142442887513274, 0.0067930228904651314, -0.1610635429098996, -0.2528283169987015, -0.9540106798505533, -0.4828529106143665, 0.8632323213261206, -0.14725157428412095, 0.8607622214389671, 0.4369299732697694, -0.26111414477567657
0.0002735904029168184, 0.001112409648534771, 0.006786100143911045, -0.1642383004199192, -0.24988400978287004, -0.9542451269616267, -0.48218211225443347, 0.8642664123206893, -0.14333171022553667, 0.8605383148338193, 0.4365793744431347, -0.2624352463252829
0.00027239870390052525, 0.001110596511599694, 0.006779176223143507, -0.16784077619224105, -0.2457011616691619, -0.9547043589518225, -0.48127982034901157, 0.8656103179250151, -0.13816118133027672, 0.8603483064271176, 0.4362908624486408, -0.2635357185882248
0.00027118096085692694, 0.0011088138644550934, 0.006772249511898589, -0.17186757452569587, -0.24027453712260363, -0.9553688730732088, -0.4801345024429209, 0.8672463091032375, -0.13173723433676898, 0.8601932320069389, 0.43606419958227544, -0.26441561499299976
0.00026993407656896395, 0.0011070706936099671, 0.006765318393912364, -0.1763140047058266, -0.23359819133298, -0.956214022460743, -0.4787330564233318, 0.8691516305266705, -0.12405685728892636, 0.8600744342393678, 0.4358983002476501, -0.26507478078655594
0.0002686549538195765, 0.0011053759855733122, 0.006758381252920906, -0.18113951515633092, -0.22575053003316994, -0.9571965180874156, -0.4770774271868734, 0.8712777584322926, -0.11520501781586248, 0.8599916304928107, 0.435788671090636, -0.26552331278321806
0.0002673407463610423, 0.0011037381152826603, 0.006751436579351101, -0.18498755274210524, -0.22006959063089915, -0.9577833683093664, -0.47582086328592754, 0.8728064123727498, -0.10864378759434096, 0.8598686593848631, 0.435635560762156, -0.2661720248394268
0.00026599850944993887, 0.0011021413293196176, 0.0067444870729074, -0.1861032842139373, -0.2209378377354125, -0.9573672437793069, -0.47587152569078317, 0.8727463202844737, -0.10890432253421872, 0.859599824710029, 0.4353163588549267, -0.2675589824165428
0.00026464824530817544, 0.0011005383246165414, 0.006737540937242819, -0.1843774937790569, -0.228616213038786, -0.9558972575144038, -0.4773021132188679, 0.8710156548475946, -0.11625154505303974, 0.8591784637108619, 0.4348176125069227, -0.269714685082631
0.0002633107411730771, 0.0010988799056629987, 0.006730606704064735, -0.1808618280835711, -0.2401709597620178, -0.953733143614743, -0.4795058576853583, 0.8681974985702243, -0.12769978826072598, 0.8586985102978214, 0.4342246118812205, -0.2721871687807964
0.0002619989079575035, 0.001097137889419049, 0.006723689054111484, -0.17746365834282674, -0.25044525233533, -0.9517267599212881, -0.4814515986470471, 0.8655417780733514, -0.13799198733920753, 0.8583187101116829, 0.43372180714406583, -0.2741794774958598
0.0002607117016162066, 0.0010953213219034004, 0.006716785845127783, -0.17439073817173023, -0.25892207802437084, -0.9500248564913767, -0.4830498595139377, 0.8632335434414838, -0.1465970078174349, 0.8580505251227832, 0.43334421305585885, -0.2756122082700878
0.00025944664743809265, 0.0010934430658673022, 0.006709894235363318, -0.17165243541619016, -0.2656130295461732, -0.9486754766256976, -0.484315197350676, 0.8613184505850248, -0.1535230155285779, 0.8578894048948655, 0.4331053511758034, -0.2764878365353848
0.0002582012707120675, 0.001091515984062003, 0.006703011383067772, -0.16925571081540372, -0.2705288916487689, -0.9477165310047414, -0.4852606840954598, 0.8598323538547745, -0.15877780618135626, 0.8578313195655536, 0.43301552171700103, -0.27680857126283975
0.0002569730967270373, 0.0010895529392387507, 0.006696134446490828, -0.1672053925212779, -0.273678582854551, -0.9471760079301682, -0.48589770788675796, 0.8588015589922882, -0.16236779158075165, 0.8578728193515636, 0.4330818808945258, -0.27657604787591344
0.0002557596507719079, 0.0010875667941487941, 0.006689260583882167, -0.1655044046264318, -0.2750683816435654, -0.9470721606452384, -0.4862358373149019, 0.8582430447063306, -0.16429725111481286, 0.8580110736814105, 0.4333085063014543, -0.27579110900621134
0.0002545584581355856, 0.0010855704115433817, 0.00668238695349148, -0.16415394399499694, -0.2747014284984596, -0.9474136413688549, -0.48628274001104876, 0.8581646241466383, -0.1645678420305922, 0.8582438927474139, 0.4336964411246245, -0.27445367098583495
0.0002533670441069761, 0.0010835766541737622, 0.0066755107135684395, -0.16315360215002145, -0.2725774968652876, -0.9481995624910015, -0.4860441487514721, 0.8585650279759757, -0.1631783631523157, 0.8585697336675278, 0.4342437114562125, -0.2725626744270102
0.00025218293397498556, 0.0010815983847911835, 0.006668629022362736, -0.16250143094273803, -0.26869302931458966, -0.9494194757531107, -0.4855238702903712, 0.8594339006658711, -0.16012476936596834, 0.8589876927638844, 0.43494531424535976, -0.27011611817176673
0.0002510036530285199, 0.0010796484661468948, 0.006661739038124052, -0.1621939524069697, -0.2630414391931588, -0.9510532703638621, -0.48472383427836924, 0.8607517112789899, -0.1554004376208977, 0.8594974847462218, 0.43579317663024764, -0.26711117707321064
0.0002498267265564852, 0.0010777397609921444, 0.006654837919102069, -0.162225722815992, -0.2556148558445877, -0.9530707530547664, -0.4836443813401736, 0.8624892736626331, -0.14899786983371432, 0.8600993705699996, 0.4367760276027685, -0.26354463465727385
0.0002486496826795858, 0.0010758851235419685, 0.0066479228252768596, -0.16233640787186285, -0.247167583988978, -0.955277486442715, -0.48241376658254087, 0.864409971038552, -0.14167695571537192, 0.86076933524081, 0.4378396822972778, -0.25956225479624895
0.0002474718902927349, 0.0010740918591565182, 0.006640992041445851, -0.16183421504916048, -0.2397801982169782, -0.9572435131054422, -0.481384393073004, 0.8659676982502141, -0.13553232711409324, 0.861439929969094, 0.4388683198070381, -0.25556964789385633
0.00024629772791655063, 0.001072352172111879, 0.006634046913571666, -0.1606075502467326, -0.23381142929481422, -0.9589251432384384, -0.48061803544737686, 0.8671014526415327, -0.13092507334215175, 0.8620971632051965, 0.4398491631889958, -0.2516370299369566
0.00024513241827665356, 0.001070655721901059, 0.006627089303474016, -0.1586604423312872, -0.22926716399012775, -0.9603454751052686, -0.48011427592169986, 0.8678373420962395, -0.127861760192469, 0.8627381677516199, 0.44078896898545283, -0.2477658950003398
0.00024398118409866453, 0.0010689921680170672, 0.006620121072972617, -0.15599556264094241, -0.22615096477891106, -0.9615202158903907, -0.47986916076106373, 0.8681946321089176, -0.12634741520004955, 0.8633602799450576, 0.4416942629317581, -0.24395738379143753
0.0002428492481082043, 0.0010673511699529122, 0.006613144083887187, -0.1526141844651275, -0.22446448161564359, -0.9624575872177769, -0.47987526403851233, 0.8681856566853755, -0.1263859030499499, 0.8639610186021197, 0.4425713072701434, -0.24021239834193453
0.00024174183303089352, 0.001065722387201603, 0.006606160198037437, -0.14851622748552024, -0.22420769622740547, -0.9631582627615614, -0.4801217182104136, 0.8678157780283499, -0.12798011997075975, 0.8645380650244092, 0.44342607541443635, -0.23653170985388253
0.00024066416159235297, 0.0010640954792561477, 0.0065991712772430836, -0.1437003860330483, -0.22537899752255736, -0.9636153312031103, -0.48059421237908523, 0.8670833871175538, -0.13113200529419575, 0.865089245154325, 0.4442642313539065, -0.23291605925277684
0.00023962145651820353, 0.0010624601056095561, 0.006592179183323847, -0.13816434118076293, -0.2279750881164708, -0.9638142839906312, -0.48127496194791836, 0.8659799430359423, -0.13584236916918022, 0.8656125148287284, 0.44509111141175745, -0.22936625016364337
0.00023861894053406573, 0.0010608059257548354, 0.006585185778099435, -0.13190505767272628, -0.2319907232496414, -0.9637330336179533, -0.4821426562071235, 0.8644900546399399, -0.1421105361828372, 0.86610594896115, 0.4459117062320097, -0.2258832340377733
0.00023766183636556043, 0.0010591225991849953, 0.006578192923389568, -0.12538966710286642, -0.23729584660075953, -0.9633110154928475, -0.483133784434344, 0.8626682610474979, -0.14961690318755705, 0.8665213082907894, 0.4466476828187009, -0.222815326471731
0.0002367519634341007, 0.0010574006944016232, 0.006571202789052144, -0.12109066409264162, -0.24324422374310187, -0.9623769005359692, -0.48403665469370266, 0.8609040899583424, -0.15669289966660135, 0.866628852498307, 0.44685164821069434, -0.2219865683073045
0.00023587325180027632, 0.0010556355580811211, 0.006564219164138023, -0.11981999937075943, -0.24963119236343892, -0.9608992848108479, -0.48480668974991287, 0.8593374422195781, -0.16279322459256407, 0.8663750004037069, 0.44634451738396097, -0.22398868381406245
0.00023500377415659447, 0.0010538241013788553, 0.006557246367857265, -0.12157816033156041, -0.25645786698524214, -0.9588785707229948, -0.48546321225493005, 0.8579794326887082, -0.16791891683275967, 0.8657622193636763, 0.4450849981122059, -0.22881242094331222
0.00023412159982711612, 0.0010519632363498882, 0.006550288719724805, -0.1263624935054968, -0.26371799620172526, -0.9562872678826275, -0.48601640216455516, 0.8568425625312807, -0.17207230997999007, 0.864766197918313, 0.4430278112197644, -0.23644403444310053
0.00023320479813590232, 0.001050049875049284, 0.006543350539255591, -0.13416655533335148, -0.2713967198751328, -0.9530703834822493, -0.48646724436956407, 0.8559408470757793, -0.1752566302959177, 0.8633359459593151, 0.44012394475671957, -0.24686424946986266
0.00023223143840701399, 0.0010480809295321059, 0.0065364361459645595, -0.14458900178081419, -0.2797059903899367, -0.9491357013114681, -0.4868640265676027, 0.8551799804110303, -0.17784999504799137, 0.8614275594606946, 0.43638487604885495, -0.25982840444689087
0.00023118243655338111, 0.0010460516458467807, 0.006529550109697886, -0.15539331753939287, -0.28997020267833606, -0.9443358504381724, -0.48754793496168053, 0.8539206294863046, -0.18197958581202012, 0.8591565212338801, 0.4321305822276389, -0.27406793304744625
0.00023005497204391733, 0.0010439477515642034, 0.00652269843053148, -0.1657787669703339, -0.30264433534853674, -0.9385754134342312, -0.48868781112264376, 0.8518800933355497, -0.18837337879534458, 0.8565638468216803, 0.427442057897977, -0.2891222292698842
0.00022885199093511103, 0.0010417515992778453, 0.006515887615659431, -0.17572573665817734, -0.317695128059473, -0.9317672837587806, -0.49033298595354297, 0.8489799102531981, -0.1969940985724053, 0.8536357703153165, 0.42225930137031553, -0.30496402090153113
0.00022757644607897522, 0.001039445537604, 0.006509124172873438, -0.1851879523551777, -0.3348090318313096, -0.9239092674644397, -0.4924833261326191, 0.8452057498941851, -0.2075750799762842, 0.8503914368006353, 0.4165695050648685, -0.3214097877572519
0.00022623144939069414, 0.0010370138619291373, 0.006502413936655541, -0.19380875112832233, -0.3494559482715227, -0.9166889920816825, -0.4943731857582811, 0.8418785682624836, -0.21641540957962999, 0.8473684683709255, 0.41124325710941656, -0.33592508434582574
0.00022482281669829998, 0.0010344739607615117, 0.006495751295905386, -0.20135086658683857, -0.3579655990909961, -0.9117666688315347, -0.49528443000663464, 0.8402759689479242, -0.2205212674587876, 0.8450746487250297, 0.40718168656761977, -0.3464850822275275
0.00022335862446958124, 0.0010318708905228662, 0.006489121070302001, -0.20785744850507493, -0.36031586176102887, -0.9093776777908985, -0.4951347108824966, 0.840535944890654, -0.21986573954593727, 0.8435857390806619, 0.4045637219402929, -0.3531165469211983
0.0002218470186889502, 0.0010292505584471661, 0.006482507785262605, -0.21335475609486448, -0.35654019065680537, -0.9095926783446037, -0.4938755144670337, 0.8426696601252085, -0.21446402988470673, 0.8429511992171456, 0.40346863118571497, -0.3558740498933603
0.00022029614534081925, 0.001026658871768378, 0.006475895966204433, -0.21783814903442916, -0.34660529629272635, -0.9123657761046746, -0.49147062971666494, 0.8465979036312169, -0.20427581769052772, 0.84321003371115, 0.4039019164958991, -0.3547676435355698
0.00021871415040960088, 0.0010241417377204666, 0.006469270138544712, -0.2212686833857898, -0.33041662205927336, -0.9175320297513643, -0.48789749286062484, 0.8521474059759203, -0.18921108569221526, 0.8443910268430355, 0.40579508912189854, -0.34976297607310414
0.00021710917987970737, 0.001021745063537399, 0.00646261482770067, -0.22357149881531935, -0.30783618549807673, -0.9247987174598943, -0.48315116562838795, 0.8590429021036253, -0.16914562807625672, 0.8465109190491295, 0.40900143672531886, -0.3407889210159616
0.00021548937973555105, 0.0010195147564531395, 0.0064559145590895334, -0.22463663524181746, -0.27871417738441173, -0.9337327184115193, -0.4772508988768938, 0.866897165525135, -0.14394750406201437, 0.8495704571302086, 0.4132888962087144, -0.3277534540506797
0.00021386289596154432, 0.0010174967237016545, 0.006449153858128532, -0.2242129070613547, -0.24368419445872352, -0.9435817853679135, -0.4704042693838355, 0.8750299447742514, -0.1142034110428864, 0.8534918837648993, 0.4182590215636401, -0.3108230931383159
0.00021223870463215743, 0.0010157314829716006, 0.006442318581005335, -0.22024285590528497, -0.21653074423714722, -0.9511085748865852, -0.4655137779956438, 0.8801843296707965, -0.09258762497328292, 0.8571989307733103, 0.42236238303390367, -0.294652355291818
0.0002106410050119538, 0.0010141607119860533, 0.00643541898917693, -0.21121909897385616, -0.2095081170164077, -0.954721342137543, -0.465026047503662, 0.8806717052220953, -0.09037766739814024, 0.8597309273091172, 0.42488080272641904, -0.28344141564485525
0.0002091073375279928, 0.0010126394679874993, 0.006428486732170847, -0.19801738275862696, -0.2209928144292596, -0.9549614086946437, -0.4683019002463399, 0.8772001822775597, -0.1058922586305689, 0.861093750036017, 0.4262417344451983, -0.2771922391880019
0.00020766933533418659, 0.0010110346182135173, 0.006421551802612784, -0.1883019160580445, -0.23273212286722153, -0.9541373839204633, -0.4711666918784269, 0.8738218425754632, -0.1201554655534316, 0.8617101234598609, 0.42693225039078375, -0.274197951675523
0.0002063019058918649, 0.001009344541109445, 0.006414622953570215, -0.18620172661251505, -0.23525107633696293, -0.9539317837711555, -0.4717678361369324, 0.8730699388536951, -0.1232233364938706, 0.8618375866676938, 0.42708993543784846, -0.27355102130041425
0.00020495015363095783, 0.0010076367096080697, 0.006407697779089169, -0.1917811113714631, -0.22848549587210631, -0.9544707347515711, -0.4701348887336392, 0.8750685517122636, -0.1150139826265064, 0.8615063503634407, 0.4266724832705752, -0.27524062255267767
0.00020355891834409104, 0.0010059792101696666, 0.006400773774128659, -0.2049985992999167, -0.21233864513620168, -0.9554516597226645, -0.46603887129401605, 0.8795963004898493, -0.09548884022528666, 0.8606877161480068, 0.42570253457818763, -0.2792740720611838
0.00020207303982388983, 0.0010044401292545091, 0.006393848433647696, -0.2251309757843849, -0.1873900975867904, -0.9561385857022945, -0.459197725004779, 0.88591562784394, -0.06550534094494159, 0.8593331676903936, 0.42430938201775703, -0.2854961562594199
0.0002004415442242808, 0.0010030821370077382, 0.006386919418705373, -0.2429598378054181, -0.16539542300983345, -0.9558320308824994, -0.4526524159323786, 0.8908298466072503, -0.03908931752133643, 0.8579488956599606, 0.4231625437596068, -0.29130251285348185
0.00019867941712211888, 0.0010018825652592068, 0.006379987007398441, -0.25146472765382993, -0.1559259642966772, -0.9552238399475468, -0.44960284032427805, 0.8928088767111733, -0.027378744274981676, 0.8571013806536114, 0.4225865631132685, -0.29461469745718505
0.00019685417272150146, 0.0010007507842897693, 0.0063730535619746335, -0.25062019465893776, -0.1593078833968321, -0.9548876982749005, -0.4504596492986168, 0.8922710878665226, -0.030633480234203602, 0.856898840227295, 0.4224610089050983, -0.29538292701509206
0.00019503478170232832, 0.0009995942799915817, 0.0063661215024695145, -0.24039192835439271, -0.1755147490762685, -0.9546760150117687, -0.45512788932930864, 0.889084936003066, -0.048852645036605746, 0.8573624234457125, 0.4227558981600594, -0.29361049952986423
0.00019329021474449905, 0.0009983205382567979, 0.006359193248918645, -0.22200747668559528, -0.20126327144990178, -0.9540470511777592, -0.4623010180382949, 0.8832197697179144, -0.07874393373581651, 0.8584814785517806, 0.423575180982925, -0.28912560771891405
0.00019167903496046396, 0.0009968599058534664, 0.006352269422096124, -0.2029624021951377, -0.22000170497276292, -0.95415172436267, -0.46759562447892755, 0.8779255572352933, -0.10296139043962761, 0.8603258657411975, 0.42525988026402994, -0.28105771466814783
0.0001902053023786461, 0.0009952624489985651, 0.006345341220276563, -0.18586867607508734, -0.22650500022417724, -0.9561110396431681, -0.47014781626327434, 0.8749473383679793, -0.11588004981731403, 0.8627942200298799, 0.4279750459503851, -0.26911613464598716
0.00018885529578868815, 0.00099361729151739, 0.006338396767711955, -0.17077004169452512, -0.22085766272673032, -0.9602392856338132, -0.47043521695782003, 0.8745777322824901, -0.11749253951407189, 0.8657530245430848, 0.43166617079695135, -0.2532508982886305
0.00018761528413227188, 0.0009920135788669012, 0.006331424186951773, -0.15762025914460973, -0.2030114789298291, -0.9664068466903106, -0.4688600743469733, 0.8766826953778938, -0.10769253599159918, 0.8690949801894708, 0.436135060557707, -0.23336693073738723
0.00018647153635107923, 0.0009905404565040607, 0.0063244116005454955, -0.1463171466126639, -0.17281779627500027, -0.9740253086536205, -0.46575502737358526, 0.8806961407020665, -0.0862934657359225, 0.8727333768587971, 0.441030970616734, -0.209351703775017
0.0001854103194995844, 0.0009892870343188214, 0.006317347137526257, -0.1372218381731714, -0.1387823332597681, -0.9807699175154949, -0.46230341351539084, 0.8846554824516651, -0.06049984479508344, 0.8760397941762654, 0.44511138082864865, -0.18555359785361264
0.00018441458733766094, 0.0009882799786302134, 0.0063102303100349595, -0.13191258781732015, -0.12743336876198302, -0.9830360144477466, -0.4612984691632587, 0.8856660013205391, -0.052909889931099977, 0.8773840615847611, 0.4464935280951556, -0.1756153121062302
0.0001834571649181156, 0.0009873550664116777, 0.0063030954282543355, -0.1307757511743329, -0.14386325533950872, -0.9809184811532038, -0.46333811421515586, 0.8835829418588668, -0.06781575607168211, 0.8764790327328613, 0.4456282628145907, -0.18220855238028164
0.0001825089878046167, 0.000986311999597215, 0.0062959833723442325, -0.13231759008414834, -0.178724424309979, -0.9749613507772449, -0.46759021474020973, 0.8785417391271899, -0.09758997740842701, 0.87398595322438, 0.4429695167462873, -0.19981631765206975
0.00018155055170330684, 0.0009850174178236536, 0.006288921286680698, -0.1333610406413301, -0.2105690853984702, -0.9684397209498964, -0.47152758274435586, 0.8729647414359943, -0.12487713530047159, 0.8717089947627741, 0.439992295937144, -0.2157086181997243
0.0001805843242483086, 0.0009834918026176876, 0.006281904746899719, -0.1335403132599082, -0.23642614401718096, -0.9624290431816845, -0.47475904863017343, 0.8677049058027604, -0.14728218558126951, 0.8699257614752068, 0.43725378771485796, -0.22811903614295698
0.00017961584813049644, 0.0009817771662766644, 0.006274924910469381, -0.13292039877810238, -0.25637713563888165, -0.9573938227867739, -0.4772781430499552, 0.8631463237657412, -0.1648757045063733, 0.8686413193922201, 0.4350278015153617, -0.23709295677698738
0.0001786506660407447, 0.0009799155210979316, 0.0062679729348577564, -0.13155270102701733, -0.27052677619848514, -0.9536818915194684, -0.47909472624892313, 0.8595782440551394, -0.1777455642978263, 0.86784914019256, 0.4335210556671245, -0.2426877915353312
0.0001776943206699278, 0.000977948879378836, 0.006261039977532926, -0.1294725660553211, -0.27897067656862745, -0.9515315109095929, -0.4802308925929939, 0.8572007488089083, -0.18597087417330532, 0.867533944257161, 0.43287670052370486, -0.2449543175886555
0.0001767523547089203, 0.000975919253416726, 0.006254117195962968, -0.1266984144384396, -0.2817734760198027, -0.9510789767366867, -0.4807182534246811, 0.8561309121732755, -0.1896043829811943, 0.8676735979636061, 0.433178449871497, -0.2439240823777298
0.00017583031084859646, 0.0009738686555089487, 0.006247195747615963, -0.12323204370082975, -0.2789564625802677, -0.9523639826190512, -0.4805966086173889, 0.8564072266014169, -0.1886625612312463, 0.8682400377722632, 0.4344536272257065, -0.2396023426422324
0.0001749337317798307, 0.0009718390979528507, 0.006240266789959985, -0.11905986266915278, -0.2704938654072943, -0.9553312608086386, -0.47991388856777023, 0.8579911031420888, -0.18312270882876192, 0.8691992916822726, 0.4366741756802688, -0.23196606569279365
0.00017406816019349748, 0.0009698725930457805, 0.006233321480463117, -0.11415502383634388, -0.2563175326285253, -0.9598280851278257, -0.4787271701758224, 0.8607651185770759, -0.17292688390311597, 0.8705107277158467, 0.43975531049461747, -0.2209668296903624
0.00017323913878047116, 0.000968011153085085, 0.006226350976593434, -0.10848060292259638, -0.2363303522769408, -0.9655982204738196, -0.47710449416798856, 0.8645284956445729, -0.15799298042394036, 0.8721257136641815, 0.44355207677474456, -0.2065388456309209
0.00017245221023162626, 0.0009662967903681116, 0.006219346435819017, -0.10199411031342677, -0.21042926399706002, -0.9722739975516306, -0.4751270996626847, 0.8689911906297307, -0.13823367814699955, 0.873985949902799, 0.4478547035161946, -0.18861262924556133
0.00017171291723783706, 0.0009647715171922078, 0.006212299015607943, -0.09471462557088348, -0.17891719798893574, -0.9792945297339076, -0.4729157075596649, 0.8737162244609042, -0.11388894879277933, 0.876002210754236, 0.4523368162968506, -0.16736645833655073
0.0001710263640378484, 0.0009634746089895736, 0.0062052004520115845, -0.08854732050971, -0.15365315671330246, -0.9841494192766604, -0.47126199514334854, 0.8769150623664459, -0.09450981604237102, 0.8775371809581981, 0.45542362787506935, -0.15005937227993857
0.00017038396238412503, 0.0009623598712267113, 0.00619806054974447, -0.08582248428698686, -0.14866483739478328, -0.9851564684420402, -0.4709910060121752, 0.8773930701935096, -0.09137216552126987, 0.8779532865969858, 0.45615804991120107, -0.14531985430339905
0.00016976106466055362, 0.0009612808650716499, 0.006190910305532217, -0.08647152489036503, -0.16363810883543686, -0.9827233815880728, -0.47216004304716935, 0.8753315123089268, -0.10420958357398008, 0.8772614029654048, 0.4549915525542523, -0.15295462716583946
