0.003356344997882843, 0.012399429455399513, 0.07265004515647888, -0.2440295431171475, -0.13694509710943129, -0.9600498020747282, -0.48942517159087195, 0.8720452977112486, 1.2367102661224594e-05, 0.8372052218538069, 0.46987555705461864, -0.27982919322924493
0.003345006802270251, 0.012394323554400417, 0.07260699390930887, -0.2398176311435999, -0.14740171910148633, -0.9595625237568414, -0.49214408431743123, 0.8704478227729721, -0.010713920904589959, 0.8368283599783348, 0.46967363246803545, -0.2812916189655345
0.0033341259041728966, 0.012388110997245332, 0.07256407501081162, -0.23493179788869306, -0.15931139893055385, -0.9588675239633347, -0.4951987829218437, 0.8684761269567723, -0.02296480565754704, 0.8364121087917792, 0.46943486776863325, -0.28292346878534996
0.0033236697182686906, 0.012380883187822569, 0.07252127612710182, -0.22942967934869185, -0.1724555290865363, -0.9579254212732008, -0.498511283799577, 0.8661132033736899, -0.03652969841461477, 0.8359716036794874, 0.4691556345491845, -0.2846831017329585
0.0033136056592355436, 0.012372731530020447, 0.07247858492429408, -0.22337158134714433, -0.1866136460545854, -0.9567029234577943, -0.5020041252421674, 0.8633486245232374, -0.05119580816512526, 0.8355219894690519, 0.4688331255788652, -0.28652836765952105
0.003303901141751369, 0.012363747427727275, 0.07243598906850311, -0.21682126426057144, -0.20156378121401722, -0.9551756809441682, -0.5056020358035602, 0.86018096208041, -0.06674798772783935, 0.8350779129852154, 0.46846638574942406, -0.28841658181721963
0.0032945235804940753, 0.012354022284831359, 0.0723934762258435, -0.20984648336791858, -0.217083088542128, -0.9533306803450357, -0.5092334762375487, 0.8566197675119669, -0.08296891337582887, 0.834653053727799, 0.4680571616552347, -0.29030462160652165
0.003285440390141574, 0.012343647505221012, 0.0723510340624299, -0.2035482188172175, -0.2305176331887924, -0.9515407208340458, -0.5123024294706818, 0.8532950029712589, -0.09712805291323577, 0.8343346710851559, 0.46770638085589195, -0.29178142149888187
0.0032766189853717766, 0.012332714492784547, 0.07230865024437698, -0.19795180261985051, -0.2418774638787995, -0.9499001928134932, -0.5148458513656842, 0.8502962151508137, -0.1092249780578824, 0.8341155994051996, 0.4674308921838191, -0.2928472773667929
0.003268026780862594, 0.012321314651410271, 0.07226631243779937, -0.1930766477870168, -0.251176486535492, -0.9484892095806964, -0.5168991540880908, 0.847697690364107, -0.11926395203235086, 0.8339884127386569, 0.46724618603370593, -0.2935035418093128
0.0032596311912919374, 0.012309539384986499, 0.07222400830881172, -0.1889371586387213, -0.2584299150344456, -0.947373595315394, -0.5184944798955542, 0.8455592645590939, -0.12725173647586507, 0.8339461759630327, 0.4671653980482432, -0.2937520492916792
0.0032513996313377185, 0.012297480097401545, 0.0721817255235287, -0.18554355192412686, -0.2636521748034115, -0.9466050501982388, -0.5196593013562029, 0.8439271844990925, -0.1331957873861554, 0.8339830938654346, 0.46719849955331205, -0.29359455233667386
0.0032432995156778457, 0.01228522819254371, 0.07213945174806488, -0.18290255544925918, -0.266855265463963, -0.946221391907987, -0.5204153157477576, 0.842834923719332, -0.13710284641169754, 0.8340950511454269, 0.46735164346901104, -0.29303222860552725
0.003235298258990233, 0.012272875074301312, 0.072097174648535, -0.1810179618240045, -0.2680475765695549, -0.9462467934911442, -0.5207780975829135, 0.8423036022195882, -0.13897774917528025, 0.8342797316098508, 0.4676271360636531, -0.29206538829841
0.0032273632759527906, 0.012260512146562666, 0.07205488189105366, -0.17989102343553864, -0.26723314584081337, -0.9466919591141234, -0.5207582378453244, 0.842341533408776, -0.13882218414498637, 0.8345358454875065, 0.46802477162921036, -0.29069354264909025
0.003219461981243429, 0.012248230813216075, 0.0720125611417355, -0.1795206811455071, -0.26441135019245054, -0.9475542005238847, -0.5203609906621032, 0.8429445228010023, -0.13663444249875273, 0.8348633208125793, 0.46854153430533313, -0.28891532702955824
0.0032115617895400596, 0.012236122478149852, 0.0719702000666952, -0.17990362404933688, -0.2595770242551152, -0.9488173978868507, -0.5195846046753615, 0.8440968017263496, -0.13241007476659739, 0.8352643441679186, 0.46916986027899, -0.2867282992094256
0.0032036301155205925, 0.01222427854525231, 0.07192778633204737, -0.1810341816197163, -0.2527210070036578, -0.950451849229795, -0.5184196076337354, 0.8457713301095696, -0.12614264776661907, 0.8357438216978713, 0.46989674374669443, -0.2841290458754436
0.00319563437386294, 0.012212790418411761, 0.07188530760390666, -0.18290405342505373, -0.24383112252083744, -0.9524140333546716, -0.5168499425959787, 0.8479289879090007, -0.11782431116773506, 0.8363087014250291, 0.470704594362373, -0.28111375058316745
0.0031875419792450127, 0.012201749501516512, 0.07184275154838773, -0.1854914313653339, -0.2331238823371438, -0.9545921560405246, -0.5148949403913772, 0.8504681264724705, -0.10764370029762983, 0.8369445198156206, 0.4715476872368938, -0.27778885760976246
0.0031793203463447214, 0.01219124719845488, 0.07180010583160525, -0.18872906550020468, -0.22185806055244792, -0.9566401312945876, -0.5127513073004104, 0.8530759189417586, -0.09668284947907911, 0.8375365285748076, 0.4722716141052525, -0.27475823156600776
0.003170936889839978, 0.012181374913115169, 0.07175735811967382, -0.1925478674552413, -0.21160099110331995, -0.9582016172510519, -0.5106759238440302, 0.8554323909152721, -0.08628745783152689, 0.8379352120208847, 0.4727160301249301, -0.2727712142408743
0.0031623590244086925, 0.012172224049385698, 0.07171449607870813, -0.19688997953569143, -0.20393839698730834, -0.9589804305577263, -0.50894100114569, 0.8572767142949164, -0.07781832997780928, 0.8379817380535556, 0.4727428110103415, -0.27258180666871873
0.003153554164728776, 0.01216388601115477, 0.07167150737482278, -0.2016113997049213, -0.20035815476191213, -0.9587541151564484, -0.5078297445258299, 0.8583931259767353, -0.07259608702071185, 0.8375331599906076, 0.4722476586456412, -0.27480967017166097
0.003144493914750958, 0.012156348397731425, 0.07162840107614626, -0.20505800475444066, -0.20048944462128582, -0.9579954056683028, -0.5074943868871326, 0.8587179508784993, -0.07108395119212474, 0.8368994336024975, 0.4716009578388061, -0.2778342574293881
0.0031351687712558706, 0.01214913066935971, 0.07158528276985082, -0.20618941616946632, -0.2035053530035161, -0.9571162395229793, -0.5079283658635672, 0.8582944193171806, -0.0730716423802687, 0.8363579973975624, 0.4710798882014578, -0.2803373666160849
0.003125574554510022, 0.012141620377421293, 0.07154228523955146, -0.20509149681020755, -0.20923646272476007, -0.9561158824130989, -0.5090823269967465, 0.8571419536262627, -0.07837637190717234, 0.8359262301637187, 0.47066737086841254, -0.28231111158452465
0.003115707085081785, 0.012133205065818109, 0.07149954127040536, -0.20185446598413628, -0.21751542292164938, -0.9549564468359147, -0.510884375284004, 0.8552542998391193, -0.08681726612472294, 0.8356147016735239, 0.47034787487338986, -0.28376213092862457
0.003105603074470033, 0.012123319004240234, 0.07145716640148635, -0.19656261247791387, -0.2281677995865899, -0.9535735916056354, -0.5132474127997274, 0.8526029094890455, -0.09821085472187256, 0.8354281732322916, 0.4701145966279161, -0.2846963881174611
0.00309597734061041, 0.012112227083498264, 0.07141497814111633, -0.18930917259011723, -0.24077738295332343, -0.9519392254925698, -0.5160346048284158, 0.8491918880266166, -0.11216694668827713, 0.835386332060099, 0.469999350178209, -0.2850092753564967
0.0030872663004136982, 0.012100394883179188, 0.07137279943435977, -0.18024283692008866, -0.2538875177839102, -0.9502913490359275, -0.5189347214613673, 0.8452666189717934, -0.12740132540050805, 0.8355951619060581, 0.4701760002015391, -0.28410430168103906
0.0030793966007192134, 0.01208798752983972, 0.07133060734663253, -0.16954012922463566, -0.2657707440131308, -0.9490110938283075, -0.5216196598322096, 0.841211474274871, -0.14239447329453433, 0.8361633064533649, 0.4708812665364857, -0.28125034713929054
0.003072289548969485, 0.01207516686396555, 0.07128838058764737, -0.15738611588050788, -0.2747393964300197, -0.9485504069775711, -0.523817595335224, 0.8374877766988842, -0.15565779998825433, 0.8371647014448657, 0.47236901669058307, -0.27572227825386325
0.0030658664526070465, 0.012062094726042374, 0.07124609786711712, -0.1440175551234035, -0.27948745056564767, -0.9492869475519992, -0.5253750449958434, 0.8345221950824465, -0.16599327700359015, 0.8385940650349805, 0.4748257268631195, -0.2670215781486907
0.0030600486190744277, 0.01204893295655589, 0.07120373789475451, -0.13113170264607613, -0.28075869213665533, -0.9507781199369576, -0.5263806853541151, 0.8324192820747325, -0.17320944811504646, 0.8400760981287785, 0.4777579885463996, -0.2569425105599017
0.003054757355814161, 0.012035843395991796, 0.07116127938027231, -0.11979463351573397, -0.279744178685113, -0.9525714882740416, -0.5270013751315885, 0.8310608874428952, -0.17778456618065075, 0.8413791038469197, 0.480708847281199, -0.24698220129259363
0.0030499139702687772, 0.012022987884835789, 0.07111870103338333, -0.10993612504358438, -0.27696286517294444, -0.9545709086943698, -0.5273407170203975, 0.8303289794000853, -0.18018200282166316, 0.8425116121352955, 0.4835755962448955, -0.23733694641496378
0.0030454410794504387, 0.012010520184597034, 0.0710759830843601, -0.10147073029121381, -0.27292279259994245, -0.9566696609455201, -0.5274745967105763, 0.830095273798741, -0.1808656579951208, 0.8434893246029749, 0.4862663731911162, -0.2281902136034223
0.0030412811332295713, 0.011998471704225265, 0.07103312879168715, -0.09431193294680508, -0.26812999377343544, -0.958755216800876, -0.5274652684483374, 0.8302246341879531, -0.18029821787306335, 0.8443255591799651, 0.48870580437164524, -0.2197293491750762
0.003037391971402392, 0.011986778909380335, 0.07099015928330919, -0.0883734480398159, -0.26308979200607363, -0.9607153038355093, -0.5273703998147347, 0.8305784998301149, -0.17894081987965427, 0.8450269789070649, 0.4908391966440301, -0.21214685469514333
0.0030337318367914617, 0.011975375779378279, 0.07094709615513056, -0.0835698399074842, -0.2583077181312932, -0.9624412733313351, -0.5272412596690441, 0.8310217762897488, -0.17725535657584565, 0.8455960832220293, 0.49262554753690446, -0.20563884349394693
0.003030258972219343, 0.01196419629353514, 0.07090396100305559, -0.0798166740767354, -0.2542900526911285, -0.9638287543135821, -0.5271212497739756, 0.8314268365323195, -0.17570601449745987, 0.846033383842535, 0.49403034784940353, -0.20040341520978905
0.0030269316205085955, 0.011953174431166948, 0.07086077542298855, -0.0770333765681564, -0.2515262106083069, -0.9647799874953533, -0.5270473000938642, 0.8316767002731956, -0.17474269565981096, 0.8463374045605434, 0.4950236677167211, -0.19663307463905566
0.0030237080244817807, 0.011942244171589744, 0.07081756101083385, -0.07518558487368707, -0.2502365181744421, -0.9652610076031942, -0.527034745694101, 0.8317217637178883, -0.17456598921084074, 0.8465113730236328, 0.4956012436727104, -0.1944168269767484
0.003020546426961461, 0.01193133949411957, 0.07077433936249576, -0.07427380184417866, -0.2504301842588186, -0.9652813709855307, -0.5270852126128934, 0.831560404477068, -0.17518125570607104, 0.8465604414360693, 0.4957741587840466, -0.19376119961834032
0.003017405070770196, 0.011920394378072458, 0.07073113207387863, -0.07429849820712395, -0.2521081686846613, -0.9648425801376266, -0.5272010644756664, 0.8311893896902327, -0.17658775745249922, 0.846486131475224, 0.49554583011952064, -0.1946678182732445
0.0030142421987305475, 0.011909342802764445, 0.07068796074088672, -0.07525563424735479, -0.25526459933258433, -0.9639380549815447, -0.527384638337023, 0.8306036024454257, -0.17878226660048996, 0.8462872046534533, 0.49491174964053575, -0.1971302293094283
0.003011016053665076, 0.011898118747511573, 0.07064484695942444, -0.07701925209001563, -0.2597545263831846, -0.9625983694308556, -0.5276339479388855, 0.8298106120722676, -0.18170515973596926, 0.8459730798257827, 0.49390478243857505, -0.20096669896871922
0.003007684878396343, 0.011886656191629874, 0.07060181232539607, -0.07931604907777014, -0.2652663850821634, -0.9609072324132721, -0.5279410852583574, 0.8288355565565058, -0.18522913022496026, 0.8455691425631146, 0.49261076432931195, -0.20578498490407543
0.00300420691574691, 0.011874889114435391, 0.07055887843470592, -0.0818642121795387, -0.27147968755936486, -0.9589562190250882, -0.528296352681349, 0.8277061743117623, -0.18922328807461938, 0.8451042625071816, 0.4911224574878004, -0.21118124264085703
0.0030005404085393377, 0.011862751495244156, 0.07051606688325834, -0.08438258898490086, -0.27807610716101394, -0.9568454720080884, -0.5286882967022812, 0.8264527541686225, -0.19355756264517027, 0.8446113091868034, 0.48954011454964, -0.2167538065190077
0.0029966452052373966, 0.011850179118132778, 0.07047339862961767, -0.086590884336904, -0.28474018354344394, -0.9546858366108711, -0.529103755276076, 0.8251087492640926, -0.19810292284718836, 0.8441274991981409, 0.4879739539806307, -0.22210399666372987
0.0029925351434840013, 0.011837168451682648, 0.07043087320199229, -0.08820974509815176, -0.29115962217109254, -0.9525991367237878, -0.5295282292201507, 0.8237109941894103, -0.20273147883460182, 0.8436936027543949, 0.4865452419546201, -0.22683657598065984
0.002988289673806411, 0.011823789714168285, 0.07038846408434461, -0.0889606817413008, -0.2970250854141366, -0.9507166222060325, -0.5299466417332552, 0.8222994955053029, -0.20731641663739298, 0.8433519751680005, 0.48538607141784484, -0.23055977024143443
0.002983992204856817, 0.011810117572845565, 0.07034614318950687, -0.08856578576873046, -0.3020293621339139, -0.9491756244237145, -0.5303441404230426, 0.8209170021481745, -0.21173183110481508, 0.8431436380060704, 0.4846375346514496, -0.23288466178959413
0.002979726145287409, 0.011796226694970356, 0.07030388243031134, -0.08675117704543872, -0.3058663595626834, -0.9481139189828943, -0.5307065772033149, 0.8196089623248002, -0.21585105464186716, 0.8431042415943434, 0.4844449596855516, -0.23342733096381718
0.0029755749037503757, 0.011782191747798524, 0.07026165371959023, -0.08343664177642093, -0.30825766885751715, -0.947636816718094, -0.5310155034806611, 0.8184447504372817, -0.21947830313002642, 0.8432442480516861, 0.484897308790413, -0.2319778826861771
0.00297162188889791, 0.011768087398585954, 0.07021942897017584, -0.07893369853065237, -0.3090922312950609, -0.9477507392713089, -0.5312530701299506, 0.8175092930433248, -0.22237070685075658, 0.8435280947981365, 0.48594294761920753, -0.22873522891190648
0.0029679505093822, 0.011753988314588508, 0.07017718009490037, -0.07372058154407654, -0.30842286872156066, -0.9483884277585667, -0.5314112811421174, 0.8168672661723215, -0.22434330774741418, 0.8439000688065481, 0.4874455903028773, -0.22411932170739515
0.0029646441738554368, 0.011739969163062062, 0.0701348790065961, -0.06828448554020991, -0.3063121303145936, -0.9494788611952582, -0.5314853438912939, 0.8165794269468013, -0.22521405088490046, 0.8443107000762586, 0.4892554734587738, -0.21856011399010833
0.0029617845367741523, 0.01172610437095234, 0.07009249782383929, -0.06311307003421286, -0.30282363296089926, -0.9509545665862377, -0.5314726836280619, 0.8167019800049856, -0.22479916016996626, 0.8447209757949915, 0.4912186103725089, -0.2124870581368633
0.0029593679838561394, 0.011712456684100208, 0.07005001866610483, -0.058674851883681385, -0.2980420693390265, -0.9527477035713804, -0.5313734285743089, 0.8172763028213983, -0.22293883522565053, 0.8451032724830806, 0.4931839106770383, -0.20632520226014872
0.0029572690988906303, 0.011699072162499909, 0.07000743793862771, -0.05522674796164764, -0.2922651752901897, -0.9547413647801037, -0.5312027287269545, 0.818249011966708, -0.21975489848588967, 0.8454428823419228, 0.4950248698076702, -0.2004412905797631
0.00295535311233571, 0.011685995584817437, 0.06996475314366528, -0.05289646026809963, -0.2859217819121312, -0.9567918786859015, -0.5309792383542482, 0.8195134242707579, -0.21554302558134267, 0.8457322347692844, 0.49663515991944085, -0.19516788927470535
0.0029534852546494617, 0.011673271729718796, 0.0699219617834749, -0.05181045339500479, -0.27944484086152893, -0.9587628788365133, -0.5307159878073918, 0.8209670530496258, -0.21060303438611028, 0.8459646666407695, 0.49791934961687073, -0.1908405199963678
0.00295153075628997, 0.011660945375869992, 0.06987906136031392, -0.05209190302426221, -0.27326908356814616, -0.9605261274973922, -0.5304235475359642, 0.8225132999288978, -0.20523823147610143, 0.8461307782244265, 0.4987944259972245, -0.18779463979417998
0.0029493635715842556, 0.011649052463150537, 0.06983605123478974, -0.05367315238587018, -0.26780365366485986, -0.9619773364257159, -0.5301172573054054, 0.8240419524486949, -0.19982630985818087, 0.8462238983980293, 0.49923547919623545, -0.18619626766331096
0.002946952025164416, 0.011637533318016181, 0.0697929508701798, -0.05621355024110904, -0.2634195743247998, -0.9630421406313597, -0.529822892178974, 0.8254217557938658, -0.19485027068310418, 0.8462433099838353, 0.4992885467589989, -0.18596560806474258
0.002944322139431274, 0.011626269809114284, 0.06974979202048377, -0.05935167754823135, -0.26048559398815696, -0.9636517180479925, -0.5295726111133977, 0.8265271684927361, -0.19080274972315825, 0.8461856935275784, 0.49899909325370234, -0.18700181015496622
0.00294150076488958, 0.01161514296607985, 0.06970660661610319, -0.06272635131239082, -0.2593705821715983, -0.9637387124916176, -0.5294043832649207, 0.8272366636312135, -0.18817678210711172, 0.8460475186601066, 0.49840385577186763, -0.18920146067304003
0.0029385147520440873, 0.011604033818547878, 0.06966342658743964, -0.06597663827418902, -0.2603886609794567, -0.9632470235798097, -0.5293586264876238, 0.8274380921596505, -0.187418377450916, 0.845828899816726, 0.49753788687548534, -0.19243056762973904
0.002935390951399549, 0.011592823396153387, 0.06962028386489467, -0.06876250442625162, -0.2634991350125659, -0.9622057596131189, -0.5294580249125572, 0.8270919247458591, -0.18866146367471082, 0.845544746208457, 0.4964747263132534, -0.19638464372617453
0.002932156213460717, 0.011581392728531367, 0.06957721037886982, -0.07095506587584753, -0.26831760406470223, -0.9607138189781241, -0.5296931789484803, 0.8262553775546456, -0.19164338558239719, 0.8452162532760521, 0.495285487785588, -0.20075300940953497
0.0029288373887323437, 0.011569622845316829, 0.06953423805976669, -0.07255434974603255, -0.27432787485722393, -0.9588952411026189, -0.5300339431935216, 0.8250314421609387, -0.19592635991251495, 0.8448667855914667, 0.4940317161095641, -0.20526270504449173
0.002925461327719182, 0.011557394776144776, 0.0694913988379868, -0.0735626314044814, -0.28101335581661485, -0.9568803650998033, -0.530443889241761, 0.823528624966829, -0.20107183847152327, 0.8445222434174974, 0.4927799688633137, -0.20964275007771827
0.002922054727931804, 0.011544613437237334, 0.0694487179444892, -0.07398298374408203, -0.2878604049001266, -0.9548104028586294, -0.5308841395635812, 0.8218639487011167, -0.2066438486508722, 0.8442088298970575, 0.4916055706724077, -0.21362447052642952
0.0029186433370761997, 0.011531332035357025, 0.06940617901936229, -0.07381947390200394, -0.2943591862269162, -0.9528396269869651, -0.53131691646179, 0.8201643560416757, -0.2122092442856307, 0.8439508395365021, 0.4905946377230095, -0.21694211643445935
0.0029152525388966115, 0.011517660601676513, 0.06936374976522014, -0.07307710728849279, -0.30000376247665383, -0.9511348373864756, -0.531707672787534, 0.8185666124908895, -0.21733764426360805, 0.8437693328684155, 0.48984328454623255, -0.21933278253774058
0.0029119077163951615, 0.011503709283233224, 0.06932139785218029, -0.07176151819086471, -0.3042912387470489, -0.9498721632560503, -0.5320255820312613, 0.8172158575249742, -0.22160104303459144, 0.8436818503270294, 0.489453863230752, -0.22053537402705373
0.0029086342525739732, 0.011489588227064597, 0.06927909095036036, -0.06987845209232663, -0.30671986500899323, -0.9492312291228336, -0.5322440499086304, 0.8162618537429465, -0.22457261066521012, 0.8437021235424501, 0.48952988727246644, -0.22028893798138519
0.002905457530435171, 0.011475407580208066, 0.06923679672987797, -0.06743263350732388, -0.3068390372366866, -0.9493696040878549, -0.5323455160732892, 0.8158378032770939, -0.22586927692953163, 0.8438371237714838, 0.49016169166068996, -0.2183584772189996
0.0029024029329808763, 0.011461277489701056, 0.06919448286085063, -0.06442461404140862, -0.3045214051893398, -0.9503242514463816, -0.5323376361239494, 0.8159774134397602, -0.22538301160940338, 0.8440770760253955, 0.4913731520318023, -0.21467723491499996
0.0028994958432132134, 0.01144730810258101, 0.06915211701339598, -0.060852621363754564, -0.29975943062120186, -0.952072078272865, -0.5322303234511426, 0.8166716148067641, -0.22311063705705378, 0.8444097591052887, 0.4931447630489096, -0.20923766727141468
0.0028967616441343057, 0.011433609565885357, 0.06910966685763156, -0.05677942058770405, -0.2925510138934606, -0.9545627279899592, -0.5320209543260337, 0.8179129573502688, -0.2190253372478939, 0.8448253083068363, 0.4954112417663184, -0.20208389341017144
0.002894225718746276, 0.011420292026651528, 0.069067100063675, -0.05350514359491724, -0.28308651512039634, -0.9576007647061884, -0.5316789906151062, 0.819816152288602, -0.21264742506132905, 0.8452541928599877, 0.4977584769782442, -0.19437553356559456
0.002891913450051249, 0.011407465631916965, 0.06902438430164388, -0.053254965476028863, -0.2717703541975644, -0.9608874976975595, -0.5311594045388276, 0.8225435357523088, -0.20320388471200157, 0.8455965915388408, 0.4995628152409072, -0.18815790710590446
0.002889850221051346, 0.01139524052871909, 0.06898148724165576, -0.056367808097852086, -0.2593730498323418, -0.9641308475673378, -0.5304603037951869, 0.8258738556310963, -0.19116547984022939, 0.8458336339421375, 0.5006575632163133, -0.18413980581759506
0.002888061414748691, 0.011383726864095344, 0.06893837655382823, -0.062045161624214536, -0.2468754290628032, -0.9670589022619469, -0.5296034621476916, 0.8294109297693061, -0.17775736963736244, 0.8459731501650651, 0.5011287580096278, -0.1822070171412841
0.0028865432824656543, 0.011373030371523095, 0.06889502403485397, -0.06947922714788729, -0.23527138093935207, -0.9694431465051587, -0.5286269636633563, 0.8328162220452129, -0.16422750557199367, 0.8460060107841981, 0.5010633868177049, -0.1822342232067792
0.0028847396487241966, 0.011363173089722527, 0.0688514797340593, -0.07788969261456602, -0.2255436941030644, -0.9711144308652568, -0.5276072177792942, 0.8358149414069773, -0.15180252787105863, 0.8459100540433369, 0.5005431307801501, -0.184099849802233
0.0028816835099183136, 0.01135408595620686, 0.06880785947600766, -0.087097682829189, -0.2179506952250971, -0.9720655780844638, -0.5265929234926937, 0.8383777406025708, -0.1407929578833646, 0.8456440661254617, 0.4996201141998045, -0.18779205231790375
0.0028772482225633386, 0.011345529787976366, 0.06876423817391375, -0.09757299159730654, -0.21194484944546038, -0.9723985253507397, -0.5255533172084879, 0.8406918532248799, -0.13050256201497165, 0.8451468642087638, 0.4983137452598093, -0.19341713782195055
0.0028718125363574264, 0.011337166722419995, 0.06872066518313026, -0.10953455777840346, -0.2072875115120414, -0.9721286274065973, -0.5244654389811341, 0.8428436394173485, -0.12062587951200572, 0.8443566686931631, 0.49663516494994986, -0.20103564104038907
0.0028657617081327587, 0.011328657626388289, 0.06867718952994252, -0.12239741266507452, -0.2046793285208377, -0.9711463565545383, -0.5234258609706075, 0.8446711132800622, -0.11205390871093585, 0.8432343929418877, 0.49460800930280074, -0.21052001257231295
0.002859470927237762, 0.011319675718420482, 0.068633858293319, -0.13443086010074434, -0.2046062490703035, -0.9695692995830443, -0.5226310896703322, 0.8459369909587838, -0.10605353100014989, 0.841893750993898, 0.49247019216291615, -0.22065362419059703
0.002853046656447858, 0.011310223914828449, 0.06859066657342186, -0.14345775604430222, -0.20693490625310718, -0.9677798390154401, -0.5222991487796244, 0.8464496642143818, -0.10356913215548394, 0.8406089884213785, 0.4906127908293648, -0.2295116948214376
0.002846304432233743, 0.011300662050122248, 0.06854755319046435, -0.14923134947326427, -0.2110792958670064, -0.9660101113294194, -0.5224422721992934, 0.8462826557547493, -0.10421007047271456, 0.8395141907994338, 0.48913310808508703, -0.23656864970108493
0.002839169611106747, 0.011291206639994788, 0.06850447442760077, -0.1526266818297698, -0.2162125172895444, -0.9643429075598331, -0.5229066656360865, 0.8456671711159967, -0.10684406735994989, 0.8386141633832476, 0.4879540788475755, -0.2421303407444631
0.0028318957003892506, 0.01128164882544822, 0.0684614401055946, -0.1545296323856941, -0.22150219474938285, -0.9628381849698051, -0.523507254959694, 0.8448464973641918, -0.11033834281890624, 0.8378906531996333, 0.4870022316300645, -0.24651182460082682
0.002824700771650822, 0.011271795280869627, 0.06841846244766969, -0.15580150397104958, -0.2261445315189141, -0.9615531926131025, -0.5240598787229331, 0.8440712090622147, -0.11360034130739012, 0.8373094618319226, 0.4862123454791557, -0.25002083959221194
0.0028175997667215288, 0.011261646596721863, 0.06837553921759854, -0.1567076777645435, -0.2300806526684782, -0.9604715492909153, -0.524533768072799, 0.8433879707441316, -0.11645195127367754, 0.8368434918675028, 0.4855508460210351, -0.25285044205470936
0.0028105794394751352, 0.011251230272860183, 0.06833266617264086, -0.1568672212149801, -0.23405782724518165, -0.9594840323911363, -0.5250651152627764, 0.8426019672874934, -0.11970191918817844, 0.8364803043959719, 0.48501428662309587, -0.255072229239311
0.0028036265437854048, 0.011240573809139842, 0.06828983907005644, -0.15614340132954013, -0.2384999437249797, -0.9585077021414193, -0.5257265172425218, 0.8416014259712258, -0.12376861020164892, 0.8362002554946336, 0.4845872642222254, -0.2567962539920094
0.002796727833526103, 0.011229704705416095, 0.06824705366710503, -0.15513313101110304, -0.24287744163150188, -0.9575720651779835, -0.526399161645525, 0.8405598196321161, -0.12791838116124202, 0.8359650915448446, 0.48422075334144943, -0.25824915827909073
0.002789870062570993, 0.011218650461544195, 0.06820430572104645, -0.15435524393580433, -0.24669796047300763, -0.9567207403249794, -0.5269761325502259, 0.8396469276261704, -0.1314883745824674, 0.8357455440455097, 0.4838730755336475, -0.25960784345178023
0.00278303998479384, 0.0112074385773794, 0.06816159098914044, -0.1538741116789169, -0.24990323351867186, -0.9559660724272261, -0.5274451646770675, 0.8388911414558831, -0.1343995946631796, 0.8355383629815004, 0.4835390642582645, -0.26089388134342417
0.0027762243540684086, 0.011196096552776967, 0.06811890522864678, -0.1536907395819164, -0.2524949102308569, -0.955314334067209, -0.5278068262241763, 0.8382992947123808, -0.13665374739057484, 0.8353437081572626, 0.48321901120737826, -0.2621073758020517
0.002769409924268461, 0.01118465188759215, 0.06807624419682524, -0.15380590543783296, -0.2544743512216703, -0.9547704163948306, -0.5280620369326217, 0.8378763923107563, -0.13825207542341675, 0.8351611991723628, 0.48291402524530347, -0.26324858141756347
0.0027625834492677644, 0.011173132081680205, 0.06803360365093561, -0.15422017620470985, -0.2558425784078166, -0.9543378397218819, -0.5282117178477763, 0.8376258229055292, -0.13919540915610765, 0.834990130707956, 0.48262568919968957, -0.2643178498415031
0.0027557316829400808, 0.011161564634896384, 0.06799097934823764, -0.1549339183898407, -0.2566002383740682, -0.9540187621838165, -0.5282559829404045, 0.8375498335204039, -0.13948438212793082, 0.8348299811458841, 0.48235525708373395, -0.2653154886991105
0.0027488413791591755, 0.011149977047095947, 0.0679483670459911, -0.15594730201913343, -0.25674757880735466, -0.9538139859372553, -0.5281940243508201, 0.8376495999462522, -0.13911944634007456, 0.834680484756316, 0.48210354539916517, -0.2662417320416105
0.0027418992917988137, 0.011138396818134147, 0.0679057625014558, -0.15726029813831388, -0.25628443790863287, -0.9537229605683742, -0.5280243743564005, 0.8379250766472617, -0.13810078208037946, 0.834541466144721, 0.481871199400355, -0.2670967773551055
0.002734892174732759, 0.011126851447866242, 0.06786316147189148, -0.1588726698231349, -0.2552102467474331, -0.9537437835909514, -0.5277449661294187, 0.8383749601384848, -0.13642828496265955, 0.8344128028190411, 0.4816587548959412, -0.2678807912556701
0.002727806781834775, 0.011115368436147483, 0.06782055971455792, -0.16078395670538695, -0.25352404458387695, -0.9538731981159722, -0.527353129715133, 0.8389966869167268, -0.13410158806818784, 0.8342944299501313, 0.48146663244776194, -0.26859390535452854
0.0027206298669786274, 0.011103975282833134, 0.0677779529867149, -0.16299345305474028, -0.2512245072429145, -0.9541065879773847, -0.5268455479570366, 0.8397864519491581, -0.13112011180781613, 0.8341863717773997, 0.4812950883638843, -0.2692362068104119
0.00271334818403808, 0.01109269948777844, 0.06773533704562221, -0.1654979068449065, -0.2483141202397699, -0.9544372899879299, -0.5262190199087386, 0.8407380324147371, -0.1274876619037433, 0.8340887158547593, 0.48114411410818037, -0.26980799755161655
0.0027059484868868964, 0.011081568550838663, 0.06769270764853956, -0.16823288193209388, -0.24490612593918562, -0.9548396131886663, -0.5254911986834249, 0.8418127779225228, -0.12332983026268496, 0.8340004181911898, 0.4810116801116424, -0.2703166033618642
0.0026984175293988414, 0.011070609971869056, 0.0676500605527268, -0.1710680161853974, -0.24123492180258443, -0.9552703524873436, -0.5247043564110081, 0.8429394805946012, -0.11890487970732641, 0.8339191041112457, 0.4808936936140928, -0.2707769990979526
0.0026907420654476797, 0.011059851250724874, 0.06760739151544365, -0.17387034576323387, -0.2375421433901673, -0.9556897158480773, -0.5239047327752135, 0.8440489087575205, -0.11447825383438988, 0.8338422715597391, 0.4807859916208501, -0.2712045287624274
0.0026829088489071762, 0.011049319887261377, 0.06756469629394993, -0.1765077572143277, -0.2340706446885018, -0.9560627306501791, -0.5231415207749827, 0.8450759423452904, -0.11031591413054596, 0.83376733018535, 0.4806844962803863, -0.2716145322902752
0.002674905636900127, 0.011039041519141278, 0.06752197088316002, -0.17885006414149238, -0.23106239943643175, -0.9563591491292708, -0.5224662234768389, 0.845959797609563, -0.1066820798177328, 0.8336916095790061, 0.48058525611494385, -0.27202226328464363
0.0026667471087134433, 0.011028991812134428, 0.0674792176554452, -0.18080713746185975, -0.22869004542431526, -0.9565613635134302, -0.5219178256748352, 0.8466610006215287, -0.10376383411094688, 0.8336129571244082, 0.4804851851518176, -0.2724397631843104
0.002658477194410127, 0.011019092137837215, 0.06743644591224693, -0.1823386440143062, -0.22703806955364017, -0.956664169848741, -0.5215174392998074, 0.8471639016351727, -0.10165079572951392, 0.8335299511146531, 0.48038217987309656, -0.2728750297392124
0.0026501412940295272, 0.011009261139332049, 0.06739366530322187, -0.18340722547583824, -0.2261850468969818, -0.9566619644385709, -0.5212844598153705, 0.8474532966549794, -0.10042620147951876, 0.8334412406392262, 0.4802741243798356, -0.2733358078498496
0.0026417848076109958, 0.010999417459701353, 0.0673508854780268, -0.18397515384978208, -0.22620913064687673, -0.956547213669003, -0.5212373648402147, 0.8475122205746434, -0.10017307757609299, 0.8333455179338147, 0.48015879163941305, -0.27382984233096436
0.002633452657430667, 0.010989480611318622, 0.06730811600558795, -0.18400641249295988, -0.22718370895905124, -0.9563102020500878, -0.5213924630487445, 0.8473222757094514, -0.10096960217075254, 0.8332415853985172, 0.48003387741925635, -0.27436460575737565
0.002625172406480317, 0.010979401691808116, 0.06726536352152906, -0.1835247415150899, -0.22906965591642808, -0.9559528032231239, -0.5217409649531632, 0.8468910166330921, -0.1027714524365098, 0.8331296626225485, 0.4798986337597733, -0.27494047823836626
0.002616949745509541, 0.010969171595380162, 0.06722263096558978, -0.18261908162424131, -0.23170587156258288, -0.955490795408382, -0.5222472007880211, 0.8462555204420632, -0.10540140127345993, 0.8330114838919059, 0.47975408617827997, -0.2755501487922817
0.002608788969776288, 0.010958783755344799, 0.06717992104170528, -0.18138157694048207, -0.2349250511396256, -0.9549402828939767, -0.5228736702806605, 0.8454541609250659, -0.10867560306583972, 0.8328888572155442, 0.47960137835658595, -0.2761859326697285
0.0026006943745385033, 0.010948231605012048, 0.06713723645381056, -0.17990452299676754, -0.23856017063034382, -0.954318294697386, -0.523583077988501, 0.8445262849895363, -0.11241047284777299, 0.8327635457015353, 0.47944175762087504, -0.2768401668833721
0.002592670255054136, 0.010937508577691936, 0.06709457990584075, -0.17827946281472176, -0.24244669799252397, -0.9536435559322027, -0.5243393047431917, 0.843512608765722, -0.11642496448216068, 0.8326372118995887, 0.47927661896421353, -0.27750530783088007
0.0025847209065811326, 0.010926608106694498, 0.06705195410173091, -0.17655876650883406, -0.2464905315904999, -0.9529267651845611, -0.5251216580576712, 0.8424364291146087, -0.12061553440328154, 0.8325108084629541, 0.47910675296520266, -0.27817705343090227
0.0025768506243774424, 0.010915523625329762, 0.06700936174541615, -0.17474509159220414, -0.2506856850337855, -0.9521663931706338, -0.5259280048543534, 0.841297077494257, -0.12497584210375015, 0.8323844584531547, 0.4789320564743646, -0.2788551570383533
0.002569063703701011, 0.010904248566907752, 0.06696680554083154, -0.17283790930597004, -0.255031737065764, -0.951360010824483, -0.5267573689326162, 0.8400922269223041, -0.12950569307915205, 0.8322582119642491, 0.4787524029745886, -0.27953963093652423
0.002561364439809788, 0.010892776364738496, 0.06692428819191214, -0.17083668376028108, -0.2595282100732618, -0.9505050950194632, -0.5276087321477716, 0.8388194596814847, -0.13420484276315484, 0.8321321128542094, 0.4785676778009887, -0.2802304846389098
0.0025537571279617196, 0.01088110045213203, 0.06688181240259308, -0.16874087523603917, -0.2641745637469985, -0.9495990295349183, -0.5284810088280443, 0.8374762830037924, -0.13907299778981017, 0.8320062141190222, 0.47837775374199315, -0.28092772093920704
0.0025462460634147533, 0.01086921426239837, 0.0668393808768094, -0.16654994367308718, -0.2689701885305305, -0.9486391062697881, -0.5293728724905145, 0.8360602299256559, -0.14410986714240268, 0.8318806874387895, 0.4781823183875689, -0.28163130551814847
0.0025388355414268375, 0.010857111228847558, 0.06679699631849623, -0.1642633523488595, -0.27391439886747276, -0.9476225267310742, -0.5302822983189148, 0.834569123646229, -0.14931531048748714, 0.8317561151952679, 0.47798041795604584, -0.28234107899106686
0.00253152985725592, 0.010844784784789615, 0.06675466143158862, -0.1618805717512231, -0.2790064262600022, -0.9465464038255701, -0.5312077161109792, 0.8330004165554623, -0.15468894066022823, 0.8316327571913305, 0.4777716192115729, -0.2830569501748673
0.002524333306159947, 0.010832228363534566, 0.06671237892002166, -0.15940108364800276, -0.284245412153288, -0.9454077639842238, -0.5321484464872525, 0.8313509424141537, -0.16022996426481023, 0.8315102677856998, 0.47755644296450017, -0.2837789956111055
0.0025172501833968675, 0.01081943539839245, 0.06667015148773045, -0.15697327197984567, -0.2892349093320792, -0.9443000365919749, -0.5330378671571177, 0.8297397147871742, -0.1655374213931392, 0.8314024441030544, 0.477362726790187, -0.28442011709952053
0.0025102847842246286, 0.010806399322673289, 0.06662798183865007, -0.15533942240860643, -0.2919750079225329, -0.9437267923474448, -0.5335447139032724, 0.8287977636468116, -0.16859509257365488, 0.8313842084810342, 0.4773309771245533, -0.28452668796737396
0.0025034414039011776, 0.01079311356968711, 0.06658587267671558, -0.15451632948794516, -0.2923388596961883, -0.9437492755139498, -0.533661784723943, 0.8285807999713586, -0.16928956684946486, 0.8314624486089729, 0.4774849202125192, -0.28403934150538984
0.0024967243376844634, 0.010779571572743948, 0.0665438267058621, -0.15438803676990664, -0.2905332182304915, -0.9443276884678155, -0.5334339267771643, 0.8290209430878547, -0.16784672080448598, 0.8316324788423243, 0.4778229013205183, -0.2829711913043683
0.002490137880832431, 0.010765766765153822, 0.06650184663002469, -0.15483599571334714, -0.286760401253255, -0.945406942382236, -0.5329005857787737, 0.8300362820332053, -0.16448931936491515, 0.8318910866862899, 0.47833904584673564, -0.2813342800128318
0.002483619837656901, 0.010751869537128084, 0.06645989252646893, -0.15574022269576945, -0.28121901004700944, -0.9469217768236468, -0.5320964880861122, 0.8315364949325006, -0.15943771499177092, 0.8322369316493339, 0.4790228867012007, -0.279139326529514
0.002476844162366189, 0.01073876880225462, 0.06641774966165048, -0.15698000366212683, -0.27410541669110144, -0.9488010850493565, -0.5310520215746394, 0.833427770729273, -0.15291141670497693, 0.8326710207709449, 0.47985869953334387, -0.27639573015956787
0.0024698093198119984, 0.010726516641701093, 0.06637540204637216, -0.15843433787170366, -0.26561557264666313, -0.950971570632235, -0.5297935213880746, 0.8356170359337649, -0.1451309544945277, 0.8331970866958062, 0.48082485046517104, -0.2731118413704673
0.002462571235161332, 0.010715014396979104, 0.06633286977158133, -0.15998226544186916, -0.25594679661068004, -0.9533608509105136, -0.5283490780815739, 0.8380123493323003, -0.1363178420343776, 0.8338182814225401, 0.4818988894688282, -0.26929636814162944
0.0024551858335811927, 0.010704163409600244, 0.06629017292822531, -0.16150317813433465, -0.24529928678643467, -0.9559000906760998, -0.5267513189510789, 0.8405244507282178, -0.12669528685522052, 0.8345356621713708, 0.4830599420673321, -0.2649590929447366
0.0024477090402385826, 0.010693865021076113, 0.06624733160725145, -0.1627322331797514, -0.2342778048308231, -0.9584529881261687, -0.5251072057260379, 0.8429698975158341, -0.11689385944837587, 0.8353326539642297, 0.4842681716216697, -0.2601993373844015
0.002440196780300506, 0.01068402057291831, 0.06620436589960711, -0.1628369130627433, -0.22512562355406618, -0.96062614651257, -0.5238060081688334, 0.8448101550320926, -0.10919280086564212, 0.8361288211456585, 0.4854011285257222, -0.25548843197985843
0.0024327049789339655, 0.010674531406638437, 0.0661612958962396, -0.16170100096368423, -0.21819955677113353, -0.9624145363159388, -0.522912880947925, 0.8460235080045149, -0.10395356098987514, 0.8369079431013209, 0.4864495629853268, -0.2509022069358914
0.0024252895613059633, 0.010665298863748085, 0.06611814168809628, -0.15933136916742663, -0.21350893602969523, -0.9638607000156718, -0.5224294482413985, 0.8466574267006914, -0.10118633021683866, 0.8376640056785424, 0.4874270571562793, -0.24644244265659304
0.0024180064525835057, 0.010656224285758862, 0.06607492336612453, -0.15573145652386364, -0.21105789558759017, -0.9649882269536213, -0.5223525421818548, 0.8467394156493545, -0.10089689619578628, 0.8383886539816183, 0.4883512329214779, -0.2421105908029694
0.0024109115779335916, 0.010647209014182354, 0.06603166102127161, -0.150901208477238, -0.21084638746059775, -0.965801545958032, -0.5226706786106184, 0.8462789621907412, -0.10308869906094309, 0.8390734097805893, 0.4892399401604264, -0.23790774252007368
0.0024040608625232273, 0.01063815439053017, 0.06598837474448493, -0.14483757188891658, -0.2128703811769362, -0.9662858161987626, -0.5233620226479094, 0.8452687465250248, -0.10776334904735724, 0.8397108258318527, 0.4901091174071334, -0.2338349460948655
0.002397510231519414, 0.010628961756313903, 0.06594508462671182, -0.13803955024448789, -0.21673278361666753, -0.9664222591983642, -0.5243079183311428, 0.8438163209092073, -0.11434694286474495, 0.8402656064266604, 0.49091844238429294, -0.2301147400394344
