0.0003356345114298165, 0.0012399428524076939, 0.007265004329383373, -0.24687280376067228, -0.13211073064011142, -0.9600002987567663, -0.47182576405859333, 0.8816918103115877, 0.0, 0.8464244013105183, 0.45295287445738913, -0.2799989756890541
0.00033294329712005814, 0.0012385026845019736, 0.007254539156622217, -0.2230789027239556, -0.18449206427969733, -0.9571825747355057, -0.48543354916319176, 0.8725391088046505, -0.055043373381484594, 0.8453342963031272, 0.452369519114852, -0.28420370453161675
0.000330518509451984, 0.0012364973219290882, 0.0072441349253167305, -0.20366033804041958, -0.22477763931369238, -0.9528890174484256, -0.4950576299693557, 0.8633333673054586, -0.09784395692194049, 0.8446540177601636, 0.451808045259911, -0.28710465081574665
0.00032830459483157833, 0.001234053849101708, 0.007233776428676435, -0.18911518629268803, -0.25304515301640645, -0.9487905969434907, -0.5013673090241286, 0.855672789309022, -0.12827665055660734, 0.8443140812253376, 0.4514335257499397, -0.28868928638519425
0.000326245999664825, 0.0012312993504325015, 0.007223448459910849, -0.17969992658593748, -0.2695678832425651, -0.9460661143435649, -0.5049121446601518, 0.8506518561915349, -0.14647575134670718, 0.8442580544831627, 0.45135858901988246, -0.28897017416731124
0.0003242871703577084, 0.001228360910334139, 0.0072131358122294945, -0.17552304940655875, -0.2745946954835126, -0.945404364459642, -0.5060605082629958, 0.8488897796923436, -0.15260702444672297, 0.8444491820729185, 0.4516457629007509, -0.28796125390437094
0.00032237255331621275, 0.0012253656132192895, 0.007202823278841893, -0.17660782469979594, -0.2682250084866965, -0.9470295777203147, -0.5049745267278013, 0.8505702559985041, -0.1467343414701287, 0.8448730103458385, 0.452311379950749, -0.28566415938337447
0.0003204465949463221, 0.001222440543500623, 0.007192495652957565, -0.18291624256718952, -0.25037027533515716, -0.9507136127318776, -0.5016047748567718, 0.8554584873970903, -0.128776652313879, 0.8455378749920008, 0.4533271462960055, -0.2820641777772067
0.0003184537416540207, 0.0012197127855908092, 0.0071821377277860345, -0.19433279448892177, -0.22079685798325774, -0.9557633140536665, -0.49569788715047175, 0.862885381926214, -0.0985516226787264, 0.8464740809148764, 0.4546180431557606, -0.2771354635851253
0.0003163384398452928, 0.001217309423902517, 0.0071717342965368185, -0.20983962001049827, -0.18136744354499415, -0.9607669771051683, -0.48727618295861014, 0.871315900310705, -0.058056208858593056, 0.8476610498277817, 0.45597637251035156, -0.27121263303386955
0.0003140537061211003, 0.0012153346952277458, 0.007161273465957861, -0.21490899115465414, -0.17188688476546596, -0.9613891118410443, -0.48499039919181475, 0.8732171985372724, -0.04770782818869356, 0.8477018569123539, 0.45601164790424065, -0.27102571605477943
0.0003117137317047771, 0.0012134631545784146, 0.0071508056585676116, -0.19819069712857498, -0.22161907204350068, -0.9547803069179145, -0.4959337883775492, 0.8628868431739916, -0.09734461167787224, 0.8454407874695791, 0.4542150182279326, -0.28092453096697906
0.00030955905054428615, 0.0012110537658116562, 0.007140425518785424, -0.17289842602651365, -0.27390656423883963, -0.9460873788104504, -0.5069180479966962, 0.8483144010135364, -0.1529600263083935, 0.8444763033340685, 0.45314221950720895, -0.2855204055882994
0.00030767669514313235, 0.0012080717288292756, 0.007130125409476192, -0.1475322981968448, -0.29831548779587996, -0.9429963365410619, -0.5122365394854261, 0.8386463561928497, -0.18516483699787972, 0.8460779802150349, 0.45571938622968644, -0.27653551744700927
0.00030606771911082713, 0.0012048183227900868, 0.007119841163093601, -0.1224538151786864, -0.2952855579347188, -0.9475291565030419, -0.5134186593383228, 0.8358887037840101, -0.19414261543908048, 0.8493564289457186, 0.4627056452664796, -0.25396287611993085
0.000304732321284914, 0.0012015981398050637, 0.0071095080560872, -0.09887670199913605, -0.2721168381606931, -0.9571707393099734, -0.5125369585365614, 0.8384090214189572, -0.18540814150785773, 0.8529532601121032, 0.4722528339700396, -0.22236905556169687
0.0003036552419438453, 0.0011986339286328264, 0.007099081445891451, -0.081303433736978, -0.25321536905137065, -0.963987410985618, -0.5118948789774741, 0.8404886992820129, -0.17760174339197074, 0.8551920161807021, 0.4790205875068507, -0.19795426796454182
0.0003027698325450583, 0.0011958763665303365, 0.0070885834450719505, -0.07079971243061443, -0.24394378657637142, -0.9672015455480436, -0.5116857040390368, 0.8412210369820264, -0.1747137865795347, 0.8562506297818516, 0.48253351793390037, -0.18438075568918988
0.0003019987797385327, 0.0011932196673035064, 0.007078050019997638, -0.06740997207919693, -0.24443809752810436, -0.9673189298990912, -0.5118304344908916, 0.8407023399945958, -0.17677438122215638, 0.8564376813248861, 0.4831869120790133, -0.1817825789298878
0.0003012647701742478, 0.001190558044758248, 0.00706751713703745, -0.07113993093346718, -0.25471869949635895, -0.9643948850723262, -0.5123597182084079, 0.8388774984671246, -0.1837717653039776, 0.8558192737863424, 0.48104358086604065, -0.19018528839895754
0.00030049049050218357, 0.0011877857127004742, 0.007057020762560328, -0.08192113690507294, -0.27464489230125316, -0.9580496388293318, -0.5134112925530263, 0.8355472797856978, -0.19562614324714364, 0.8542234906669396, 0.47584758733816657, -0.2094547722474585
0.0002995991444158015, 0.0011847974283681752, 0.007046596666552971, -0.09372422392850357, -0.29776754837197056, -0.9500264506767935, -0.5148578196213401, 0.8312228599531615, -0.20973789039190424, 0.8521368407854217, 0.46947102597267176, -0.231213668169526
0.00029857898423149104, 0.0011815563175400872, 0.007036255912387201, -0.0948618915480125, -0.31190630016205384, -0.9453653692891187, -0.5160479089302601, 0.8274959930982788, -0.2212350268266749, 0.8512906537843813, 0.46686704887527913, -0.23945642913450577
0.00029754595624360684, 0.0011781597171518087, 0.007025961063008641, -0.08403045030011728, -0.3158080917142523, -0.9450947744169163, -0.5168143100700712, 0.8247247130206224, -0.22963474615103116, 0.8519635275815249, 0.4691421926674838, -0.23251613004260493
0.00029663086955583005, 0.0011747205855086036, 0.007015669036205648, -0.061969401763611556, -0.3095071062818816, -0.9488757265343424, -0.5171523832852403, 0.8230847029079781, -0.23470190519312228, 0.853647002986279, 0.4761690067611514, -0.2110684042973806
0.00029595615170210617, 0.0011713506970714132, 0.007005337753743053, -0.04426601989853749, -0.29507896719465904, -0.9544469197402627, -0.5169782819679367, 0.8242799094433081, -0.23085945261481572, 0.8548531894166522, 0.4832090996736973, -0.18903700837855011
0.0002954741726959072, 0.0011681378067396264, 0.00699494550752574, -0.04545352919065298, -0.2747268050382141, -0.9604473745487618, -0.5162158811628742, 0.8295841489937044, -0.21286451976228624, 0.8552515072885588, 0.48612274410058876, -0.1795258670742512
0.0002949793436393756, 0.001165146998145407, 0.006984489613854584, -0.05883625491822534, -0.25464954840377435, -0.9652418881321674, -0.5149250438368906, 0.8360973502796665, -0.18919149051925396, 0.8552137126688124, 0.4858959027951096, -0.18031826671236512
0.00029433881160788897, 0.00116237470761157, 0.006973981325243411, -0.06815654746746037, -0.24885657056137855, -0.9661392717024526, -0.5142810156853749, 0.8385796335995198, -0.17971987930586372, 0.8549091892961117, 0.48461799945990935, -0.18513690247095613
0.0002935966936387152, 0.0011596650496311868, 0.006963461582960438, -0.0712246216275936, -0.2593541015299095, -0.9631523780241731, -0.5148493684792513, 0.8365917374074029, -0.18720147616453017, 0.8543167919750392, 0.482545039267089, -0.19311422533879097
0.0002928212441603663, 0.0011568413631286377, 0.00695297537759996, -0.06827271948700528, -0.2850227285992903, -0.9560862303974803, -0.5166623132040226, 0.8299063136233875, -0.21051262366591786, 0.8534628813771091, 0.4796014541156596, -0.20392046322433585
0.00029207784635847025, 0.0011537378501658728, 0.006942564888499173, -0.06367620182734274, -0.30909698887247233, -0.9488964078290181, -0.5183297822458045, 0.8227632412527703, -0.23322711180360794, 0.8528068821004322, 0.4769902518010262, -0.21260461314123255
0.0002913840109658842, 0.0011503698347304827, 0.006932225422690035, -0.06113031750026802, -0.31813934103222646, -0.9460710565120874, -0.5189285401379804, 0.8198032793222095, -0.24214820553292526, 0.8526290251408175, 0.4761406755362663, -0.21520641855503989
0.0002907177117000765, 0.0011469022262176791, 0.006921913576193358, -0.06076811708992905, -0.311913020607762, -0.9481653355405304, -0.5186065899452529, 0.8215070304841592, -0.2370092903884893, 0.8528507728850933, 0.4773221830592421, -0.21168158339557608
0.00029005573727171005, 0.0011435044174092984, 0.006911584784780215, -0.06257268322933314, -0.2902841157372459, -0.9548925549317717, -0.517443066432408, 0.8275698933543851, -0.21767118462129603, 0.8534268171990544, 0.48048226165391056, -0.20198877177069752
0.00028937487639144765, 0.0011403458010871778, 0.006901194484221679, -0.0664837930351782, -0.252893564348194, -0.9652071023230826, -0.5154216578654188, 0.8369939014364821, -0.18379805102720642, 0.8543538025121201, 0.48526905327807823, -0.18599334951465055
0.00028865188495219655, 0.0011375956589289424, 0.006890698144584217, -0.07550721062941361, -0.21001028623840073, -0.9747791241183975, -0.5126864069816435, 0.8466359073956228, -0.14268948245979113, 0.85524926731288, 0.4889819219382813, -0.1715965348668982
0.0002878298887625002, 0.0011353094182686662, 0.006880086380235598, -0.09868359067314716, -0.1923770701268138, -0.9763465633786386, -0.5102050005310199, 0.8521482461536286, -0.11633668385525155, 0.8543725220095721, 0.4866563771972148, -0.18224479188247203
0.0002867549489757746, 0.0011332138949367483, 0.006869451240599418, -0.13515439292088174, -0.20382225531237716, -0.9696338372362858, -0.5091304044285508, 0.8538216648715904, -0.10851173154238082, 0.8500114830757336, 0.4790042304983137, -0.2191698560571463
0.0002852834992627906, 0.0011309948460949196, 0.006858894665998576, -0.15175577783651426, -0.2216397336121406, -0.9632476381375528, -0.5102757147878643, 0.8521933113678856, -0.11569466261488655, 0.8465157286140457, 0.4739645435517065, -0.24242263232803513
0.00028363135486025355, 0.0011285818846216399, 0.006848407920674648, -0.15106775765274594, -0.23393465686219694, -0.9604442247817088, -0.5119924288770967, 0.8496370667032669, -0.12641442819709955, 0.8456017297583432, 0.47264302724427737, -0.24812553965092538
0.0002819867179928616, 0.001126035096562995, 0.006837951804785376, -0.15101068365688272, -0.2433657777434537, -0.9581069207790981, -0.5132693546489941, 0.8476374142844768, -0.13440752762896602, 0.8448374654332548, 0.47146994827714117, -0.2529145011102842
0.00028034256454367526, 0.0011233854119631957, 0.0068275202594116225, -0.1519118590663266, -0.250002318661796, -0.9562539556722044, -0.5140990131380326, 0.8462968234381003, -0.1395847102267366, 0.8441711862919236, 0.47040464209264216, -0.2570884690766579
0.0002786884302689959, 0.0011206631926013273, 0.006817107823851312, -0.1537795081275444, -0.2538589148484852, -0.9549384871456381, -0.5144830984943422, 0.8456680191513837, -0.14196035625566794, 0.8435988408264391, 0.46946911797957985, -0.2606525331159546
0.00027701385092512523, 0.0011178988002564765, 0.006806709037402373, -0.15661817183912638, -0.25494389700823383, -0.9541877999786127, -0.514414808383471, 0.8457793423895392, -0.14154401754548104, 0.843118113413279, 0.46867996902510534, -0.26361133031237416
0.00027530836226836465, 0.0011151225967077306, 0.006796318439362738, -0.16042874230182907, -0.2532579815807128, -0.9540036757838601, -0.5138786583016265, 0.846635084860773, -0.1383392844600257, 0.8427285109604241, 0.4680485315097731, -0.2659684736316909
0.00027356150005501564, 0.0011123649437341752, 0.006785930569030329, -0.1652081019327318, -0.24879406957601277, -0.9543625065977761, -0.5128504617463554, 0.8482154973048058, -0.13234377211833984, 0.8424314137912559, 0.4675809887877897, -0.2677262258014682
0.0002717628000413797, 0.0011096562031148978, 0.006775539965703078, -0.17094836549770218, -0.2415381520170955, -0.9552151472070732, -0.5112974934639305, 0.8504764641247088, -0.12355022115494245, 0.8422300929741029, 0.4672784021224388, -0.2688854131386348
0.00026990179798375835, 0.0011070267366289845, 0.0067651411686789125, -0.17763573452003845, -0.23147134240240744, -0.9564865725497426, -0.5091788775936141, 0.8533489049035732, -0.11194872537184039, 0.8421296909823534, 0.467136665384232, -0.2694455778439616
0.00026796802963845303, 0.0011045069060555217, 0.006754728717255758, -0.184200017438178, -0.2211691195464151, -0.957681875225191, -0.5069573343767118, 0.8561265419768774, -0.10020781029626832, 0.8420597453253741, 0.46704557024103927, -0.26982183125312276
0.000265962571370592, 0.0011020989505864688, 0.006744302056816947, -0.18576002889186263, -0.222745798374172, -0.9570149011236696, -0.5070736847800811, 0.8559873123011233, -0.10080674274596022, 0.841646891439424, 0.46655120885724, -0.2719567606149969
0.00026394029224010136, 0.0010996740253636224, 0.006733883500824809, -0.18167651530257375, -0.23755224003191594, -0.9542340263495809, -0.5098609472067194, 0.852514300802694, -0.11515720316315727, 0.8408540053427709, 0.46560530514880605, -0.2760004375291943
0.00026196294636635624, 0.001097088534658653, 0.006723497729656493, -0.17659437407915168, -0.2528890329696967, -0.9512421164179203, -0.512754045537684, 0.8485741735046421, -0.1304038375418925, 0.8401771931136499, 0.46472465941088736, -0.2795232997571105
0.00026004086966378577, 0.0010943360567207728, 0.006713144283687421, -0.17224789090889314, -0.2641923744467474, -0.9489642002529007, -0.5148790525537263, 0.8454349067252614, -0.14191328243623183, 0.8397798671787836, 0.4641575247420192, -0.28165149903124376
0.0002581657274427754, 0.00109145997926531, 0.006702813574680001, -0.16866687729150368, -0.2714933524539498, -0.9475456949815393, -0.5162825209740888, 0.8432323559744286, -0.1497048842705352, 0.8396450696820488, 0.463951024798017, -0.28239264074599646
0.0002563291586554964, 0.0010885037603260758, 0.00669249600150933, -0.16586757885171902, -0.27482144313113277, -0.9470803137438717, -0.5170041037432257, 0.842052645097049, -0.1537988933566399, 0.8397587171316132, 0.46413415870886376, -0.2817530474033645
0.00025452280225412053, 0.0010855108579368809, 0.006682181963050508, -0.16385680690062224, -0.2741921988586264, -0.94761257110562, -0.5170742588378231, 0.8419354062997949, -0.15420435294152843, 0.8401102056752127, 0.4647186349866669, -0.2797345752967996
0.0002527382971908191, 0.001082524730131536, 0.0066718618581786265, -0.16263306005022804, -0.2696045372541333, -0.9491384942518576, -0.5165138278246603, 0.8428746597339033, -0.1509164459042618, 0.8406925439449408, 0.4656991533924465, -0.27633375668734805
0.0002509672824177637, 0.0010795888349438517, 0.006661526085768783, -0.16218701192453006, -0.261041077130388, -0.9516054482891526, -0.5153341150745328, 0.8448187606753205, -0.14391668232475363, 0.8415023012466103, 0.4670533349218509, -0.2715420028928063
0.0002492013968871258, 0.001076746630407639, 0.006651165044696074, -0.16231629027554495, -0.24902889969852499, -0.9547973759003148, -0.5136307952733252, 0.847525204974491, -0.13373269263661178, 0.8425181470200369, 0.4687063409512282, -0.26547605898467475
0.00024743429320136444, 0.0010740355045818126, 0.006640770364290031, -0.16152386414094957, -0.23802634226079916, -0.9577335233262544, -0.5121491117653165, 0.849778203652028, -0.12482103955635719, 0.8435717685123024, 0.47034079664417505, -0.2591644388822459
0.00024567578824759653, 0.001071444119685104, 0.006630343551174112, -0.15910729241256372, -0.23020779798504115, -0.9600464776499216, -0.5112512726433656, 0.8511030599718096, -0.11935542521042523, 0.844575044458266, 0.4718346649553218, -0.25311073312844157
0.0002439434777971535, 0.0010689376891615495, 0.006619890865310842, -0.15507316458628628, -0.22560280034764457, -0.9617981545524483, -0.5109319901097927, 0.8515709606532181, -0.11736865192461689, 0.8455180749739425, 0.4732127169122318, -0.24732349149424274
0.0002422550073274474, 0.0010664812766205, 0.0066094185970359785, -0.14942565430466984, -0.22421686239656355, -0.963015458054886, -0.5111660760362772, 0.8512216841014439, -0.11887340840228623, 0.8463930626755494, 0.4744980960262563, -0.24180641083759852
0.00024062802231589024, 0.0010640399456713057, 0.006598933036685287, -0.14216230692391602, -0.22604704741120732, -0.9636869880032343, -0.5119109149651238, 0.8500597618347296, -0.12387742509857308, 0.8471936576896927, 0.4757111872409121, -0.23656240763105563
0.00023908016823989383, 0.0010615787599233166, 0.006588440474594523, -0.1332753560980919, -0.23108185786029523, -0.9637628621319464, -0.5131063367745136, 0.8480546473315689, -0.13238278702749828, 0.8479148345316093, 0.47686946862549584, -0.2315943506955015
0.00023762909057687022, 0.0010590627829858829, 0.006577947201099443, -0.12401242718834213, -0.23897253288405806, -0.9630747875579726, -0.5145711431216051, 0.8453541848981116, -0.1435020583189453, 0.8484323523825461, 0.47777445578664757, -0.2278027937238525
0.0002362787788530856, 0.0010564607259168299, 0.006567460742556495, -0.1199954351571957, -0.2482505014716606, -0.9612350306041204, -0.5158186995210984, 0.8428720588526796, -0.15328979623513125, 0.8482524180724734, 0.47742892761594813, -0.22919305030844125
0.0002349721854579036, 0.0010537576025426067, 0.006556994149885202, -0.12279785766454883, -0.2585172913439882, -0.9581698681492571, -0.5167767622759123, 0.8409119736080716, -0.16065127019168982, 0.8472676460981043, 0.4754322903618828, -0.23685791765662378
0.00023363521628064562, 0.001050942979739827, 0.00654656201690946, -0.13240977412172938, -0.26975014308630957, -0.9537832626031704, -0.5174700383972861, 0.8395250452163632, -0.16559727599080457, 0.8453948255567596, 0.4716275636128353, -0.25074893850717933
0.00023219377643771816, 0.0010480064245915453, 0.006536178937523117, -0.14771788034865405, -0.28253938839031595, -0.9478137590441104, -0.5180356961857453, 0.838456348864292, -0.1692039258602208, 0.8425072375372517, 0.4660069152461013, -0.2702204833837768
0.0002305856436560122, 0.0010449305555666093, 0.006525860549706604, -0.1635939994891388, -0.2998882112701477, -0.939842574090118, -0.5193058363602582, 0.8361806292758162, -0.17641826307407274, 0.8387839123715478, 0.45920476474563204, -0.29252783180680153
0.00022880440708593087, 0.0010416653267041893, 0.006515627399540238, -0.1784912882410974, -0.3226020281938768, -0.9295530062493642, -0.5216836246567268, 0.8320347062440102, -0.18858537422203062, 0.8342583867046547, 0.45127173522240566, -0.3168071419685896
0.0002268600421196756, 0.0010381511155186226, 0.006505501469488194, -0.19202776008455003, -0.34654607491619505, -0.9181672817722757, -0.5246246045353845, 0.826926975677821, -0.20238774965996295, 0.8293939737380553, 0.44282908086135375, -0.34059953239910173
0.00022476612030034054, 0.0010343722848570951, 0.0064954895290049225, -0.203287947842331, -0.3589585751335306, -0.9109460750231921, -0.5258163039821048, 0.8248523934176787, -0.20769146236599587, 0.8259486816556175, 0.436769127126944, -0.3564288215901107
0.0002225478234759929, 0.0010304552957992458, 0.006485549201470389, -0.21223260037732808, -0.3575219099219245, -0.9094698495622913, -0.5246398618986317, 0.8268608474247875, -0.20261824770475892, 0.8244454734208091, 0.4341419386810512, -0.3630570732463373
0.00022023267363311717, 0.0010265552503203289, 0.006475628204528492, -0.21889348599563996, -0.34222748770984146, -0.9137647336401679, -0.5209916201534934, 0.8328030361173381, -0.18710113512104032, 0.8250171958926158, 0.43510854931793064, -0.36059281300648705
0.0002178481927581979, 0.0010228272503955982, 0.00646567425582312, -0.22313330202567153, -0.31275875906592693, -0.9232515844311678, -0.5148361242760345, 0.842067321470567, -0.16083031819845547, 0.8277410794853376, 0.43943666749478966, -0.34891276931852416
0.00021542190283771958, 0.0010194263980003082, 0.006455635072998168, -0.22463501240219225, -0.26863615742704566, -0.9366822973270599, -0.5062380160642803, 0.8535223278193698, -0.1233803347584449, 0.8326236738733583, 0.4464686448527332, -0.3277248340742514
0.00021298132980990692, 0.0010165077694521555, 0.006445458380032812, -0.22122101878095696, -0.22164287361500865, -0.9497029522041072, -0.4977899789746669, 0.8630757096758422, -0.08547196148411486, 0.8386098006116528, 0.453844418213139, -0.3012620891762871
0.00021057409807971543, 0.0010140959472795745, 0.006435124122043222, -0.20739723718663908, -0.212341787993099, -0.9549331657656691, -0.4974601772483467, 0.863415116475531, -0.08395063247879009, 0.8423299579496105, 0.45763009266594257, -0.28470149319448323
0.0002083143226245647, 0.0010117822965910756, 0.006424719284647222, -0.19009170330443248, -0.23057047303100395, -0.9543072887184079, -0.502248002697899, 0.8580445992043838, -0.10726793352237086, 0.8435710332395198, 0.4589081855256535, -0.27891071893486197
0.00020624295702841228, 0.0010092698474045893, 0.0064143205178854605, -0.18744582814212507, -0.233744339064782, -0.9540585126014447, -0.5030167580273283, 0.8570983117468465, -0.1111603577917146, 0.8437050448206347, 0.45907087465431073, -0.27823682248821213
0.00020420146719634847, 0.0010067241162126344, 0.006403929778481044, -0.20206193204929723, -0.21594334723768535, -0.9552693056935775, -0.49855003741545567, 0.8622327533377618, -0.08945691289458957, 0.8429821088312331, 0.45817371144072294, -0.28188297986058003
0.00020200348909856492, 0.001004375139625225, 0.006393538602913708, -0.23085703795652412, -0.1803103197012489, -0.9561345180648869, -0.48862363576638007, 0.8712638365995764, -0.04632784912156701, 0.8413988178006812, 0.45649481447549883, -0.2892412725746378
0.00019949269654049318, 0.001002414091294809, 0.006383139719458724, -0.25000244588141896, -0.15748793619225038, -0.9553514154525621, -0.481528200335485, 0.8762366588952227, -0.018436645296964996, 0.8400174815651025, 0.4554194413527411, -0.29489619038397236
0.00019677020344369413, 0.0010006990687973256, 0.006372736070708741, -0.24808924267177465, -0.16344281455147652, -0.9548498175325987, -0.4830626808288776, 0.8752482919747899, -0.024307895540972138, 0.8397036227508866, 0.4552217852505574, -0.29609281006524335
0.00019406800125743896, 0.0009989188403357755, 0.006362335792015902, -0.2260081632601159, -0.19574271235889376, -0.9542563076543809, -0.49223957341199426, 0.8682827732005259, -0.06152420767780689, 0.8406072284408259, 0.45581774463220215, -0.29259130399149924
0.00019160701567067802, 0.0009967874129267827, 0.006351944968138844, -0.19778234892616875, -0.22257470990231362, -0.9546426771128285, -0.4999361562443649, 0.8606047954912781, -0.09707330043335988, 0.8431761275871473, 0.45806100520489224, -0.28148558289515735
0.00018945187167574633, 0.0009943621178887068, 0.006341542662553662, -0.17377157452494385, -0.2223507934275393, -0.9593558070649625, -0.5019414470937489, 0.8581356172458416, -0.10797243214604356, 0.8472651436100481, 0.462777902536673, -0.2607266563802068
0.00018755838525898427, 0.000991939292358914, 0.006331089127822879, -0.15416509618683627, -0.19467166327129232, -0.9686774832919841, -0.49969727294445115, 0.8611354785655094, -0.09353247012471014, 0.8523706696793258, 0.4696260545103303, -0.2300339331391743
0.00018588016472820078, 0.0009898201227793893, 0.0063205442348453, -0.1389944913825685, -0.1456632951984025, -0.9795216872521222, -0.495058457599795, 0.8668770189284862, -0.058663085603921514, 0.8576698985764939, 0.47676664993013523, -0.1926029765870269
0.00018436702951258593, 0.0009882343889895475, 0.0063098808715371804, -0.13135719906324922, -0.13089534369242375, -0.9826554305828163, -0.4938702476372021, 0.8681186798892158, -0.049619916628045956, 0.8595565512245408, 0.4787863475779648, -0.17867895404866682
0.00018293682146213524, 0.0009868092095882627, 0.006299181787530662, -0.1319673899212286, -0.1713891868976274, -0.976324922662506, -0.4988195740615112, 0.8626251225149215, -0.08400553874125914, 0.8566000470058772, 0.47592399038153854, -0.1993306671057975
0.0001815023279896403, 0.0009849461988095574, 0.006288569076849414, -0.1334639342857754, -0.21866054172043717, -0.9666307183922344, -0.5046921258965971, 0.8544068809855072, -0.12359101821164317, 0.8529204161602275, 0.47135596868942087, -0.2243887574677531
0.0001800510188889371, 0.0009825684475776473, 0.0062780577730569, -0.1330678402053537, -0.2525733632074728, -0.9583838719955321, -0.5089420974260901, 0.8471668292770859, -0.15259850864324, 0.8504533446172193, 0.46745594398902973, -0.24127587749029233
0.00017860151796460116, 0.0009798171793308126, 0.006267618148379875, -0.13096342318300946, -0.2733747522107571, -0.9529505898218937, -0.5115963156285565, 0.8419903688442035, -0.17123500988083235, 0.8491865470104167, 0.46510048766617035, -0.25012745700785455
0.00017717255172721864, 0.0009768343366288767, 0.006257220327479559, -0.12726677281321647, -0.28137188491600706, -0.951121985297639, -0.5127542844720012, 0.8395090494913914, -0.1797431489032799, 0.8490501824352406, 0.46481654252067434, -0.2511162469969057
0.00017578284668737584, 0.000973761862031664, 0.00624683443501717, -0.12200927623271196, -0.2767013740473026, -0.9531789370907776, -0.5125603492042976, 0.8399514163618267, -0.1782231931464871, 0.8499386006863899, 0.46681684604574447, -0.24430801728794216
0.00017445112935565892, 0.0009707416980989983, 0.006236430595653921, -0.11514369859829657, -0.25927091932262225, -0.9589163253729216, -0.511199713543363, 0.8431622449247141, -0.1665901605938965, 0.8517140256836729, 0.4710159436018263, -0.22962403908692325
0.00017319612624265405, 0.0009679157873907041, 0.0062259789340510345, -0.10656110098265821, -0.22879904278793248, -0.9676237542437088, -0.5089066019469429, 0.8485885108405863, -0.14460847058236978, 0.8542006803159193, 0.47702047889863397, -0.20686386939032717
0.00017203656385894752, 0.0009654260724666051, 0.006215449574869728, -0.09617839904255839, -0.18531599727241446, -0.977960989361304, -0.505999548821593, 0.8551932653817071, -0.11228951615407977, 0.8571546955771489, 0.48404799348897576, -0.17602093014565567
0.0001709905465373141, 0.0009634106121859974, 0.006204813463799704, -0.08752391421128991, -0.15099948840893124, -0.9846515723551025, -0.5039151833109294, 0.8593611507870726, -0.08699368107299837, 0.859307309680214, 0.48856685010155904, -0.1513055865194463
0.00017003757787067245, 0.0009617665154562139, 0.006194092484231211, -0.08624189795694072, -0.1601138147758637, -0.9833239045984314, -0.5046749855630016, 0.8580168147618744, -0.09544791528824194, 0.8589909743319593, 0.4880273679864765, -0.154802435744479
0.0001690985928747932, 0.0009600232274109695, 0.006183386244985776, -0.08778351036727991, -0.1897689098442423, -0.9778966285677262, -0.5070466022922427, 0.8535082819341894, -0.12011392830825504, 0.8574367605902432, 0.4852951406374025, -0.1711456340729552
0.00016814308769614355, 0.0009579576324564704, 0.006172742044396496, -0.08669612969586198, -0.21179099816254202, -0.9734620455842501, -0.50887069192698, 0.849465745719584, -0.13949396311965606, 0.8564662281686972, 0.48327271798269905, -0.18141962424197564
0.00016719911505045168, 0.0009556515905423668, 0.006162142706849659, -0.0827602836169044, -0.22486604458913403, -0.9708686818754054, -0.5100318707939347, 0.8465133009398818, -0.15258676910631627, 0.8561648358990742, 0.4825458458247287, -0.18474653027109494
0.0001662976736617929, 0.0009532023050803335, 0.0061515678130171746, -0.07600465138974152, -0.22907807583296283, -0.9704362566082283, -0.5105825506669571, 0.8449132492773938, -0.15945864714696673, 0.8564629308508035, 0.483368220271238, -0.18118060522657492
0.0001654697622542427, 0.0009507069794820458, 0.006140996943570957, -0.06711596857314407, -0.2256072760094522, -0.9719037008747747, -0.5106751066144196, 0.8446045368617653, -0.1607921384796977, 0.857150151517714, 0.4855353059501626, -0.17189847128186495
0.00016473884171168814, 0.0009482500233195883, 0.00613041251194527, -0.05899787560760335, -0.2193512812074706, -0.9738604962243981, -0.5105899350283284, 0.8449240956472043, -0.15937751046656903, 0.8577978601754361, 0.487840432956715, -0.16184728311296354
0.00016409646105107302, 0.0009458616827314288, 0.006119808924231834, -0.05242341602132174, -0.2116105184314439, -0.9759471163653444, -0.5104087659478317, 0.845673359284621, -0.15594698150293257, 0.858332497984474, 0.4899566898057827, -0.15234094990610056
0.00016352572579841156, 0.0009435578728718486, 0.006109183759633319, -0.047394753183088854, -0.20238577313633166, -0.9781583390242724, -0.5101522774587303, 0.8468157065362864, -0.1504919033274584, 0.8587772651708853, 0.4918771777542232, -0.1433821844935958
0.00016300974142572505, 0.0009413545088034883, 0.006098534597372683, -0.043912621583693974, -0.19167624242138134, -0.9804753437781426, -0.5098316136825841, 0.8483051230439247, -0.14300399961974586, 0.8591527264435933, 0.4935976461741403, -0.13497390983404386
0.00016253161340503485, 0.0009392675055889888, 0.00608785901667289, -0.04197639129611769, -0.17948045707483007, -0.9828655798744634, -0.5094483950998167, 0.8500861535202477, -0.1334760814654485, 0.8594767683329064, 0.4951164480416299, -0.1271195798241312
0.00016207444720836212, 0.0009373127782909904, 0.006077154596756895, -0.042754232198560414, -0.16802247563499456, -0.9848555850024912, -0.509031199352059, 0.8518800401216855, -0.12323812449270669, 0.8596855900358665, 0.4960532682321155, -0.1219501593312649
0.0001616086570265946, 0.0009354822409279621, 0.006066424990859107, -0.06230015999097202, -0.18777211824166287, -0.9802348298627926, -0.5095090980171092, 0.850505776330729, -0.13053889637137261, 0.8582069500434562, 0.4913059698793646, -0.14865824853672194
0.0001609306468502662, 0.0009334387243941837, 0.006055757133987876, -0.09083122464636055, -0.2351079856854747, -0.9677158279661241, -0.5121856448740951, 0.8443899999731687, -0.15707129951146223, 0.8540582847874902, 0.4813831769102768, -0.19711591304006768
0.00015994179349913975, 0.0009308791715484875, 0.006045221890814087, -0.059930630512687315, -0.22415033819621366, -0.9727101034804124, -0.5125412254449031, 0.8431063335247434, -0.1627058775517998, 0.856568626407592, 0.4888029626106897, -0.16541418318035475
0.00015928935630467949, 0.0009284389499699894, 0.006034632443556336, -0.040352318435963944, -0.18446011513348326, -0.982011281158106, -0.5116939530439775, 0.8479708886079753, -0.13825581539895, 0.8582196623330594, 0.49691029170096984, -0.12860471681313562
0.00015885021667600636, 0.0009264315375187502, 0.006023945571374631, -0.04551569847911272, -0.15341013518154492, -0.9871137987160036, -0.5105680679803161, 0.8528993088950022, -0.1090092511912414, 0.858631800686887, 0.4990271528784861, -0.11714662410494905
0.0001583549894527526, 0.0009247623798917437, 0.006013205417056271, -0.05291413787925882, -0.1350611106806245, -0.9894233625674154, -0.509625458008437, 0.8557228936981304, -0.08955569077724419, 0.8587677139728681, 0.4994965721430074, -0.11411041957332264
0.00015777899891645047, 0.0009232921882814787, 0.0060024351670611665, -0.06235877473336562, -0.12955091144352662, -0.9896099961893599, -0.5090534248589318, 0.8569985173175396, -0.08011336938945145, 0.8584730594801128, 0.49876858627994036, -0.1193897126521562
0.0001570998794392641, 0.0009218813115023127, 0.0059916577997042204, -0.07385786581015688, -0.13688279502967102, -0.9878300036356631, -0.5090957817485392, 0.8569203110516308, -0.08067877981861345, 0.857535130862761, 0.4969413254419897, -0.13297675888720464
0.00015629526539335771, 0.000920390098368604, 0.005980896293300339, -0.08738258828476671, -0.15699022324514397, -0.9837267674868336, -0.5100577584443332, 0.8552930076630032, -0.09118637010823634, 0.8556899942826242, 0.4937893689096738, -0.15481179811754966
0.00015534279115089533, 0.0009186788976947109, 0.005970173626164427, -0.09881447951552944, -0.18800041682731078, -0.9771855207230776, -0.5122774492594989, 0.8514837545433618, -0.11201442196843037, 0.8531163540914314, 0.4895214592042901, -0.18044729801314846
0.00015426460914828288, 0.0009166275923910688, 0.005959511384691086, -0.06278448021999088, -0.21101433547352233, -0.9754645351155383, -0.5150555517870505, 0.8440308124463685, -0.14943147665221063, 0.8548543078307804, 0.4930364467925177, -0.1616761408413947
0.00015358261922731334, 0.0009143354710026495, 0.00594891550209588, 0.02550190626765247, -0.21780841961704497, -0.975658313714715, -0.5144245440238894, 0.8339767257123161, -0.19962517245071568, 0.8571563692130681, 0.5069934055923112, -0.09077800065754313
0.00015385810009093453, 0.0009119826252620086, 0.0059383760862561225, 0.0991022608327744, -0.22000775336358996, -0.9704510963246621, -0.51081155425578, 0.8256999571592912, -0.2393556700517855, 0.8539615318833905, 0.5194383208881017, -0.03055376991996695
0.0001549312535400685, 0.0009096002166532206, 0.005927867315492618, 0.146189452895393, -0.22077330561561775, -0.9643068968900403, -0.5071614098603754, 0.8202061351711766, -0.2646680943672626, 0.8493620831015369, 0.5277509292792528, 0.007937785226566836
0.0001565240472259339, 0.0009071948014866162, 0.005917360798735202, 0.1673406066425537, -0.22093113818984758, -0.9608259746419435, -0.5052255495451635, 0.817660767352859, -0.27600364783589604, 0.8466075037792244, 0.5316204489201599, 0.025207793133039183
0.0001583584487997494, 0.000904772936072527, 0.005906828144913701, 0.163294242543884, -0.22085503672015927, -0.9615394131845851, -0.5056030332007424, 0.818171669425171, -0.27378950339309505, 0.8471720977288075, 0.5308654934212298, 0.021937746566274507
0.00016015642591273382, 0.0009023411767212843, 0.005896240962957952, 0.13324108176136884, -0.21808048830631588, -0.9667924879472011, -0.5082125331525416, 0.8224410581637438, -0.2555596349057853, 0.8508624067836921, 0.5253871015418824, -0.0012483011185939058
0.00016162623084823623, 0.0008999354939257673, 0.005885576111310046, 0.06620463837230896, -0.18960101150240602, -0.9796266647530867, -0.5131843901503724, 0.8355076249463605, -0.19638938454631927, 0.8557211739602931, 0.5157310007104055, -0.04198579929287544
0.0001623505423226178, 0.0008978611651240109, 0.005874858511284795, -0.04679028702831517, -0.11964624543808255, -0.9917133885313729, -0.5112463712959364, 0.8557840132010933, -0.07912566325894815, 0.8581595521093647, 0.5033075587570696, -0.10121108843132531
0.00016184477594453605, 0.0008965678828628938, 0.005864138865809888, -0.1698739904682709, -0.03291223093238599, -0.9849160433343743, -0.492658210670177, 0.8684222775579153, 0.055952080393696466, 0.853481525764703, 0.4947317787409421, -0.16373683850062035
0.00015999957921709136, 0.0008962103852810572, 0.0058534405602308015, -0.19149565189538034, -0.019199939727445367, -0.981305649438352, -0.48842590351423476, 0.8690844819768447, 0.07830900307974087, 0.851333983863834, 0.4942909320445823, -0.17580364733711118
0.00015790355984262574, 0.0008960002319681283, 0.005842699660199196, -0.13512518713008922, -0.05713097885015776, -0.9891800822189462, -0.49761420623510544, 0.8672139793106438, 0.017888986589638153, 0.8568087800414188, 0.49464731409744983, -0.14561163792813595
0.00015642706868867413, 0.0008953759709648288, 0.005831891048776847, -0.056228852768283676, -0.09474742790836709, -0.9939120891814887, -0.5029649258161537, 0.8626321137654137, -0.053778431544304776, 0.862475854453395, 0.49687902069353185, -0.096159447167312
0.00015581468762741496, 0.0008943440891533111, 0.005821066482562069, 0.03435043003755267, -0.1266392294298846, -0.9913538992335885, -0.5017966700938853, 0.8556571837563027, -0.12669209039605184, 0.8643032742266592, 0.5018100133074648, -0.03415495140442143
0.00015618850820470128, 0.000892965930283078, 0.00581027801538709, 0.04252970338428603, -0.1357343950514071, -0.9898320051049436, -0.5013195091659433, 0.8540798951682931, -0.13865887061034113, 0.8642163930750576, 0.5021192155946097, -0.03172253569611804
0.00015665121446393766, 0.0008914891940449608, 0.005799509036816603, -0.022467253835521738, -0.1274157001803484, -0.9915949081417481, -0.5008217987357539, 0.859853923813498, -0.09914008076260221, 0.8652587754054705, 0.4943849401529975, -0.08313111651928484
0.00015640688447062512, 0.0008901035562006171, 0.005788725503633212, -0.06252007137223134, -0.12399563954210985, -0.9903112248430563, -0.49952247244969716, 0.862915806229216, -0.07650889410731058, 0.8640419782587839, 0.4898993700080919, -0.11588816623073328
0.00015572556769108363, 0.0008887523051870499, 0.005777933518921027, -0.07127543400661743, -0.12741218805932739, -0.9892855739578451, -0.49942692915395465, 0.8630881922626102, -0.07517655760082617, 0.8634191073534447, 0.4887176144879517, -0.12515006330876047
0.0001549480584224597, 0.000887362427194268, 0.005767141880626734, -0.051713549309312955, -0.1368117227567753, -0.989246309739974, -0.5004318886425988, 0.8607789579033306, -0.09288439298643142, 0.8642300814293812, 0.490247017479127, -0.11297888389157358
0.00015438434231222162, 0.0008858710777661688, 0.0057563583608482224, -0.02570940316267066, -0.1447045152944088, -0.9891408543996296, -0.5010397658246647, 0.8580798485954451, -0.11250833967659121, 0.8650422993422833, 0.49270637979209103, -0.09456343723018591
0.00015410426603114719, 0.0008842946777913463, 0.0057455827356730224, -0.003607577800348848, -0.14762763946883453, -0.9890364328209927, -0.5011351125893347, 0.8561521206914663, -0.1259648568672231, 0.8653615338761537, 0.4951864560954439, -0.07707002911084024
0.00015406497549520402, 0.000882686848550853, 0.005734811028543353, 0.014509287376857017, -0.145598804473772, -0.9892373166817071, -0.5010423640744822, 0.8551097067687512, -0.13320637669614221, 0.8653011209876421, 0.49758253338081393, -0.06054413672570927
0.0001542229668634339, 0.0008811014257982415, 0.005724039241266198, 0.028640800817108427, -0.13864136139760122, -0.9899284203609745, -0.501012875292873, 0.8549661129318333, -0.13423503465563622, 0.864965781588684, 0.49981148310943346, -0.04497419296247246
0.00015453473629487875, 0.000879592245287065, 0.005713263375648548, 0.03866717788996884, -0.12833006631893737, -0.9909774182253613, -0.5011688407023781, 0.8554774879453704, -0.13033825504322685, 0.8644851892676126, 0.5016868163478646, -0.03123613035707383
0.00015495547063008473, 0.0008781958965467126, 0.005702480633074275, 0.043518949030022056, -0.12825767670301158, -0.9907855819712296, -0.5010660654402942, 0.8551728098499526, -0.1327112028335201, 0.8643141206410463, 0.502224485325121, -0.027049347504370463
0.00015542905869646469, 0.0008768001527049608, 0.005691698565988068, 0.04264217438370437, -0.14534703302547017, -0.9884613725151441, -0.5005009564736682, 0.8531571676655604, -0.1470429863333248, 0.8646851667125863, 0.5009960950462309, -0.03636585232955553
0.00015589361328825202, 0.0008752167055057849, 0.005680930018744807, 0.04334886384140641, -0.1738831863303224, -0.9838117266607841, -0.4995615843755787, 0.8490170106849425, -0.17207073831353764, 0.8651930994984997, 0.49893361590417884, -0.05006143726423035
0.0001563667404773778, 0.0008733188734545071, 0.00567019229610075, 0.09404223872905997, -0.17725344675444735, -0.9796618156019427, -0.49705138221229944, 0.8442470292399669, -0.2004666482493611, 0.8626099818432831, 0.5057945919374374, -0.00870919004110765
0.0001573900896034383, 0.0008713900363460033, 0.005659531809107034, 0.1977449469270651, -0.1464219326408904, -0.9692561857458114, -0.49178057226398225, 0.8405257204033563, -0.22730680166710618, 0.8479674549819247, 0.5216101331283026, 0.0942022521458595
0.00015954053841327025, 0.0008697977181822576, 0.005648991282820776, 0.22794228761331417, -0.13972837225292345, -0.9635965418706927, -0.4894117445764214, 0.8391034113815075, -0.23744811913043326, 0.8417353846597354, 0.5257199320888121, 0.12288244470330974
0.000162023824726021, 0.0008682754663967212, 0.005638493511088746, 0.14887570280363802, -0.17626092125190365, -0.9730200988438795, -0.4909679966374408, 0.8409596504428409, -0.2274583315793748, 0.858362657268209, 0.5115847475897665, 0.03865998759666285
