0.0003044010081794113, 0.0012459225254133344, 0.007277987897396088, 0.16698917071315433, 0.5026708243873816, -0.8481961207021895, 0.9490043799690194, -0.3152628852237716, 0.0, -0.2674047562481827, -0.804941833619109, -0.529682301786417
0.00030610718465786275, 0.0012510584580807693, 0.007269321633206168, -0.004263660165498135, 0.0504854220740497, -0.9987156969628533, 0.949108394719436, -0.31431770814115095, -0.01994074777909478, -0.3149207460220561, -0.9479744724974926, -0.0465759940099224
0.0003060681432654082, 0.0012515207419167033, 0.007260176614616002, -0.1284424864116306, -0.25670714641099557, -0.9579164726978662, 0.9464991916772094, -0.3200735063123954, -0.04113673189836806, -0.2960435911125038, -0.9119508712306891, 0.2840841435610232
0.00030479778806101655, 0.0012489817902928409, 0.007250702380579732, -0.1877349103550383, -0.3652927618020714, -0.9117657602745352, 0.9423868866542569, -0.32866038157650584, -0.062364328298174884, -0.27688004495825025, -0.8709440577654806, 0.405948135784507
0.00030281002310365667, 0.0012451140165808863, 0.007241048470051494, -0.2085717873486857, -0.3380904200369832, -0.9177105629779962, 0.936876666589648, -0.3383311670735615, -0.08828438699176334, -0.2806419803273278, -0.8781952455267896, 0.3873153619624423
0.0003006083154927735, 0.001241545095489379, 0.00723136101252533, -0.20910170064665262, -0.2550098542864852, -0.9440585008374551, 0.9317034313192117, -0.3451517956079513, -0.1131324624350325, -0.29699359396236935, -0.9032387348898367, 0.30976538370179896
0.00029847128541594177, 0.0012389388817339987, 0.00722171268635515, -0.20105943626849956, -0.1908742092436307, -0.9608028618468056, 0.9292156063307107, -0.34761354054432003, -0.1253921184990998, -0.310053963107784, -0.9180042824932034, 0.24725427657635343
0.00029646084142536587, 0.0012370302823961525, 0.007212105376319979, -0.1857166125523753, -0.1535675254711777, -0.9705289047435579, 0.9296843172525293, -0.34722947730989623, -0.12295836832763682, -0.31811383194820286, -0.9251209138311357, 0.20725560237415802
0.00029463008286174924, 0.001235516443335199, 0.007202538089478068, -0.16363624399834215, -0.14560924816471527, -0.9757156996272128, 0.9328535457870106, -0.34460830325401376, -0.10502085241032524, -0.32094772434575175, -0.9273850679072292, 0.1922225118449639
0.00029303210906579495, 0.0012340945104104969, 0.007193009832887668, -0.13500741370039093, -0.1680152151203838, -0.9764957172123094, 0.9380713622685051, -0.33901207577807474, -0.07136477960697583, -0.31905347128286005, -0.9256574420187482, 0.2033794052938132
0.00029172001937820643, 0.0012324616294814047, 0.007183519613607029, -0.10089652456530654, -0.2170692122089009, -0.9709278286472427, 0.9440363635961023, -0.32892541244136775, -0.024564552886707516, -0.3140306283452145, -0.9190696546841721, 0.23810866069890554
0.00029073758089274927, 0.001230348007144058, 0.007174065602484505, -0.06960672410024679, -0.26566260275845344, -0.9615499391376592, 0.9481619979063912, -0.31721856780958274, 0.019005419306024715, -0.310070523729994, -0.9103822064014879, 0.2739717295294643
0.0002900552167657978, 0.0012277436807325197, 0.007164639398432797, -0.04518984555470011, -0.30180243940112206, -0.9522988845054238, 0.9503095217360705, -0.3069042966481667, 0.052168626555190944, -0.3080092381025336, -0.9026212053073128, 0.30067468961166427
0.00028960868456153827, 0.0012247614950918638, 0.00715522949417682, -0.02764345314105472, -0.32616442031589293, -0.944908784178894, 0.9512742078364178, -0.29899127344593857, 0.07537638826828903, -0.30710457665693325, -0.8967836914904138, 0.3185369518175126
0.00028933353601839863, 0.001221515024232526, 0.007145824363998617, -0.016808489246049118, -0.33945919462976204, -0.9404705895829911, 0.9516215501540364, -0.29406095546594896, 0.08913237208154018, -0.30681248340263856, -0.893473899815639, 0.32797940541524717
0.0002891653228748068, 0.0012181178421649436, 0.007136412482180231, -0.01252644684415409, -0.3421711961093489, -0.9395541286602693, 0.9516952856533017, -0.2923694052885718, 0.09378813419877398, -0.30678847989248387, -0.8929944027844208, 0.32930506403782295
0.0002890395968691905, 0.0012146835228995531, 0.0071269823230037, -0.014710860599512415, -0.3344728882973919, -0.9422905483843198, 0.951637825838338, -0.2939064858728622, 0.08946745774607713, -0.30686974274780304, -0.895403185473374, 0.32262066956416763
0.0002888919097399778, 0.0012113256404467912, 0.007117522360751065, -0.02336707529442533, -0.31621100847999417, -0.9484010638481221, 0.9514024171425829, -0.29841124687045445, 0.07605372046436339, -0.3070625676428755, -0.9005339115531885, 0.3078169158692855
0.0002886578132255964, 0.0012081577688170947, 0.007108021069704366, -0.03850435140242582, -0.28708909434270696, -0.9571297021995309, 0.9507560273330493, -0.30531743925841087, 0.05333139576801501, -0.3075392518247981, -0.9079433425022571, 0.2847077367984098
0.0002882734695567444, 0.0012052920959310916, 0.007098467169225279, -0.05497926466718734, -0.25809212074348037, -0.9645546836062683, 0.9496810914965129, -0.311844048071937, 0.02931064885155692, -0.3083554846449909, -0.9144078668144978, 0.2622501633881524
0.00028772643502098714, 0.0012027241222721463, 0.007088870010610061, -0.06370607809742805, -0.24955515336299844, -0.966262780533026, 0.9490377454165286, -0.31460817840142985, 0.018682929578795842, -0.3086565945969024, -0.9158296345461335, 0.25687971328802717
0.00028709382557717144, 0.0012002460079150064, 0.007079274898519846, -0.06374026144546606, -0.26385442903089124, -0.9624541648056005, 0.94933673190406, -0.31341419584711766, 0.023050190871737767, -0.307728693053772, -0.9122238662314679, 0.27046380413861376
0.00028646174691104, 0.001197629502243824, 0.007069730746504978, -0.056323084750322945, -0.29590880569618994, -0.9535542401120466, 0.9504528414271991, -0.30834319951461503, 0.03954576508368457, -0.3057239054231311, -0.9040809974911236, 0.2986142053357201
0.00028590322934522646, 0.0011946951767076274, 0.007060275000332348, -0.04727677959744881, -0.32405792158338287, -0.9448552109026824, 0.9514336707837541, -0.30267975128689045, 0.056204432742065324, -0.304202031896313, -0.8963098970891509, 0.3226293417688328
0.0002854338786680415, 0.0011914780200773033, 0.007050894741421844, -0.03825948844106908, -0.3426365477604472, -0.938688663872655, 0.9520910960438977, -0.29772613738614384, 0.06986910584125489, -0.3034118593235228, -0.8910439625831769, 0.3376120560138709
0.00028505354074686857, 0.0011880718670521835, 0.007041563228911011, -0.029293175917125505, -0.35187551483878415, -0.9355883346331488, 0.9524911159550495, -0.2936975805037309, 0.08063749272490349, -0.3031543894971549, -0.8887774486693477, 0.34376163669818105
0.0002847620610153144, 0.0011845705539512805, 0.007032253721556957, -0.02037310806738525, -0.35191324959475456, -0.9358108789853508, 0.9526984031247854, -0.2907205165659894, 0.08858517895838022, -0.3032337203398702, -0.8897407746120577, 0.34119007142878166
0.0002845592849069855, 0.0011810679170936064, 0.007022939478116788, -0.011481149890952565, -0.3427572336806021, -0.9393538534316036, 0.9527758876919248, -0.28884120201181457, 0.09374896187817178, -0.30345723097340466, -0.8939173556766818, 0.32988705671784474
0.0002844450578554884, 0.0011776577927981732, 0.007013593757347607, -0.002598535324563449, -0.3242843120790447, -0.9459560944111453, 0.9527854035929074, -0.28802865823085644, 0.09612214488885018, -0.30363336824938664, -0.901043382405727, 0.30972181180598046
0.00028441922529442954, 0.0011744340173839925, 0.007004189818006521, 0.006281451924426236, -0.2962794697484102, -0.9550806349033164, 0.9527885456066016, -0.28817166005537875, 0.09566128632725075, -0.3035696472353225, -0.9105907808376538, 0.28048154864606295
0.00028448163265741566, 0.0011714904271700767, 0.006994700918850636, 0.01404444695596302, -0.2625508028385732, -0.9648159562520315, 0.952839298483663, -0.2890276482214658, 0.09252183433508945, -0.3031501686868445, -0.9206139769156177, 0.2461094893187755
0.00028462120995831076, 0.0011688811302342163, 0.006985112331456883, 0.015264784538124236, -0.24308860822451278, -0.9698839698151908, 0.9529261588571575, -0.2902299025134395, 0.0877401815178367, -0.30281796861934757, -0.9255671408593268, 0.22721519676892896
0.0002847729897829225, 0.0011664640672072685, 0.00697546864349885, 0.008292871161902002, -0.24426467031134116, -0.9696731403548229, 0.9529970861904223, -0.29177059600255206, 0.08164847225074352, -0.30286594724474547, -0.924772777576204, 0.23036390310449173
0.0002848553984644784, 0.0011640367378736684, 0.006965832718440235, -0.006907118226953344, -0.2660547614016469, -0.9639331697028128, 0.9529721358582073, -0.2938169749708494, 0.07426771503705962, -0.3029792072001733, -0.9180884756680547, 0.2555722028113826
0.00028478685780575, 0.0011613966254555644, 0.006956267424746006, -0.028221585085973753, -0.3015361791020372, -0.9530369745334014, 0.9527552030630648, -0.2965664843092249, 0.06561892578154921, -0.30242530511101967, -0.9061590661009856, 0.29565973982180305
0.0002845069480463487, 0.0011584059033155384, 0.0069468149312227135, -0.047497625936921466, -0.3257356484975974, -0.9442670505890831, 0.9523047394337252, -0.30004045554253767, 0.05560043425991538, -0.3014293595229586, -0.8965890989386812, 0.324450811190083
0.00028403533189327114, 0.0011551715902223183, 0.006937439060637768, -0.06283000141085993, -0.33319715792702226, -0.940761417614512, 0.9516107039296356, -0.3041171193085826, 0.04415705957140608, -0.3008146590331906, -0.8924642467308169, 0.33618166103751257
0.00028341061541230965, 0.0011518586226703144, 0.006928085103148681, -0.07426756577686372, -0.32418100126483496, -0.9430752923772885, 0.9506807293799785, -0.30859663837609747, 0.03121322746087249, -0.3011486002941592, -0.8942453763939187, 0.33111135187270097
0.0002826714046692561, 0.0011486319371539367, 0.006918698348912946, -0.07239019113934152, -0.30324012431882236, -0.9501605586583326, 0.9503375174589404, -0.31008582749418234, 0.026559037957473372, -0.30268508905591623, -0.9010506126685411, 0.31062763926099485
0.00028195091497881504, 0.0011456138295918331, 0.006909241530578826, 0.011748126089021474, -0.30344212752518424, -0.9527774434653595, 0.952447347445082, -0.2867427052434801, 0.10306634433450201, -0.30447665243532857, -0.9086811851428643, 0.28564396000814646
0.00028206725189679037, 0.0011426089655281809, 0.0068998065627848765, 0.11354108872553159, -0.31109104608966626, -0.9435734111418455, 0.9458325445270872, -0.25689438998176384, 0.1985096222083787, -0.3041532818899654, -0.9150014390364284, 0.26507196697657165
0.0002831955371692222, 0.00113951757852786, 0.006890430045479999, 0.13704646605046678, -0.30472714913050025, -0.9425283182620435, 0.9431854707764732, -0.2506088564496747, 0.21816592031100823, -0.30268702294489125, -0.9188778839714146, 0.25306916147364683
0.0002845616447237841, 0.0011364799951993415, 0.006881034728015248, 0.08292580931429104, -0.2765614799355789, -0.957411644991543, 0.9500627889535991, -0.26808129957747706, 0.15972825004538235, -0.3008388392400141, -0.9228467720226872, 0.24051991221524174
0.0002853850832228759, 0.0011337337890202537, 0.006871527801106921, -0.017350481912804076, -0.22118603736399645, -0.9750772777850001, 0.9542080285848109, -0.2949480622193585, 0.04992673409441341, -0.29864025006968214, -0.9295603140561985, 0.21617498368233898
0.00028521283812118353, 0.0011315379876765126, 0.006861847823010979, -0.07816650364922673, -0.20323987772580773, -0.9760038677224872, 0.9511663545268461, -0.3084474511458627, -0.01194721296917824, -0.29861775520448497, -0.9292759127318535, 0.21742519240652625
0.0002844343654956097, 0.0011295138894522334, 0.006852127645466826, -0.10260790446687097, -0.21799705835343525, -0.9705405197569891, 0.9494084013782984, -0.31259237724135747, -0.03016111872760899, -0.29680853312063243, -0.9245340925243622, 0.2390426874575599
0.0002834136670297105, 0.0011273453502525684, 0.006842473133713993, -0.12196868049444666, -0.23243226137565795, -0.9649346531502748, 0.9477895948675432, -0.31588639468547114, -0.04371120581078773, -0.29464983427665775, -0.9198864220785153, 0.2588251255893167
0.00028220142268239537, 0.0011250352105196134, 0.006832882666931308, -0.13889325710653447, -0.24370019801499493, -0.959853570404252, 0.9461014888417163, -0.31900801893197545, -0.055909361189199314, -0.2925758635667441, -0.9158843253078136, 0.27487318296557284
0.0002808213523206219, 0.00112261375804996, 0.00682334537554832, -0.1533868523508528, -0.25183902955252563, -0.9555362770297839, 0.9444203203848038, -0.321889025872984, -0.06676611016680463, -0.29076232900800986, -0.9126689203739676, 0.28721544146033356
0.00027929717581134765, 0.0011201112806401988, 0.006813850389994559, -0.16546684574319298, -0.2568903791647849, -0.952170182295356, 0.9428116455412329, -0.3244760680297004, -0.07629863896438796, -0.2893560505530015, -0.9103420315291162, 0.29588927260009035
0.0002776526130215299, 0.0011175580660869205, 0.006804386840699571, -0.1751545131968969, -0.258891159585152, -0.9498927644715552, 0.9413304058406133, -0.3267298473569199, -0.08452617278730903, -0.2884752390530326, -0.9089680821320292, 0.3009303276815359
0.0002759113838181264, 0.0011149844021867165, 0.006794943858092892, -0.1824686015381057, -0.2578678744544696, -0.9487936386681045, 0.9400212870372717, -0.32862421870850034, -0.09146640254770592, -0.2882103214139273, -0.9085759639141692, 0.30236489284954887
0.0002740972080680945, 0.001112420576736178, 0.006785510572604064, -0.18742072399550716, -0.2538332699764313, -0.9489162994016237, 0.9389191628918901, -0.3301454227548265, -0.09713292638662303, -0.2886248044977981, -0.9091604208758259, 0.3002050155168945
0.00027223380563839175, 0.0011098968775318956, 0.0067760761146626255, -0.19001250762779576, -0.24678521073572243, -0.9502590734674002, 0.9380494720524846, -0.3312915724060044, -0.10153364976603706, -0.2897558194878094, -0.910682685579825, 0.2944462790698259
0.0002703448963959756, 0.0011074435923704607, 0.006766629614698116, -0.19023443719074457, -0.23670770957496326, -0.9527750621917513, 0.937428428151016, -0.33207245057980656, -0.10467009916990361, -0.29161413031785033, -0.913070286338186, 0.28506815186068585
0.0002684542002078036, 0.0011050910090484643, 0.006757160203140076, -0.18816872103938453, -0.22449286399555754, -0.9561357050322272, 0.9370972116025961, -0.33246987219860274, -0.10636070743880961, -0.2940090958270536, -0.9160058613869875, 0.2729320675106566
0.0002665844209964811, 0.0011028602871310778, 0.006747659353824645, -0.1849165353085307, -0.22004005565055954, -0.957803867646601, 0.9374212466532952, -0.33208649206770346, -0.1046898663154612, -0.2950377624855349, -0.9172245830195928, 0.2676785068175315
0.0002647473169205834, 0.0011006742388016413, 0.006738143788403585, -0.18117768162922512, -0.22920703195538927, -0.9563674943146385, 0.9385997699628419, -0.3306266253752519, -0.09857234104287654, -0.29360708354050225, -0.9155054183865731, 0.2750358329375766
0.00026294786005183024, 0.0010983977543897107, 0.006728645145738433, -0.17732417413603027, -0.244710257647574, -0.953243424875846, 0.9401288953362782, -0.328574247913555, -0.09053520730539567, -0.2910563475012426, -0.9122257688807633, 0.2883233413533082
0.00026118682694176106, 0.0010959674999238963, 0.006719178341557101, -0.17387009910183013, -0.2573739793422789, -0.9505408057499899, 0.9413985803717082, -0.32673891601049, -0.08372809348374416, -0.2890292398918359, -0.909395577030046, 0.29910162648460714
0.0002594598571911974, 0.0010934111254857245, 0.006709737067717111, -0.17087360600031756, -0.2666481423991895, -0.9485256870151224, 0.9423847677226211, -0.32522896481106683, -0.07833945374013782, -0.28759895746825925, -0.9072623041893582, 0.306858193731546
0.0002577622655445589, 0.0010907620349109772, 0.0067003136738964415, -0.16835242614064735, -0.27256053715205497, -0.9472952096363313, 0.9431005811324853, -0.324086415801123, -0.07435918881180882, -0.28673812875187443, -0.9059132125543622, 0.3116127353612312
0.00025608936674626534, 0.0010880536320354345, 0.006690900509773069, -0.1663171328850935, -0.2751317334470448, -0.9469113689038201, 0.9435571692016966, -0.32333809241097755, -0.07177984706107379, -0.28642360195515165, -0.9054032290899202, 0.31337918405117854
0.0002544364755407364, 0.001085319320694878, 0.006681489925024967, -0.16477193606256602, -0.2743718174629947, -0.9474018761160686, 0.9437634532898691, -0.32299607030166655, -0.070598036828668, -0.28663697130791543, -0.9057558414670778, 0.3121627817784999
0.00025279890667239183, 0.0010825925047250886, 0.006672074269330117, -0.16371521108886206, -0.2702789591087022, -0.9487605672250747, 0.9437260268461967, -0.32305790718252514, -0.07081507508955195, -0.2873647784806294, -0.9069635455022232, 0.3079587816880943
0.0002511719748856514, 0.0010799065879618479, 0.0066626458923664976, -0.16313974622967628, -0.2628397697717951, -0.9509472533355499, 0.9434491871587029, -0.32350661335576636, -0.07243688538766535, -0.2885984311282718, -0.9089877482900374, 0.3007527539506624
0.0002495509949249346, 0.001077294974240936, 0.006653197143812081, -0.16298684535569072, -0.2521883382228539, -0.953853411329747, 0.9429498928221751, -0.32428768713980466, -0.07538564582309253, -0.2903115358845541, -0.9117228405792585, 0.29065559361285254
0.00024793173588136545, 0.0010747895067201748, 0.006643720699506626, -0.16235769520999987, -0.24134364686131143, -0.9567618423232499, 0.9425142771081316, -0.3249415382572841, -0.07797329133957377, -0.29207330630071776, -0.9144212600517733, 0.2802265920855738
0.00024631875907701417, 0.0010723918273015224, 0.006634215546966984, -0.16045712825801572, -0.23306923273238783, -0.9591309831012272, 0.9424001650998935, -0.32510771985691916, -0.07865684527826203, -0.29348839638201063, -0.9165062483382048, 0.27181033450946057
0.0002447245851939288, 0.0010700762375374126, 0.006624686387494185, -0.15726661341460962, -0.22747990229300885, -0.9609995350456018, 0.9426112067327338, -0.32480396451889054, -0.07737246005311343, -0.29453577923057, -0.9180170361630412, 0.26550592473138246
0.00024316202216932272, 0.0010678160522606625, 0.006615138128601071, -0.1527918513031411, -0.22458328275491782, -0.9624016829174725, 0.9431339064210409, -0.3240454691533098, -0.07411456321262794, -0.29521701294868846, -0.918997760077921, 0.261323615919836
0.0002416438779404093, 0.0010655845863040889, 0.006605575677800479, -0.14703375358805712, -0.2243807246780641, -0.9633454031128987, 0.9439469710109305, -0.32283073636664383, -0.06887983432224569, -0.29554219872142795, -0.9194746358926479, 0.2592705203546803
0.000240182960444402, 0.0010633551545005087, 0.006596003942605247, -0.1399889523031957, -0.22686791884334528, -0.9638122434544723, 0.9450212637694609, -0.3211416222204948, -0.06166741036528126, -0.2955298703289138, -0.9194558205141117, 0.2593512866096814
0.00023879207761851414, 0.0010611010716827397, 0.006586427830528218, -0.13165129961798028, -0.2320342794761806, -0.9637572456053789, 0.9463195779227838, -0.31894367405806395, -0.052480369838520766, -0.29520703201133486, -0.9189314587749803, 0.26156793061219413
0.00023748403278286685, 0.0010587956539478394, 0.006576852249492635, -0.12344424062824862, -0.2394806906871007, -0.963021556479264, 0.9476150817978587, -0.3165403848235464, -0.04275326332572636, -0.2945966330509444, -0.9178513951418228, 0.2660106017271809
0.00023625745238790505, 0.0010564160992705717, 0.006567283367582135, -0.11996090490994049, -0.24798035199672894, -0.961309069091084, 0.9483416340458884, -0.31507832184149254, -0.03706475739463604, -0.293696316674831, -0.9160957352422985, 0.2729671728294634
0.00023506547041753843, 0.00105395206226779, 0.006557731396636545, -0.12212305714241559, -0.25729613256622974, -0.9585847166946965, 0.9484376410158665, -0.31487675909052376, -0.03631346429228011, -0.2924927349840484, -0.9135925386905858, 0.28248304945685127
0.00023385211420829185, 0.0010513956911174978, 0.006548207357971725, -0.1299240873277764, -0.26741297523929175, -0.9547827146559128, 0.947881276395897, -0.3160433440340311, -0.040468389514188075, -0.2909309495226133, -0.9102784768220421, 0.29453739532428425
0.00023256141109669035, 0.001048739133997699, 0.006538722272903544, -0.14302258742238105, -0.2784820677031064, -0.9497327400141631, 0.946616026439169, -0.31859687773369255, -0.049133776435984135, -0.28889900999402207, -0.9060594723670987, 0.3091821381618429
0.0002311405981893095, 0.0010459726414918811, 0.006529287451733729, -0.15773318040371523, -0.2926785811008575, -0.9431116010125832, 0.9451263731597345, -0.3214591592601807, -0.058310785328825006, -0.2861055444371107, -0.900557192571647, 0.32732302141740327
0.00022957349570781242, 0.0010430648364913716, 0.0065199174984588845, -0.17169907072891058, -0.3113610288444022, -0.9346516671080108, 0.9438343766960875, -0.323862220618671, -0.06549756806669468, -0.2823049742344909, -0.8934022452249035, 0.3494800849112361
0.00022786718359916195, 0.0010399705908939805, 0.006510629111223087, -0.18479747915184394, -0.33406508690114645, -0.9242566793985605, 0.9427980357356145, -0.32576852205141404, -0.07075827763240487, -0.27745586227757185, -0.8844633331880791, 0.3751571094003714
0.0002260294336930746, 0.0010366484239201811, 0.00650143768375578, -0.1963782519649255, -0.35273232878760613, -0.9148855045213431, 0.9417321574265516, -0.3277135839438478, -0.07579149403073807, -0.2730862973932105, -0.8764609010827299, 0.39653519774329776
0.00022407465765877224, 0.0010331372779763786, 0.006492330788055902, -0.20597486818246133, -0.3600314043547835, -0.9099185356698369, 0.9403090067503926, -0.3302498267194517, -0.08218286789752671, -0.2709120253907306, -0.8725321998815256, 0.4065639367536151
0.00022202353778276744, 0.0010295520465548255, 0.006483269721477603, -0.21366397046202817, -0.35582774168853837, -0.9097990580184375, 0.9385004035960426, -0.33333239106614404, -0.0900361567160246, -0.27122813308443294, -0.8730842658706903, 0.4051656013441555
0.00021989700174392487, 0.0010260105953935259, 0.006474214753151415, -0.21944226774731435, -0.340056749368803, -0.9144432723436917, 0.9362978367938417, -0.33683971085226116, -0.09942519805430466, -0.2742105977913484, -0.8780093486983429, 0.39231126883792566
0.0002177159772211091, 0.0010226307902304822, 0.006465126152207854, -0.22318620888749874, -0.3124479908892277, -0.9233440145209753, 0.9337037478527076, -0.3405883554002605, -0.11043950113774276, -0.27997361912907687, -0.8867783404859587, 0.3677484839353327
0.00021550139189318467, 0.0010195304968036983, 0.006455964187777445, -0.22464749626044664, -0.27262853367611395, -0.9355250852059097, 0.9307386100416842, -0.34432272938654923, -0.12315639571484195, -0.28854660317111025, -0.8983960934094767, 0.33109714155366043
0.00021327417343901635, 0.0010168275808511771, 0.0064466891289907124, -0.22248207529942626, -0.22724046609233944, -0.9480841190214067, 0.9281217104803231, -0.3470898745874566, -0.13460575579797132, -0.2984825232832567, -0.9098848221225586, 0.2881280856936029
0.00021106572081734732, 0.001014571894399064, 0.006437278038882003, -0.21198872733503124, -0.21005685685575498, -0.9544301422161575, 0.9291129733626042, -0.3461212174956536, -0.13018903766687595, -0.3030014227890268, -0.9143720357093208, 0.2685403472490086
0.00020895819529873113, 0.0010124835749315663, 0.006427789393397198, -0.19477011792615315, -0.22490853531201288, -0.9547150108314195, 0.9334466527484361, -0.34143520344367795, -0.10999703778791055, -0.3012340412964198, -0.9125996672107543, 0.2764414943004171
0.00020702144936313532, 0.001010247140019043, 0.006418295943187443, -0.18633927321946367, -0.23509111097216953, -0.9539443614791762, 0.9356044740511401, -0.33880917167669455, -0.09926033106554542, -0.2998698774327486, -0.9110107105460524, 0.2830857500455387
0.0002051688688389462, 0.0010079098699091393, 0.00640881185153729, -0.19228667474558897, -0.22787206017132072, -0.9545156671886336, 0.9341046510357491, -0.34063234648117025, -0.10685553539294715, -0.3007895204768037, -0.9121644197862632, 0.2783554124627803
0.00020325889745827382, 0.0010056464311453356, 0.00639933070777553, -0.2125255681201581, -0.20305622450184266, -0.955824802244774, 0.9286640991322955, -0.3462875147272509, -0.1329208340585711, -0.3039997925624395, -0.9158892546782507, 0.26216597660053553
0.00020115001162931143, 0.0010036315093732294, 0.006389846082474893, -0.23920497167752885, -0.16999923605235104, -0.9559713600659644, 0.9206074650081664, -0.3526733627072144, -0.16764067110347491, -0.30864684818735877, -0.9201748523940452, 0.24086378749327786
0.00019877500870162465, 0.0010019436318993735, 0.006380354495560879, -0.25154653910939556, -0.15610512579506616, -0.9551730358226157, 0.9166064033400992, -0.3552805642458277, -0.18332599931568297, -0.3107362869347782, -0.921632741589443, 0.23245655424684059
0.00019627480740387466, 0.0010003920532551985, 0.006370860726049302, -0.24633851016129937, -0.16629672290724376, -0.9548103153830204, 0.9186897927516152, -0.3539079029086292, -0.17538033228617927, -0.30874974187115656, -0.9203774205233024, 0.23995624743975008
0.0001938264802616272, 0.0009987392512629562, 0.006361370987683509, -0.22459707580480237, -0.19767833160263426, -0.9541904583230387, 0.9260900804694355, -0.34795250297416636, -0.14589797301582827, -0.3031720903975932, -0.9164345764367534, 0.26121705670790685
0.00019159469499717953, 0.0009967749532595628, 0.006351889349524458, -0.19876199952584006, -0.2222281807410374, -0.9545199333848502, 0.9330463742224887, -0.3409068275995571, -0.11492170572295571, -0.2998635207803005, -0.9134534309862405, 0.2751085209961836
0.00018961831539610188, 0.0009945652389064725, 0.006342398130228697, -0.1765147175383155, -0.224073216558425, -0.9584538320198475, 0.9371247476571889, -0.33609348941806466, -0.09401262521193325, -0.3010643815213266, -0.9147854174569852, 0.26931000387514514
0.00018786300277884833, 0.000992336991031741, 0.00633286699238443, -0.157959388646248, -0.2030893272104438, -0.9663351161536626, 0.9389320773599237, -0.33386434225968536, -0.0833135947615156, -0.3057047360494795, -0.9204832025304519, 0.24342409128145287
0.0001862935109384275, 0.000990319086020427, 0.00632326544167628, -0.1429283250905419, -0.16012482568599862, -0.9766941865731775, 0.9390225789587752, -0.33376322856322443, -0.0826964537611128, -0.31274284978624756, -0.9289575595569914, 0.19806504600634411
0.00018487397479989519, 0.0009887287576051638, 0.006313565106258114, -0.1331438401954573, -0.12883913112841186, -0.9826867232786258, 0.9389218461182508, -0.33386106207604677, -0.08344194455637967, -0.3173302454855232, -0.9337758133082749, 0.16542141874789867
0.00018355072497366432, 0.0009874482901225741, 0.006303798675953047, -0.13097396378399698, -0.14723519715912864, -0.9803915633705854, 0.9399979957142963, -0.33269562517461454, -0.07561341840426349, -0.31503902752486723, -0.9314694937072201, 0.1819752549908944
0.00018225060769286823, 0.0009859867551835866, 0.0062940667874413206, -0.13289232712470284, -0.19376717028243387, -0.9720050993241339, 0.9418115108283623, -0.33019629453556953, -0.06294033004502772, -0.3087567124170397, -0.9238098780570155, 0.22637270538142124
0.00018093254500869886, 0.0009840649190468267, 0.006284426173284272, -0.13356326479273162, -0.23212406419610984, -0.963472507713109, 0.9434093481965415, -0.32754935818529196, -0.05186732774859417, -0.30354514661460724, -0.9158765401370883, 0.2627365737639756
0.00017960646523875062, 0.0009817602806709506, 0.006274860358886411, -0.13270962366184041, -0.2593768477400325, -0.9566147639692671, 0.9446951968210134, -0.3251316625300946, -0.042899733375902, -0.2998985509982326, -0.9094025802013433, 0.2881801628015014
0.00017828664149217366, 0.0009791807260500147, 0.006265346633754993, -0.1304623660699098, -0.27578499681968627, -0.9523246329737599, 0.9456691624364112, -0.3231342232431342, -0.03597372632732107, -0.2978076665505062, -0.9052772554848718, 0.3029582222774627
0.00017698734687811822, 0.0009764341411780746, 0.006255862287397269, -0.12689578331172352, -0.2815637352557756, -0.9511147791757415, 0.9463413659758192, -0.3216753946208764, -0.031031589365098988, -0.2972128517085437, -0.9040170371648529, 0.3072746610037285
0.00017572285450573436, 0.000973628412049186, 0.00624638460932049, -0.12202530535047908, -0.2767957189682486, -0.9531494923751325, 0.9467290078385091, -0.32080824530519586, -0.028040247169262934, -0.29801679578714096, -0.90579589296102, 0.3011972604850748
0.00017450743748417228, 0.0009708714246574048, 0.00623689088903191, -0.1158122992835592, -0.26140252524968244, -0.9582568711612479, 0.9468554530650892, -0.32052429488102535, -0.0269986553725601, -0.30008709125112343, -0.9104575202523788, 0.2846310620440596
0.00017335536892258208, 0.0009682710649967863, 0.006227358416038781, -0.10817506173210024, -0.2351724003415903, -0.9659151609415968, 0.9467510470868907, -0.32075239080830303, -0.02793489986797502, -0.3032500797347504, -0.9175030495362577, 0.257347125945745
0.00017228092193011395, 0.0009659352190613867, 0.006217764479848356, -0.09900742545097355, -0.19784782146498833, -0.975219856876965, 0.9464551538197347, -0.32135385244460246, -0.03089244773525158, -0.30727865450374603, -0.9260604413646936, 0.21907050788683707
0.00017129836942090336, 0.0009639717716478537, 0.0062080863702213065, -0.08970585194415916, -0.15833789287748995, -0.9833015670719177, 0.9461345921537293, -0.32193289050051144, -0.0344753178967524, -0.31109836652909156, -0.9334282648886857, 0.17868822191131892
0.00017040741871510496, 0.0009623991734911398, 0.006198320304728269, -0.08591494313481043, -0.1505237788682825, -0.9848660896494278, 0.9462318476062775, -0.3217637508015304, -0.03336733800801173, -0.3118716292350951, -0.9347784126012663, 0.17007470774017053
0.00016955361192466455, 0.000960903296058982, 0.0061885328879607605, -0.0874796019113409, -0.17479251891424166, -0.9807114226830682, 0.9467914516550673, -0.3206879910176305, -0.02729760960169625, -0.30973095796565736, -0.9309171755578961, 0.19354572051323066
0.00016868466281447342, 0.0009591670535468986, 0.006178791321933078, -0.08804981788360343, -0.1996101308119781, -0.9759113818620466, 0.9474583026290765, -0.3192417492499892, -0.020185893961781737, -0.307522347724346, -0.9264127056625637, 0.21723145360898924
0.00016781000194326993, 0.0009571841854943168, 0.006169096906657793, -0.08602071271552801, -0.2168119476961974, -0.9724160716072591, 0.9481155582342105, -0.3176581614309252, -0.013045332903217318, -0.30606751741755295, -0.9230849754017805, 0.23288796226801906
0.00016695518860197794, 0.0009550296608502916, 0.0061594337196757745, -0.08142876658523611, -0.22647881628499378, -0.9706063577715506, 0.94874418299126, -0.31599068029763194, -0.005862184344291578, -0.30537490272229945, -0.9213344863507432, 0.24060119087019993
0.00016614578213139402, 0.0009527784488150537, 0.006149785838474629, -0.0742894584119881, -0.22866371629310062, -0.9706667714617009, 0.9493251352792579, -0.31429265774162635, 0.0013830461756003192, -0.30538969186249953, -0.9213756183776155, 0.24042484472989534
0.00016540733960109959, 0.0009505055151195409, 0.006140137341337715, -0.0654654288807392, -0.22468721343114634, -0.972229362723636, 0.9498156804314081, -0.31269971505358235, 0.008310319610565307, -0.30588306724642705, -0.9228946550533029, 0.23388245946620898
0.00016475674545886855, 0.0009482725780198876, 0.006130475345088591, -0.057782892064037694, -0.21883672942359475, -0.9740490866685826, 0.95014486093174, -0.3115111542984237, 0.013621453397791005, -0.30640802964302405, -0.924700647021969, 0.2259266092505079
0.00016418259591266927, 0.0009460981453391723, 0.006120796877619936, -0.05182161321907468, -0.21199170460711705, -0.9758965301614415, 0.9503324220405824, -0.3107696923095032, 0.01704364868029175, -0.3068921765406429, -0.9265428837995713, 0.2175671768868672
0.00016366772899790562, 0.000943991929262009, 0.006111100984258056, -0.0475838404155697, -0.20415539858929369, -0.9777813412814504, 0.9504078035195087, -0.31045161159231943, 0.018568895200167166, -0.30734473338667895, -0.9284074375437642, 0.20880336389266577
0.00016319498274998138, 0.0009419636419730118, 0.006101386710329256, -0.04507045495394559, -0.1953288188120737, -0.9797016416398028, 0.9503904260476156, -0.31052725497319444, 0.018189612306050765, -0.3077770169575307, -0.9302792464955311, 0.19963424398742596
0.0001627471952043004, 0.0009400229956567943, 0.006091653101159839, -0.04428119407329248, -0.1855111984374685, -0.9816439125801869, 0.95028966793221, -0.3109610593766118, 0.01589863430189033, -0.30820240568939977, -0.932142057202479, 0.19005910218034064
0.0001623072043962665, 0.0009381797024979707, 0.0060818992020761145, -0.04521640339074561, -0.17470713163130536, -0.9835816666762182, 0.9501048780610305, -0.3117115150831873, 0.011689826738600901, -0.30863602762645836, -0.933977167559093, 0.18008457160249566
0.00016185783024773824, 0.0009364434107403052, 0.006072124073122335, -0.05029588738145174, -0.17146493926627737, -0.9839055332271102, 0.9498273269751975, -0.3127182823174209, 0.005943469996007687, -0.3087043450352844, -0.9342414305236382, 0.17859052844281087
0.00016135799838076908, 0.0009347394217031255, 0.006062346189378792, -0.06660249747098716, -0.2005794588450516, -0.977410859372891, 0.9494238324072989, -0.31399732431156563, -0.00025842255093842825, -0.30685256034073516, -0.9279943755296169, 0.2113479245172088
0.000160696640341731, 0.0009327476820145219, 0.0060526405694120485, -0.09039137115232285, -0.24006534071326183, -0.9665392036588213, 0.9485519867834702, -0.31646003802734646, -0.01010805128903993, -0.30344444036814133, -0.9177263625503824, 0.2563197126436233
0.0001597984515667928, 0.0009303622331433348, 0.006043036393126227, -0.11449413841014802, -0.25507961020841685, -0.9601174327787408, 0.9466272997389175, -0.3211494761964643, -0.027563913505567725, -0.30131021831116794, -0.9120292793516329, 0.2782350552080338
0.00015865970707015808, 0.0009278252429850437, 0.0060334871842507186, -0.13814639564466294, -0.26066517909066217, -0.9554942374394633, 0.9439671439871883, -0.3266215154339438, -0.047375275495821226, -0.29973589114929033, -0.9084998899643671, 0.2911809497403183
0.00015728483274194888, 0.0009252310250084008, 0.006023977819263836, -0.1612553566551159, -0.2631868151575209, -0.951172650088969, 0.9407606379771292, -0.33227446015983175, -0.0675507598651367, -0.29827190947673293, -0.9057187109984719, 0.3011768327152179
0.00015567916222196222, 0.0009226103907602535, 0.006014506692751544, -0.18384310840574583, -0.26267473642945743, -0.9472083690157241, 0.9369939051615814, -0.33805075787814703, -0.08811416905390289, -0.2970591408823546, -0.9037276514192346, 0.30827292920156324
0.00015384803028475172, 0.0009199940724051876, 0.0060050722161984725, -0.2059309511546813, -0.25914014583258493, -0.9436306630109021, 0.9326509248821633, -0.343890099429491, -0.10909560866882013, -0.296234190587403, -0.9025441730642559, 0.3125049119530521
0.0001517967717048708, 0.0009174128021077887, 0.00599567280108925, -0.22753580896785375, -0.252582227242433, -0.9404412124734839, 0.9277139825521623, -0.3497276280867018, -0.13052721068825368, -0.2959294210019521, -0.9021600770562292, 0.3138996227320892
0.000149530721256873, 0.0009148973120326425, 0.005986306858908509, -0.24866700793754581, -0.24298853221819858, -0.9376146822516348, 0.9221640706001943, -0.3554927633208415, -0.15244120873501407, -0.29627376876373734, -0.9025416713021941, 0.3124746157779442
0.00014705521371531196, 0.0009124783343443354, 0.005976972801140881, -0.26932321495002187, -0.23033663914362043, -0.9350989458645572, 0.9159815760272845, -0.3611080245384553, -0.17486779861514345, -0.29739327206168664, -0.9036293638887329, 0.3082388918525495
0.00014437558385474116, 0.0009101866012074526, 0.005967669039270995, -0.28948951616640606, -0.21459712994250987, -0.9328150362479036, 0.9091472850440858, -0.36648796159279606, -0.19783272758703235, -0.29941114562872884, -0.9053367582441325, 0.3011948207477967
0.00014149716644971407, 0.00090805284478658, 0.005958393984783483, -0.30543387493342483, -0.19923835081695074, -0.9311359877090427, 0.9030880822418745, -0.3706412913399621, -0.2169261368911975, -0.30189743913429645, -0.9071544040115701, 0.29313618597260693
0.0001384620497387289, 0.0009060730000553253, 0.005949141224600575, -0.2721246613387789, -0.22811092805137642, -0.9348334467672809, 0.9151959339460305, -0.36146806472268816, -0.17820561347580396, -0.29726178896707867, -0.904049911613941, 0.30713056853872056
0.00013575745035066555, 0.0009038058454601368, 0.005939850078566147, -0.24204629597512822, -0.2847858408278362, -0.9275293070672771, 0.9275149140919814, -0.3485455864205292, -0.13502613940905647, -0.2848327136086463, -0.8929798424660838, 0.3485072828616112
0.00013334798773818494, 0.0009009709297954533, 0.005930616939185289, -0.29933154847490356, -0.3254956122447367, -0.8969131677576379, 0.9154702090840017, -0.3629040614625162, -0.17382444722680573, -0.26891433648526586, -0.8731284261684729, 0.4066101708630208
0.00013038176164885778, 0.0008977454309066089, 0.005921728977820646, -0.40256783536993884, -0.348990540340223, -0.8462533548994658, 0.8812791855303203, -0.3977756544065174, -0.25518919630831205, -0.24756036653022076, -0.8485164297257338, 0.4676897833061106
0.00012638963662181117, 0.0008942846132558037, 0.005913336978012187, -0.4757073943256732, -0.361981439358913, -0.8016682060201263, 0.8497870551597398, -0.42441668030466423, -0.31262188401022983, -0.22707803915573957, -0.8299638058607243, 0.5095052944713789
0.00012164163933004535, 0.0008906717055855711, 0.005905335592041565, -0.5159689648218216, -0.3685935916194331, -0.7732495014921021, 0.8296714848216002, -0.43962496009168295, -0.34405685829279353, -0.21312262811493995, -0.8190657230536953, 0.5326444280229619
0.00011647656464181176, 0.0008869819227495509, 0.005897595026813528, -0.5386943201024914, -0.37018974638954555, -0.7568143637361531, 0.8170781156910487, -0.4485653900857697, -0.36217736494149716, -0.20540638341609438, -0.8134793436131278, 0.5441135682618797
0.00011108736564648, 0.0008832784751079551, 0.0058900237139993825, -0.555725564028271, -0.3666509487859462, -0.7461475586235108, 0.8064669003455327, -0.45575161643090617, -0.37669829143186295, -0.20194116997910197, -0.8110841792779475, 0.5489646782740123
0.00010553243072981894, 0.0008796134967634743, 0.005882565354343701, -0.5676884610395784, -0.3580822200068719, -0.7412873497621993, 0.7978281494555184, -0.4613148451554329, -0.3881479841189466, -0.2029779671267258, -0.8117670462356605, 0.5475711894420054
9.98651098429736e-05, 0.0008760387070963801, 0.005875164969152203, -0.5746585730410779, -0.3445008544733986, -0.7423521305266729, 0.7913211415693279, -0.465276917698965, -0.39664624133094534, -0.20875434207653754, -0.8153750984201373, 0.5399861790273369
9.41387529370892e-05, 0.0008726058254869452, 0.0058677675797306145, -0.5765515771442966, -0.3258170097285646, -0.7492873648100311, 0.7870532093288326, -0.4677140404592694, -0.40223229860672516, -0.219398096112088, -0.8216366913233618, 0.5260965908401134
8.840670996331059e-05, 0.0008693665713154407, 0.005860318207384651, -0.5731169374865911, -0.3018551342400971, -0.7618533020856993, 0.7850808359766508, -0.4687581197926688, -0.4048628238189389, -0.23491499941083796, -0.8301501689822963, 0.5056338991706065
8.27223308727832e-05, 0.0008663726639621392, 0.005852761873420037, -0.5639513234557614, -0.2723961390031772, -0.779589153483203, 0.7854008307569705, -0.46860369437069416, -0.40442071246215594, -0.2551557168059456, -0.8403635648207857, 0.4782098274846986
7.713896561665202e-05, 0.0008636758228073122, 0.005845043599142495, -0.548538718882894, -0.23724425284217052, -0.8017608361473351, 0.7879321450830518, -0.46751744496156367, -0.4007372872611581, -0.2797645592835773, -0.8515530536319929, 0.44338379336517736
7.170996414606205e-05, 0.0008613277672312315, 0.005837108405857744, -0.5265939916902561, -0.19812343044270359, -0.8267078530081455, 0.7927027896045792, -0.4657534905364784, -0.3933140900173867, -0.3071173314367667, -0.8624504579178458, 0.4023159857232341
