0.003044010140001774, 0.012459225952625275, 0.07277987897396088, 0.09097339405632711, 0.3503527747626694, -0.9321892376497223, 0.9671320345177742, -0.2542719632655411, -0.001181738802872763, -0.23744361306083414, -0.9014425671739634, -0.36196937536679996
0.003059462220588242, 0.012510895089395523, 0.0727209534760229, 0.048621989137613196, 0.25060123611315444, -0.9668686170472495, 0.9680597996250844, -0.2501976612144555, -0.016166467538027543, -0.24595960343548978, -0.9352005938735153, -0.2547620903833243
0.003062136647993078, 0.01251294834350604, 0.07265309191758612, 0.006752879782496738, 0.15058188455192076, -0.9885744760307313, 0.9681586272624833, -0.24838303393205197, -0.031220840986958674, -0.25024642069741376, -0.9568860770747483, -0.1474644514065403
0.0030568177769111377, 0.012495978819326929, 0.07258366572335644, -0.033225026115173126, 0.053350981327849864, -0.9980229308142181, 0.9675876694318619, -0.24840430800029778, -0.045490677400002365, -0.2503401677778937, -0.9671861106106977, -0.04336851206448563
0.0030468699807809944, 0.012476280833689445, 0.07251590638657303, -0.07118916363139945, -0.039523176106143955, -0.9966794978988706, 0.9665933825122457, -0.2493961840736206, -0.05915045437739302, -0.24623024969527435, -0.9675946785302199, 0.05595714623712844
0.003034267072331956, 0.012456146172015624, 0.07244899124411845, -0.10657089881798792, -0.12598495778365423, -0.9862912520839759, 0.9653481840988164, -0.25075660747574813, -0.07227729425187003, -0.23821319649054715, -0.9598171254043681, 0.14834270726345655
0.003020924658734971, 0.01243728050712289, 0.07238192793554894, -0.13911955913531468, -0.20485359828475838, -0.9688553821576171, 0.9639410837716069, -0.25214149992788576, -0.08510141615352704, -0.2268553179522479, -0.9457587785920376, 0.23254461385480787
0.0030085482120573367, 0.012421126708088124, 0.07231385824216482, -0.16069001226669866, -0.22585368116347557, -0.9608167539456395, 0.9617541527896536, -0.25461495626738384, -0.10099590901028567, -0.22182801795441426, -0.9402985370348428, 0.25812979622769383
0.0029968928862911773, 0.012406710906587569, 0.07224516033878936, -0.17270120711491585, -0.22136902013278978, -0.959776041577669, 0.9598192148714445, -0.2566337890425766, -0.11351728099815486, -0.2211817529196627, -0.9408160581362857, 0.256795204254843
0.002985228486524729, 0.012392844518662054, 0.07217637151350988, -0.17968798329202443, -0.2135682915852611, -0.9602608049325966, 0.958418124393604, -0.2579911209701906, -0.12196425843004402, -0.22169106318093035, -0.9422468712231935, 0.2510456256854745
0.0029733302157534166, 0.012379305066929372, 0.07210757809343636, -0.17844599430678248, -0.2071317552063367, -0.9619009632498586, 0.9584394979725963, -0.2577524287510559, -0.12230050776251598, -0.22259999066015515, -0.943747912028458, 0.24451814390761442
0.002960989780064197, 0.012365901381477116, 0.0720388517721469, -0.16282898932030854, -0.20715137494471478, -0.9646631682071422, 0.9610789949496066, -0.2544676142475416, -0.10757973213304907, -0.22319024553860115, -0.9446346072199974, 0.24052353967697293
0.0029479988855440308, 0.012352442292392886, 0.0719702642432196, -0.14955188671614378, -0.2134704591209937, -0.9654349259594422, 0.9633512787292696, -0.25136460646303566, -0.09364907040843691, -0.2226848601731219, -0.9440583656217213, 0.24323909091534154
0.0029341492382798763, 0.012338736629764284, 0.07190188720023256, -0.13832494623440772, -0.2241535705508558, -0.9646871959648634, 0.9653201778741681, -0.2482742557603024, -0.08072699743984317, -0.22141175090367882, -0.9423985731822658, 0.25072248767471345
0.00291923254435869, 0.012324593223678895, 0.07183379233676385, -0.12761652625766778, -0.23700622689761008, -0.9630898559520211, 0.9671507878317634, -0.24497591775600794, -0.06786864751857785, -0.2198485292703259, -0.9401142739749038, 0.26048373470586317
0.0029074856601019983, 0.0123089980381601, 0.07176558094603701, -0.11663613304448822, -0.25123275500350734, -0.960873620868934, 0.9688996699920893, -0.2413778892049592, -0.054499028359950956, -0.21824170535818482, -0.9373466900866009, 0.2715727170134092
0.0029053107101875615, 0.012290131955205622, 0.07169674779911958, -0.10461756816737688, -0.26607680212898244, -0.9582579505537945, 0.9705912039518827, -0.23737853072308615, -0.040051815976102106, -0.21681300524179575, -0.9342668615125783, 0.28308576834143023
0.0029024432478815814, 0.012269551772014902, 0.07162849338547425, -0.09079903202478308, -0.2807761448641356, -0.9554686244239506, 0.9722341593142787, -0.2327774166115256, -0.023987783935203982, -0.2156763205496148, -0.9311173023797261, 0.2941161232630432
0.0028988304691993064, 0.012247637757215154, 0.07156074785998598, -0.07442738660312179, -0.29456132120988265, -0.9527298631671612, 0.9738012837738779, -0.22732695018777663, -0.0057894247271666355, -0.21487583354992917, -0.9282004555942712, 0.30376354355124763
0.002894808601910556, 0.012224720266360851, 0.07149339430015232, -0.054764473323902656, -0.3066527586720936, -0.9502446727345281, 0.9752034359671387, -0.22079795388549753, 0.015050649084497908, -0.21442740249194492, -0.9258576289898856, 0.31114070756136203
0.0028907138737851576, 0.012201129655006492, 0.0714263157834709, -0.0373219635580574, -0.3153789883797248, -0.948231598674476, 0.9760647050950493, -0.21495062409755814, 0.03307447154203246, -0.21425396730022409, -0.9243009915004159, 0.3158526786453818
0.0028868825125929302, 0.012177196278706554, 0.07135939538743934, -0.03071556167297528, -0.3181376455310958, -0.9475468287990018, 0.9762874910976572, -0.21278860436947583, 0.03979628847936073, -0.21428786479256234, -0.9238557508325754, 0.3171297252800863
0.0028836507461036985, 0.01215325049301552, 0.0712925161895552, -0.021964387531738457, -0.3163515667728896, -0.9483877117933854, 0.9764778037234628, -0.21031214609728993, 0.04753840594040266, -0.214496304200697, -0.9250353979196095, 0.31352966060638016
0.0028813548020872846, 0.012129622653487875, 0.07122556126731608, -0.019277055052775032, -0.31113445741834345, -0.9501703765933167, 0.9764927102652872, -0.20992372251205568, 0.04892869838280422, -0.21468670649867044, -0.9268912450410105, 0.30786724073710614
0.002880330908313512, 0.012106643115678106, 0.0711584136982196, -0.022051194079569333, -0.30401056960384065, -0.9524134178017514, 0.9764027077018241, -0.21125434583304237, 0.044825815767251906, -0.21482899532468017, -0.9289505772299201, 0.30149515391128084
0.002880915292552204, 0.012084642235140696, 0.07109095655976333, -0.027703562179162304, -0.2964690691815541, -0.9546405625476053, 0.9762320815016793, -0.21338164572728793, 0.037936740946115384, -0.2149498445905086, -0.9308997606001074, 0.29533404819827186
0.0028834441825731833, 0.01206395036743013, 0.0710230729294449, -0.03369772107543821, -0.2900053840722086, -0.9564315661893708, 0.97601660511542, -0.21548467170263347, 0.03095065104611919, -0.21507219749026682, -0.9324501238513184, 0.2903114127904183
0.002886809396660218, 0.012044792373861827, 0.0709547055445855, -0.038414304520016346, -0.28574051552516905, -0.9575367872806007, 0.9758206649734633, -0.21706516150999, 0.02562704566254141, -0.21517056262182213, -0.9333997393646801, 0.28716990708456197
0.0028851203400342244, 0.012026708101961681, 0.07088609868548579, -0.04229185323404604, -0.28386730816322375, -0.9579304518106705, 0.9756460694598649, -0.21828357329209006, 0.021610848626405766, -0.2152350954132401, -0.9336871172866219, 0.2861856403026736
0.0028791377785740233, 0.012008954574649006, 0.07081746002877312, -0.04605928795016987, -0.28443738250673156, -0.9575875507890872, 0.9754843447876923, -0.21931300260596928, 0.018223610017793962, -0.21519487695493564, -0.9332722980570427, 0.28756561444594997
0.002871019548853078, 0.011990786251661596, 0.07074897195254151, -0.05044705138404113, -0.28749356181491276, -0.9564531075393246, 0.9753148129269814, -0.2203235352813029, 0.014783622233931754, -0.21497932619641139, -0.9320970935026691, 0.29151140216467275
0.002862920411508426, 0.011971458966767705, 0.0706808164826955, -0.05617559878846278, -0.2930670825908805, -0.9544401433313813, 0.9750941157296391, -0.22153646440323652, 0.010632986840341134, -0.2145594732706785, -0.9300716531759172, 0.2982129312897505
0.0028563353012024807, 0.011950523300077287, 0.07061310009620946, -0.061929935466350755, -0.3010480822402134, -0.9515958886379362, 0.9748721750792554, -0.22265515111168604, 0.006994707976309091, -0.21398346980403704, -0.927251171939363, 0.3072724178765527
0.002851283180609298, 0.011928189153037595, 0.07054576027382378, -0.05970116535212956, -0.31047754710586206, -0.9487040969652891, 0.9751304508979762, -0.22135467823148067, 0.011077461647290912, -0.21343939324104919, -0.9244489164730331, 0.31597124274960203
0.002847582711420799, 0.011904755902175641, 0.07047871156216359, -0.05080217578109978, -0.31984647715516296, -0.9461064263534722, 0.9757258927565013, -0.21795791358172864, 0.021291550240134495, -0.21302141005174738, -0.9220588804184534, 0.323155225705904
0.002845052555328908, 0.011880522924018451, 0.07041186850785405, -0.038543047957303574, -0.3276272269632083, -0.9440205684234637, 0.976341848270599, -0.21350533748126607, 0.03423545213023109, -0.2127698962957675, -0.9203672479067305, 0.3281053187787105
0.00284351137402555, 0.011855789595093051, 0.07034514565752034, -0.026198425076745704, -0.33235970905642614, -0.9427887707856016, 0.9767682326850058, -0.20917126912112072, 0.04659613494347165, -0.2126910015513319, -0.9196653760853388, 0.33011836345302564
0.002842777829202647, 0.01183085529192646, 0.07027845755778757, -0.016114356350975696, -0.3330334136777317, -0.9427773188264292, 0.9769724396519444, -0.2058781732188349, 0.056027046616821584, -0.2127561507452178, -0.9201646174278993, 0.328682060894485
0.0028426705825521223, 0.011806019391045702, 0.07021171875528091, -0.008564579460191107, -0.3294737675690823, -0.9441258838007274, 0.9770365699214859, -0.2037758639992115, 0.062249002300697985, -0.2128994810109398, -0.9219123785562321, 0.32365317432409546
0.0028430082957659007, 0.011781581268977801, 0.07014484379662553, -0.0034404019894863284, -0.3213982741229175, -0.946937861226892, 0.9770371140542194, -0.20281972390571623, 0.06528887619963501, -0.2130414076998952, -0.9249688151422291, 0.31471582359269457
0.002843609630535905, 0.011757840302249776, 0.07007774722844656, -0.00010553262010769269, -0.3101594474269644, -0.9506845460165355, 0.9770326504592504, -0.20261299698656607, 0.06599373749602275, -0.21308962621262983, -0.9288428772531563, 0.30305728926498343
0.002844293248554058, 0.011735095867388648, 0.07001034359736914, 0.002499350304830769, -0.2985801331702443, -0.9543812955648769, 0.9770434508969168, -0.2025796588981069, 0.06593615745682203, -0.21302546398845823, -0.9326367920454168, 0.29121944614969697
0.002844877811512283, 0.011713647340921443, 0.06994254745001843, 0.005449118430170499, -0.28958381756317353, -0.9571371478079161, 0.9770536153204241, -0.20226150611667162, 0.06675714143598693, -0.21292378894248226, -0.935538078192948, 0.28183676898769444
0.00284519267830129, 0.011693846003798795, 0.06987425930176723, 0.009574142645334854, -0.2858981500071164, -0.958212180894772, 0.977034102023752, -0.2013166034199921, 0.06982827987340312, -0.21286779764738362, -0.9368745236209307, 0.27740480838443754
0.002845135404526924, 0.011676198567738319, 0.0698053394380942, 0.01072398171049535, -0.28535256849647084, -0.9583626181507394, 0.97702151357257, -0.2010406954034675, 0.07079266069342616, -0.21287075476128076, -0.93710007493552, 0.27663964163367033
0.002844976086784099, 0.01166001615552714, 0.06973600193983781, 0.0061378750619595, -0.28519601818214374, -0.9584495592897803, 0.9770542465544901, -0.20235326484044971, 0.06646920714322122, -0.21290215071614804, -0.936865191701272, 0.2774099616073249
0.0028452867058655867, 0.011643553007591203, 0.0696667722813994, -0.0024284606341423375, -0.28562443410905747, -0.9583385545927019, 0.9770652671338861, -0.20473431298521155, 0.05854335869303505, -0.2129261992793192, -0.936217145605844, 0.27957090323227407
0.002846648608912064, 0.011625030573107216, 0.06959818559859844, -0.01312850825392168, -0.28690878422587807, -0.9578679406917507, 0.9769868612982864, -0.20764116160969961, 0.048803902056060326, -0.2128950800783091, -0.9351836704837201, 0.28303213128379473
0.0028494709451697075, 0.011602834598439058, 0.06953072931542435, -0.024140867380898264, -0.2894109061382943, -0.9569004890427788, 0.9768000955699224, -0.2105643277751135, 0.039041480033483414, -0.21278813833644067, -0.9337579939560496, 0.28777980628683075
0.002850624209394551, 0.011578832485980916, 0.06946387704372538, -0.03358496124543165, -0.29384512097939813, -0.9552628409263838, 0.9765599088692615, -0.21297562210840804, 0.031178979726676718, -0.21260948889314132, -0.9318242480554686, 0.29411014258005075
0.002847970664918921, 0.011555282167084537, 0.0693969542114429, -0.03761222779847749, -0.3012323634298757, -0.9528086815003769, 0.9764670375459696, -0.2137056829858773, 0.02901733353941651, -0.21236158999742266, -0.9292948640135653, 0.30218142036163564
0.002842569694633183, 0.011532309922220624, 0.06932988137645005, -0.032057002689687836, -0.3116839799733301, -0.9496449047968077, 0.9767236366925991, -0.21138900983483894, 0.03640912038253471, -0.2120926356678536, -0.9263734577097031, 0.3112056084752201
0.002835546814205336, 0.011509996988428809, 0.06926259170753964, -0.022012166741682562, -0.3180808978114471, -0.9478080011071863, 0.9770229986732166, -0.20787125645574647, 0.047070168930066436, -0.21199416166237242, -0.9249940990011629, 0.315348049358316
0.0028280275393033783, 0.011488424602748733, 0.06919501837350439, -0.013516947078541142, -0.31577713583663436, -0.9487371040622832, 0.9771604067062722, -0.20540962844948388, 0.05444652519562442, -0.21207270382420432, -0.9263323836631517, 0.3113414255598419
0.0028212490607178063, 0.01146758867156412, 0.06912712892210816, -0.004985877455476589, -0.3097505971973962, -0.9508047688994072, 0.9772277271104012, -0.20321289952689564, 0.06107771142168934, -0.212134651560367, -0.9288482572528886, 0.3037100666847142
0.0028182253785261117, 0.011446127446138134, 0.06905943788842597, 0.007829088230388434, -0.3049751594449589, -0.9523281249123133, 0.9772173876633462, -0.19966432476045556, 0.0719745417934467, -0.2120963993704421, -0.9311950974631864, 0.2964638390000047
0.002822476483132378, 0.01142230987290231, 0.06899265513201722, 0.023464243457309242, -0.3001240752807841, -0.9536115397350381, 0.9770002669130429, -0.19533878543453265, 0.08551746813841328, -0.21194317099359217, -0.9336853315447426, 0.2886378248382654
0.002830990217089357, 0.011399392732117083, 0.068925795902654, 0.024228475991464694, -0.28668327596579635, -0.9577189985755998, 0.9770415678266474, -0.19604578875359494, 0.08340157942645729, -0.21166661449075494, -0.9377519650704551, 0.27535158673325694
0.0028398473835016826, 0.011379016826974304, 0.06885824009487579, 0.0181120325511723, -0.2746412084384267, -0.9613761807452615, 0.9772339658334783, -0.19842933546131403, 0.07509710280532375, -0.21138999573829728, -0.9408496189380436, 0.26479475872059993
0.002847038442064337, 0.011359421444142984, 0.0687903608071835, 0.011942529421183281, -0.26859125061808203, -0.9631802095570895, 0.977370562146274, -0.20031424028418102, 0.06797785955182531, -0.21119697024555176, -0.9421958104506654, 0.2601209228960898
0.002853456122478266, 0.011339270400681216, 0.06872242362521544, 0.0007261966993322289, -0.26257015187790317, -0.9649126323046914, 0.9774657729374109, -0.20349975619872593, 0.05611160274781893, -0.211092717482683, -0.9432098200134867, 0.2565055556043616
0.0028591302861468017, 0.011319667183227706, 0.06865423183790847, -0.02072463511746922, -0.25351579743729513, -0.9671092130411022, 0.9772333122181249, -0.2094322644272362, 0.03395850568080252, -0.21115289008308796, -0.9443875618974513, 0.25208448969134695
0.002852669212559306, 0.011307064551829442, 0.06858474853226851, -0.04810479295406039, -0.24591402180766883, -0.9680972176249781, 0.9762367723553433, -0.21660873001052483, 0.0065132468438601435, -0.21130000756286896, -0.9447787846695146, 0.25049022903563845
0.002840793274029909, 0.011294327314594475, 0.06851559604231854, -0.07588453901574296, -0.24204742112683136, -0.9672923977082725, 0.9744811262907519, -0.22353009808528315, -0.020514135445867308, -0.21125357095556016, -0.9441648908828554, 0.2528331220047921
0.002829681531824085, 0.011278026399228046, 0.06844735549559222, -0.101268631572729, -0.2394133918165725, -0.9656220234016367, 0.9722188745780516, -0.22970578464044833, -0.04500791504727749, -0.21103346695150949, -0.9433538468260998, 0.25602420882570043
0.0028187491014957486, 0.011261031293839902, 0.06837924667781015, -0.12550636191760176, -0.2360625365452848, -0.9635987920073447, 0.9694431724224765, -0.23553929061066664, -0.06856513707467246, -0.2107797157262829, -0.94275963077469, 0.25841089377175513
0.0028078943835946344, 0.011243663081365728, 0.06831119385777486, -0.14870353723696803, -0.23343801613461754, -0.9609338950397929, 0.9662440190650945, -0.24103246808086595, -0.09097167114975792, -0.21038002194635078, -0.9420244380874524, 0.2614004675050767
0.0027970794645197318, 0.011225995454305382, 0.06824318854935253, -0.15526127028834688, -0.2409676668850043, -0.9580336744939849, 0.9654835710087586, -0.24231659226576907, -0.0955203812015029, -0.2091301318811431, -0.9397963889208676, 0.27027270544890963
0.0027862664306700343, 0.011208102105158723, 0.06817522226640942, -0.15455863125669606, -0.24823742772739582, -0.956289605182103, 0.96584127232369, -0.24173558238773923, -0.09335172673184017, -0.20799583212221415, -0.938052284088124, 0.27712027377447734
0.002775417368444533, 0.011190056726425607, 0.06810728652281171, -0.15521833025593376, -0.25016929694220685, -0.9556791264959186, 0.9658333042262123, -0.24166928583957592, -0.09360547382106506, -0.2075410764163004, -0.9375560138728946, 0.27913334170380305
0.002764494364242222, 0.011171933010605902, 0.06803937283242568, -0.15650754651054913, -0.2507262706377602, -0.9553228381533275, 0.9656761016130824, -0.24186043261665663, -0.0947269650513698, -0.20730425624817267, -0.9373579190184315, 0.2799733505082719
0.0027534595044620917, 0.011153804650199462, 0.06797147270911752, -0.15833938168654754, -0.25026106408822174, -0.9551429421864315, 0.9653887384310703, -0.2422839571378113, -0.09655603463331355, -0.2072515956937081, -0.9373728628006436, 0.2799623049043166
0.0027422748755031347, 0.011135745337706148, 0.06790357766675346, -0.16071326677680892, -0.24877280232429924, -0.9551352462900955, 0.9649679085264695, -0.2429350803524243, -0.09909330072316891, -0.20738413969244968, -0.9376004690473849, 0.27910066113527254
0.002730902563764343, 0.011117828765625823, 0.06783567921919972, -0.163613231569463, -0.24628459620582696, -0.9552877096074931, 0.9644201235338619, -0.24376649285373078, -0.1023314335124964, -0.2076644788555032, -0.9380414674381536, 0.27740524434146424
0.002719304655644708, 0.01110012862645834, 0.06776776888032253, -0.16685779506015608, -0.243100000710144, -0.9555421842505913, 0.9637806997515844, -0.24470857538056992, -0.10603997322499797, -0.20805104905769958, -0.9386267110997535, 0.27512662211434713
0.0027074432375432233, 0.011082718612703569, 0.06769983816398811, -0.1701629048052257, -0.23969988799336173, -0.9558182617653931, 0.9631098219903462, -0.2456660398826617, -0.10985293639267868, -0.20848035066636647, -0.9392508507019519, 0.27266056341482275
0.00269528039585888, 0.011065672416861363, 0.0676318785840627, -0.17324875668145284, -0.2365630331292698, -0.9560453962365023, 0.9624719301312606, -0.24654927670517204, -0.11340739775500666, -0.20888430294719734, -0.9398145484683862, 0.27039963474351625
0.0026827782169906705, 0.011049063731431583, 0.0675638816544125, -0.17593579193521564, -0.23400648496704515, -0.9561838537172109, 0.9619127665614081, -0.24730384205253672, -0.11646733118017258, -0.2092138299499021, -0.9402562282162358, 0.2686034226480955
0.0026699091323239272, 0.01103294810495239, 0.06749584072605036, -0.17814358597332805, -0.23218459962311636, -0.9562192083797609, 0.9614569565412588, -0.24790648568101528, -0.11892390455963216, -0.2094406443243131, -0.9405491406912995, 0.2673984488546538
0.002656761006909234, 0.011017178628082097, 0.06742776964963575, -0.17979597336761569, -0.2312446043963676, -0.9561377206754051, 0.9611285218189485, -0.24833384024659788, -0.12067422398549053, -0.2095360887935889, -0.9406679736899438, 0.2669052093293434
0.002643493949453284, 0.011001481684097635, 0.06735969510544267, -0.18081640283835848, -0.23133341963833123, -0.9559237822248342, 0.96095110129699, -0.24856112146874193, -0.12161558210321284, -0.20947173885920375, -0.9405861033699345, 0.2672440322376993
0.0026302661835336315, 0.010985586879507726, 0.06729164364480159, -0.18112751504471158, -0.23259734054107725, -0.9555581094140461, 0.9609470933812089, -0.24856211554552013, -0.12164521543300316, -0.20922119160336994, -0.9402740833867291, 0.26853517664416393
0.0026171673515202032, 0.010969342200991092, 0.06722363435647687, -0.18065070612998793, -0.23518157255811137, -0.9550156806586113, 0.9611368504486817, -0.24830835910460675, -0.12066032284212658, -0.20876129211212816, -0.9396981359606241, 0.2708987563422971
0.0026042186557866578, 0.010952713771647107, 0.06715567888203237, -0.17932046812416658, -0.23920423854305461, -0.9542669972155421, 0.9615343991323929, -0.24777197512208435, -0.1185776017180699, -0.2080763537666829, -0.9388239348286443, 0.2744336903443591
0.002591438334082697, 0.010935672831905378, 0.06708778854044073, -0.17723429935429705, -0.24449912596113185, -0.953314313611536, 0.9621109768780852, -0.24697326279259593, -0.11552781325843545, -0.20719669713363678, -0.9376696565794491, 0.279007426114593
0.002578844624158025, 0.010918190622195525, 0.06701997465067445, -0.17459273759458183, -0.2507230945507462, -0.9521844914921305, 0.9628110331978847, -0.24597057694528895, -0.11177383249053982, -0.20618508755885107, -0.9362886334545023, 0.2843436381075717
0.0025664557637623425, 0.010900238382947156, 0.06695224853170616, -0.1715946656004791, -0.2575389574550772, -0.9509095415077146, 0.963580466288029, -0.24482779342206654, -0.10757340078396103, -0.20510474330352418, -0.9347368811387693, 0.2901706520538588
0.0025542899906453535, 0.010881787354589886, 0.0668846215025084, -0.16834088990571228, -0.2647743049803789, -0.9495029816740495, 0.9643911305743751, -0.2435749438575935, -0.10305820682628357, -0.2039879703689208, -0.9330411642296, 0.29634961413479316
0.0025423655425567604, 0.01086280877755333, 0.06681710488205377, -0.16483494191990827, -0.27241544918996013, -0.9479553074722947, 0.9652392008232216, -0.242203635085625, -0.09823789668685874, -0.2028367006150736, -0.9311966613954014, 0.3028696925901457
0.002530700657246267, 0.0108432738922671, 0.06674970998931484, -0.16188697507590658, -0.2782547939938057, -0.9467665377062275, 0.9659159110627974, -0.24106338738831257, -0.09431275638320805, -0.20198777204697027, -0.9297648696742296, 0.30779575543396326
0.002519313572463574, 0.010823153939160801, 0.06668244814326416, -0.16011003878740468, -0.2804780832588596, -0.9464126057333196, 0.9662703983018951, -0.2404562041004708, -0.09220808682046053, -0.20170843523510026, -0.9292539258572057, 0.3095171213906889
0.0025082225259583867, 0.01080242015866406, 0.06661533066287437, -0.1592173026110042, -0.2796110782776044, -0.9468196742008013, 0.9663773259971344, -0.24027865801360032, -0.09154796721834627, -0.20190273486979823, -0.929561085355674, 0.30846632594900414
0.0024974457554804057, 0.01078104379120648, 0.06654836886711796, -0.1589145908302878, -0.27617337456408986, -0.9478789057696797, 0.9663055796961108, -0.2404105909959123, -0.09195800337740927, -0.20248377581773228, -0.9305541440017767, 0.30507262350416703
0.0024870004438028817, 0.010758998879132547, 0.06648157340267273, -0.1589059212007175, -0.2706759302899871, -0.9494648223968076, 0.9661197375616967, -0.2407312833881412, -0.09306504119172125, -0.20337541862543196, -0.93208529114022, 0.29975898508465404
0.00247632454122211, 0.010737820619084014, 0.0664145779430048, -0.1588953873921537, -0.26362557697213396, -0.9514482702867282, 0.9658817268501947, -0.24112931183902198, -0.09449415171811093, -0.2045109913974872, -0.9340011831567181, 0.29294546294398854
0.0024650037235089146, 0.010718771300828192, 0.06634706911691587, -0.1585878306512191, -0.2555304944997201, -0.9537054400338024, 0.9656522304488787, -0.24150648044410628, -0.09586652039479696, -0.20582922484051133, -0.9361510488613625, 0.2850535807832016
0.002453262621569117, 0.010701455239738651, 0.06627912727641115, -0.1576891924552584, -0.2469045544428244, -0.956123558740291, 0.9654947902396258, -0.24176213504556013, -0.09680330613338274, -0.2072532957589566, -0.9383971499602942, 0.27650833684257653
0.002441326659813231, 0.010685474665699794, 0.06621083327158517, -0.15590706783660888, -0.23826917514181006, -0.9586035605900035, 0.9654733999345734, -0.24179959765955084, -0.0969230034122691, -0.20869619119036753, -0.940617220100143, 0.267740816898942
0.002429421262651771, 0.010670431808596047, 0.06614226795253245, -0.15295025906914034, -0.23015587253832678, -0.9610590473986519, 0.9656485717432401, -0.24153237500116043, -0.09583813289364047, -0.2100691651359693, -0.9427037637362122, 0.25919212892496674
0.0024177718544952493, 0.010655928898311821, 0.06607351216934755, -0.14804635277308228, -0.22508115719054142, -0.9630268688403012, 0.9662056795689128, -0.2406882845818455, -0.09228073706805784, -0.2110186299817235, -0.9441438568051033, 0.2531077151289963
0.0024066038597541782, 0.010641568164731526, 0.06600464677212498, -0.14267213768934045, -0.2235220652738388, -0.9642004705780182, 0.9669219474012823, -0.23958222043666869, -0.08753460621004268, -0.2114393737241615, -0.9447953460863115, 0.25031009818379507
0.0023961427028390725, 0.010626951837739582, 0.0659357526109593, -0.1376948804494996, -0.2245360172711872, -0.9646883936515412, 0.9676381717378103, -0.23843322651015814, -0.08261939900449333, -0.21146273547343053, -0.9448455817983957, 0.2501006558610857
0.002386613808160445, 0.010611682147220405, 0.06586691053594503, -0.133453615127307, -0.22754718582195693, -0.9645788774558359, 0.9682933816380064, -0.23733323812680152, -0.07797987661109132, -0.21118252694171152, -0.9444020395492351, 0.25200541265964616
0.002378242600128808, 0.010595361323058404, 0.06579820139717668, -0.1302847749692644, -0.2319785333920187, -0.9639563462400651, 0.968832894370642, -0.2363861033293535, -0.07405695739205613, -0.21068626010400562, -0.9435611110034433, 0.25554594421617216
0.002371033214036821, 0.010577759205940594, 0.06572969045912866, -0.12852267343793886, -0.2372555246497609, -0.962907959482905, 0.9692059227151997, -0.23570780809544453, -0.07128610367118957, -0.21005190260062734, -0.9424179779832343, 0.2602432573340735
0.002363526178927484, 0.010559809798175718, 0.06566132053566678, -0.12848802760849334, -0.24283841033141948, -0.9615198038672881, 0.96936439178383, -0.23541766149436663, -0.0700799586050745, -0.20934063796321106, -0.9410674955199723, 0.26564725892228375
0.0023553255236964314, 0.010541780452409385, 0.06559306095481181, -0.13023821184245918, -0.24884588446189, -0.9597467030224477, 0.9693077170006604, -0.23553599682139018, -0.0704651968302192, -0.2085199221634379, -0.9394671468378943, 0.27188402320331373
0.002346412823608138, 0.010523673445693707, 0.06552490035711309, -0.1335809824270588, -0.25601736075106896, -0.9573981575749343, 0.9690740781825853, -0.23600188188478682, -0.07210092053095961, -0.20748867951865335, -0.937421048804056, 0.2796251511053851
0.002336769653927078, 0.010505491055080791, 0.06545682738311999, -0.1383088375636432, -0.26511429368349604, -0.9542458156767023, 0.9687010350122939, -0.23674607079708448, -0.07462977105855503, -0.20612852839406837, -0.9347008661849218, 0.2895605645374606
0.0023263775899177255, 0.010487235557622751, 0.06538883067338187, -0.14389345715884722, -0.2771155796154174, -0.9500008571160797, 0.9682799018343838, -0.23759212146216124, -0.0773564187556893, -0.20427605021262515, -0.930997819199122, 0.3025133979776899
0.0023152276938197694, 0.010468887724981378, 0.06532090642520445, -0.1486512673938211, -0.29009943563472695, -0.945380938112581, 0.9679929765283408, -0.2381801981537934, -0.079118838459767, -0.2022186887852201, -0.9268832238485238, 0.31622000451292404
0.002303509909447546, 0.01044997749746357, 0.06525320925304572, -0.15440534235049835, -0.30015606388634497, -0.9413104310299987, 0.9674544257590987, -0.23925221580820616, -0.08240334525974131, -0.20047674262307336, -0.9233984592488337, 0.3273291327152566
0.0022916028870864514, 0.010429607049283867, 0.06518604408363775, -0.16137784342362735, -0.31032377598951894, -0.9368331472079465, 0.9667081056179252, -0.24071407116332752, -0.08678810100802302, -0.1985765096494083, -0.9196498735929796, 0.33883842730108865
0.002279892727216767, 0.010406861666307755, 0.06511972177809172, -0.16909792738431925, -0.3200835146546146, -0.9321761821676612, 0.9657901156486466, -0.24248220260003017, -0.0919338563186164, -0.19660962201708637, -0.9158323673405452, 0.3501367325227552
0.0022687647055346307, 0.010380830465952154, 0.0650545518189503, -0.17710375196543188, -0.3289278319423907, -0.9275994514947954, 0.9647458085698516, -0.24445188783407673, -0.09751307287363696, -0.19467867342539108, -0.9121676139328969, 0.36062509369883794
0.0022579187781307177, 0.010353737051455788, 0.06498971756193102, -0.18495550667977517, -0.33632934734208325, -0.9234035037107429, 0.9636302434039478, -0.2464950662668439, -0.10323243823214012, -0.19289430926306783, -0.9089129509598555, 0.3696877507185915
0.0022456298510192024, 0.010328560555085449, 0.06492433027668121, -0.1924942743283556, -0.34112952088378934, -0.9200959756092818, 0.9624332897412878, -0.24859868093891874, -0.10918268467660977, -0.1914892089611373, -0.9065480383394066, 0.3761682296983783
0.002231749966791142, 0.010303203890400039, 0.06485926844680334, -0.19982303030686835, -0.34156334200591326, -0.9183709707720144, 0.9610576504341364, -0.25092114272081106, -0.11578761884458895, -0.19088988737226978, -0.9057444802666115, 0.378401886049169
0.0022165950112047177, 0.010278040849660119, 0.06479437113564453, -0.2070446115271391, -0.33581062775591325, -0.9188926766079679, 0.959387747498209, -0.2536294834548866, -0.12347969498148281, -0.19159248103171667, -0.9071401806824494, 0.37468521962245116
0.002200480870021979, 0.010253445225201887, 0.06472947740652156, -0.2142498958647177, -0.3222902544510937, -0.9220769891976521, 0.9573111741617003, -0.2568131230884109, -0.13267379407676302, -0.19404200047181602, -0.9111399517612133, 0.36355424678783466
0.002183723429004977, 0.010229790809361537, 0.0646644263227513, -0.22072362556238706, -0.3054136274232193, -0.9262848359456102, 0.9551586930317171, -0.2598657678927525, -0.1419212943974664, -0.1973650228498894, -0.9160743959208231, 0.34907699565248007
0.0021666385739157606, 0.01020745139447526, 0.06459905694765056, -0.2239055108163497, -0.29129859333138314, -0.9300599183650625, 0.9537939869013081, -0.2616732958440053, -0.1476621711645987, -0.2003580614224869, -0.9201479314573789, 0.3364289396852326
0.00214954219051638, 0.010186800772879253, 0.06453320834453619, -0.2235459668365269, -0.27825841752512576, -0.9341303194884187, 0.9532417282318101, -0.26237630267462025, -0.14996293992993054, -0.2033652090913151, -0.9239756105391576, 0.3239006990730907
0.0021327501645688842, 0.010168212736909708, 0.06446671957672498, -0.22073067457289117, -0.2663312185343884, -0.9382673666586643, 0.9532730774965539, -0.2623622355802026, -0.14978817397113708, -0.20627265699274294, -0.9274878648129831, 0.31179777356775357
0.002116554943337334, 0.010151847535027852, 0.06439948934112634, -0.21667894645770797, -0.25515444859331415, -0.9423091008395384, 0.9535972498471831, -0.26201373814574647, -0.14832763096193985, -0.20905147511047828, -0.9307228418739567, 0.300087441203725
0.002101127225393137, 0.010136756185589162, 0.06433172609476899, -0.21260687386764507, -0.24436141547665163, -0.9460897503992286, 0.9539328195683142, -0.26165996852645096, -0.14678636388024138, -0.21168489066221335, -0.9337138531139955, 0.2887350819840617
0.0020865982887374895, 0.010121630704299901, 0.06426373855272982, -0.20973123423511586, -0.2335859615903797, -0.949447422416909, 0.9540134242194644, -0.26159258972598187, -0.1463820460627132, -0.21417561904957141, -0.9364864737668942, 0.277708279776425
0.0020729701646712557, 0.010105536456063572, 0.06419577323361256, -0.2091057099742848, -0.2226399171971418, -0.9522112524679595, 0.9536201817294375, -0.26203158250289965, -0.1481485699199986, -0.2165256360213841, -0.9390265795181072, 0.26710621839271953
0.0020597974259713614, 0.010088832193048389, 0.06412786111851924, -0.21054793143799944, -0.2126848995495327, -0.9541670200079149, 0.9528463023972953, -0.26283022301883574, -0.15167134823581954, -0.21852572520182073, -0.9411086055134521, 0.2579943798875164
0.002046537863770553, 0.01007215641658218, 0.06405998656954101, -0.21328533031444413, -0.20520792344501848, -0.9551958312451126, 0.951914275405859, -0.2637355927384211, -0.1558933911410355, -0.21992857965984475, -0.9425143209937433, 0.25159128476659565
0.0020326492692015795, 0.010056147627992784, 0.063992133948769, -0.2163641616092175, -0.2001251625643609, -0.9555817436931957, 0.9510126271478836, -0.26457617870500516, -0.15992006961960004, -0.22082013625668503, -0.9433712763119542, 0.2475663596960091
0.0020175894333971855, 0.010041444328608018, 0.06392428761829426, -0.21876074698417505, -0.19684670965524054, -0.9557170650756589, 0.9503328897395874, -0.26519586015906393, -0.1629065819225834, -0.22138458450879303, -0.9438869257768113, 0.24508434688790193
0.0020009293237533998, 0.010028559899375051, 0.0638564321722799, -0.21995705536837343, -0.1948216868948334, -0.955857418294761, 0.9499686043275334, -0.26552818371232023, -0.16448232259557485, -0.22176236061530535, -0.944213584931867, 0.24347928339889507
0.0019831102908035468, 0.010017045481754533, 0.06378855398964034, -0.2208428219428626, -0.19353694243792904, -0.9559141697391512, 0.9497066860469036, -0.265770186438012, -0.16560017656546286, -0.22200373527065081, -0.9444096885951997, 0.2424967661916272
0.001964977481567001, 0.01000600580584328, 0.06372064027728917, -0.22086631196685771, -0.19271805987712926, -0.9560741716181616, 0.9496547110288898, -0.2658319599985345, -0.16579897123918863, -0.22220261487839077, -0.9445597484757292, 0.24172893807046106
0.0019473782602011194, 0.009994543150613258, 0.0636526782466861, -0.21908468114164525, -0.19215090949146035, -0.9565981028993671, 0.9500055498734253, -0.2655496273661751, -0.16423413352703584, -0.22246653163735508, -0.9447546895291339, 0.24072228586891478
0.0019311599889980352, 0.009981759796370848, 0.06358465510943802, -0.2145472168861442, -0.19161905590841732, -0.9577325457241059, 0.9509403574080669, -0.26475446324495694, -0.16005471203464328, -0.2228944332616399, -0.9450858223487651, 0.23902062675913724
0.0019166818450360524, 0.009967107349869133, 0.06351659654571988, -0.20645651372653734, -0.19072011899546581, -0.9596882536273118, 0.9525657145327779, -0.26331165445822813, -0.15259597675931313, -0.22359397898096955, -0.9456705604156376, 0.23603585262970478
0.00190286885637485, 0.009951307850280859, 0.06344859973924566, -0.19540094665647004, -0.18846385634008725, -0.9624447230356548, 0.9546383564563613, -0.2613840236298447, -0.1426323966473607, -0.22468662271718043, -0.9466571539076308, 0.2309895117260775
0.001889580704888359, 0.009935201494311291, 0.06338055447194542, -0.18303636759946598, -0.18570584430310877, -0.96540718224367, 0.9568078283897109, -0.2592635430611306, -0.13153400614120594, -0.22586825290013351, -0.9477846562542881, 0.22513946277981237
0.0018769539178801356, 0.00991958842745422, 0.06331230184857589, -0.17113106480726192, -0.1838004383107962, -0.9679522496149756, 0.9587928575025564, -0.2572051784377027, -0.12067208702476306, -0.22678274859436554, -0.9487164460794325, 0.2202423435182165
0.0018651250226537346, 0.009905268795203427, 0.06324368297389382, -0.161327933316956, -0.18339357059688927, -0.969711346842659, 0.9603763511484777, -0.2554465831823986, -0.11146437679892972, -0.22726760016864625, -0.9492701624954625, 0.21733751749162544
0.0018542305044998415, 0.009893042541547402, 0.06317453899575912, -0.15415559173040497, -0.18354273807140895, -0.9708491730642298, 0.9614975896239899, -0.25411641254823214, -0.10462903048807323, -0.22750481024696198, -0.9495982898967684, 0.21564936619342748
0.0018442913080590122, 0.009883155445699527, 0.06310482960100706, -0.14801599923440478, -0.18469932265308148, -0.971585006153416, 0.962457556458364, -0.25291099905434183, -0.09854683441658481, -0.22752300100613074, -0.9496958390815596, 0.2152001330025998
0.0018349608568848852, 0.009874090554533923, 0.06303489153487665, -0.14262370780120812, -0.18747752336278764, -0.9718593808812008, 0.9633317163589314, -0.2517512580375311, -0.09280791094230907, -0.2272674244804802, -0.9494595738156922, 0.2165087422247273
0.0018258197905356335, 0.009863981816711644, 0.06296513621351935, -0.13808308273540895, -0.19243817933390828, -0.9715454746932523, 0.964131687031105, -0.25062652032661537, -0.0873867116415776, -0.22667852197515712, -0.9487644040770202, 0.220143029032343
0.0018165588495884443, 0.009851485936351783, 0.06289586048353481, -0.13449847638746862, -0.2001470365572377, -0.9704902491044437, 0.9648683491005603, -0.24952454266792434, -0.08225917280353943, -0.2256972059051882, -0.9474590578825658, 0.2266762115504672
0.0018071801856942482, 0.009836738185528148, 0.0628270371415961, -0.13197336808178442, -0.21116722580569033, -0.9684995781427468, 0.965550965427173, -0.2484350302579223, -0.0774039333845484, -0.22426404812141473, -0.9453509604830759, 0.23667952643590018
0.0017977406219354018, 0.009820133414195223, 0.06275858209406354, -0.13044624084148151, -0.2252609770863449, -0.9655264214160229, 0.9661828536064311, -0.24736055912300908, -0.0728247704238474, -0.22242857650774092, -0.9423747906180734, 0.2499105487175012
0.0017882969813942644, 0.009802066472307512, 0.06269041124729748, -0.12935095116241357, -0.2397275639954029, -0.9621845075110121, 0.9667554732843247, -0.24633098963514674, -0.06859226210127975, -0.22057240604431994, -0.9390696132908355, 0.2636210823997588
0.0017789060871531948, 0.00978293220981951, 0.06262244050765826, -0.12804302306069265, -0.2514375871818421, -0.9593665222414489, 0.9672587828191082, -0.24538426714814976, -0.06478432291428982, -0.2191242371459087, -0.9362508751335505, 0.2746249579096637
0.0017696247622945522, 0.00976312547668572, 0.06255458578150627, -0.12604296806473408, -0.25801636177709997, -0.9578834622524501, 0.9676859100117456, -0.2445541016845544, -0.06145950629479857, -0.218396771418838, -0.9346768684441534, 0.2805031226729188
0.0017605098299006935, 0.009743041122860634, 0.06248676297520185, -0.12328905184271761, -0.2591258216346421, -0.9579423877550755, 0.9680387860253904, -0.2438522516430374, -0.05862583150036484, -0.21840494144183667, -0.934553309303858, 0.28090815869781266
0.0017516181130539784, 0.00972307399829875, 0.062418887995105345, -0.11978190330456814, -0.2547696314398317, -0.9595544437585328, 0.9683209091986104, -0.24328359063218116, -0.05628242476910473, -0.21910479786967635, -0.935898247367269, 0.27583973268070483
0.0017430064348367652, 0.009703618952954565, 0.0623508767475771, -0.11560278473441823, -0.2455019993747102, -0.9624784488312803, 0.9685411847552298, -0.2428367939014061, -0.054389934368612815, -0.22037234308003298, -0.938487645006958, 0.2658514069451401
0.0017347316183314123, 0.009685070836782578, 0.06228264513897748, -0.11109554474009323, -0.23352666840612854, -0.9659829579666693, 0.9687223997572347, -0.24246579349586672, -0.05279442388173261, -0.22188891848735098, -0.9416345544464444, 0.2531593840349591
