0.0003044010081794113, 0.0012459225254133344, 0.007277987897396088, 0.128663922435115, 0.4017381409179196, -0.9066708670710804, 0.9523499965563036, -0.30500735082815406, 0.0, -0.27654127923841565, -0.8634679971328442, -0.4218387592488101
0.0003062736447971379, 0.0012517696155624762, 0.007264791773465081, -0.10229876264924564, -0.19326648337946142, -0.97579866241073, 0.9491167122516185, -0.3126751087151879, -0.03757316748191352, -0.29784631890475294, -0.9299905068290117, 0.21541872602632858
0.0003047948458212574, 0.0012489758156152225, 0.0072506859326389676, -0.1942447501586038, -0.36305010904763574, -0.911297753402433, 0.9426383092311902, -0.3261827352847419, -0.07097775124591556, -0.2714811135338602, -0.8728112290310339, 0.4055842248802973
0.0003017020137965274, 0.0012431952063430161, 0.007236175934950555, -0.20952531586563747, -0.27591986310892813, -0.9380657605697774, 0.9348467668026949, -0.337757575653923, -0.10945931978106016, -0.28663681656401496, -0.8998822418685318, 0.3287115546489239
0.00029846414178063863, 0.001238931314890581, 0.0072216796586287, -0.19750249762252473, -0.1802755149398886, -0.9635836767743747, 0.9313935058838251, -0.34110850506448326, -0.12708707633001332, -0.3057758993614471, -0.9225755939140333, 0.23527722559539577
0.00029551182457162364, 0.0012362365109689704, 0.007207275766498161, -0.16934435744173587, -0.14635601329336875, -0.974629368516831, 0.9342336355557171, -0.3388017449048526, -0.11144905493441719, -0.31389489132350207, -0.9294048068642096, 0.19410487417555597
0.00029302458001341075, 0.0012340869076215373, 0.007192960901629091, -0.1263572788565093, -0.1800733369913171, -0.9755036808668586, 0.9420227668827984, -0.3299363027010894, -0.06111581492880576, -0.310848748999341, -0.9266691046240544, 0.21132303655966633
0.0002911814628829932, 0.0012314602583683744, 0.007178731665598828, -0.07695168148041208, -0.25440023159587477, -0.9640326555056641, 0.9497914611956437, -0.3128111921779819, 0.006733371223522626, -0.30327317546591764, -0.9151118402753594, 0.2656985149199441
0.00029005142329570913, 0.0012277243772649737, 0.007164574794128341, -0.04036853566693393, -0.3086011712026098, -0.9503345192407172, 0.9531615851950958, -0.29722666222427024, 0.05602949019393194, -0.2997555234461574, -0.9035605283518072, 0.3061453866517068
0.00028945161642846744, 0.001223139095716657, 0.007150454461017415, -0.019162119190631585, -0.33668068394032036, -0.9414238844694786, 0.954121315379566, -0.2875647010042166, 0.08342097023364195, -0.29880650716892143, -0.8966340724051444, 0.3267445660996915
0.00028916415609268073, 0.001218088383867119, 0.007136331700207142, -0.012809867537599435, -0.34063443524674664, -0.9401085516140139, 0.9542404019199604, -0.28508312515102646, 0.09029322841584904, -0.2987660667433664, -0.8959329178449993, 0.3286990174680238
0.0002889711560997614, 0.0012129562118600517, 0.007122167545638615, -0.021032892716678513, -0.3210286605551995, -0.9468358973581976, 0.954039109240573, -0.2896200364101768, 0.07700397748961985, -0.29894313081825896, -0.9016988597153166, 0.3123654445111926
0.00028865473026112203, 0.0012081265498391498, 0.007107923031252924, -0.043085961147541735, -0.2787858311287515, -0.9593862935824359, 0.9531227166181117, -0.2993412690450486, 0.044180218571331566, -0.29950072957925045, -0.9125093232446182, 0.27861451500800455
0.0002880098837697347, 0.001203954098760798, 0.007093564366183733, -0.06195880181434245, -0.2507149455714318, -0.9660761475912989, 0.9518082389233694, -0.30614099638946746, 0.018405614558015433, -0.30037007706382, -0.9183788468800761, 0.2576006801386533
0.0002870860608632254, 0.0012002158694383986, 0.007079159903081761, -0.06195094505745685, -0.27216437242497804, -0.9602544635610948, 0.9522433976868552, -0.30432941000612607, 0.02482180023924486, -0.2989892840358693, -0.9128582390425367, 0.27802022128592946
0.0002861641551854418, 0.001196165731381646, 0.007064870144608295, -0.04941902759628381, -0.31778310260103426, -0.9468746798878394, 0.953861797992654, -0.2961210595206184, 0.049598270520329835, -0.2961510257312292, -0.900736486331961, 0.3177551764309969
0.00028542805763447993, 0.001191432344770468, 0.00705076642450625, -0.03588810122946767, -0.3454978172534304, -0.9377330656766129, 0.9548578889732565, -0.28873688284795074, 0.06983855918319859, -0.2948871920848375, -0.8928954422307038, 0.3402635349078067
0.00028489246309316746, 0.0011862761303535188, 0.00703677168268435, -0.022467706866841977, -0.3522516159984038, -0.9356356134599938, 0.9552991149892748, -0.28351593602561237, 0.08379925369732832, -0.2947860292633523, -0.8919290964230476, 0.3428756099595188
0.0002845568490046265, 0.0011810143292386552, 0.007022795512553644, -0.009120372996358235, -0.3382822385061449, -0.9410005026075592, 0.9554084164161142, -0.28070422928843647, 0.09165093289671399, -0.2951467035859631, -0.8982039093495734, 0.32575782506562
0.00028442069281197924, 0.0011759641825337358, 0.0070087475075251895, 0.004209889603518941, -0.30318934660039, -0.9529210339464413, 0.9554024048361044, -0.2801611839928468, 0.09335928350793395, -0.29527702528797384, -0.9108160797283692, 0.28848838320689874
0.0002844834719583476, 0.0011714429313466163, 0.006994537261010031, 0.014746711295509246, -0.25640728633978915, -0.9664563301142128, 0.9554747105378443, -0.2812671750094045, 0.08920119833753264, -0.29470427894516515, -0.9247400065824418, 0.24084291186853704
0.00028470346272094736, 0.0011676178592117056, 0.006980119709813654, 0.010209492466807961, -0.24323263909661513, -0.9699142485506984, 0.9555932598078809, -0.28330785854305884, 0.08110597448705055, -0.29451194894828653, -0.9276715693422117, 0.2295390410384254
0.000284855758869081, 0.0011639895305601859, 0.006965651389811025, -0.012632226314114451, -0.2758319288195602, -0.9611228713863956, 0.9555106206811763, -0.28660461124363307, 0.0696939780709864, -0.2946860713094906, -0.9174827212855657, 0.26718079182196247
0.00028466768499582287, 0.0011598828293397216, 0.006951341790172469, -0.04321564365720005, -0.3208077812636587, -0.9461579020565132, 0.9549615010092368, -0.29154368889441257, 0.05523412944931189, -0.29356590356081763, -0.9011573918836412, 0.318958328500753
0.0002840238840665427, 0.001155103626018439, 0.006937246493075389, -0.0661125949826488, -0.33152278856690726, -0.9411279219348887, 0.95390341455426, -0.29771567434461726, 0.03786360985502519, -0.2927411834477411, -0.8952418767631191, 0.33592347581445464
0.00028303700335137135, 0.0011501548950427092, 0.0069231980202101116, -0.07340626417705949, -0.30840534230063654, -0.9484185074216946, 0.9529621649739722, -0.30209920211316466, 0.024478239534517478, -0.29406569420401235, -0.9020100980161013, 0.31607459652635145
0.0002819404476344347, 0.0011455478816627903, 0.006909030377325394, 0.04289641042867975, -0.3064152439827668, -0.9509309103332985, 0.954043720822646, -0.2699850809834499, 0.1300332065483327, -0.29658131554637024, -0.9128076217371005, 0.28075214864261133
0.0002825779356920833, 0.001140994212561613, 0.006894898493260309, 0.134598233804657, -0.3066240592056297, -0.9422658869835676, 0.9458344489517974, -0.24375667917990607, 0.21442918768496574, -0.2954327514557531, -0.9200893259197429, 0.25720637957841624
0.00028459066938022056, 0.0011364090664113876, 0.00688080818731568, 0.05469795807677591, -0.2607584441979347, -0.9638532913061529, 0.9548278639410073, -0.2687094552358157, 0.1268817516773965, -0.292081980998631, -0.9272541520243216, 0.23428156976077244
0.0002854047629254981, 0.0011325280848581056, 0.006866462738771778, -0.06655170288916869, -0.20539783833346797, -0.9764131291878916, 0.9544090746196269, -0.29849322620482255, -0.0022610160424559214, -0.2909882972324822, -0.9320480255425551, 0.2158987933175297
0.00028441070034370287, 0.00112946011970312, 0.006851878352287849, -0.1080723800033213, -0.22214137403858858, -0.9690064863666629, 0.9512358291242554, -0.3063736141373697, -0.03585534758856141, -0.2889130631707541, -0.9256286612355162, 0.24441935976644288
0.0002827976864112467, 0.0011261445905060374, 0.006837415628665941, -0.1352058417565879, -0.24130117806223053, -0.9609854951146101, 0.9486950113975372, -0.31131831709434193, -0.05530534143257331, -0.2858271430503395, -0.9191597504826495, 0.27101327898897176
0.00028078133719302125, 0.0011225460223123747, 0.006823084277840961, -0.1568610823715343, -0.25339300082145494, -0.9545609398943207, 0.9461460874968385, -0.3157065889548619, -0.07167238523246372, -0.28319989751349767, -0.9143967064820302, 0.28926887358158754
0.0002784418446333724, 0.0011187668118726253, 0.00680884755205244, -0.17309292677301902, -0.258552885923162, -0.950362690703899, 0.9438105549220627, -0.31936541038850264, -0.08501394629760084, -0.2815323695756109, -0.9116776512716476, 0.2993048363340525
0.0002758594006766459, 0.0011149093559372823, 0.006794668703539901, -0.18396802050973346, -0.25688641928756417, -0.948770327853556, 0.9418557653391713, -0.3221928449604012, -0.09539123625201111, -0.2811822980329565, -0.9111537401788662, 0.30122313495309244
0.00027311419726718715, 0.001111076051256839, 0.00678051098454287, -0.18952316835749144, -0.24843464686353028, -0.9499269418716005, 0.9403979094392648, -0.32415176908766963, -0.10284649979262551, -0.28236986485458815, -0.9128011047512636, 0.29506169284892697
0.00027028642634934234, 0.001107369294581789, 0.006766337647300877, -0.18974606255853257, -0.23318572782325156, -0.9537404511097733, 0.9395052936680658, -0.3252655042462536, -0.10738787136875401, -0.2851775498057572, -0.9164206283617643, 0.2807970744146279
0.0002674562468104516, 0.0011038911856463632, 0.006752112020303686, -0.18564342386776578, -0.22057014874285208, -0.9575412934480733, 0.9395348604615249, -0.32523039306079543, -0.10723542981246222, -0.2877685965358209, -0.9195509778762005, 0.2676102276347586
0.0002646880538990538, 0.0011006021883336933, 0.006737833792905867, -0.18007414771520577, -0.2336766384298503, -0.955493867053456, 0.9412456481911782, -0.3230768002870269, -0.09837688182426552, -0.28570952221760343, -0.9170695773868097, 0.2781248984642821
0.00026200391713367415, 0.001097119067272852, 0.006723591458566409, -0.17460360588590607, -0.2547502385740423, -0.9511129779148783, 0.9433208904603815, -0.32016168150695334, -0.0874196506265787, -0.28223975345913294, -0.9124685274797749, 0.2962126059542693
0.00025940116090203587, 0.0010933215926010333, 0.0067094135427226914, -0.17013218650947137, -0.26849869572298396, -0.9481368516773109, 0.944776129333356, -0.31792826468479185, -0.07949643989763767, -0.280094813510333, -0.9093019679455079, 0.3077609893002009
0.0002568642189584144, 0.0010893178492943582, 0.006695275311758502, -0.16673790802342242, -0.27468739517482665, -0.9469663694979042, 0.9456355907092201, -0.31653656934962976, -0.07468553975430225, -0.27923430951800526, -0.9079380128601487, 0.3125328225827924
0.0002543772514266664, 0.0010852207687847223, 0.006681150901523802, -0.16444509509964034, -0.2733666011040993, -0.9477491820616161, 0.9459345450031033, -0.31604268886860887, -0.07297160668692843, -0.2795811997746671, -0.9085085141117236, 0.3105585814609955
0.00025192441843064896, 0.0010811432825040218, 0.006667014447868552, -0.16324769994226782, -0.26452889975877847, -0.950460230444162, 0.9456967898036334, -0.31642992832348754, -0.0743618330616942, -0.2810832087099157, -0.910986586977878, 0.3018205893038699
0.00024948988009421873, 0.0010771983218841527, 0.006652840086642716, -0.16286682672642666, -0.24895053881828091, -0.9547240575025601, 0.9450127905201204, -0.3174913868975305, -0.07842222261105339, -0.28359341054657655, -0.9149988242986821, 0.28697025808712423
0.0002470614359794646, 0.0010734863169104595, 0.006638604566339058, -0.1608988976534613, -0.23473265416816175, -0.9586512013245856, 0.9446378637086041, -0.31804303025797, -0.0806717878342405, -0.28595603015489235, -0.9185582245952066, 0.2729101259509367
0.0002446622573145886, 0.0010699861961262706, 0.006624310027701328, -0.156034798256445, -0.22650388800388768, -0.9614307725739762, 0.9449837344587229, -0.3175450512628442, -0.07855496182243282, -0.2875045796879012, -0.9207937495104972, 0.26359056796646446
0.00024233542263316337, 0.0010666085066110196, 0.006609972902326654, -0.1482782181082514, -0.22434126958002681, -0.9631638307151404, 0.9460106888661691, -0.31603144711475434, -0.07202708508269917, -0.2882314115178948, -0.9218433268174023, 0.25908981882085996
0.0002401242329111193, 0.0010632630313560936, 0.006595609781496816, -0.13762454251636533, -0.2282390163317048, -0.9638290495316568, 0.9476349867698529, -0.3134592794212673, -0.06108364752043529, -0.2881794877274614, -0.9217647376465623, 0.25942696714972074
0.00023807198912438677, 0.0010598595533528807, 0.006581237256493592, -0.12512598647887913, -0.23787344180221542, -0.9632028411465859, 0.9495944503489884, -0.30996667904216285, -0.04680852219388627, -0.28742628163424805, -0.9205090350283047, 0.26466818671152953
0.0002362060275276651, 0.0010563122270158543, 0.006566873337678566, -0.12030528543836316, -0.25067207030381405, -0.9605676194132269, 0.9506413135288342, -0.307866559492858, -0.03872046691613439, -0.2860205085439974, -0.9178135402769073, 0.2753372004953251
0.00023441194506918463, 0.0010525740174889464, 0.006552548634404772, -0.12815316071747193, -0.2653099021983612, -0.9556084047315708, 0.9502428412888757, -0.30870276239924, -0.041727054369111505, -0.2839283535988722, -0.9134074995764894, 0.29167007001072187
0.0002325011595310255, 0.0010486182014839969, 0.006538300349698553, -0.14739541805734457, -0.28244798270723, -0.9478912004024075, 0.9483641724990604, -0.3124916205429782, -0.05435424004248242, -0.2808558118605935, -0.9069576198230211, 0.3139233804435204
0.00023030352034429424, 0.0010444069528360294, 0.0065241674622979985, -0.1688777551254797, -0.30742863035288365, -0.9364656646472034, 0.9462193226297186, -0.3165734772950049, -0.06671002140237667, -0.2759516213141989, -0.8973677455272722, 0.34435712854733525
0.00022778491089116856, 0.0010398220230210106, 0.006510201198512957, -0.18834509874426386, -0.3401704517769872, -0.9213089533467337, 0.944550552229023, -0.3196706992600749, -0.07506595978486201, -0.2689802558978285, -0.8843611862652133, 0.38151659749573624
0.00022497303063090707, 0.0010347434805749727, 0.006496446604011746, -0.20408981568270307, -0.35888647861677464, -0.9107951704969958, 0.942619527769487, -0.32315911641738543, -0.08388451194329148, -0.2642267454332164, -0.8756532880897474, 0.40424688750240756
0.00022192296260493686, 0.0010293800175833461, 0.006482835012377699, -0.21549308111786714, -0.3517404564774041, -0.9109563015136323, 0.9398884508764577, -0.3277753635809136, -0.09577583692379091, -0.26490079633587554, -0.8768363372411453, 0.40123011576170564
0.00021870527818731566, 0.0010241279241983373, 0.006469232859207356, -0.2225047299214488, -0.3183455329615148, -0.9214921414781746, 0.9363389752962258, -0.3330821921562434, -0.11102061344455524, -0.2715897061815803, -0.887531619105393, 0.37219169333068464
0.0002153907295142929, 0.0010193856800032911, 0.006455505822681815, -0.2243789871585591, -0.25826471858165706, -0.9396560036830695, 0.932089247943724, -0.3382489558662386, -0.12960431213158938, -0.2843654409196065, -0.9049237420862252, 0.31662172543788103
0.0002120515403147484, 0.001015542206201077, 0.006441521941131586, -0.21433999272618992, -0.212417823932558, -0.9533818938882223, 0.9311611598687528, -0.3391807793303424, -0.13377329062537396, -0.29495298247350543, -0.9164251562504265, 0.2704952330843663
0.0002088542807457326, 0.0010123736191746443, 0.006427300566275731, -0.19146806285872417, -0.22890505583095272, -0.9544330549180262, 0.9366788308638587, -0.3331151394918325, -0.10801421967894687, -0.29321109923848804, -0.9146785114215625, 0.2781914305419779
0.00020599688674830324, 0.0010089575302314182, 0.006413056983083043, -0.1907257637378198, -0.22976912665659227, -0.9543740521839915, 0.9368655706546837, -0.33289086950067515, -0.10708207844900311, -0.29309825241461157, -0.9145435022121974, 0.27875364929081986
0.00020315301731156117, 0.001005531493895269, 0.006398826523888465, -0.22110409039464765, -0.1924511576062411, -0.9560729748020144, 0.9286358535541738, -0.3410064528478793, -0.14611656514515467, -0.29790675169332204, -0.9201506132433565, 0.2541149665867962
0.00019986019754131892, 0.0010026653914389971, 0.006384588089911042, -0.2496053700259018, -0.15818622642460498, -0.9553398751354286, 0.9197595997440342, -0.34731278091898743, -0.18280074094218918, -0.30288518935881725, -0.9243110677579617, 0.23218443549732265
0.00019613746188084977, 0.0010003061252659784, 0.006370339687239795, -0.24035202286359647, -0.17535601860551833, -0.9547152307595173, 0.9233062462780012, -0.34483023118536715, -0.1691085073101686, -0.2995604791847622, -0.9221401077924479, 0.24478795091084113
0.00019255284184721934, 0.000997690858334492, 0.006356101024707152, -0.20370594165097103, -0.21804494401756275, -0.9544423983271433, 0.9342879240428847, -0.3346468821393178, -0.12295340280801721, -0.2925918049497083, -0.9167703456497769, 0.2718863163409669
0.0001895133870593104, 0.000994437454218234, 0.006341859984441625, -0.17063052616453103, -0.21888399920517107, -0.9607158885085465, 0.9402204034586317, -0.3278200473420874, -0.09230173064856158, -0.2947385561152516, -0.9190341731690843, 0.2617353092085866
0.0001869674078922882, 0.0009911714846728226, 0.006327525136553906, -0.14575934035995852, -0.16916899647220168, -0.9747492320235076, 0.9414752508847021, -0.3264135189961999, -0.08413421770067707, -0.30393842578623925, -0.9299656258427544, 0.20684624260903828
0.00018479485529151842, 0.0009886500096006408, 0.006312996434832964, -0.13206928924911293, -0.13179816194282162, -0.9824392843050036, 0.9416527351877602, -0.32623753138545086, -0.08282028392209953, -0.3095930056552382, -0.9360546552547137, 0.16719405858263903
0.00018282542363268404, 0.0009866846210217959, 0.006298346192975879, -0.13250366643809564, -0.18462960122201066, -0.9738350418490102, 0.9439104496888289, -0.32330439465330935, -0.0671366618628767, -0.3024497335900545, -0.9281089261236845, 0.21711282758244976
0.00018085301863575656, 0.000983936286897765, 0.006283850012195678, -0.13338356931337575, -0.24120289692494581, -0.9612647845168562, 0.9462573750260083, -0.31934067273387234, -0.05117142705422905, -0.29462824651773006, -0.9164293192892139, 0.2708348188490466
0.00017886450181969906, 0.0009803403716056036, 0.006269519227687995, -0.13092063884575433, -0.27295614280765623, -0.9530764557095018, 0.9479040266099051, -0.3160740524853503, -0.039688155439835074, -0.29040961186046865, -0.9086210086989265, 0.3001168437292342
0.00017690811052229177, 0.0009762614958296313, 0.00625527708450757, -0.12544826630808772, -0.28065844513121435, -0.9515742586140213, 0.9488798186288732, -0.31396064498522275, -0.03249312541599625, -0.28963739792908627, -0.907005816175945, 0.30569695311513345
0.00017503209916151517, 0.0009720643997113719, 0.006241046803194648, -0.11700958460297972, -0.2645423926263846, -0.9572492254447355, 0.9492509347759919, -0.31313366410869037, -0.02949527468547369, -0.2919442068922482, -0.9121209519057074, 0.2877567534510399
0.00017328472215534968, 0.0009681138233923481, 0.00622675160428947, -0.10539443429391679, -0.22409932980817174, -0.9688506095365753, 0.9491151191905804, -0.31342440633817154, -0.030751130636370385, -0.29677011935792263, -0.9227917597654918, 0.24572925012133043
0.0001717142339217759, 0.0009647745070140844, 0.006212314708332282, -0.09145441968527251, -0.16581021025446818, -0.9819078690464799, 0.9487012419914317, -0.3141966509724002, -0.0353046450434336, -0.302658293400239, -0.9347659807101973, 0.1860390247850114
0.000170351361130195, 0.0009623035687598175, 0.006197682112956707, -0.086330654592876, -0.15747602527697208, -0.983741998463282, 0.9489029410447269, -0.31383417285439075, -0.03303513925304251, -0.303529613965809, -0.9363276207673076, 0.17652297310548593
0.00016906395592919616, 0.0009599552087835116, 0.006183012068217267, -0.08800761096683772, -0.19523579948625489, -0.9767996944158369, 0.949833406243938, -0.31189170435710506, -0.023239301544118837, -0.30011857789038665, -0.9298422163744681, 0.2128903282276321
0.0001677519157527033, 0.0009570445831001012, 0.006168449686289385, -0.08470719827135663, -0.22030227943097336, -0.9717466728723769, 0.9508070633009735, -0.3095228026440908, -0.012710744286857532, -0.2979775477078696, -0.9250202918427598, 0.23568377275735322
0.00016648843505263845, 0.0009537585851693274, 0.0061539552490800075, -0.0756453080597498, -0.22843449826659631, -0.9706160246823838, 0.9517069827303721, -0.3070018525726187, -0.0019187337572771726, -0.2975426127310116, -0.9238871914463738, 0.24062595680959842
0.00016535990636905112, 0.0009503506423606192, 0.006139474932287082, -0.06291781422366823, -0.2228781882511216, -0.9728137858065199, 0.9524136562804892, -0.3046979230940382, 0.00820993255817907, -0.298244154986726, -0.926004583608568, 0.23144315749699015
0.00016442151502581655, 0.0009470265128588035, 0.006124965845370381, -0.052858266084683636, -0.21324700960482973, -0.9755673818866222, 0.9527846714488868, -0.30329210399536294, 0.014672065502266386, -0.29901065793472587, -0.9287301074847653, 0.21920997671816572
0.00016363330592440668, 0.0009438466273599171, 0.00611041843119282, -0.046680012513784334, -0.20138132859000965, -0.9783999882088283, 0.9528919288300778, -0.3028405216710014, 0.016869807483483792, -0.29969642707614486, -0.9315219691072016, 0.2060312419717813
0.0001629372580264984, 0.000940843820743238, 0.006095829462200895, -0.044385862098209786, -0.18728434643676545, -0.9813024349432504, 0.9527994626081443, -0.30324050553677256, 0.014777680989728668, -0.3003382747826695, -0.9343285125594512, 0.19190401590121428
0.0001622753502937687, 0.0009380509278880439, 0.006081195710841099, -0.04634295228514196, -0.1722595458922066, -0.9839608628510119, 0.9525199572907876, -0.3043596752768778, 0.008421343604777783, -0.30092866552765174, -0.9368520891337994, 0.17818558120505276
0.00016158407331207707, 0.0009354814096963832, 0.006066518409076006, -0.06343201765941764, -0.1944998139442543, -0.9788494273948909, 0.9519621834447229, -0.3062144490673697, -0.0008440814670716198, -0.2995736644413376, -0.9318811799569824, 0.20458026790277492
0.00016063865683330072, 0.0009325825057042519, 0.006051929240812925, -0.09823086431912036, -0.24596738409697205, -0.9642876869770821, 0.9503985346379507, -0.3105361067538844, -0.01760544688942381, -0.29511577838732167, -0.9181870029371102, 0.26427127158322095
0.00015917328133171948, 0.0009289132457283568, 0.006037544316453692, -0.13402513722945342, -0.259759278846544, -0.9563275483032733, 0.9468170377681333, -0.3184388449250554, -0.046197392077624605, -0.2925316386010297, -0.9116588282334133, 0.28862332082054054
0.00015717163532466688, 0.0009250337785325285, 0.006023261703071857, -0.16865153656257295, -0.2632016417390963, -0.949885021989992, 0.9419044631944493, -0.32702503081640105, -0.07661991538698124, -0.2904696910685508, -0.9076230081952398, 0.3030640750157701
0.00015465101084243286, 0.0009211000313787597, 0.006009064954613256, -0.20211945565523637, -0.2598180997461639, -0.9442681190689027, 0.9357338179394437, -0.3357982974575497, -0.10789682752093888, -0.28905007803165045, -0.9053916602603006, 0.3109919515373242
0.00015162944364992547, 0.000917215903333453, 0.00599494870063731, -0.23449188672470342, -0.24962311397866696, -0.9395221423829682, 0.9282516370448038, -0.3445441556762372, -0.14013644462805, -0.2887255675965164, -0.904973826006555, 0.3125058733194101
0.00014812496951205266, 0.000913485293463012, 0.00598090757070344, -0.2657962207323072, -0.2325727294237581, -0.935554538534663, 0.9193979737542746, -0.35302028768569804, -0.17344752041710268, -0.2899305691039786, -0.9062486424876401, 0.3076583544913947
0.00014415562419372243, 0.0009100121008338391, 0.005966936194371061, -0.29590768699895514, -0.20866531221857593, -0.9321466774342183, 0.9091466092631538, -0.36092484709156164, -0.20781168787448734, -0.29307180628685325, -0.9089510670155225, 0.29650779775767117
0.00013974082557048729, 0.0009068989159671588, 0.005953029019772368, -0.28016223497593984, -0.22145919740221257, -0.9340583204378912, 0.9147330012546424, -0.3567107285547168, -0.1897919717734065, -0.29115744625367335, -0.9075865137935507, 0.30251291124695545
0.00013556291522129294, 0.0009035964127842069, 0.00593909990500769, -0.2558853253722049, -0.2993830134425325, -0.9191803476582979, 0.9278387383443422, -0.3429679266863407, -0.14658880206909464, -0.27136318078681976, -0.8903610573955609, 0.36553961698661136
0.000131745884099725, 0.0008991305283966723, 0.005925388528678305, -0.38495388934063457, -0.3456292194390833, -0.8557750555791215, 0.8899858923161782, -0.38456048840045914, -0.24502722754701484, -0.2444087039360396, -0.8559519107000875, 0.4556431849695275
0.00012602255856554556, 0.0008939918648015013, 0.005912665240609963, -0.4908336534856609, -0.3645406629099321, -0.7913232144270163, 0.8440194019185547, -0.4242631310623358, -0.3280732308589481, -0.21613323157479386, -0.8289215286783005, 0.5159220149428263
0.00011866120734155485, 0.0008885246116169459, 0.0059007972521952995, -0.5350940023304297, -0.3700247728072448, -0.759444584007911, 0.8205281813435136, -0.44155203602337884, -0.3629949078220176, -0.2010171940185923, -0.8173820813992412, 0.5398876000764752
0.00011062612178044156, 0.0008829682407806275, 0.005889393270493297, -0.5600283439241373, -0.3640862945523665, -0.7441837300833145, 0.8048292722807099, -0.4521578166735778, -0.38445175419171407, -0.19651487598065226, -0.8142447291448135, 0.5462485007560188
0.000102227804298604, 0.0008775083166078417, 0.0058782333152912715, -0.5735997050863191, -0.3468278597915762, -0.742087470583679, 0.7937771077163926, -0.45901965143844675, -0.39902238390687467, -0.20224065266480493, -0.8179311678043095, 0.5385975521147419
9.364662000183055e-05, 0.0008723196915828704, 0.005867131515041136, -0.5757456876075283, -0.3180986120248887, -0.7532132342366096, 0.7878028480459122, -0.46236944591587215, -0.4069166598877452, -0.2188231610503877, -0.8276640432635023, 0.5168062070802046
8.506293399590962e-05, 0.0008675772181899959, 0.005855901998194805, -0.5655806172034015, -0.27731053170355296, -0.7766707374750976, 0.7870649602864674, -0.4627319641349368, -0.40793121682102856, -0.24626675320286504, -0.8420083125326712, 0.47997363249745595
7.665711138662956e-05, 0.0008634557489135004, 0.005844358893204192, -0.5415279394082487, -0.22378621882975264, -0.810350059605192, 0.7913690715939395, -0.46097789730076494, -0.40153999891008574, -0.28369434848935987, -0.8587311025356235, 0.42672990306885006
6.860951073388073e-05, 0.0008601300809475992, 0.0058323163498854485, -0.5084776888619227, -0.19853114458579793, -0.8378757811030766, 0.8046316017743658, -0.45605139266590494, -0.3802434912967045, -0.3066242413046564, -0.8675266634962533, 0.3916363910151893
6.10278028919772e-05, 0.000857169862301355, 0.005819823118580947, -0.48995368766838887, -0.2731210454521055, -0.8278588517804807, 0.8275774221325292, -0.4441823212126329, -0.343245795165265, -0.2739726159977025, -0.8532918375639758, 0.44365757700062913
5.371506359525656e-05, 0.0008530934300749874, 0.0058074670202191555, -0.4953301488727337, -0.32434027342311694, -0.8058854947531524, 0.8329548779203987, -0.44071826076469095, -0.3345946592179256, -0.24664593036644517, -0.8370010762623687, 0.4884618545693277
4.6306825314852985e-05, 0.0008482425441862162, 0.005795414065668662, -0.527843519157113, -0.3341974189926982, -0.7808286011811127, 0.8169231308279488, -0.4513377313354018, -0.3590694230803771, -0.23241733498621944, -0.8274094134173429, 0.511249298274601
3.842414844301947e-05, 0.0008432517274579425, 0.005783753375839174, -0.5863632767691417, -0.30270280110832903, -0.7513648393807939, 0.7764017678188337, -0.4745664010102419, -0.41471318517739, -0.23103766486082872, -0.8265335717521446, 0.5132872998451234
2.969685776575076e-05, 0.000838746371412025, 0.0057725702413937725, -0.6407540392855111, -0.2551908161233323, -0.7240938533820109, 0.7297645711687741, -0.49541903274372645, -0.4711726357314544, -0.23849094701090212, -0.8303238099449985, 0.5036709628639167
2.0147168131096863e-05, 0.0008349430507270562, 0.005761778469290596, -0.6566692828086691, -0.23093160276818256, -0.7179526780077268, 0.7125962455575205, -0.5017213685742806, -0.4903899052114316, -0.24696567338979347, -0.8336343701880755, 0.4940260043846444
1.0339111433502986e-05, 0.0008314938407327515, 0.005751055079669004, -0.6342695607294181, -0.23354624010057495, -0.7369927259254297, 0.729733102459647, -0.49568204677851607, -0.4709446970463511, -0.2553266995571153, -0.8365138745031941, 0.48482245642804644
8.76348187575132e-07, 0.0008280095291499809, 0.005740059774027372, -0.5822792721939546, -0.25237979715993597, -0.772822933898049, 0.768668645461279, -0.48048187093828365, -0.42223889586864105, -0.2647628422909851, -0.8399057147591962, 0.4737710709370538
-7.804923308539466e-06, 0.0008242467684887188, 0.005728537664228901, -0.5565135432212351, -0.23816628446833846, -0.7959707891335541, 0.7815315416774858, -0.4751865965318279, -0.40423526298395845, -0.2819594395911558, -0.8470386764599621, 0.45058224000330627
-1.610794991786751e-05, 0.0008206933940534101, 0.005716662002400135, -0.5756183032414909, -0.17732591416231153, -0.7982600385462669, 0.757526170101306, -0.48324195491939553, -0.4388978407526383, -0.30792478072580387, -0.8573405001352622, 0.4124919347608923
-2.469905441297564e-05, 0.0008180468043781338, 0.005704747969495342, -0.6442070134140399, -0.15053159807744315, -0.7498917000796943, 0.7046564827366438, -0.49805897323413284, -0.5053676884390051, -0.297416484421064, -0.8539774570568082, 0.4269261500932012
-3.4271081278510714e-05, 0.0008158101126456532, 0.005693605614087933, -0.7289190685091969, -0.21007407108610046, -0.6515718503902672, 0.6486080570959651, -0.5164510234350208, -0.5590938460250808, -0.21905382862182962, -0.8301489173938803, 0.5127067340262721
-4.5071362123663625e-05, 0.0008126974776988753, 0.005683951374983716, -0.7752675780535266, -0.260327826140203, -0.5754907517555214, 0.6131131403865958, -0.5291699686758905, -0.5865760149689413, -0.15183036423688628, -0.8075943085415309, 0.5698587310088538
-5.666933020861544e-05, 0.0008088029851331221, 0.005675342059231337, -0.7900092389336061, -0.29649975109601795, -0.5366314377666892, 0.6031355877978521, -0.5329758155193604, -0.5934342784194492, -0.11005846233381636, -0.7924800802994814, 0.5998853700476815
-6.858610213024726e-05, 0.0008043304805920343, 0.0056672473254805325, -0.779474783298147, -0.32126368075786577, -0.5377812841929466, 0.6190347205872327, -0.5265829741861054, -0.5826717652373437, -0.09599519211811294, -0.7870832349397512, 0.6093315225449797
-8.034269884117542e-05, 0.0007994849517648446, 0.005659136123152486, -0.7427931916613764, -0.3268053422561028, -0.584342829762099, 0.659138963683126, -0.5100524875184567, -0.5526140484379397, -0.11744829064844117, -0.7956410800411868, 0.5942736497394556
-9.144951184529454e-05, 0.0007945983078565084, 0.005650398581379992, -0.6712338366221612, -0.2939566562002793, -0.6804664729794146, 0.7177170264419698, -0.4872003478398426, -0.49751190038031573, -0.18527656767327766, -0.8223291952377023, 0.538003055875078
-0.0001014144369382733, 0.0007902343203758427, 0.005640296591489783, -0.6196516732413444, -0.24851927836536872, -0.7444930974360733, 0.7474953775727803, -0.4761052824919871, -0.4632217832642933, -0.2393375531681747, -0.843541302049865, 0.480786446751039
-0.000110664722756963, 0.0007865243741986478, 0.005629182647577873, -0.6723585128582102, -0.23807703002572947, -0.700894683929921, 0.7055564006077476, -0.492504459789966, -0.5095385389236358, -0.22388433564797594, -0.837113304673341, 0.49911633853275406
-0.00012068868517018938, 0.0007829749654311652, 0.0056187332491795736, -0.7295566418116556, -0.2464680817658039, -0.6379659795468601, 0.6572704102501322, -0.5105271551157536, -0.5543984412848203, -0.1890574362412722, -0.823781226151762, 0.5344546540556805
-0.0001315842210883946, 0.0007792940972385298, 0.0056092055705232804, -0.760780675284532, -0.2687651180064324, -0.5907436630693553, 0.630793683548653, -0.520344424767608, -0.5756222792842448, -0.15268298172597167, -0.8105596776032322, 0.5654033216519081
-0.00014297177309920654, 0.0007752711549380493, 0.005600363174275842, -0.7690543893485449, -0.3058575558310875, -0.5612544002186263, 0.6285715623281889, -0.5212314027262247, -0.5772483138514587, -0.11598765992999682, -0.7967239047205033, 0.5931086598515302
-0.00015447284756634093, 0.0007706971084536012, 0.005591969712459195, -0.7634526757320343, -0.34503811474187823, -0.5459750097696484, 0.6401906335926124, -0.516072336993189, -0.5690564960095595, -0.08541641866694408, -0.7839757919513579, 0.6148869758389378
-0.00016586183910016866, 0.0007655499182052008, 0.005583824997060843, -0.7614002766063508, -0.36094110172568505, -0.5385082542253379, 0.6442136981882217, -0.514176596546039, -0.566225342625166, -0.07251434237740242, -0.7780385264557151, 0.6240174048055008
-0.00017720983237544928, 0.0007601704124169818, 0.005575799010946326, -0.7656421888193138, -0.3517329938021178, -0.5385869844054623, 0.6385481475024153, -0.5168016466628446, -0.5702388283235423, -0.07777083014346724, -0.7805126258284178, 0.6202835955441867
-0.0001886187505911838, 0.0007549292005053811, 0.005567773467230381, -0.771554703094611, -0.3348714975099095, -0.540892244618147, 0.6299654173436646, -0.520576316128028, -0.5763192448960852, -0.08858280354340278, -0.785405232502332, 0.6126105677135751
-0.00020012019327146554, 0.0007499373245976555, 0.005559710472963438, -0.7749930183489261, -0.32749524945977715, -0.5404930000395006, 0.6251447069070905, -0.5226287425101515, -0.5797010375428923, -0.09262784104398233, -0.7871505949203979, 0.6097655483708428
-0.00021167739801136444, 0.0007450535004086138, 0.0055516502864662145, -0.775975996710012, -0.33037915074605867, -0.5373182197564275, 0.6244095813339423, -0.5229420834384341, -0.5802105239544012, -0.08929684915087574, -0.7857360842683649, 0.6120824116165591
-0.00022325077928486044, 0.00074012602340854, 0.00554363639344787, -0.7744217698414793, -0.3434843253541435, -0.5313091761221518, 0.6277743167196569, -0.5214572241010463, -0.5779115595832975, -0.07855144596224134, -0.7810895477913145, 0.6194584640380669
-0.00023480075156593366, 0.0007350031890677188, 0.005535712279617564, -0.7705670442087775, -0.364966933132534, -0.5225184858922987, 0.6343795806301675, -0.5183586179475269, -0.5734691716901814, -0.06155467536134622, -0.7733715025260255, 0.6309576380564681
-0.0002462960880634548, 0.0007295586041502121, 0.005527917337092252, -0.7683876563222556, -0.3827718668845946, -0.51289970514056, 0.6383034378772683, -0.5164147842231023, -0.5708629361150249, -0.046358718766285945, -0.7660296786401222, 0.6411313442944897
-0.00025776486136776727, 0.0007238454413573851, 0.00552026191681356, -0.7699766970413243, -0.3918850416044448, -0.5035494019259831, 0.6370370318159729, -0.5170604699236069, -0.5716924789932731, -0.03632775947437297, -0.7609695030742438, 0.6477697965191884
-0.00026926078303335604, 0.0007179945113779302, 0.0055127438133416775, -0.7755154582637388, -0.3923889893755306, -0.4945772487800393, 0.6305471531922353, -0.5203737606265578, -0.5758658149712844, -0.03140161771550712, -0.758447117647779, 0.6509776556354493
-0.00028083766673689056, 0.0007121369341392789, 0.005505360771223653, -0.7849796726020639, -0.38426412415182376, -0.48595061116474403, 0.6187153377493252, -0.5262610104020451, -0.583301534169384, -0.031595006493036065, -0.7585449438368502, 0.650854303008173
-0.00029254932615504017, 0.0007064038295688614, 0.005498110535006532, -0.7981371651697446, -0.3673709642311468, -0.4775098325842947, 0.6013375964286232, -0.5344552652483348, -0.5939281644860585, -0.03701568176124869, -0.7611807565146465, 0.6474825829437734
-0.00030444957496447445, 0.0007009263175941087, 0.005490990849237362, -0.8145216762168656, -0.3414877198587024, -0.4689782256763869, 0.5781565193833537, -0.5444992652005093, -0.6076640431115137, -0.04784849075356025, -0.7660983535955483, 0.6409398057156355
-0.000316592226841863, 0.0006958355181424519, 0.005483999458463193, -0.8318021191307765, -0.3076495606556268, -0.46201405004388035, 0.5512941124063421, -0.5548390338687464, -0.6230798087899331, -0.06465319973251835, -0.7729847309772657, 0.631121675622341
-0.0003290047792826882, 0.0006912446230038036, 0.005477105061956292, -0.7980269005673202, -0.30627705403094857, -0.5189869286841815, 0.5947217881358651, -0.5392651338648614, -0.5962374611798494, -0.09725770245793208, -0.7844663673936804, 0.6124977206004671
-0.00034088798587622734, 0.0006866839327497246, 0.005469376965461655, -0.7476208142153168, -0.35013869370049927, -0.5643279306624249, 0.6571698843259717, -0.5126920280025662, -0.5525166310235422, -0.09586897979542636, -0.7839322544686651, 0.6133998362541845
-0.00035203852869890805, 0.0006814617179267161, 0.00546096018166265, -0.7728833167705724, -0.393942082272486, -0.4974545350808824, 0.633445069199777, -0.5251947090642171, -0.5682586223520432, -0.03739950486582122, -0.7543077312249757, 0.6554548982577071
-0.0003635502220828794, 0.0006755941563378427, 0.005453550856146031, -0.7989371598782845, -0.4135391188965257, -0.43667472071085783, 0.6013878526318998, -0.542497071855252, -0.5865403462126625, 0.005662620631197268, -0.7312197509441076, 0.6821184725227901
-0.0003754837992980881, 0.0006694171986812319, 0.005447028326266051, -0.8209794686081336, -0.4087216259155265, -0.3986719762321837, 0.570475109561017, -0.5585005034643576, -0.6021921097136734, 0.023470438752868722, -0.7218197975527048, 0.6916829608756604
-0.00038777612371167474, 0.0006632975099280892, 0.005441059108455087, -0.8411546438936018, -0.3806033852619105, -0.38418736078039006, 0.5405965445802441, -0.5725476822917802, -0.6163964045078548, 0.014636975238351196, -0.7261750578403836, 0.6873540167383817
-0.0004003640586907805, 0.0006576017550496195, 0.005435309719145516, -0.8587158054481651, -0.3320992074256662, -0.3902784671241208, 0.5121086530557757, -0.5840042864112727, -0.6298283265451464, -0.018758809634630724, -0.7407085188388915, 0.6715645889864854
-0.00041318277072055476, 0.0006526442544675915, 0.005429483731956571, -0.8694359523547159, -0.3285920278832748, -0.3689287247756745, 0.49397252282269066, -0.5910298587107516, -0.6377106340720182, -0.00850126162605122, -0.7366892053803329, 0.6761780410711807
-0.0004261363469010162, 0.0006477486185625539, 0.005423987126567066, -0.8742954841180315, -0.36785978648844236, -0.3166805708209686, 0.4830717935549121, -0.5956788715337948, -0.6417229342012526, 0.04742413649669694, -0.7140349147576064, 0.6985020342022208
-0.00043918116130341515, 0.0006422600134764958, 0.005419262134449129, -0.884633990317649, -0.3631902599715063, -0.2924303989610235, 0.4625524780456137, -0.6043194789034861, -0.6487242653637069, 0.058888948271604846, -0.7091479411798702, 0.7025961068009241
-0.0004523905425797511, 0.0006368368456214007, 0.00541489555496095, -0.9024390084719611, -0.30812938160655057, -0.30109819026176216, 0.43044382033834044, -0.6157740026293086, -0.6599549190803983, 0.01794306330251785, -0.7251749181243413, 0.688330868552818
-0.00046584700294895404, 0.0006322422627484858, 0.005410405815680556, -0.9160897007634741, -0.27263004562973403, -0.294028091132493, 0.40097179319335063, -0.6249357200620321, -0.6698335366744923, -0.0011319091824563698, -0.7315245751240889, 0.6818141350625727
-0.0004794987491352696, 0.0006281794769944282, 0.005406024152107172, -0.9113385398999843, -0.34243107798448585, -0.22847980769281964, 0.40244850858859343, -0.6243818688403193, -0.66946432302124, 0.08658674048479778, -0.7020599965058922, 0.7068341373182007
-0.00049307086925824, 0.0006230798180633423, 0.005402621513834, -0.9246795987731993, -0.21638601430584342, -0.31328059695018856, 0.37734700872268656, -0.6305238009170406, -0.6782690996095642, -0.05076292565126567, -0.7453970950372423, 0.6646851104766562
