0.003913874737918377, 0.012216347269713879, 0.07269765436649323, -0.47553755678766374, -0.15671533203125243, -0.8656236692643945, -0.31306254773509307, 0.9497325094665188, 4.0841662494600605e-05, 0.8221045391493906, 0.27101377302410873, -0.5006951782683801
0.003894753087886253, 0.012209306970226853, 0.0726638298995941, -0.471267369924197, -0.14879680233214196, -0.869348363810768, -0.31014232476444487, 0.9506747485354556, 0.0054093333003048276, 0.8256626456576777, 0.2721709648599161, -0.4941701745884577
0.0038760027143781694, 0.012203352229279804, 0.07262962348595262, -0.4662055494932594, -0.14102068451382818, -0.8733645013171416, -0.3074368004426591, 0.9515108760533335, 0.01047217674594355, 0.8295390282290934, 0.2733865748193737, -0.48695459886242193
0.003857609443956449, 0.01219825375132986, 0.07259508443312933, -0.460389223309295, -0.1339695729304397, -0.8775499510509357, -0.30518391167114695, 0.9521792562712182, 0.014745981957375684, 0.8336093468272544, 0.2746030179288372, -0.4792584265577529
0.003839559103183423, 0.01219378224083416, 0.07256026204868483, -0.45386375259227496, -0.12823001930509892, -0.8817963235531617, -0.3036184382359166, 0.95262848213135, 0.017743139386910408, 0.8377490901493366, 0.2757825904242949, -0.471296535922793
0.003821837518621412, 0.012189708402249822, 0.07252520564017964, -0.4466801491517125, -0.12439041319622682, -0.8860044409926373, -0.3029676120375079, 0.9528119980734988, 0.018971620475779147, 0.8418357740142041, 0.2769048960059371, -0.46328847185943145
0.0038044305168327456, 0.012185802940033985, 0.07248996451517434, -0.43888922959028337, -0.12301885567827552, -0.8900801117299809, -0.3034371916174865, 0.9526823440489549, 0.017950545414596585, 0.8457553516785693, 0.2779617104656617, -0.4554505161069239
0.0037873239243797477, 0.012181836558643772, 0.07245458798122947, -0.43147445750490243, -0.12681188055291825, -0.8931676995231538, -0.3059741216305391, 0.9519557518877717, 0.012652404522749272, 0.8486516537503891, 0.2787453917079521, -0.4495457453789438
0.0037705035678247444, 0.012177579962536312, 0.0724191253459056, -0.4243144606654044, -0.13435049256565623, -0.8954927043910479, -0.30995242473457446, 0.95074267468366, 0.004226220121826342, 0.8508153341773906, 0.27935338136977284, -0.4450561261749908
0.003753955273730061, 0.012172803856168733, 0.07238362591676324, -0.4172756364476894, -0.1441645086595731, -0.8972723319428274, -0.3147598247327493, 0.9491516126688089, -0.006121184722621167, 0.8525299384545887, 0.27987106068892403, -0.4414350387400982
0.003737664868658024, 0.012167278943998166, 0.07234813900136301, -0.4102364987820432, -0.15478418542679132, -0.8987479463168834, -0.31980921027832704, 0.9473263298567057, -0.01717247161525002, 0.8540656204813559, 0.28038309631999664, -0.43812924486937427
0.0037216186435207296, 0.012160783103090699, 0.07231271244296496, -0.40310881894888995, -0.16478170541724174, -0.9001945732148224, -0.32455148319632204, 0.9454613745420486, -0.027733085009201408, 0.8556691035912765, 0.2809800327582824, -0.4346039649502246
0.0037058188773302866, 0.012153341171739933, 0.07227734366726872, -0.3959775086575828, -0.17324908646329087, -0.9017685771177487, -0.3286440428496662, 0.9437288640545265, -0.036998976334216, 0.8574350737733795, 0.28171010842706423, -0.4306326846318694
0.003690287497553917, 0.01214528148938033, 0.07224196813969273, -0.3890453484745847, -0.17965281899019317, -0.9035311734849916, -0.33188768023061216, 0.9422710504860893, -0.04445036700618464, 0.8593569017244418, 0.28257765666223245, -0.4262107265354189
0.0036750476378465545, 0.012136951026903368, 0.07220651752201132, -0.382519072253319, -0.18347092521054434, -0.9055482201212959, -0.33409691682712306, 0.941234177297456, -0.04957291250059701, 0.8614281220909092, 0.28357828388219053, -0.42133709471320124
0.003660122431863135, 0.012128696755200518, 0.07217092347599885, -0.37660242657796267, -0.18417937219759115, -0.9078813640297345, -0.33509106711284325, 0.9407580607415876, -0.051848316181949426, 0.863646101731934, 0.2846967333964838, -0.4160086308679246
0.0036455303750427786, 0.01212085050231407, 0.07213512204995338, -0.37149221908658775, -0.18126606755912622, -0.9105691318674124, -0.33469677361141437, 0.9409574023216261, -0.050766492396534704, 0.8660090073967085, 0.28590519367053835, -0.4102275214316801
0.003631227738975388, 0.012113540947833904, 0.07209910813945423, -0.36740861015575516, -0.17483800020053117, -0.9134782903108838, -0.3329563692245592, 0.9418028078264207, -0.046341421677255225, 0.8684186601957695, 0.2871221775762876, -0.4042398864135447
0.003617126319700524, 0.012106751567552074, 0.07206291870217177, -0.36460780040917784, -0.16576917516257653, -0.9162869269212021, -0.3301619346831033, 0.9431081674193159, -0.0392438712831669, 0.8706631086517284, 0.28821444292904297, -0.3985952660531859
0.0036031369506520586, 0.012100462694545126, 0.07202659160614654, -0.3633505923128332, -0.15498234529495253, -0.9186712250379836, -0.3266013695506463, 0.9446797863538176, -0.03019348708161903, 0.8725295940388244, 0.2890684588490793, -0.39386740614712296
0.0035891704652638613, 0.01209465466188959, 0.07199016471941896, -0.36390565135570035, -0.14340338235868574, -0.9203304552384822, -0.3225475929376828, 0.9463436410658864, -0.019918918250435513, 0.8738053142442488, 0.28960176612418864, -0.3906342149073228
0.0035751376969698034, 0.012089307802662014, 0.07195367591002955, -0.3664528296863676, -0.13196430240466525, -0.9210308064911314, -0.31826705405646366, 0.9479565288395085, -0.009192482405201709, 0.8743102458035558, 0.28976515028795297, -0.3893812421798538
0.0035609494792037547, 0.012084402449938933, 0.07191716304601878, -0.36924248139002636, -0.12190157820096563, -0.9213034218806798, -0.3143640323320406, 0.9493024315915853, 0.00038542216233584004, 0.8745485950551152, 0.28976697293932124, -0.38884425710135784
0.0035465166453995845, 0.01207991893679689, 0.0718806639954271, -0.36874093214301457, -0.1148696175326841, -0.9224072289017446, -0.3118651201814072, 0.9501051508559466, 0.006352096601525829, 0.87565419645916, 0.2900089193195506, -0.38616648603752407
0.0035317500289911647, 0.012075837596312419, 0.071844216626295, -0.3615063644878536, -0.1124858127636983, -0.9255593391899113, -0.3117859475004501, 0.9501314441317479, 0.00630569689771659, 0.8786937301335556, 0.29085594509827284, -0.3785500598665503
0.0035165604634123646, 0.012072138761562063, 0.07180785880666297, -0.3475979374363397, -0.11487575484465756, -0.9305800528911377, -0.31404297809203513, 0.9494087618753564, 0.0001038527252905071, 0.8834889256810682, 0.29227823015608456, -0.36608845157384967
0.003500894360569718, 0.01206878718262842, 0.07177161947678959, -0.3299502986827598, -0.1209572630116415, -0.9362169304834698, -0.31771529889223815, 0.9481277528766371, -0.010523928682502813, 0.8889262001139202, 0.2939780684844215, -0.3512650082219911
0.003485427424151855, 0.012065428187523122, 0.07173534457419407, -0.31154627758765785, -0.12967565925012062, -0.9413411391835166, -0.3220118109939478, 0.9464363361407828, -0.023804520848133656, 0.8940063257615531, 0.2957067551315962, -0.3366158113753276
0.003471518378919154, 0.012061407948267542, 0.0716987086444641, -0.2941929802713942, -0.14031913014258546, -0.9453893547502337, -0.3265294924991926, 0.9444001142395381, -0.03856053361362218, 0.8982365951614613, 0.2973532679160862, -0.32365421853016146
0.0034604682391849778, 0.012056093643797455, 0.07166140068096807, -0.2777173028330629, -0.15266949546808728, -0.9484540710338316, -0.3312494839105098, 0.9419603202124822, -0.05463089377100527, 0.9017465714468504, 0.29900297707333556, -0.31217037108786067
0.003452154339823067, 0.012049403664334537, 0.07162346635424961, -0.26175054842227585, -0.1665408516644394, -0.9506580852901431, -0.3361376239050575, 0.9390599115386842, -0.07195818463816876, 0.9047088748299643, 0.3007168556430482, -0.30178009300823383
0.0034452661579985073, 0.012041716307406069, 0.07158524893115115, -0.24600569293633195, -0.18169731226604208, -0.9520857554643971, -0.34110095352859565, 0.9356670760642986, -0.09042821612289435, 0.9072658588003839, 0.3025115030615902, -0.29215655387243933
0.003438464890922762, 0.012033421937578483, 0.07154709861817893, -0.23203655466516826, -0.19714752497819785, -0.9525187088420307, -0.3457529424387298, 0.9320109112129795, -0.10867641959004738, 0.9091831169209418, 0.3041192443350511, -0.28442493760392873
0.0034309280857236155, 0.012024782322601874, 0.07150922698447951, -0.22316238625751456, -0.2112455219377348, -0.951616455732616, -0.349573806196806, 0.92864442998013, -0.12416793743941114, 0.9099432418458472, 0.30495057325431213, -0.28108440812492
0.0034226518587860224, 0.012015855365759422, 0.07147162581746418, -0.2226709026850203, -0.22239555871077007, -0.9491880132845982, -0.3521611518527848, 0.9262385799020353, -0.13440467338147474, 0.9090655599147721, 0.3043391341362222, -0.2845654568110059
0.003413704915306421, 0.012006680892109106, 0.07143426741481283, -0.2301234508305839, -0.23028493523907617, -0.9455221023221818, -0.3535053141712188, 0.9250096484174877, -0.13925208503740158, 0.9066847248247496, 0.3022019174930734, -0.2942733607260058
0.00340415596048125, 0.011997298726708927, 0.07139712407420544, -0.24189431951802096, -0.23571442387846214, -0.9412363404377023, -0.35391986257934444, 0.9246465938961027, -0.14060372423287185, 0.9034533020896717, 0.2991109940673867, -0.30709077513218835
0.0033940736995069455, 0.011987748694616867, 0.07136016809332188, -0.2543492048134426, -0.23952105916868555, -0.9369824674055969, -0.3538036780253504, 0.9247300625260831, -0.14034695891340387, 0.9000719079198638, 0.2958107058157591, -0.3199477877690029
0.0033835268375799472, 0.011978070620890919, 0.07132337176984206, -0.2652260750918373, -0.24224730472075104, -0.9332584703322605, -0.35350445085744997, 0.9249533353055897, -0.1396278293573254, 0.8970450001618379, 0.29287808190883324, -0.3309572431932121
0.0033725840798966944, 0.011968304330589076, 0.07128670740144592, -0.27435158485689076, -0.24395102933552054, -0.9301715450241704, -0.35310732008968126, 0.9252718490224765, -0.13851796239336905, 0.8944531448799293, 0.2904477589733951, -0.3399906924045671
0.003361314131653622, 0.01195848964876932, 0.07125014728581334, -0.28173757490796436, -0.24464502765719334, -0.9277783945143313, -0.3526225753160729, 0.925680937385735, -0.1370113920012769, 0.8923459297057614, 0.2885543494790508, -0.34706646212833964
0.0033497856980471727, 0.011948666400489655, 0.0712136637206243, -0.28739480721850585, -0.2443395736103245, -0.9261222368304104, -0.35203379639057936, 0.9261840044466253, -0.1351125312694934, 0.8907729401944551, 0.2871956870761442, -0.3521962611132996
0.003338067484273781, 0.01193887441080806, 0.07117722900355866, -0.29133166035126007, -0.24304189842779592, -0.9252332134578779, -0.3513273452939913, 0.9267829083670053, -0.13282521299614686, 0.8897724204119022, 0.2863635388233078, -0.35538846844957883
0.0033262281955298884, 0.011929153504782531, 0.07114081543229635, -0.29355318490269455, -0.24075588443346665, -0.9251287109068357, -0.3504995528105875, 0.92747570822812, -0.1301494299884765, 0.8893686474758724, 0.28605141977869364, -0.3566482779006945
0.003314336537011931, 0.011919543507471054, 0.0711043953045173, -0.2940605136846624, -0.2374819664838929, -0.9258135502823749, -0.34955295671484876, 0.9282579079643455, -0.12708259815397094, 0.8895735746656482, 0.28625088977433727, -0.355976520798747
0.0033024612139163473, 0.01191008424393162, 0.07106794091790143, -0.2928506224930855, -0.23321723614104586, -0.927280019019144, -0.3484915313578034, 0.9291239812131938, -0.12362151959281903, 0.8903887720975066, 0.28694659485917634, -0.35336876803336525
0.0032906709314395764, 0.011900815539222221, 0.07103142457012862, -0.28991964761436634, -0.22795870547918956, -0.9295060120964328, -0.34732095772875404, 0.9300670125611182, -0.1197643706117049, 0.891804210715302, 0.28811487421146603, -0.3488195364491049
0.003279034394778056, 0.011891777218400845, 0.07099481855887879, -0.2853835366236703, -0.22181461359781698, -0.9323918244057148, -0.34606848267018797, 0.9310633796605468, -0.11557503345201539, 0.8937521145857615, 0.28968821213423895, -0.3424732068701845
0.003267620309128224, 0.011883009106525486, 0.07095809518183191, -0.2795169149202725, -0.21503988706371502, -0.9357500420759155, -0.3447866581377778, 0.9320707800330351, -0.11120351333834967, 0.8960984625830112, 0.291550866883009, -0.3346724329491894
0.0032564973796865193, 0.01187455102865413, 0.07092122673666784, -0.27260764793446385, -0.20790151711126778, -0.9393945015117304, -0.3435264547261576, 0.9330496792825922, -0.10680763499829463, 0.8987072077105627, 0.29359028453524305, -0.32577614958065676
0.00324573431164938, 0.011866442809844772, 0.07088418552106651, -0.2649478924462098, -0.20066991519414337, -0.9431512070841488, -0.34233457545818463, 0.9339652174022857, -0.1025476042068545, 0.9014486412071273, 0.29570349646001237, -0.31614836619401876
0.003235398524399613, 0.011858723092106692, 0.07084694444193622, -0.25683489474295473, -0.19361935856864024, -0.9468618594229274, -0.34125325517275407, 0.9347871698222401, -0.09858581525617989, 0.9042024400964501, 0.2977994142425313, -0.30615920074436875
0.0032255081121077924, 0.01185138513441141, 0.0708094997768486, -0.24857106701541645, -0.187027924672305, -0.9503857006687274, -0.34032064574360543, 0.93548940685385, -0.09508642250546352, 0.9068595716666792, 0.2998001418562084, -0.29618506413984574
0.003216017473428539, 0.011844363590893794, 0.07077187798279887, -0.2404634532487394, -0.1811770419938509, -0.9535996052358923, -0.33957149159186606, 0.9360489428580376, -0.09221485060675155, 0.9093231162517351, 0.3016409389136505, -0.2866081196015298
0.0032068767881166796, 0.011837589233972238, 0.07073410751572907, -0.23282273895021133, -0.17635079289948252, -0.9563963457016372, -0.33903758103420417, 0.9364447453750108, -0.09013743676190623, 0.9115081408710496, 0.3032682586477771, -0.2778151767318477
0.003198036235927044, 0.011830992836065144, 0.07069621683158148, -0.22596195330665123, -0.17283506677881424, -0.9586809872681347, -0.3387482517623284, 0.9366562165948417, -0.08902108650316055, 0.913340471886475, 0.30463612984312916, -0.2701962449931369
0.003189445996614462, 0.011824505169590915, 0.07065823438629822, -0.22019163644861303, -0.17091353289585642, -0.9603667047077062, -0.33873095582592383, 0.9366615294154726, -0.08903099953568754, 0.9147551490991116, 0.3057020503466154, -0.2641387393218526
0.003181056249933759, 0.011818057006967947, 0.07062018863582147, -0.21569389900877434, -0.1707524829920257, -0.9614154832758054, -0.3389985514168491, 0.9364467364886759, -0.09026345803804661, 0.9157271013067543, 0.3064491789379868, -0.2598706921924117
0.003172817175639767, 0.01181157912061464, 0.07058210803609338, -0.21248320405908008, -0.1723651561378607, -0.9618425759667526, -0.33954729755373114, 0.9360073122569784, -0.09272509975958647, 0.9162742606429285, 0.30688852104801545, -0.25741195569012815
0.003164678953487312, 0.011805002282949393, 0.07054402104305614, -0.21055968933526853, -0.17575232899830784, -0.96165260675501, -0.34037467748057204, 0.935333734378314, -0.09641516615094314, 0.9164113138525909, 0.30702104844063705, -0.25676522283475284
0.0031565917632312233, 0.011798257266390602, 0.07050595611265188, -0.20992035640560905, -0.1809122542890615, -0.9608351576699262, -0.34148010195697803, 0.9344106694086015, -0.10133134195707208, 0.9161467043732647, 0.3068345761862883, -0.25792975579135285
0.0031485057846263303, 0.011791274843356674, 0.07046794170082282, -0.21051706598965209, -0.18775958107609672, -0.9593898606099801, -0.3428520119156502, 0.9332287782650066, -0.10740831133294068, 0.9154971670368508, 0.30631746135689314, -0.2608343344258362
0.0031403711974274592, 0.011783985786265997, 0.07043000626351109, -0.212144583494932, -0.19590893867189993, -0.9573997928985631, -0.34443151900932306, 0.9318208152339194, -0.11435426100379557, 0.9145280774293877, 0.30549902789574246, -0.26515795207397463
0.0031321381813894413, 0.01177632086753698, 0.07039217825665887, -0.21456310223484706, -0.2049070398651273, -0.954974230109415, -0.34614732233602874, 0.9302366506254333, -0.12182694723571187, 0.9133152283844588, 0.30442220491758915, -0.2705224847478622
0.0031237569162671027, 0.011768210859588017, 0.07035448613620832, -0.21751845886144824, -0.21433179282063075, -0.9522329560778889, -0.34793211807408075, 0.9285301163580436, -0.12951858642141642, 0.911936928338262, 0.3031397459958232, -0.27654535456333995
0.0031151775820948756, 0.011759586535376834, 0.07031695835792304, -0.22071776528887946, -0.2238344565633704, -0.9493059591832677, -0.3497327657893283, 0.9267485069697606, -0.1372013023358964, 0.910478259278732, 0.3017206338391525, -0.28283210301602996
0.0031063668070461033, 0.011750410394633416, 0.07027961287253202, -0.22386552515761562, -0.23308019652705267, -0.9463391826574737, -0.3514965439562061, 0.9249450583085679, -0.14466104761615312, 0.9090293758909818, 0.3002503307200019, -0.2889901947640813
0.0030973520077023672, 0.011740762191689891, 0.0702424288066558, -0.22667014478563116, -0.24173813013665152, -0.9434952686160627, -0.3531694583667951, 0.9231807480539694, -0.15168599177055891, 0.907684955884896, 0.2988310272721841, -0.29463203831166357
0.0030881746600626577, 0.011730748726219114, 0.07020537631800322, -0.2288436418604431, -0.24948136656083103, -0.9409514521583935, -0.35469655195459054, 0.9215233860117604, -0.1580664577478235, 0.9065434041520427, 0.2975797317902553, -0.2993749482105443
0.003078882657264889, 0.011720464923503624, 0.07016842491596532, -0.23010075357145707, -0.25598631011986495, -0.9388954426543267, -0.35602199299602816, 0.9200462569234058, -0.1635946992550992, 0.9057052410740394, 0.2966241631297873, -0.30284009334724776
0.003069539532268157, 0.011709976768617037, 0.07013154252985568, -0.23015743946499084, -0.2609311540502343, -0.9375193256167746, -0.3570901082228109, 0.9188259376580697, -0.16806412733296186, 0.9052702401318296, 0.29609766823259814, -0.30465055916390177
0.0030602111555838142, 0.01169934592118386, 0.07009469685282696, -0.22876926943081244, -0.2640726098706791, -0.9369793370614853, -0.357863138976737, 0.917922100575916, -0.17132714623203973, 0.905316847918898, 0.2961159806399955, -0.30449422142924953
0.003050963397723212, 0.011688634040828596, 0.0700578555780319, -0.22583800428087075, -0.2654559610211733, -0.9372994871335196, -0.35836366730549124, 0.9173272971133164, -0.17345348634759816, 0.9058546670287638, 0.2967216923804234, -0.30229713775208794
0.0030418621291977027, 0.011677902787175743, 0.07002098639862321, -0.22129585692948936, -0.26518874654174673, -0.9384578160010497, -0.3586297795721031, 0.9170131323706352, -0.1745611533642594, 0.9068697949043776, 0.29792925966983, -0.298035788660824
0.0030329732205186394, 0.011667213819849814, 0.06998405700775362, -0.21510785972710836, -0.26334621784276746, -0.9404134081517195, -0.3586903593069724, 0.9169569565219481, -0.17473169725679782, 0.9083335482210584, 0.2997310618436399, -0.2917043978794739
0.0030243625421973743, 0.0116566287984753, 0.06994703509857579, -0.2077504767235699, -0.2599586842479215, -0.9430064803092388, -0.3585290773711103, 0.9171867097972902, -0.17385465208225434, 0.9101080375980369, 0.30197685648955075, -0.2837487234229247
0.0030160959647452593, 0.011646209382676707, 0.06990988836424245, -0.20020331098412358, -0.2550770572811517, -0.9459674038357677, -0.3581004636667332, 0.9177628792978834, -0.171683881900805, 0.9119663876441197, 0.30437968432805584, -0.27508237961688503
0.0030082393586736466, 0.011636017232078546, 0.06987258449790631, -0.19347563909430374, -0.24875907009995069, -0.9490448367279908, -0.35735625080451133, 0.91874077050126, -0.1679640039701794, 0.9137087539736028, 0.3066501616855257, -0.26664956637925924
0.0030008585944938885, 0.01162611400630531, 0.06983509119272008, -0.18858450191899723, -0.24106792301781776, -0.9520095283808031, -0.35624359805388156, 0.9201658040120383, -0.1624358087753547, 0.9151646761548374, 0.3085144236802465, -0.2594079141037474
0.0029940122238256784, 0.011616560978321517, 0.06979737816042633, -0.1865517907614087, -0.2320697795036784, -0.9546423659176381, -0.35471508672126795, 0.9220649522249541, -0.15483355944599503, 0.9161744575221659, 0.30974157182965806, -0.2543315199979308
0.0029875735331268407, 0.011607409633458621, 0.0697594662098997, -0.18839599469013618, -0.2218293511155561, -0.9567124375528759, -0.35272074134393233, 0.9244431580837217, -0.1448893581253708, 0.9165669794458564, 0.3101557454825664, -0.252405201478996
0.002981220619075666, 0.011598701145093484, 0.06972142998441029, -0.19497299484621017, -0.21048259122431143, -0.9579575199726755, -0.3501923229083003, 0.9272640524789666, -0.13246401004187103, 0.91616094015014, 0.3096424644195037, -0.2545008368776574
0.002974622272840629, 0.011590476194989123, 0.06968334669373785, -0.2041544171670606, -0.19976574270721925, -0.95833951290334, -0.3475134715214324, 0.9299872675292212, -0.11982516156740648, 0.9151805073657876, 0.30857305500345555, -0.2592822953144585
0.0029674472855902075, 0.01158277546490858, 0.0696452935476623, -0.21141462720633356, -0.19274366564401263, -0.9582033890345599, -0.34560302648649716, 0.9317718728521419, -0.11117430029006409, 0.9142551085373166, 0.3076541179892135, -0.2636029973230551
0.002959364448492878, 0.011575639636614878, 0.06960734775596344, -0.21548394004331584, -0.19036406994478647, -0.9577725160274047, -0.34482303661211977, 0.93246244767542, -0.10775368716086375, 0.9135993350506585, 0.3070428382965821, -0.266572598827737
0.002950042552717116, 0.011569109391871045, 0.0695695865284212, -0.21645049807924138, -0.19230819737113555, -0.9571659934959623, -0.34512819911714404, 0.9321764202553733, -0.10924123623446783, 0.913255554626089, 0.30669965559769086, -0.26814103229616415
0.002939207655251391, 0.011563194119518156, 0.06953208125638743, -0.21393794263136512, -0.19817885321322362, -0.9565331666187797, -0.3464278737167066, 0.9309518243060548, -0.11539683328995683, 0.9133555085588418, 0.30668198995102414, -0.26782059671522584
0.0029277656494612623, 0.011557258486507781, 0.06949478345529217, -0.2075340251615503, -0.20756835980475685, -0.9559524069786153, -0.3485743445889879, 0.9287743209574029, -0.12599280544726668, 0.9140161676330473, 0.30707268966496887, -0.2651052782713298
0.0029175784847502253, 0.011550160501291528, 0.06945754266366973, -0.19679474541936295, -0.220067570814365, -0.9554277013208234, -0.351398222354039, 0.92557613763381, -0.14081229622905733, 0.9153093015487986, 0.3080244758436298, -0.2594798735538223
0.0029091946160156256, 0.01154161654573857, 0.06942029876202728, -0.18124239519551427, -0.23525593948356885, -0.9548852481431979, -0.3547357969970458, 0.9212377822385727, -0.1596354061761577, 0.9172315457465818, 0.30979927616742353, -0.25042104538851506
0.0029024504306101742, 0.011531805927630881, 0.06938304134657944, -0.16038770167306546, -0.25267635997924737, -0.9541647877906989, -0.35838709737788094, 0.9156158510852316, -0.18222596322841628, 0.9196925973308088, 0.31273354528912417, -0.23740946919995914
0.00289717601121695, 0.011520912053511814, 0.06934576045372533, -0.13393010176199072, -0.27172454730219137, -0.9530102298692507, -0.36204723551404844, 0.9086144386287659, -0.20818645770550906, 0.9224882259945966, 0.31715228567480286, -0.22006794540002936
0.00289320144051903, 0.011509118329924713, 0.06930844611986409, -0.1046575255318164, -0.2902459704318353, -0.9512119001556064, -0.3650964603309594, 0.9008939794168739, -0.2347224158537766, 0.9250683093714548, 0.32271863054139166, -0.20025311108226856
0.0028903568011994936, 0.01149660816341292, 0.06927108838139485, -0.07781168112978383, -0.30510508031153094, -0.9491344647877091, -0.36712420469445356, 0.8938917778831106, -0.25724950487889514, 0.9269116250253968, 0.32843321908885215, -0.18156668194278433
0.002888472175941415, 0.011483564960519775, 0.06923367727471672, -0.055319217794428804, -0.3153200542827048, -0.9473716522620701, -0.3683537589522322, 0.8883410882683442, -0.274163489837678, 0.9280384110630192, 0.3338013994299094, -0.1652916614057127
0.002887377647427876, 0.011470172127788631, 0.06919620283622882, -0.03723429758380004, -0.321011058235271, -0.9463432292641568, -0.3690875758245669, 0.8844579558984678, -0.28549691000052635, 0.9286484633355001, 0.338653251480885, -0.15141336402721808
0.0028869032983419502, 0.011456613071762826, 0.0691586551023303, -0.023551506609270075, -0.32228728133944556, -0.9463488969842266, -0.36951418791459745, 0.8823828213192427, -0.29130709152114503, 0.9289265802345464, 0.34282862326171415, -0.1398711678875552
0.0028868792113667186, 0.01144307119898571, 0.06912102410942028, -0.014247220003742338, -0.3192195922025926, -0.9475736745373288, -0.3697353425119585, 0.8821829792983986, -0.2916315612785524, 0.9290278753728167, 0.346196538096804, -0.13059542024917448
0.0028871354691852582, 0.011429729916000627, 0.06908329989389789, -0.009306591005293081, -0.3118912767981555, -0.9500722176872012, -0.36980668418302737, 0.8838260668030286, -0.28652137786392673, 0.9290621097092567, 0.3486765192792667, -0.12356488662188929
0.0028875021544806454, 0.01141677262935092, 0.06904547249216224, -0.008832708779330355, -0.3010368910155018, -0.9535715880327709, -0.3697584885307406, 0.8870023126468791, -0.27659638016169047, 0.929085918209442, 0.3501480938214703, -0.11914557892808765
0.0028878093499359585, 0.011404382745579932, 0.06900753194061246, -0.012966201853873696, -0.287814146232102, -0.9575985039870158, -0.3695685762437734, 0.8912462229201102, -0.2628673383739171, 0.9291129883187701, 0.3504899247615021, -0.11792314267369981
0.0028878871382342765, 0.011392743671231014, 0.06896946827564769, -0.021220254331389986, -0.2732472045379247, -0.961709761839985, -0.36917734979809624, 0.8960847057712688, -0.24645544116304854, 0.9291166693167039, 0.34981161400820915, -0.11989182416998448
0.0028875656020586745, 0.011382038812847502, 0.06893127153366706, -0.03260383992378276, -0.2582541517736743, -0.9655266866917167, -0.368537922796025, 0.9010746449570654, -0.22857008482452332, 0.9290407897845043, 0.3483809370605095, -0.12455494213167884
0.00288667095900425, 0.01137242658141828, 0.06889293485717361, -0.04611498342214712, -0.24377040532582223, -0.968735979403707, -0.36764913359403373, 0.9058411078409213, -0.21044239571219697, 0.9288205008889131, 0.3464503959195557, -0.13139482598508842
0.002884984824450373, 0.011363776945051285, 0.06885448723238737, -0.06075499896665446, -0.2307583967667368, -0.9711124509665229, -0.36657235219990103, 0.9100829652423509, -0.1933228051170415, 0.928403759526637, 0.34423764857629274, -0.1398817379055296
0.002882275717106494, 0.011355778362589483, 0.06881598012237733, -0.0755996352765836, -0.22011156167634452, -0.9725407937780545, -0.3654303456367324, 0.9135903169155293, -0.17836309967591724, 0.927763632416073, 0.34191173313383627, -0.14950253881305997
0.0028785607859303643, 0.011348173640985065, 0.06877745697484894, -0.09026167254140256, -0.21201231784985597, -0.9730897222507081, -0.3643248549992584, 0.9163824484214347, -0.16586322152576818, 0.9268873882515599, 0.33954968017223686, -0.15995556944080971
0.0028740579249652855, 0.01134075183502671, 0.06873895447366028, -0.10459849041690314, -0.2063120883458226, -0.9728794776357915, -0.3633183362579433, 0.9185574633246616, -0.1557304501673423, 0.925774779490814, 0.337175783194684, -0.17103668871264555
0.0028689907390775206, 0.011333303315167728, 0.06870050911025068, -0.11824928600716068, -0.20308452743189104, -0.9719947433379268, -0.36249127858847985, 0.9201367271779086, -0.14815018138907565, 0.9244550715454407, 0.3348209641227569, -0.18242188102807672
0.00286358283313333, 0.011325618451861415, 0.06866215737605938, -0.13022019915679894, -0.20240731854236085, -0.9706049542074545, -0.3619622581764001, 0.9210788231460513, -0.14351698578121716, 0.9230525572183875, 0.33263355055131816, -0.19320687788021168
0.0028580300267783978, 0.011317525279753693, 0.06862392897487969, -0.13948984938150283, -0.20393807414068166, -0.9689952754453014, -0.3618049584384892, 0.9214006166468272, -0.14183820251317938, 0.9217590541832767, 0.33080230585447323, -0.20231183967458463
0.0028523170179244836, 0.011309138019077057, 0.06858580203561818, -0.14602779790150336, -0.20709557680804308, -0.9673609999925475, -0.361987006171075, 0.9212156944846035, -0.1425729693825299, 0.9206743667569658, 0.3293524955147503, -0.2094890070979062
0.0028463317679460727, 0.011300702018878441, 0.06854773104388832, -0.15041007027773542, -0.21129133038162093, -0.9657809194970728, -0.36241535561111465, 0.9206714359032233, -0.14498005769472594, 0.9197999351904282, 0.3282073747152271, -0.21505347801470812
0.0028400424776510143, 0.011292352959611042, 0.06850968531764777, -0.15322306241892594, -0.21593690725050757, -0.9643100876948512, -0.36298109739277007, 0.9199161945739148, -0.1483203219258497, 0.9191122978605533, 0.3273002399139558, -0.21933339206276986
0.002833622269842425, 0.011283946455636885, 0.06847167213166411, -0.1550502465743162, -0.22044357004286153, -0.9629974317016643, -0.3635695643547261, 0.9191061537709605, -0.15185865130201265, 0.9185731287775397, 0.3265708353896741, -0.22265420849544257
0.002827245852972089, 0.011275323776156546, 0.06843370240018372, -0.15640454576487658, -0.2243189199583874, -0.961882862001806, -0.36408251978307193, 0.9183828660686515, -0.15497364324277285, 0.9181402599017711, 0.32596615385685646, -0.22530985261917988
0.002820945677812422, 0.011266463693221084, 0.06839577632581258, -0.15727037287280524, -0.22780442687763072, -0.9609220430978795, -0.36455858161021304, 0.9176967970916924, -0.15789119412430508, 0.9178033941922413, 0.32548077009648907, -0.2273745762098261
0.0028147126665461777, 0.011257385119417242, 0.06835789098415966, -0.15738904463700126, -0.23147748215538747, -0.9600244079622425, -0.3651006708783794, 0.9169014393715812, -0.16122422461429264, 0.9175675390686014, 0.3251306287222489, -0.2288228255971546
0.0028085377363860275, 0.011248106972135723, 0.06832004345045975, -0.1567036956628168, -0.23563486049951052, -0.9591246865152577, -0.36575766999073933, 0.9159201408635801, -0.16526228366867332, 0.9174231731368905, 0.32490999996586106, -0.22971332855022464
0.0028024118045446426, 0.011238648168767242, 0.06828223079994768, -0.15567550911775108, -0.2398614559629509, -0.9582440283165152, -0.36644180850225, 0.914876449072892, -0.16947413936461295, 0.9173252077875814, 0.3247577017949063, -0.23031912270230928
0.0027963257882346938, 0.011229027626702501, 0.06824445010785817, -0.15477065551727143, -0.2437077483093715, -0.9574197499554362, -0.3670609473428313, 0.9139117682345633, -0.17329610733699996, 0.9172307807343457, 0.32461024829224017, -0.23090232042383824
0.0027902706046688515, 0.011219264263332215, 0.06820669844942606, -0.1540953742608848, -0.24707344916756338, -0.9566657338631093, -0.36759494327890335, 0.9130638866918065, -0.1766020851944612, 0.9171306195450993, 0.324451921762987, -0.2315218718763455
0.0027842371710597876, 0.011209376996047082, 0.06816897289988612, -0.15365052382798713, -0.24995986819955068, -0.9559872283754886, -0.36804447178783994, 0.9123383652408722, -0.17939335020011934, 0.9170249632991433, 0.3242819322738719, -0.23217761538729118
0.0027782164046201725, 0.011199384742237816, 0.06813127053447315, -0.1534368003262462, -0.25236818685978174, -0.9553886364023544, -0.36841033432951115, 0.9117398037724798, -0.18167100972950548, 0.9169138312103606, 0.32410002850667347, -0.2328694863160736
0.0027721992225626757, 0.01118930641929512, 0.0680935884284219, -0.15345476267974187, -0.25429941170337395, -0.9548735230480643, -0.36869334105063145, 0.9112718929045628, -0.18343597647969115, 0.9167970637364776, 0.3239063852557602, -0.2335975117905158
0.00276617654209997, 0.011179160944609707, 0.06805592365696722, -0.15370484229290932, -0.25575434618310605, -0.9544446216853881, -0.36889401792029697, 0.9109375239083292, -0.18468901179653846, 0.9166744378449372, 0.32370131594452045, -0.23436175681508764
0.002760139280444725, 0.011168967235572282, 0.06801827329534384, -0.154187349740729, -0.25673356869767733, -0.9541038391515281, -0.36901242563774167, 0.9107388578380093, -0.18543074866070164, 0.9165457385776665, 0.32348509629915434, -0.23516228772370495
0.0027540783548096128, 0.011158744209573553, 0.06798063441878657, -0.1549024784467687, -0.2572374168236845, -0.9538522598164384, -0.3690482150268616, 0.9106773096863041, -0.18566166165367254, 0.9164107360548194, 0.32325802234189555, -0.23599918185254556
0.002747984682407303, 0.011148510784004228, 0.06794300410253021, -0.15585030532166372, -0.2572659776791639, -0.9536901483500435, -0.3690006580427205, 0.9107535396437374, -0.18538204980645423, 0.9162691726207881, 0.323020443246534, -0.23687253228187782
0.0027418491804504664, 0.011138285876255012, 0.0679053794218095, -0.15703078834634812, -0.25681908438815476, -0.9536169510895631, -0.3688686472502944, 0.9109674538395677, -0.18459203428315424, 0.9161207631022574, 0.3227727620774175, -0.23778244568061066
0.002735662766151775, 0.011128088403716617, 0.0678677574518593, -0.15844376109366748, -0.25589631863804213, -0.9536312959828817, -0.36865069694154157, 0.9113182028109259, -0.18329156246259626, 0.915965194870967, 0.3225154373560462, -0.23872903981717375
0.0027294163567238984, 0.011117937283779744, 0.06783013526791433, -0.1600889241930251, -0.25449701934623675, -0.953730991157675, -0.36834498205716304, 0.9118041650242905, -0.18148040896379014, 0.9158021132013335, 0.3222490213922108, -0.23971244787814924
0.002723100869379509, 0.011107851433835109, 0.06779250994520943, -0.16196583375379067, -0.2526202974747813, -0.9539130222405985, -0.36794939041464414, 0.9124229242544016, -0.17915817979801596, 0.9156311019127361, 0.3219742110772219, -0.24073282412514782
0.0027167072213312767, 0.011097849771273418, 0.06775487855897935, -0.16407388677722573, -0.25026505705298036, -0.9541735486252396, -0.367461505648694, 0.9131712700801693, -0.17632434138985215, 0.9154516926327729, 0.32169182880272046, -0.24179033425129365
0.0027102263297918722, 0.01108795121348537, 0.06771723818445889, -0.16641156996065634, -0.24743135941698688, -0.9545076803045073, -0.36687882737099325, 0.9140448250705181, -0.1729797207440542, 0.9152634131276715, 0.3214028315663506, -0.24288496135211335
0.002703649111973967, 0.011078174677861681, 0.06767958589688285, -0.16893787089405668, -0.2441909421941963, -0.9548983084748311, -0.3662123509945572, 0.9150184211170332, -0.16920343671312035, 0.9150674891814387, 0.32111068616102195, -0.24400700292486557
0.0026969664850902304, 0.011068539081793059, 0.067641918771486, -0.17155352815850985, -0.240722606042484, -0.9553125215951492, -0.3654944942752507, 0.9160380195954009, -0.16519116595694444, 0.9148678383410612, 0.32082233961470186, -0.2451323413450433
0.002690169366353334, 0.0110590633426702, 0.06760423388350309, -0.17415506574631032, -0.23721467065352903, -0.9557192124790818, -0.3647612925542646, 0.9170498266788327, -0.1611484248835994, 0.9146689086926705, 0.3205445607322961, -0.24623560273831002
0.00268324867297595, 0.011049766377883831, 0.067566528308169, -0.17663963146426015, -0.2338563563621009, -0.9560908142981044, -0.3640507997955674, 0.9180030811824128, -0.15728114352268696, 0.9144755085645422, 0.32028354239429546, -0.24729131951401678
0.002676195608306973, 0.011040666572889837, 0.06752879918881609, -0.17890500572789567, -0.23083768624434894, -0.956403137560128, -0.36340293181764055, 0.9188499460459286, -0.15379559745889115, 0.9142927912172583, 0.32004490194463264, -0.24827394681562057
0.002669016728546333, 0.011031753771788184, 0.0674910473226058, -0.18085245440334052, -0.2283440594923541, -0.9566354479271818, -0.36285801977164467, 0.9195463497261614, -0.15089257169487366, 0.91412605652814, 0.3198335523359676, -0.24915868753962309
0.0026617413978524654, 0.011022975418081003, 0.06745327893477145, -0.18242358919988189, -0.2264898394605326, -0.9567779192292091, -0.3624424155316982, 0.9200681017102705, -0.14869493481220958, 0.9139787358177326, 0.31965143646854083, -0.24993164992977152
0.002654400831157406, 0.01101427551463339, 0.06741550069101258, -0.18358892190317397, -0.22533764451520633, -0.9568270761839721, -0.3621715551662436, 0.9204040406868867, -0.14726902768646274, 0.9138527629672599, 0.31949858818403276, -0.25058687069660107
0.0026470262433931856, 0.011005598064310432, 0.06737771925702858, -0.18431935305244312, -0.22494861363376237, -0.9567781860570281, -0.3620600272664912, 0.9205420085958077, -0.14667974320329186, 0.9137499180553269, 0.31937522075866237, -0.25111860866777524
0.0026396488494918415, 0.010996887069977217, 0.06733994129851892, -0.18458613001082405, -0.22538209825824884, -0.9566247280895138, -0.362121335266205, 0.9204683606159692, -0.14699025698994786, 0.9136717677331657, 0.31928186119737406, -0.25152135884988547
0.002632298723115507, 0.010988088613337178, 0.06730217328666327, -0.18439899532949608, -0.2266245869500335, -0.9563672448966448, -0.36235276597790794, 0.9201856871736168, -0.14818493212529368, 0.9136177994706715, 0.31921716387209687, -0.2517993621513425
0.002624990352507203, 0.010979177165142389, 0.06726441903623849, -0.18382519553548143, -0.22855466110613845, -0.9560183389313199, -0.36272804889203714, 0.919722221490516, -0.15013126870684257, 0.9135845117083137, 0.3191767569595388, -0.25197130349203184
0.0026177269479725333, 0.010970147739058281, 0.06722668043979249, -0.18293649874820642, -0.2310419729162789, -0.9555908351259449, -0.3632185399785022, 0.9191076656841962, -0.15268723291890887, 0.9135680213545311, 0.31915624015754623, -0.25205706640930736
0.0026105114684032383, 0.010960995806703974, 0.06718895934702179, -0.18180467880234413, -0.233956231151307, -0.9550976602793312, -0.3637955326996396, 0.9183718921998779, -0.15571087953319587, 0.9135643760312472, 0.31915129566193556, -0.25207653862258955
0.002603346872691059, 0.010951716839698594, 0.0671512576076229, -0.18050166089833602, -0.23716741446902784, -0.9545526533025921, -0.3644306369363175, 0.9175456801599886, -0.15906047806395426, 0.9135696258496843, 0.3191575509584884, -0.2520495911344588
0.002596236119727735, 0.01094230630966126, 0.06711357707129234, -0.17909668460295228, -0.24055113757134702, -0.9539704019398932, -0.36509711733805256, 0.9166598251291056, -0.16260030721287674, 0.9135800306900731, 0.3191706678368306, -0.25199526248903287
0.0025891821684050076, 0.010932759688211105, 0.06707591958772667, -0.17761906021494067, -0.24405450134659246, -0.9533566330711857, -0.36578341541527376, 0.9157269690986065, -0.1662727009241656, 0.9135939811839275, 0.3191888444760341, -0.2519216527147986
0.0025821879776146157, 0.010923072446967243, 0.06703828700662233, -0.1760690823274229, -0.24767611779441281, -0.9527099343045958, -0.3664886440145592, 0.914745931085384, -0.17007632219419455, 0.9136113791195625, 0.31921218998813616, -0.25182896121421217
0.002575256506248299, 0.010913240057548798, 0.06700068117767591, -0.174446390906429, -0.2514157176680366, -0.952028672682282, -0.36721210857134895, 0.9137151715038667, -0.17401107057380893, 0.9136321601269874, 0.3192408530766785, -0.25171720979815704
0.0025683907131978006, 0.010903257991574905, 0.06696310395058391, -0.17275062034288322, -0.25527299983403984, -0.9513111576802193, -0.3679530792234445, 0.9126331011403153, -0.17807682104360686, 0.9136562562917931, 0.3192749884640848, -0.2515864206989796
0.0025615935573548598, 0.010893121720664681, 0.0669255571750429, -0.17098140115670762, -0.2592476279521116, -0.9505556416431878, -0.3687107943109389, 0.9114980805139595, -0.18227341928532495, 0.9136835943679221, 0.3193147610439751, -0.25143661778337617
0.0025548679976112165, 0.010882826716437253, 0.06688804270074933, -0.16913836178764965, -0.26333922705102664, -0.9497603203271644, -0.3694844607249967, 0.9103084204615417, -0.18660067770394445, 0.9137140952478234, 0.3193603468387721, -0.25126782725305424
