0.00039138749707490206, 0.001221634796820581, 0.007269765250384808, -0.4809326053928297, -0.16802243042732812, -0.8605069970333528, -0.3298187920313468, 0.9440442597796903, 0.0, 0.8123566910495956, 0.2838113782960621, -0.5094386204997042
0.0003880855347299516, 0.001220481197060122, 0.007263857225705446, -0.4651653310918438, -0.12768184749807007, -0.8759672143235129, -0.31469296556508286, 0.9487558940716989, 0.028819973769331694, 0.8273992701072855, 0.2890667730537202, -0.4815089288291964
0.00038489269090876506, 0.0012196048028608702, 0.007257844682807526, -0.4500543738393345, -0.1048081144935904, -0.886829363363879, -0.3072496130064191, 0.9506307034758514, 0.04357683922008984, 0.8384800152033979, 0.29208992578537574, -0.46003775862335855
0.0003818015263524477, 0.0012188849362234832, 0.007251753562145491, -0.43624142425493956, -0.09956759936423273, -0.8943040383006584, -0.30706988646636146, 0.9506718108564156, 0.0439453395540347, 0.8458141075848509, 0.2937846170238108, -0.44529663619952836
0.0003788046018021048, 0.0012182009191486192, 0.007245609804173787, -0.4238793037455862, -0.11198757242378471, -0.8987686685008465, -0.31380615946636414, 0.9490209147603174, 0.029748909702058887, 0.8496187557587979, 0.2946490912426475, -0.4374127145988719
0.0003758944779988418, 0.0012174320736369362, 0.00723943934934686, -0.41270534309962026, -0.14205369797138873, -0.8997194266379259, -0.3272091338603219, 0.9449515215113925, 0.0008970572345937904, 0.8500638108373998, 0.2947666346212842, -0.43646780937274127
0.0003730637156837639, 0.001216457721689092, 0.007233268138119155, -0.4017926363894159, -0.18388285668147653, -0.8970784649972945, -0.3448447119325209, 0.9378984321961475, -0.03779755992369265, 0.848318809172247, 0.29416598359203266, -0.44025171447924283
0.00037030739786527594, 0.0012151962759868009, 0.007227114134452305, -0.3894613706672412, -0.20827401000343648, -0.8971854755372951, -0.3555395733987703, 0.9325921929122218, -0.06215636304187746, 0.8496537250582819, 0.2947774388861225, -0.4372582863918351
0.0003676335256785474, 0.001213766357323462, 0.00722095444964129, -0.37578183928824826, -0.20629331145897212, -0.9034550785226859, -0.35652788269699476, 0.9320535305116893, -0.06452972276628478, 0.8553805457927711, 0.2978578283476651, -0.42379810755980696
0.00036505418285014173, 0.00121235037305326, 0.007214753191001469, -0.36274661829956273, -0.1850963215914207, -0.9133204490459834, -0.35085960148457557, 0.9350839689482271, -0.05015487077160008, 0.8633147925052114, 0.30225373901633784, -0.40414136919192944
0.000362566178706866, 0.0012110808356081328, 0.0072084889146533755, -0.3554467798786691, -0.16250470648214776, -0.9204617357853807, -0.34419545810891383, 0.9383268799275453, -0.03274374784036209, 0.8690150017641123, 0.3051800890893593, -0.38945864983632195
0.00036012839838603096, 0.0012099663205866703, 0.007202176060992568, -0.3547926913997701, -0.14133988610743675, -0.924199752610032, -0.33725172238800905, 0.9413030288280734, -0.014487362265660463, 0.8719996685066049, 0.30654794814878805, -0.3816345550525257
0.0003576939421612686, 0.0012089964985641706, 0.007195834544114673, -0.36082715751405225, -0.12165142126114102, -0.9246646387233989, -0.32989765196296456, 0.9440057962012645, 0.004538278058855274, 0.8723366905212987, 0.3066822271400173, -0.38075544635209985
0.000355215910306212, 0.0012081610401159348, 0.007189484278115331, -0.37351440610812714, -0.103455899674561, -0.9218372227525964, -0.3219873453493418, 0.9464333993985847, 0.024248091424332967, 0.8699489283081949, 0.3058769316659337, -0.38681799959419805
0.0003526474030944934, 0.001207449615817264, 0.007183145177090174, -0.3919438325946216, -0.08712652558477466, -0.9158542463899836, -0.3136200337828554, 0.9485295069565749, 0.04398009598395182, 0.8648829438144101, 0.3044679670708277, -0.3990949141829267
0.0003499472431734484, 0.0012068493880986989, 0.007176835719652739, -0.37492004451706246, -0.09207362198818408, -0.9224735271829219, -0.31750709418057993, 0.9476295582471602, 0.03445962102659218, 0.8709903589387935, 0.3058114917236908, -0.384519344331859
0.00034737208891951355, 0.001206216976514401, 0.0071704996710407545, -0.2668928736091399, -0.14250706053743287, -0.9531316444823538, -0.34087911861515996, 0.9390320473857294, -0.04494708527498683, 0.9014264365486556, 0.3129066181459665, -0.2991986427302888
0.0003455486916055786, 0.0012052433761784802, 0.00716398792849449, -0.17822462946668693, -0.1922150289786106, -0.9650333486912325, -0.35552793927517673, 0.9270603148346036, -0.11899183607925332, 0.9175161392837776, 0.32188904189723133, -0.2335627942551512
0.0003443222473833707, 0.001203920657694409, 0.007157347097884927, -0.1840969465233733, -0.2155245251640246, -0.9589877440997835, -0.35932784455572103, 0.9228869717901025, -0.13843098434611456, 0.9148725673052559, 0.319106277520384, -0.24734463656884467
0.00034305460006305765, 0.0012024366076221758, 0.007150743738801691, -0.2167674339865009, -0.2285167960133965, -0.9491006024140327, -0.3596794077006223, 0.9225180603865556, -0.13996839620699014, 0.90754757629506, 0.31103135243958796, -0.2821646585959399
0.00034156497314506685, 0.0012008662390280826, 0.0071442215145946855, -0.24412570385744312, -0.2381732343714162, -0.9400405050555888, -0.35976149327020246, 0.9224380482442507, -0.14028440794090935, 0.9005411199251826, 0.3039433460044748, -0.31087639624696844
0.00033988853399886503, 0.0011992306761710435, 0.007137766148867975, -0.2660325711581761, -0.24462755777648262, -0.9324076517592954, -0.3595336982293969, 0.9226479748395876, -0.13948560628932558, 0.8944060548321792, 0.2981242568137008, -0.333406263556664
0.00033806161609760356, 0.0011975507523087207, 0.0071313630523491675, -0.2825685857063838, -0.2479784874678927, -0.9266399862541171, -0.358955463179256, 0.9231580255664333, -0.13758719157701535, 0.889553803783481, 0.29374466733103544, -0.3498686904953335
0.0003361205529144336, 0.0011958473006987733, 0.007124997635765882, -0.2938216143220623, -0.24830789590723154, -0.9230449868707921, -0.3580051805028667, 0.9239675472287331, -0.13459666563934186, 0.8862850273418181, 0.29090747755642593, -0.3603771494024982
0.0003341016779225063, 0.001194141154598862, 0.007118655309845724, -0.2998586755005561, -0.24566836964757094, -0.9218089969629049, -0.3566791802881067, 0.9250658783534128, -0.13051085416636118, 0.8847964382139298, 0.2896552655501594, -0.3650138217424241
0.0003320413245949728, 0.0011924531472666474, 0.007112321485316311, -0.3007083156829665, -0.24007701000678947, -0.9230046252025573, -0.3549913802392113, 0.9264325545107015, -0.125314970768205, 0.8851867762427165, 0.28997543207826454, -0.36381124220679417
0.0003299758264049843, 0.00119080411195979, 0.007105981572905253, -0.2963527930022455, -0.23151479061102895, -0.9265937210061913, -0.3529737855428835, 0.9280368532268323, -0.11898363657396559, 0.8874595927698876, 0.291802160343563, -0.3567449655139297
0.0003279415168256922, 0.0011892148819359506, 0.007099620983340165, -0.28672968817578565, -0.2199312160329828, -0.9324249815040726, -0.3506777960640066, 0.9298367694969489, -0.11148392457735315, 0.8915218277004259, 0.29501498657819303, -0.34373680109636334
0.00032597472933024743, 0.0011877062904527887, 0.007093225127348656, -0.27174319929616897, -0.20525452221587234, -0.940226682638935, -0.3481760423296284, 0.931777646626721, -0.10278064406514664, 0.897178397635587, 0.2994344642099562, -0.3246689459423816
0.0003241117973918012, 0.0011862991707679656, 0.007086779415658339, -0.2524536202867473, -0.18845142982383586, -0.94908020114291, -0.34570600899246745, 0.9336792963613044, -0.09343621831366875, 0.9037447233321004, 0.30451441697169507, -0.30085951024651647
0.0003223810966263335, 0.0011850072382796172, 0.007080272977649082, -0.23498255337042528, -0.1749968522592227, -0.9561167822556401, -0.3440277301826088, 0.9349598518374095, -0.0865736467845233, 0.9090809207528874, 0.30858738981289097, -0.27990302315543075
0.0003207692263980757, 0.0011838068418580548, 0.007073714464457568, -0.22144137161401906, -0.16675908231983694, -0.9608096207894402, -0.343265862367546, 0.9355406904365725, -0.08325961968761565, 0.9127607937848596, 0.31137601866763487, -0.26441011389114044
0.00031924912465387334, 0.0011826621109974737, 0.007067118911107428, -0.21189659953341333, -0.1637838663818419, -0.9634701221206556, -0.3433233936101461, 0.9354962663416049, -0.08352115337403948, 0.9150021193998346, 0.3130839835793778, -0.25445931053879517
0.00031779372158521717, 0.0011815371682553373, 0.007060501356246328, -0.20637316156593907, -0.16609019594720395, -0.9642739055867364, -0.3441488878934311, 0.9348415346989677, -0.08736617173364883, 0.9159539623512709, 0.31382375915774485, -0.2500859593042128
0.0003163759473835972, 0.0011803961361891075, 0.007053876838521917, -0.2048697457208015, -0.17368301409567244, -0.9632562472690933, -0.34573754545717367, 0.9335311195994175, -0.09479028642591493, 0.915693145627695, 0.3136141887002255, -0.2513010220758293
0.00031496873224050363, 0.001179203137356246, 0.007047260396581857, -0.20736420765032498, -0.18655346778946622, -0.9603113500533447, -0.3481308165051495, 0.9314593638081322, -0.10577517749267831, 0.9142237253457225, 0.31237998852339155, -0.2580963439979631
0.00031354500634742685, 0.0011779222943142152, 0.007040667069073804, -0.21381016341267658, -0.20466767959091078, -0.955194406889151, -0.35141472409559393, 0.9284614204722001, -0.12027918516336054, 0.9114784175778724, 0.3099524667196838, -0.2704377241882523
0.0003120776998958571, 0.0011765177296204784, 0.0070341118946454185, -0.2235452389696233, -0.22751803679731372, -0.9477674129584274, -0.35565443351861203, 0.9243710046073293, -0.13801510699844427, 0.9074896418431283, 0.30622506228774454, -0.28755653561395156
0.0003105437513476944, 0.0011749565200691826, 0.007027608394710441, -0.2291980331157415, -0.24965533157867273, -0.9408190458479347, -0.36017140135783476, 0.9196980845923709, -0.1563073729580847, 0.9042924434384095, 0.30303077172371, -0.3007117026800317
0.00030897062219798784, 0.0011732429797121947, 0.007021150966409234, -0.2273668098977709, -0.2668615722430601, -0.9365304239675681, -0.3641253329977491, 0.9152549008903827, -0.17239839983426228, 0.9031705684012237, 0.30181677828791725, -0.30526964591605393
0.00030740975694416417, 0.0011714109842864673, 0.007014721717573061, -0.2240876737124545, -0.27669714588718874, -0.9344642336376627, -0.36651037534982484, 0.9123859135260547, -0.18226927760913844, 0.9030253923622918, 0.3016465386128448, -0.3058668116874051
0.0003058711647339726, 0.0011695111739747652, 0.007008305660113236, -0.22091987479309577, -0.27861976212628253, -0.9346472260024618, -0.3671485568369434, 0.9115867598721568, -0.18496355435147924, 0.9035465378905244, 0.3022922549098416, -0.30368247642491786
0.00030435438070270846, 0.0011675982360537947, 0.007001888591533084, -0.21787149688393895, -0.27264202230606893, -0.9371223711545942, -0.3661096208401629, 0.9129025876746946, -0.18047883794262076, 0.904707552955, 0.3037683214058103, -0.29871232069747716
0.00030285893998566676, 0.0011657268578002626, 0.006995456309335924, -0.21490654378697127, -0.258712258458452, -0.9417447343950832, -0.363458993960538, 0.91619868627822, -0.16875285766841863, 0.9064837213909207, 0.3060195003351765, -0.29092839027478345
0.000301384377718143, 0.0011639517264908743, 0.006988994611025077, -0.21194775143823724, -0.23673295922288393, -0.9481749082726517, -0.3592617788130116, 0.9211551428747106, -0.14968024933030494, 0.9088504414612923, 0.3089186118916241, -0.2802858652921445
0.0002999302290354321, 0.001162327529402336, 0.006982489294103864, -0.20834581341748182, -0.2091754472799541, -0.9554253787118274, -0.35412871977251476, 0.9267150709447275, -0.12566633246891726, 0.9116934089175416, 0.3121615119439613, -0.26715223861531195
0.00029849989947474976, 0.0011608915042636214, 0.006975930135847781, -0.20078286158686093, -0.19195853470088037, -0.960644660344543, -0.35136535763679655, 0.9294798122494137, -0.11229276055721825, 0.9144553723095281, 0.3149907928436729, -0.2540711956872658
0.00029712073515676516, 0.0011595729536687165, 0.006969331530631486, -0.188105440784897, -0.19123469842962842, -0.963351251238949, -0.3520216577883385, 0.9288203749879493, -0.11564369180891462, 0.9168953569492375, 0.31736729687189635, -0.2420349216149523
0.0002958292253424805, 0.0011582599587397922, 0.006962717274337851, -0.17024262956577807, -0.20700708624305347, -0.9634134695569136, -0.35566285579684714, 0.9246901603386632, -0.13583828760437336, 0.9189784437542377, 0.31952491861827986, -0.23104641589304364
0.0002946618775398059, 0.0011568405183335893, 0.006956111181612293, -0.1478513591514931, -0.2366805164691304, -0.9602719972596108, -0.361192163757956, 0.9167987366111355, -0.17035344841849195, 0.920695496044649, 0.321655731601555, -0.22103708713916387
0.000293649145785078, 0.0011552193369245764, 0.006949533643533632, -0.12625404290806616, -0.2649277186843798, -0.9559671649811297, -0.3657560989662141, 0.9082154829643448, -0.2033890669944159, 0.9221075819655673, 0.3239721290119446, -0.21156480544996775
0.00029278412807107597, 0.0011534042095487425, 0.006942983924311451, -0.10766167833293533, -0.28605039673467025, -0.9521471175960537, -0.3687693240364761, 0.9008830857972236, -0.2289516354476482, 0.9232649395857161, 0.3264733316098117, -0.20247719644289297
0.0002920456867865424, 0.0011514422168910313, 0.006936453237148947, -0.09217268886365682, -0.3001947502466035, -0.9494141916740146, -0.37059544015028556, 0.8953183589245901, -0.2471114240831348, 0.9242095082650144, 0.32907164584168913, -0.19377470612952116
0.00029141265630508375, 0.001149380516949077, 0.006929932779405242, -0.07982048433883152, -0.3075162471879608, -0.9481890360024985, -0.37153252013505755, 0.8918600759499528, -0.25797129958318527, 0.9249823115941231, 0.33169166803219147, -0.18544098952501067
0.0002908638710003063, 0.001147266267720512, 0.006923413748439452, -0.07060543944085498, -0.3081251329932025, -0.9487221797445683, -0.3718056079128931, 0.8906867350082324, -0.2616060588077021, 0.9256216623685338, 0.3342694160378663, -0.17744998071517532
0.0002903781652458164, 0.0011451466272029691, 0.0069168873416106955, -0.06451448580094332, -0.30206270394744006, -0.9511025202394331, -0.37156579972853, 0.891828118734905, -0.25803384100900056, 0.926162371074283, 0.33675024798464726, -0.16977200266339776
0.0002899343734152203, 0.0011430687533940812, 0.006910344756278093, -0.06153218010052122, -0.28929498932724823, -0.9552602786477749, -0.3708912237846199, 0.8951696749414264, -0.24720629681464074, 0.9266355761202049, 0.33908651140292884, -0.16237871428536252
0.00028951132988212444, 0.0011410798042914816, 0.006903777189800762, -0.06164347315601921, -0.2697229670106321, -0.9609628521874529, -0.36978831985768484, 0.9004487167538997, -0.22901682687760294, 0.9270688651411468, 0.34123544593614075, -0.15524718909748236
0.0002890878690201351, 0.0011392269378928028, 0.006897175839537821, -0.06483163344402401, -0.24323489112491523, -0.9677983504038589, -0.36819432656596285, 0.9072385926998986, -0.20334963437524234, 0.9274857396152336, 0.34315437292180656, -0.1483754668232755
0.0002886428027476481, 0.0011375571412120635, 0.006890531947020364, -0.07177114579964339, -0.21507619441733822, -0.9739564329196465, -0.3662453800164994, 0.9139457756062422, -0.17483546799226468, 0.927746314596386, 0.3441589020299485, -0.14436559807088434
0.00028815012964897627, 0.001136080750470721, 0.0068838462221593255, -0.0840511640898837, -0.19731053268076645, -0.9767312606384458, -0.36454393744726643, 0.9183393765542048, -0.154144435969898, 0.9273850977267097, 0.34310544029972284, -0.1491158521122231
0.00028757308306367823, 0.001134726130694069, 0.006877140551335986, -0.10192206838206272, -0.1916526400454365, -0.9761563181890165, -0.36338394410314523, 0.9206289348972483, -0.14280922028356752, 0.9260475155977497, 0.3401641218493988, -0.163475897494594
0.00028687343567563754, 0.0011334105248478822, 0.006870439694208752, -0.1253254040663656, -0.19804107827670997, -0.9721487923207024, -0.36312770238050374, 0.9210369951285663, -0.14081592725397796, 0.923272340568837, 0.3353663443453135, -0.18734353530613798
0.0002860133857732477, 0.001132051461126445, 0.006863768289634616, -0.14653009121845537, -0.21123979495779718, -0.9663884733344552, -0.3639046192538141, 0.9199370228962913, -0.14590853981328525, 0.9198382251533407, 0.3302932377916573, -0.21166959303559876
0.0002850077608155913, 0.0011306017383555563, 0.00685713603847381, -0.15184793031249785, -0.22148492114210377, -0.9632687245864919, -0.3651225569031131, 0.9182063307698612, -0.15356644351772056, 0.9184920927805225, 0.32839239309220364, -0.22029687165012554
0.0002839655863735802, 0.0011290816259402596, 0.0068505248581733165, -0.15119715249782284, -0.22957933643177506, -0.9614742582930111, -0.3663354617519616, 0.9164111296066065, -0.16121095184918602, 0.9181164144810435, 0.3278474795033345, -0.22266180553427548
0.0002829279218674031, 0.0011275060253100138, 0.006843926270204221, -0.15085441001492897, -0.23654258374470838, -0.9598388161844807, -0.3673652273580073, 0.9148306074173655, -0.1677132954198138, 0.917761263459756, 0.3273111147024369, -0.22490375160277104
0.00028189259648615144, 0.0011258826154231334, 0.006837338822822285, -0.15088509706585745, -0.24238937796980733, -0.9583741841946894, -0.3682133867293638, 0.9134915389728953, -0.17306677918717775, 0.917416257386318, 0.3267730063397851, -0.22708327329625144
0.00028085701422204544, 0.0011242190042003255, 0.006830761133396166, -0.15129223134232794, -0.24712432290927783, -0.9570999058416475, -0.36888202481824833, 0.912414007524352, -0.17727586028374293, 0.9170805376309372, 0.3262364907547635, -0.22920087172296785
0.00027981857906730543, 0.0011225227995622985, 0.006824191819294535, -0.15207817660903966, -0.25075146627944367, -0.9560313438156611, -0.36937194025518144, 0.9116140483643518, -0.18034466051668938, 0.9167532917592347, 0.3257046652774049, -0.23125715786790535
0.00027877469501415183, 0.0011208016094297595, 0.006817629497886055, -0.1532446947405415, -0.253274021098909, -0.9551797389864736, -0.3696826029054325, 0.9111037154506156, -0.18227669297293098, 0.9164337600955906, 0.3251803959780989, -0.23325281011937282
0.00027772276605480465, 0.0011190630417234168, 0.00681107278653939, -0.15479297451236268, -0.25469415905138376, -0.9545522617367388, -0.36981212283033305, 0.9108911360176403, -0.18307466272593723, 0.9161212413481842, 0.3246663266641637, -0.23518853603239437
0.0002766601961814842, 0.0011173147043639776, 0.0068045203026232005, -0.15672363640394393, -0.2550128744766276, -0.9541520505891564, -0.3697572297874274, 0.9109805480955318, -0.1827403404054294, 0.9158150975018112, 0.3241648883558063, -0.23706503821739647
0.00027558438938641097, 0.0011155642052721494, 0.006797970663506155, -0.15903671292707647, -0.25422991798695976, -0.9539782349412874, -0.36951326299076437, 0.9113723176361203, -0.18127450764099445, 0.915514758163553, 0.3236783085826272, -0.23888298419481596
0.00027449274966180506, 0.0011138191523686408, 0.006791422486556919, -0.16173160423083024, -0.2523437992325426, -0.9540259405182904, -0.36907417146643795, 0.9120629336757289, -0.17867697381359865, 0.9152197245193553, 0.3232086199402939, -0.24064298004929677
0.00027338268099988676, 0.0011120871535741587, 0.006784874389144152, -0.1648070089716536, -0.24935185893829706, -0.9542862779259863, -0.3684325259641821, 0.9130449816702023, -0.17494666403939302, 0.9149295730303343, 0.32275766743932754, -0.24234554772814557
0.00027225158739287636, 0.0011103758168094112, 0.006778324988636523, -0.1682608307126823, -0.24525041093180364, -0.9547463164556643, -0.3675795440122307, 0.9143070968492639, -0.17008177878547506, 0.914643958965257, 0.32232711426259536, -0.24399110586148262
0.00027109687283299405, 0.0011086927499951052, 0.006771772902402693, -0.17209006046913683, -0.2400349553745502, -0.9553890470829497, -0.36650513031271165, 0.9158339011873009, -0.1640800258730831, 0.9143626198298961, 0.3219184456261974, -0.2455799540341635
0.00026991594131246034, 0.0011070455610519498, 0.006765216747811329, -0.17629063646564344, -0.23370046470403955, -0.9561933404346918, -0.3651979352493611, 0.9176059293990388, -0.15693892576836888, 0.9140853787169675, 0.32153297051599883, -0.2471122604951363
0.0002687061968234953, 0.0011054418579006518, 0.006758655142231095, -0.18084109812767904, -0.22628172255901666, -0.9571275146309918, -0.3636533227053166, 0.9195896851866313, -0.14869792124887024, 0.913812211624116, 0.3211719055802928, -0.24858770877210606
0.00026746515518739325, 0.0011038889750543733, 0.006752086750925058, -0.1846790671177293, -0.22039867770766888, -0.9577672290453648, -0.3623875178196683, 0.921132545683097, -0.14209194281125445, 0.913547442170917, 0.3208414813394433, -0.2499836289737527
0.0002661976610057574, 0.0011023763291113623, 0.006745513377942821, -0.18612234056897692, -0.22026167160538124, -0.9575193315869549, -0.3622733068357233, 0.9212679601903364, -0.1415040518184785, 0.9132998004464009, 0.3205466292886886, -0.25126347318347814
0.00026492028949983505, 0.0011008646568301335, 0.006738941851350151, -0.18502112702144125, -0.22625062222533054, -0.956335630674904, -0.3634056762867112, 0.9199085061262382, -0.14732499719732192, 0.913073653654684, 0.3202795596026128, -0.2524232689401724
0.00026365066953727093, 0.0010993121189597607, 0.006732379450465654, -0.1818727909339796, -0.23694297685460916, -0.9543481092542496, -0.3654791372729464, 0.9172957525159241, -0.15809333519939203, 0.9128785725035439, 0.32004144752753616, -0.2534288533856624
0.00026240284530107253, 0.001097686459686607, 0.006725831694232398, -0.1785670614895822, -0.24719087028146772, -0.9523709771934813, -0.36745119889952965, 0.9146507043477395, -0.16850431882738875, 0.9127395143074908, 0.3198605363055508, -0.2541570702066959
0.0002611777297111146, 0.0010959905288337897, 0.0067192976530612535, -0.17554879914617796, -0.255827041118843, -0.9506498536005319, -0.3690994355663601, 0.9123114215850032, -0.17735128054272686, 0.9126599727077601, 0.31975052005888654, -0.25458079098616676
0.00025997322971105496, 0.0010942352125197982, 0.006712774921181071, -0.17282673438391688, -0.2628612922070306, -0.9492285609596043, -0.37043665222767147, 0.9103209756646927, -0.1846412953573418, 0.9126377192339501, 0.3197180982117403, -0.254701258550722
0.0002587872522445514, 0.0010924313968631242, 0.006706261092820703, -0.1704075769393229, -0.2683031705992868, -0.9481427457762036, -0.37147450065325527, 0.9087142442671853, -0.19038150548394445, 0.9126707802302446, 0.3197684019916422, -0.2545195788178743
0.00025761770425526177, 0.0010905899679822585, 0.006699753762209008, -0.16829623644175135, -0.27216107440466014, -0.9474200369310558, -0.3722233029402976, 0.907518110768666, -0.19457823972656027, 0.9127574647997997, 0.31990502997885534, -0.2540365765917776
0.00025646249268684363, 0.0010887218119956913, 0.006693250523574835, -0.16649601257269997, -0.2744415660609301, -0.9470801996744602, -0.3726919240792463, 0.9067516524652933, -0.19723633153546838, 0.9128963837826836, 0.32013007913890884, -0.2532526898317476
0.00025531952448295484, 0.0010868378150219132, 0.006686748971147038, -0.1650087499677866, -0.27514888620908934, -0.9471352611174215, -0.3728876872335646, 0.906426293809898, -0.19835863127087736, 0.9130864609354755, 0.32044416722410496, -0.25216790150290347
0.0002541867065872532, 0.0010849488631794147, 0.006680246699154472, -0.16383495484355118, -0.2742846626648712, -0.9475895901698316, -0.37281632642647894, 0.9065459080113365, -0.19794570825801344, 0.9133269372581084, 0.32084644379316296, -0.2507817082324867
0.0002530619459433963, 0.001083065842586687, 0.006673741301825988, -0.1629738717515208, -0.2718478105770199, -0.9484399216665227, -0.3724819725956248, 0.9071068570928715, -0.19599573951074792, 0.9136173691527495, 0.3213345883959171, -0.24909312532230887
0.00025194314949504213, 0.0010811996393622209, 0.006667230373390443, -0.16242352003308025, -0.2678346222092653, -0.9496753209840108, -0.3718871703668651, 0.9080979669815054, -0.19250458405082985, 0.9139576208208945, 0.3219047957239484, -0.247100728111702
0.0002508282241858482, 0.0010793611396245062, 0.006660711508076686, -0.16218069057887916, -0.26223904740315, -0.9512770919245593, -0.37103292432384993, 0.9095004405622592, -0.18746604408465214, 0.9143478510233676, 0.3225517487693175, -0.2448027301620735
0.00024971507695947245, 0.0010775612294920342, 0.006654182300113574, -0.16223996633504376, -0.2550559802264448, -0.9532180444548516, -0.3699192631549999, 0.9112869490432153, -0.18087519246809475, 0.9147884630177985, 0.32326853149392043, -0.24219728420297865
0.0002486016211730907, 0.0010758107757447256, 0.006647640347651073, -0.16233900072513155, -0.24705038286454067, -0.9553073626692351, -0.36867859756094945, 0.9132188346158999, -0.17351499013995658, 0.9152716211836012, 0.32403312859839134, -0.23933322173630886
0.0002474875315132732, 0.001074115334256396, 0.0066410843256850425, -0.1618725798264085, -0.24004472850750902, -0.9571707246965397, -0.36762636861247444, 0.914810519700685, -0.1672500108991554, 0.9157773315610886, 0.32480800692211825, -0.2363295107220703
0.00024637663083202364, 0.0010724679530092736, 0.006634515445326937, -0.1607578712343988, -0.2343081250735931, -0.9587787071898718, -0.3668101546766683, 0.9160190874380518, -0.16235560315319472, 0.9163008333851188, 0.3255898247391285, -0.23320387810686266
0.0002452733387434776, 0.0010708598805790359, 0.006627935282538102, -0.1589983609945122, -0.22984569510542294, -0.9601512785194651, -0.3662298680774118, 0.916867655242027, -0.15883761046738662, 0.9168397924005374, 0.32638115633794285, -0.22995681302898385
0.00024418207486177044, 0.0010692823655413615, 0.006621345413279894, -0.15659645365307134, -0.22666066510319158, -0.9613024984874742, -0.3658825868893215, 0.917373893311194, -0.15670058226515976, 0.9173916738855109, 0.3271850894616698, -0.22658868886045394
0.00024310725880103743, 0.0010677266564719271, 0.006614747413513653, -0.15355343372189753, -0.22475469266754547, -0.9622404435047054, -0.365762608004042, 0.9175499495925428, -0.15594808299175686, 0.9179537338985535, 0.3280052105175153, -0.22309980792251724
0.0002420533101754143, 0.001066184001946413, 0.006608142859200738, -0.14986948815608017, -0.22412807390047731, -0.9629671557272848, -0.3658614763797327, 0.9174024112605056, -0.15658287235407525, 0.9185230082154051, 0.3288455903658623, -0.21949045782414023
0.00024102464859903622, 0.0010646456505404955, 0.006601533326302493, -0.14554378893296735, -0.22477982993019194, -0.9634786108469611, -0.36616799072200445, 0.9169322964759345, -0.15860695523834703, 0.9190962996735684, 0.3297107698209492, -0.21576097930448673
0.00024002569368603873, 0.0010631028508298536, 0.006594920390780272, -0.14057463556878788, -0.22670767236332745, -0.9637647031959121, -0.3666681876623401, 0.916135073852687, -0.1620215004662859, 0.9196701647825254, 0.3306057436714219, -0.21191184549323494
0.0002390608650505572, 0.0010615468513901648, 0.00658830562859542, -0.1349596580925813, -0.2299078482725594, -0.9638092508324535, -0.36734530830476825, 0.9150007107388685, -0.1668266280119588, 0.9202409006091875, 0.3315359417168032, -0.20794375248115582
0.0002381345823067271, 0.0010599689007971076, 0.006581690615709291, -0.12872567608924754, -0.23436712853515132, -0.9635879562227591, -0.36817763501558426, 0.9135178279176153, -0.17300406686264194, 0.9208012431516899, 0.3325014693785128, -0.20388193512774141
0.00023725106249390654, 0.0010583603017372658, 0.006575076946419818, -0.1232082347235057, -0.23973103560020753, -0.9629894918774397, -0.3690535324846689, 0.9118538940747366, -0.17978310827585106, 0.9212053088518894, 0.333243914319213, -0.2008214941491674
0.0002364053684752479, 0.0010567148021215225, 0.006568467043639055, -0.12026323378926687, -0.24551956426138072, -0.9619027488075133, -0.36985048283104366, 0.9102627440995519, -0.1860977083523534, 0.9212748639511403, 0.333379483875741, -0.2002766705898431
0.0002355798736033163, 0.0010550295394284221, 0.006561864478903195, -0.12002842727210342, -0.25170157810888466, -0.9603330111081688, -0.3705780848589698, 0.9087673597628327, -0.19186914512747608, 0.9210130616168501, 0.3328486163516191, -0.20235300572012552
0.00023475601786631062, 0.001053301900452796, 0.0065552729082343246, -0.12250310970863137, -0.25827609323290457, -0.9582726374973164, -0.3712516094709931, 0.9073724799532844, -0.19709750147737493, 0.9204157922248577, 0.3316152021361123, -0.2070413657589062
0.00023391524125243043, 0.0010515292719894774, 0.00654869598765455, -0.12768429051040775, -0.2652358730898513, -0.9556917147193013, -0.3718817637971865, 0.906083627596694, -0.20178308540685244, 0.9194567285696199, 0.3296397904189964, -0.214329029439721
0.00023303898374987486, 0.0010497090408332968, 0.006542137373185962, -0.13556556689998484, -0.2725665383081357, -0.9525384292855618, -0.3724746650790518, 0.9049071768689644, -0.20592626137840914, 0.9180874691146449, 0.3268799220597073, -0.22419838449218546
0.00023210868534697825, 0.0010478385937790077, 0.00653560072085067, -0.14562333938785535, -0.28055737842859857, -0.9487261988765787, -0.37309984004300284, 0.9037175071251731, -0.20997899103326653, 0.9162916306424583, 0.3233917511699008, -0.23627827426543
0.00023110933150793177, 0.0010459132424281595, 0.006529089998235485, -0.1558178504435265, -0.29041937219496283, -0.9441278439581381, -0.3740532479692472, 0.9019700119302405, -0.2157180225716407, 0.9142236953649888, 0.31954136795170296, -0.24917533786620755
0.00023003994663240855, 0.0010439200812896877, 0.006522610406622487, -0.16563629041258132, -0.3024371874025146, -0.9386673356277054, -0.37544855928824844, 0.8994774877262612, -0.2235590042964769, 0.911922693339045, 0.315391814652362, -0.26253572066207015
0.0002289030294715511, 0.0010418441713089528, 0.006516167452608284, -0.17506277188338332, -0.3165820952441912, -0.93227077765599, -0.3773279081524944, 0.8961678048323579, -0.23346716109812032, 0.9093825793524799, 0.31090037399905257, -0.27634087974362387
0.0002277010787765021, 0.0010396705734313167, 0.006509766642789484, -0.18406694943366836, -0.33270138946141076, -0.9248941256039147, -0.3797094557253786, 0.8919918538132952, -0.2452983121903976, 0.9066091149767468, 0.3060397330105484, -0.2905160829625655
0.00022643665702789994, 0.0010373851285216276, 0.006503413214044312, -0.19237124349926069, -0.3473356051007537, -0.9177969721587892, -0.38197479092313463, 0.8880085886280605, -0.2560000109805223, 0.9039295126135531, 0.30132826610209207, -0.3035007615709243
0.0002251142733772757, 0.001034997500739481, 0.006497104164476933, -0.19970969740769026, -0.35657926657775496, -0.9126704023951907, -0.3833250398745025, 0.8856331625811884, -0.26213701596999517, 0.9017637997649607, 0.29749811425169215, -0.3135552924926437
0.0002237406954950581, 0.0010325449939249086, 0.006490826933602533, -0.20611296687687133, -0.36029752184036923, -0.9097819192756594, -0.3836544134727128, 0.8850593787752307, -0.2635890495921856, 0.9001815016473749, 0.2947127275800819, -0.32065194883890225
0.00022232281758275977, 0.00103006646040121, 0.006484568425426674, -0.21160944309153124, -0.35853288462510396, -0.909217033626677, -0.38291157175592166, 0.8863275052900793, -0.2603887124697884, 0.8992219813871889, 0.2930490129801948, -0.32484166016912297
0.00022086753384189305, 0.001027600752491685, 0.006478315543954917, -0.21620377259580909, -0.3512747437400537, -0.9109676081649113, -0.38105606082299043, 0.889398638886144, -0.252519978729486, 0.8989172415886822, 0.2925339562475342, -0.3261467111849523
0.00021938173847397052, 0.0010251867225196324, 0.006472055193192818, -0.2198738913494636, -0.3384607082171936, -0.9149315935609394, -0.37805859746895676, 0.8941532413101038, -0.23992014907973155, 0.899292593532633, 0.29314557825038234, -0.3245589332765305
0.0002178723256805047, 0.0010228632228083522, 0.006465774277145937, -0.2225692661408256, -0.31998657605293446, -0.9209079828709565, -0.37390340264433325, 0.9003859376145193, -0.22248912071607593, 0.9003661295609271, 0.2948113879956854, -0.3200423069650847
0.00021634618966300814, 0.0010206691056811438, 0.006459459699819837, -0.22421063800312488, -0.29572570546569127, -0.9285881201765673, -0.36859264136426123, 0.9077977518682004, -0.20010673760560477, 0.9021469140546616, 0.29740468864807845, -0.31254023202108033
0.00021481022462299326, 0.001018643223461306, 0.006453098365220074, -0.22469191732738003, -0.2655588863789433, -0.9375457429656012, -0.36215282728484627, 0.9159880511342559, -0.17265925943562974, 0.9046318986070181, 0.3007397014769471, -0.3019880129710758
0.00021327132476197262, 0.001016824428472139, 0.006446677177352207, -0.22344850648574802, -0.23243904197418727, -0.9465954028598548, -0.35530121807510673, 0.9237551076284943, -0.14295994391651928, 0.9076518106540823, 0.30438231370497026, -0.28899757389980807
0.00021173954952127369, 0.0010152310216731074, 0.006440188114507866, -0.21822457537334294, -0.21237028279104414, -0.9525108386209451, -0.3515301356359865, 0.9276200919323996, -0.1262835253826541, 0.9103870596855324, 0.3072780955918896, -0.2770840549843178
0.0002102415993370558, 0.00101377325687423, 0.006433649832631314, -0.20847595255505694, -0.21070008284514288, -0.9550619101897592, -0.35185483841101384, 0.9272934770327627, -0.12776924567065664, 0.9125436701292827, 0.30940633888390073, -0.26745423452516104
0.00020880962422343917, 0.0010123260047025843, 0.006427089724040403, -0.19577253537446287, -0.22368496010084368, -0.9547974408311634, -0.35514237342451205, 0.9237191832546461, -0.14358539300978387, 0.9140826051246458, 0.3109789528441654, -0.260278854109371
0.00020746483583006348, 0.001010789482035904, 0.0064205310894801535, -0.1876099740485042, -0.2335661705863774, -0.9540698829724868, -0.35744453391277997, 0.920953602919852, -0.1551704432062341, 0.9148966623687044, 0.31191554181630465, -0.25626703252671046
0.00020617615640367378, 0.0010091851327988135, 0.006413977652032277, -0.1862998865640321, -0.23513153246915164, -0.9539420919033488, -0.3578047102221958, 0.9205015744339418, -0.15701159450003965, 0.9150235743460599, 0.3120737315176378, -0.2556205087382819
0.0002048969056520632, 0.001007570573631945, 0.006407427293035462, -0.1918610873067953, -0.22838830130027335, -0.9544779237921796, -0.3562281020481229, 0.9224245122038719, -0.14911257021673696, 0.9144893998776839, 0.311402959386427, -0.2583357009720663
0.00020358040055801972, 0.0010060034274935467, 0.006400877892808124, -0.20425628308147728, -0.21325059394727705, -0.9554075334656269, -0.35250622319726765, 0.9265322525972706, -0.13144332430452943, 0.913246261108655, 0.3099389763778689, -0.2644221955375557
0.00020217995810433163, 0.0010045413173418662, 0.00639432733166869, -0.22306259881184565, -0.18996415052091567, -0.9561154211329156, -0.3463326864590071, 0.9322812142482266, -0.10442896078166872, 0.9112062045999209, 0.30783982698266826, -0.2737478650544844
0.00020065095996882887, 0.0010032391948278008, 0.00638777357185407, -0.2409061585901648, -0.1678708775626972, -0.9559202849713255, -0.3400085934129972, 0.9371083683807545, -0.0788800501779456, 0.9090425617971062, 0.3060184216302836, -0.2828327181644028
0.00019899849214819422, 0.0010020877040364592, 0.006381216547661533, -0.25053036063522827, -0.15676061108940775, -0.9553327426665843, -0.33662329244015515, 0.9393335428197251, -0.06585783416187853, 0.9077000040689284, 0.3050878662690786, -0.28810084426923954
0.00019727860835332578, 0.001001011546903237, 0.006374658215574941, -0.251773469971394, -0.15714572501257146, -0.9549425851478385, -0.3366154840486396, 0.9393384170208445, -0.06582821741072889, 0.9073588792298578, 0.30487466181866835, -0.2893981770220556
0.0001955496797191426, 0.000999932427074827, 0.0063681006240238905, -0.24464932434358014, -0.16901971478390343, -0.9547664866932635, -0.3399650292996298, 0.9371321415139406, -0.07878532981968958, 0.9080586362958791, 0.3053124389144068, -0.28672953753076275
0.000193870077380564, 0.0009987720481979237, 0.0063615458214379885, -0.2292845372907319, -0.19168921701394528, -0.9542975662967791, -0.34616377116742864, 0.9323790226502203, -0.10411532861670357, 0.9097248180029601, 0.3064712094184389, -0.28013595504161953
0.0001922962693336057, 0.000997456294262589, 0.006354995527175771, -0.21073688076149255, -0.21366907373341298, -0.9539053904957355, -0.35197205495315814, 0.9269564001826208, -0.12987495791155418, 0.9119789688468521, 0.30837859700436776, -0.2705494433382746
0.00019084919633299518, 0.0009959890866881587, 0.006348445317593399, -0.19372882670260433, -0.22498709657013435, -0.95490834538262, -0.35518648325470226, 0.9234018350676926, -0.14550468414032294, 0.914500794869851, 0.3109820852887816, -0.2588019296911279
0.00018951832590699755, 0.000994443479469281, 0.006341885327022873, -0.17850094846468004, -0.22541158585615245, -0.9577719083158704, -0.35615270319868697, 0.9222015745487202, -0.15066355864683842, 0.9172200735927435, 0.3142194660769376, -0.2448948013675395
0.00018829203698106806, 0.0009928949177731715, 0.006335305501566279, -0.16504708669586507, -0.2149608160649706, -0.9625753511958892, -0.3552389356895436, 0.9234131847861848, -0.14530446907509612, 0.9200895378947463, 0.31796216397508237, -0.22876910747938622
0.00018715870848066174, 0.0009914188467670473, 0.006328695787325705, -0.15330402218172387, -0.1935461600925181, -0.9690396073929832, -0.35275120747208694, 0.9267416856252624, -0.12929204829157906, 0.9230733786703473, 0.32200890055693915, -0.21034686960404497
0.00018610671933123359, 0.0009900907116181243, 0.006322046130403233, -0.1431909923839147, -0.16138660612880995, -0.9764480032558487, -0.3489863272148943, 0.9314749275583721, -0.10277646981281323, 0.9261235787502489, 0.32605033766636365, -0.18970053819238852
0.00018512431662077736, 0.000988983472701397, 0.006315346929922478, -0.1354566941235894, -0.133133796303586, -0.9817977777011434, -0.3458136879563485, 0.9349655125082246, -0.07907201554445313, 0.9284742200185947, 0.3288082765108389, -0.17268682653530393
0.000184194411068583, 0.000988069513762945, 0.006308606921903506, -0.1313339117539668, -0.12838308794669015, -0.9829899217960852, -0.34540687093461686, 0.9353693466896063, -0.07601499052566038, 0.9292176801667941, 0.32954812699017383, -0.16719011592408828
0.00018329285655077458, 0.0009871882154645637, 0.006301859091178601, -0.13091592592439494, -0.14834853059532097, -0.9802314695058344, -0.3479610914156169, 0.9327152912930088, -0.09468507933698171, 0.928323273003651, 0.32868662713655833, -0.1737268025993169
0.00018239519258522445, 0.000986171019662621, 0.00629513784269901, -0.13245537893610687, -0.18194077973721332, -0.9743475382323841, -0.35228722384686134, 0.9274667993851422, -0.1252958417209122, 0.9264714159137148, 0.3266540811116483, -0.1869433785613734
0.00018148768398506892, 0.0009849244653614162, 0.006288462169898188, -0.133386541666304, -0.2116913872596689, -0.9681915033000342, -0.3561668516052524, 0.9218942052067295, -0.15249999417657242, 0.9248530717470238, 0.32449627265398506, -0.1983657347269562
0.0001805735283486235, 0.0009834736527649362, 0.006281826734952176, -0.13354700296530206, -0.2360862325887707, -0.9625115525441896, -0.3593758490478412, 0.9166425681743622, -0.17497257308462136, 0.9235876770075102, 0.32253634367734557, -0.20725855805519927
0.0001796574165302207, 0.0009818541376651255, 0.006275224054329953, -0.13299170760722118, -0.25519522591802846, -0.9576996410025231, -0.3619061828225632, 0.9120638141910485, -0.19277840563216114, 0.922679316199576, 0.32095949201094365, -0.21365365418255822
0.00017874403938419306, 0.0009801014758539298, 0.006268646644500507, -0.13176473608897243, -0.26910715489755677, -0.9540541879297768, -0.36376401515574414, 0.9084275631230095, -0.20599782483357013, 0.9221246095843962, 0.31990733305339075, -0.21759021728352573
0.00017783808776487318, 0.0009782512231232949, 0.006262087021932825, -0.12989738235922485, -0.27790489393383877, -0.9517854485039384, -0.36496635426163004, 0.9059256932153159, -0.21470491058502547, 0.9219144376313866, 0.3194800593150866, -0.21910331213113382
