0.00039138749707490206, 0.001221634796820581, 0.007269765250384808, -0.47703746760747295, -0.15722796397631028, -0.8647049333978112, -0.31302840639193974, 0.9497437637551103, 0.0, 0.8212481179828492, 0.2706772073007653, -0.5022801789414816
0.00038647431078784797, 0.0012200154475471912, 0.00726085933269573, -0.4537935834510018, -0.10978329344404511, -0.8843183884208659, -0.2960935755823893, 0.9545734896910916, 0.03343721396599142, 0.8404760425601283, 0.27701458672703544, -0.46568545244930637
0.0003817984246637163, 0.001218884241207576, 0.007251747321789172, -0.4330843081600801, -0.1019487742038991, -0.8955693325833726, -0.2956733888569264, 0.9546728847603206, 0.03430641667776534, 0.8514782611126169, 0.27965359025360303, -0.4435973853742878
0.00037733470560125955, 0.0012178334742362642, 0.007242516855973896, -0.41546607453456763, -0.1338712546039072, -0.8997035223347817, -0.31075762487248243, 0.9504869253795397, 0.0020744315276696175, 0.8548787279459295, 0.2804515856138548, -0.4364965849032773
0.0003730580204992299, 0.0012164554430677845, 0.007233255573558663, -0.39876415803671966, -0.1911667213887016, -0.8969071473116716, -0.33513775363849385, 0.9407599308237057, -0.051511538927901154, 0.8536215978707488, 0.2800464911225831, -0.4392085273062429
0.00036895258317336716, 0.0012144873048145473, 0.0072240215538851415, -0.3792214047435336, -0.20786187376897883, -0.9016565685545634, -0.3435680306929938, 0.9364115498312664, -0.07137518916503015, 0.8591578053361787, 0.2827133721206956, -0.426521997972046
0.0003650464501257907, 0.0012123462438820578, 0.00721473412844992, -0.36062963845642476, -0.1793209816057061, -0.9153088273488651, -0.33595827269204, 0.9404470218377062, -0.051879072142528626, 0.8701024668833949, 0.2887964415856865, -0.39939743671044753
0.0003613352514602967, 0.0012105008720194493, 0.00720531478922669, -0.3546905681778165, -0.14649320573578392, -0.9234361599585273, -0.32570597260346096, 0.9451449092680981, -0.024833845755986378, 0.8764189752944258, 0.29196034175526625, -0.382947696932645
0.0003576839584043348, 0.0012089928262104034, 0.007195808655314524, -0.36378270225766884, -0.1169605065116554, -0.9241116736924413, -0.31461857430480145, 0.9492109118874053, 0.0037144927372241457, 0.876742435519419, 0.2920939654810037, -0.3821044583475308
0.00035393412297431365, 0.001207787209097471, 0.007186283005321266, -0.3872287342931008, -0.09104749150375123, -0.9174771177684148, -0.30238282509338493, 0.9526120651425685, 0.0330889775205353, 0.8709871034787522, 0.2902423257136792, -0.3964099619560638
0.00034993327049372385, 0.0012068465051930997, 0.007176803619424945, -0.3500477352403625, -0.10377209232448927, -0.9309661303762296, -0.3108058753576373, 0.9504106230884773, 0.010924988043245125, 0.8836663911772734, 0.29317401040196234, -0.3649420621531097
0.000346335067695742, 0.0012057798134383366, 0.007167234053340348, -0.19607456586036834, -0.18131911450618973, -0.9636794816417745, -0.3372257486494415, 0.9352818179732635, -0.10736254196157569, 0.9207787785730576, 0.30392647084997154, -0.2445304505500073
0.00034431515442572474, 0.0012039119072981815, 0.007157306457864259, -0.19269244206317418, -0.2190172859872544, -0.9565046007262629, -0.3446261276387009, 0.9277822183021235, -0.14301394180689075, 0.9187504856708835, 0.3020787709210432, -0.2542557005031505
0.0003423255243389807, 0.001201650462183617, 0.007147430147660613, -0.23770213972028348, -0.23596554329755465, -0.942240922030395, -0.3451624700012465, 0.9272530164134317, -0.14513687627488323, 0.9079430390035697, 0.2907268579414053, -0.3018564758233299
0.00033987598772496704, 0.0011992188213131008, 0.007137720291281316, -0.27052536255008464, -0.2456273249130148, -0.930850818054763, -0.34496850971406157, 0.9274294445692043, -0.14446921004738947, 0.898784042761555, 0.28203163404507225, -0.33562687895200194
0.0003370882275152066, 0.001196687635045138, 0.007128127886165084, -0.2913070887089076, -0.24834815310989894, -0.9238308150927002, -0.34391289847080003, 0.9283374399110602, -0.14111525759035365, 0.8926724473922973, 0.2766094584541188, -0.3558414101258668
0.00033408499422454396, 0.0011941272873227402, 0.007118603643308094, -0.3003052234652596, -0.24435311783831026, -0.9220131921844597, -0.34195418220326346, 0.9299571056551034, -0.13508189706722454, 0.8904404022915727, 0.2747204678291732, -0.3628285470060789
0.0003309890383678241, 0.0011916081620889202, 0.0071090982737065335, -0.2976106420188991, -0.23369865108386825, -0.9256418563562687, -0.3391489740874257, 0.9322137169850848, -0.12631531672880758, 0.8924157546416052, 0.2763377034471278, -0.35669538057146455
0.0003279231104598921, 0.0011892006432866907, 0.007099562488356585, -0.28308756960414144, -0.21626746094150098, -0.9343927510814374, -0.335656271490506, 0.9349740351848612, -0.1147101605753817, 0.8984410360979246, 0.281161766369566, -0.3372710568478022
0.00032500996101559264, 0.001186975114859064, 0.007089946998254435, -0.2572266982590949, -0.19254352367151345, -0.9469748767495798, -0.33184928229940996, 0.9379561862897942, -0.10056960991309234, 0.9075849709752202, 0.2883837445017704, -0.30516280305280746
0.0003223641121970895, 0.0011849946009463768, 0.007080206359449219, -0.23128282066410877, -0.1726216329309859, -0.9574497525770705, -0.32929553358690705, 0.9399356589684807, -0.08991889989986572, 0.9154631114498104, 0.29448723035766405, -0.27423450317366027
0.0003199831426745269, 0.0011832175262559027, 0.007070349774884376, -0.21402297947341276, -0.16429105662210894, -0.9629136061824622, -0.32873210167658423, 0.9403723176232858, -0.08737911406684208, 0.9198529064935431, 0.2978394751570068, -0.2552690295621066
0.0003177776659964246, 0.0011815245300426346, 0.007060427085710121, -0.20580249507977724, -0.16784117173249405, -0.9640926688292998, -0.3299599204331803, 0.9393922802270649, -0.09310528855830327, 0.92128811124787, 0.29895063960670676, -0.24871013479967674
0.0003156562283973387, 0.0011797944024644926, 0.007050489099118341, -0.20661909055753397, -0.18328829368646268, -0.9611003864397739, -0.33299514705357414, 0.9368296852054805, -0.10707181214759114, 0.9200123822296883, 0.297918684065477, -0.2546010098737795
0.0003135273761118254, 0.0011779059336793993, 0.007040586622300933, -0.2163492574655347, -0.21055263109012667, -0.9533418003712713, -0.33809035424493944, 0.9322084963032103, -0.1291597142557958, 0.9159082438545049, 0.29437205873032934, -0.2728684296107272
0.00031129971372207256, 0.001175737956849538, 0.0070307704403637025, -0.22819210863508607, -0.24456914220414666, -0.9423981622638071, -0.3448815658062934, 0.9254791165092991, -0.1566687922726362, 0.9104861707481736, 0.2892651717485101, -0.29553441980526163
0.0003089497903130664, 0.001173219382671738, 0.007021065619652091, -0.22650005868603965, -0.2698117281672831, -0.9358949485698728, -0.3506451665357124, 0.9190299777539407, -0.18008849817446387, 0.9087055026796983, 0.28737698469601825, -0.3027685222520026
0.0003066165348287146, 0.0011704399586921557, 0.007011424641922568, -0.22166288508289808, -0.27846622638589563, -0.9345170550284917, -0.3528564749102568, 0.9163186014476205, -0.18934763995092285, 0.9090422836648653, 0.28777904962570866, -0.30137243587609447
0.00030433289002317835, 0.0011675711069619006, 0.007001796936239667, -0.2170872296004189, -0.26932138759314805, -0.9382638887484247, -0.3512436702860153, 0.9183572953143266, -0.1823396891161214, 0.9107694652481626, 0.28997563402440574, -0.29396107368786073
0.0003020972853782305, 0.0011647975852480932, 0.0069921345202986936, -0.2126509962520838, -0.24221037474955937, -0.9466328159094602, -0.3460630211082745, 0.9246658483727528, -0.1588504147760133, 0.9137942543124302, 0.29381491319668496, -0.28045116788634405
0.0002999081503756436, 0.0011623041513178548, 0.006982389411794954, -0.20657477672696098, -0.20386236220189546, -0.9569571562497817, -0.3390413374533425, 0.9323714246276729, -0.1254372274710045, 0.9178114365805512, 0.2985358668824015, -0.2617221868063885
0.00029777983579704607, 0.001160203782413305, 0.006972529999629491, -0.19126544992857855, -0.19078710954950037, -0.9628176392720301, -0.3375718808746852, 0.9338752230974036, -0.11799276642024385, 0.9216630365303503, 0.3024522218706978, -0.24302242814014605
0.0002958090907982961, 0.0011582379660982777, 0.006962609399500131, -0.16435552499346984, -0.2147072639738879, -0.9627502543240216, -0.34290706070853305, 0.927585163375813, -0.14832569703628798, 0.9248794565349343, 0.30575571210022146, -0.22607838330484226
0.0002941187380869541, 0.0011560297591893982, 0.006952707770073274, -0.13118402394178533, -0.25863112345019174, -0.9570270078975477, -0.35034724529537764, 0.9151709567857262, -0.1992960801667681, 0.9273874916001302, 0.30914731413808216, -0.21066651035422873
0.0002927703148135006, 0.0011533713239956858, 0.006942870615730873, -0.10337406918797204, -0.29016061204012733, -0.9513782744208631, -0.35473364608163954, 0.9043584904450656, -0.2372757069266649, 0.929235084441578, 0.31295772874370936, -0.19641694902027262
0.0002917060562549969, 0.0011503840572939866, 0.006933075969173178, -0.0825686100417389, -0.3060715570659216, -0.9484211230202634, -0.3566791315914229, 0.8977073590587543, -0.2586532322994348, 0.9305710191720801, 0.31692538466806225, -0.18329178604082913
0.000290854455580097, 0.001147227279622263, 0.00692329409119261, -0.06882603813912366, -0.30680552223513896, -0.9492804369627006, -0.35705163391972317, 0.8960823041735546, -0.2637245435340996, 0.9315455475656186, 0.32079101557406015, -0.1712192078524932
0.0002901440059574547, 0.0011440603115184776, 0.006913495242581585, -0.06210795272055208, -0.2924940070490514, -0.9542483209569987, -0.35634729111352903, 0.8995768897406904, -0.2525431202003247, 0.9322870857868362, 0.32435886805335745, -0.160100326015387
0.00028950320055572414, 0.001141042473520594, 0.006903649684132527, -0.06236262029759353, -0.26291100786029137, -0.962802526760033, -0.35469508057174104, 0.9075434627003327, -0.22484719951134827, 0.9328999428705227, 0.3274792592757223, -0.14985002948414777
0.00028886053254355916, 0.0011383330861665737, 0.006893727676637852, -0.07002094123401868, -0.22145177314976613, -0.972654193409727, -0.3520340979773637, 0.9177994171353916, -0.1836197804355495, 0.9333643777485651, 0.32955021176561244, -0.14222375425811956
0.0002881393375725826, 0.0011360521984450608, 0.006883709626317135, -0.08862842850714459, -0.19521893942332513, -0.9767469310680152, -0.34942514032011085, 0.924380274230138, -0.15304633261364256, 0.9327631387295624, 0.32773567749735, -0.1501407763491591
0.0002872263553995031, 0.0011340412024865053, 0.006873647927709861, -0.11976651374568878, -0.1961471754506733, -0.9732328949166928, -0.34830487228815454, 0.9262823109118873, -0.14382209994318046, 0.9296987136301395, 0.3217566876608109, -0.1792566200172459
0.0002859930460541533, 0.0011320213545592212, 0.006863625950890437, -0.14855106883819633, -0.21417394881665477, -0.9654336329314979, -0.34947326184703015, 0.9246411680462807, -0.1513510806304556, 0.9250951406212372, 0.3149098759999288, -0.2122045023006886
0.00028446326087094896, 0.0011298157821854205, 0.006853683874548769, -0.1513468334398954, -0.22777846356686102, -0.9618789464079338, -0.35133654297236916, 0.9219438226110193, -0.1630405517704294, 0.9239354791217519, 0.3132675525561204, -0.21956017611478912
0.0002829046876188588, 0.0011274701142077784, 0.0068437784225247895, -0.15084544072331404, -0.23818976798155256, -0.9594327946458174, -0.35288944969960995, 0.9195681610933352, -0.17281039723965813, 0.923425519088408, 0.31250605039313417, -0.22276732068233945
0.0002813512498948499, 0.0011250171864342824, 0.006833897984046123, -0.1511866517025979, -0.24609015324353256, -0.9573830126044289, -0.35403311562831524, 0.91774859440681, -0.17999464020584777, 0.9229318227179435, 0.31173250382483264, -0.22587540077138857
0.0002797941772384112, 0.001122482701780253, 0.006824037887973635, -0.15237951499760646, -0.25149414650002117, -0.9557882493969677, -0.3547723598164992, 0.9165459911431447, -0.1846077431465506, 0.9224516551664519, 0.3109568143579688, -0.22888600543724177
0.00027822469918903174, 0.001119892363161014, 0.006814193463168195, -0.1544299527477316, -0.25441241181307, -0.954686186351196, -0.35510531903677056, 0.91600093599519, -0.1866614519597694, 0.9219824304649883, 0.3101880235782691, -0.23180118192640958
0.0002766340452862003, 0.0011172718734918869, 0.006804360038490669, -0.1573409738902102, -0.25485018831553014, -0.9540939154249014, -0.3550232100754307, 0.9161341337823019, -0.1861632864629545, 0.9215217513672788, 0.3094343717729015, -0.23462316876747902
0.0002750134450694059, 0.0011146469356881942, 0.006794532942801921, -0.16111261275885094, -0.2528065323434014, -0.9540081672682479, -0.35451021364550184, 0.9169466123963201, -0.18311586068916424, 0.9210674429329468, 0.30870336444460317, -0.2373541622755862
0.00027335412807813736, 0.0011120432526652581, 0.006784707504962821, -0.16574158676668627, -0.2482743516109329, -0.9544053503350827, -0.3535434806647276, 0.9184196833665281, -0.17751702026677763, 0.9206175827647061, 0.30800183690539423, -0.23999611406723362
0.00027164732385188365, 0.0011094865273384006, 0.006774879053834232, -0.17122067333119997, -0.24124123374890782, -0.9552414083169318, -0.3520932775687413, 0.9205146629992553, -0.16936079562362907, 0.9201705303447356, 0.30733600886110335, -0.24255055708535497
0.0002698842619301337, 0.0011070024626229445, 0.006765042918277023, -0.17753781410430713, -0.23169108530652477, -0.9564515489832975, -0.35012330318145807, 0.9231724015810938, -0.15863918030644386, 0.9197249573282055, 0.30671152236014926, -0.24501845832334845
0.0002680561718523764, 0.0011046167614342116, 0.006755194427152058, -0.18387987471950112, -0.22158023773700625, -0.9576483644415377, -0.3479877406650738, 0.9258385863741186, -0.14740232131004957, 0.9192892493769075, 0.30614557031775835, -0.24735028957908373
0.000266162555371729, 0.0011023349022008147, 0.006745332452162474, -0.18593965221246214, -0.22163082738424117, -0.9572388532064949, -0.34787446084337925, 0.9259738593702499, -0.14681883821871405, 0.9189177358327768, 0.30569950624091863, -0.2492749619517005
0.0002642478040087457, 0.0011000526137068672, 0.006735475090502018, -0.18263176175961435, -0.2344428872109927, -0.9548204921516678, -0.3503474545257492, 0.9229219789103184, -0.1595985023475785, 0.9186415518056581, 0.30537117329642577, -0.25069133574109975
0.00026236757279982055, 0.0010976389764019562, 0.006725645018936329, -0.17771224924041804, -0.24967759567334502, -0.9518820592324919, -0.35328246817421993, 0.9189853670105809, -0.17509252668563408, 0.918482364637799, 0.30516715655392174, -0.25152167383776564
0.00026053805124251104, 0.0010950685821516217, 0.006715845532661041, -0.17341780001693696, -0.26136380331642706, -0.9495342168417406, -0.3555077977464255, 0.9157479677557412, -0.1871359540353395, 0.9184445940712876, 0.3051141128614049, -0.25172386806583447
0.00025875245309153424, 0.0010923774470784717, 0.0067060686438888606, -0.1698018902071013, -0.2694598559201936, -0.9479233640593335, -0.3570506272193386, 0.9133595919350392, -0.19567602158296163, 0.9185217295657042, 0.3052304733602581, -0.25130099571609416
0.000257003707078406, 0.001089602349297382, 0.006696306224862617, -0.16688104407002308, -0.2739935890891969, -0.9471421383657891, -0.357946316140818, 0.9119103600442968, -0.2007334800303587, 0.9187084150541546, 0.30552742656249576, -0.250255548843142
0.00025528474193464235, 0.0010867800669232294, 0.006686550147825147, -0.1646638226254049, -0.2749829627332524, -0.9472434722524257, -0.3582227173633716, 0.9114508985526301, -0.20232089435450185, 0.9190007128850289, 0.3060091987735764, -0.24858813322997264
0.00025358848639175913, 0.001083947378070889, 0.006676792285019282, -0.16315184517893924, -0.27243314481975434, -0.9482413495615587, -0.3578996796674857, 0.9119932832674527, -0.2004396930973582, 0.9193961576538259, 0.3066731694796119, -0.24629712221767974
0.00025190786918127253, 0.001081141060855237, 0.00666702450868785, -0.16234036298815666, -0.26633579307996474, -0.9501109681870534, -0.3569889465894786, 0.9135113203207249, -0.19507936758873423, 0.9198937430800408, 0.3075098583303506, -0.24337869354534664
0.00025023581903469826, 0.001078397893391149, 0.006657238691073688, -0.16221734821885106, -0.2566735919846451, -0.9527875939130106, -0.35549494102054274, 0.9159392602526155, -0.18622196013545866, 0.9204938233609419, 0.3085027369499198, -0.23982740137182765
0.00024856527523279675, 0.0010757546219845467, 0.0066474267108692486, -0.16223957460427157, -0.24500697461926152, -0.955850355871745, -0.3536898862904547, 0.9187573484156883, -0.17546623341263937, 0.9211849894391844, 0.3096070366126877, -0.2357152903649647
0.000246894599673778, 0.0010732316422166082, 0.006637583762060184, -0.16102076377168026, -0.23550958328457403, -0.9584401649636304, -0.3522945768016081, 0.9208531001428504, -0.16708710038024324, 0.9219332105909629, 0.31074877978590343, -0.23124521848248342
0.00024523640930650126, 0.0010708063666604844, 0.00662771375392007, -0.15834837059641643, -0.22887839683569833, -0.9604897047815665, -0.351427829532999, 0.922127593640452, -0.16179981976688013, 0.9227265435432025, 0.3119220744172976, -0.22645164016192187
0.00024360563553893513, 0.001068449229140746, 0.0066178220107421925, -0.15423037186035066, -0.22512430405438852, -0.9620457578098067, -0.35107919234618684, 0.9226401718547704, -0.15961990471538598, 0.923556383280072, 0.3131360103913745, -0.22133559564337119
0.00024201720977904827, 0.001066130663481964, 0.006607913856819834, -0.1486691349835479, -0.22425046744120347, -0.9631247147465614, -0.3512241589253109, 0.922422195071362, -0.16055804005697785, 0.9244128290382234, 0.3144026429471163, -0.2158978916465294
0.00024048606343480953, 0.0010638211035087092, 0.00659799461644628, -0.1416618326599124, -0.22625340905297425, -0.9637122599922356, -0.3518242967522218, 0.9214768656549748, -0.16462092903846753, 0.9252845991273386, 0.315736885641496, -0.2101395480702511
0.0002390271279141873, 0.0010614909830455516, 0.006588069613914813, -0.13320154387411548, -0.23112271714004004, -0.963763268822462, -0.3528271315424038, 0.9197793846462072, -0.17181064817817265, 0.926158930182672, 0.3171563860332148, -0.2040623993812654
0.00023765533462515042, 0.0010591107359170626, 0.006578144173518714, -0.1243295739068582, -0.23856649638517705, -0.9631345616551409, -0.35409899337282796, 0.9174201140433516, -0.18153301969899005, 0.9269067158805622, 0.31847505577546453, -0.19853860809506474
0.00023637483142390083, 0.0010566536764039256, 0.006568224595652571, -0.12006017051919411, -0.24727424338281667, -0.9614785509902742, -0.3552927773346062, 0.9150405117460617, -0.19096571482171232, 0.9270127279756002, 0.3186790084441728, -0.19771467256699715
0.00023513827102475242, 0.0010541068739483377, 0.00655832184192797, -0.12189206124600709, -0.25686714385299486, -0.9587291566516607, -0.3563607351458968, 0.9128522459054222, -0.19926817004153627, 0.9263635095638622, 0.31736421908310875, -0.20280680608473892
0.00023388295216209898, 0.001051461499281781, 0.0065484482637620245, -0.129818864359826, -0.26733033820956353, -0.9548201677431648, -0.3573451540172123, 0.9108714578683241, -0.20644037430030157, 0.9249062132761029, 0.31440050495123917, -0.2137774991192149
0.00023254617092116235, 0.0010487087238433726, 0.006538616212811639, -0.1434350073539032, -0.27884635327927054, -0.949563641852529, -0.35831553902875246, 0.9090211068620176, -0.21281588702417592, 0.9225163267692992, 0.3097181598521541, -0.2303004305290705
0.00023106919554569355, 0.0010458373941385078, 0.006528838389793885, -0.15867698281297316, -0.29378819054388444, -0.9426081445766962, -0.3598556231150461, 0.9062421447251063, -0.22187632959944475, 0.9194158719740775, 0.30399617468150775, -0.249521101594949
0.00022943509923653184, 0.0010428118879224682, 0.006519131169107353, -0.17309424707654678, -0.313545240644187, -0.9336636244913809, -0.3624394693995843, 0.9017301275237781, -0.23562768966591904, 0.9157925598356601, 0.2976107511252404, -0.269725468141811
0.0002276519858097453, 0.001039581932346588, 0.006509513124758389, -0.18652768069380302, -0.33720140008883115, -0.9227690069097049, -0.36605532840615707, 0.8954754273611906, -0.25323359875370716, 0.9117076948674125, 0.29054943601808125, -0.29046532383250795
0.00022572899375853823, 0.0010361055817609012, 0.006499999912248657, -0.19820373311419123, -0.35481673753735066, -0.9136850458133532, -0.3688257394069513, 0.8906636376143721, -0.2658681225390707, 0.908120506392469, 0.2842945082038791, -0.30739840350040926
0.00022368370148155605, 0.0010324441778023236, 0.006490571467393284, -0.20775874359569144, -0.36006412117493275, -0.9094999357350517, -0.3692966777183707, 0.8898513748589559, -0.2679262855484693, 0.9057904107936415, 0.2802112761902158, -0.31784488734308286
0.0002215392993137898, 0.0010287277408013136, 0.006481183974958458, -0.21527418722915398, -0.35295738775405794, -0.9105372626876173, -0.36729413790260784, 0.8932004313880391, -0.25939931694320467, 0.9048491811209243, 0.2785930218043026, -0.32192217635127296
0.00021931907891198778, 0.0010250875310606812, 0.00647179319089261, -0.2207165952130436, -0.333366960021937, -0.9165973241087352, -0.3627243507425332, 0.9004240542875758, -0.24014072507330514, 0.905381262218282, 0.27946912606951274, -0.31965884564324754
0.0002170463319328981, 0.0010216548088832352, 0.00646235487114416, -0.2239110452671169, -0.3009472064998454, -0.9269814575854938, -0.3555620701623086, 0.9107997112611181, -0.20980824633116194, 0.9074356495472727, 0.28262106231950124, -0.31094352713011403
0.00021474435003326878, 0.001018560834571784, 0.006452824771661537, -0.22450377399589294, -0.2555365118641593, -0.9403718129367231, -0.3459393958416155, 0.9230499432808391, -0.16824011594734992, 0.9110016409789498, 0.287541115866128, -0.29562834238300445
0.00021243681527582557, 0.0010159343335895193, 0.006443159274264103, -0.21944370980583744, -0.21596900950249748, -0.9514209610688432, -0.33812783996387774, 0.931586383059366, -0.133477993466079, 0.9151579219282395, 0.2924110083989289, -0.2774559065853669
0.00021017721482449248, 0.0010137105119462488, 0.006433362542177587, -0.2046610195949327, -0.21432869826634773, -0.955079617706197, -0.3387396446742857, 0.930951394611337, -0.1363266444872217, 0.9183514143204121, 0.29562258027873906, -0.2631310887087256
0.0002080678320148553, 0.0010115014871274056, 0.006423518808713288, -0.18908701695901486, -0.23178407224914852, -0.954212892319708, -0.3429125339939868, 0.9261516628174632, -0.15701621409991684, 0.9201397144169815, 0.29752183333673105, -0.25460491872818636
0.00020611892550993478, 0.0010091125050946453, 0.006413683803947604, -0.18758528241437117, -0.2335750277170556, -0.9540725696971365, -0.3433252412665967, 0.9256410350768052, -0.15911144802048047, 0.9202931818343294, 0.29771022926482993, -0.2538288377240235
0.0002041865336103456, 0.0010067063542191746, 0.0064038555163464985, -0.20152820798400972, -0.21659727146480967, -0.9552340045144714, -0.33922880941775463, 0.9303208854920795, -0.13938028870054092, 0.9188635351605625, 0.2959538342566842, -0.2609619354254574
0.0002021129404717084, 0.00100447771029657, 0.006394026784689681, -0.22874234254624806, -0.18292648031839023, -0.9561458275413748, -0.3301961345706481, 0.9385400183463497, -0.10056414210361454, 0.9157769670837203, 0.2927123788990809, -0.27508545908168885
0.00019975994199850528, 0.001002596004775387, 0.006384191221901783, -0.2488199519018381, -0.15868949265111376, -0.9554612898792388, -0.32304246732353453, 0.9435962493675654, -0.07259257871839704, 0.9130893690330044, 0.2905920905695743, -0.28604901862672816
0.00019719728422619805, 0.00100096162273079, 0.006374350691502462, -0.25009874638756824, -0.16007567443164764, -0.9548960129305284, -0.32327668280980165, 0.9434468436052444, -0.07348632282807635, 0.912657002058746, 0.2903167782725527, -0.28770360589778465
0.00019462042434138872, 0.000999312303852008, 0.006364512044706241, -0.2326666987897942, -0.18674992616951563, -0.9544583135736939, -0.3306077501064018, 0.9381347754047051, -0.10296435667718476, 0.9146391216451669, 0.29159493865985403, -0.280013694136758
0.00019222411688878395, 0.0009973889076712004, 0.006354681778570546, -0.20557735591451343, -0.2176235179333846, -0.954137283192254, -0.33865392982489895, 0.9305458191673971, -0.1392766823421297, 0.9181783413636753, 0.29449020844906865, -0.2649982086321985
0.00019010567402882961, 0.0009951463309745927, 0.0063448495414255394, -0.1815184226447568, -0.2256358254116107, -0.9571517834342579, -0.3414493984744752, 0.9272267387881628, -0.15382744604812018, 0.9222057094390486, 0.29889638533627233, -0.24535195191995546
0.0001882345151587678, 0.0009928203936401276, 0.006334982867710147, -0.1614518178128243, -0.20914318106325608, -0.964464846606488, -0.33992056039756235, 0.9292698430290968, -0.14460833812642082, 0.9264919444571237, 0.30449415208082425, -0.22112437270603646
0.00018657137915766199, 0.000990665982754427, 0.006325047790918061, -0.1451858083370433, -0.16820778170029085, -0.9750011401188137, -0.33517341157041936, 0.9355367093316941, -0.11148923566457757, 0.9309027152360045, 0.31060780361783047, -0.1922054294184784
0.00018507681617610533, 0.00098893442836479, 0.006315010993054084, -0.13402110176057028, -0.1303917921353126, -0.9823626238953842, -0.3309978978897763, 0.9402642075626344, -0.07964679258551802, 0.934065702119199, 0.3144856125808504, -0.16917465414244298
0.000183696209724874, 0.0009875912089236363, 0.006304891271919262, -0.130895075675248, -0.14364300069189934, -0.9809348436650612, -0.3328099425613158, 0.9383963943748926, -0.09300402763609121, 0.9338650980180729, 0.31429109974103325, -0.17063728586468752
0.00018234917279062686, 0.0009861129835108016, 0.006294796503589053, -0.13278504485176862, -0.19119809842354415, -0.9725283641225765, -0.3390959718211559, 0.930768466738094, -0.13668936762120001, 0.9313334814975675, 0.3116301469454431, -0.18842663759771844
0.0001809840692332476, 0.0009841473615191572, 0.006284798375177846, -0.13353968832838475, -0.23140487485446065, -0.9636487614970245, -0.34447518289449214, 0.9225666738211005, -0.17380328168500542, 0.9292491592737462, 0.3087434472960723, -0.2029125026723918
0.0001796098241675618, 0.000981765994515646, 0.006274881551407185, -0.13265711501162944, -0.2596793734160617, -0.9565399692950801, -0.34827270407800137, 0.9157425962633321, -0.20030382168867567, 0.9279591658208827, 0.3065650345540624, -0.2119190084864459
0.0001782422853706863, 0.0009790890056646246, 0.006265020749605047, -0.13028309404737096, -0.27630863578317844, -0.9521973814273398, -0.3505279227234476, 0.9111966512984379, -0.21645054412890208, 0.927446219894517, 0.3055719235370814, -0.21556741114839106
0.00017689730061973806, 0.0009762365181304511, 0.006255190687099416, -0.12649805823987662, -0.28152750351495237, -0.9511784827392697, -0.35133218242047853, 0.909440326787617, -0.22244997102291586, 0.9276658551748063, 0.30604012282227144, -0.21395210764496955
0.00017559071769183412, 0.0009733286550774821, 0.006245366081218273, -0.12131477449165645, -0.275415416057873, -0.9536399079776953, -0.35081556113367396, 0.9106288611186845, -0.2183655635949797, 0.928553265869279, 0.308060750332392, -0.2070927486614142
0.00017433838436409135, 0.0009704855396700745, 0.006235521649289595, -0.11468458103670907, -0.2578670254751437, -0.9593498027544678, -0.3491454169707559, 0.9145728628778438, -0.20409300893401988, 0.930024152740536, 0.3115462656814017, -0.19492049573921666
0.00017315614841362662, 0.0009678272950725855, 0.006225632108641367, -0.10651138028688453, -0.22863274319003984, -0.9676685355072676, -0.34653414773529684, 0.9207228314699887, -0.17939774821122603, 0.9319707132323174, 0.31622228945993713, -0.17729651244726052
0.00017205985761755695, 0.0009654740444493724, 0.006215672176601565, -0.09670322219004698, -0.18760775379724148, -0.9774721569094519, -0.3432641647518713, 0.9281076221649396, -0.14417335009127702, 0.9342473976497139, 0.3215891360019729, -0.15415001651067714
0.00017106507421404965, 0.0009635441286138896, 0.0062056169472404065, -0.08805659948409213, -0.15243698446852139, -0.98438254812519, -0.3407237201803771, 0.9332219713385987, -0.11403551515797031, 0.9360306521656983, 0.3253609041926263, -0.13411524980111086
0.0001701582773144749, 0.0009619743497931489, 0.006195479887123786, -0.0859877277146697, -0.15593398969336558, -0.9840176327387519, -0.3410712740054105, 0.9326041728678163, -0.1179823834216899, 0.9360964142281468, 0.32547511058120226, -0.1333771182075853
0.00016927263788647461, 0.0009603682916601081, 0.006185344896508698, -0.08765717976055912, -0.18402355969745332, -0.9790053872746068, -0.3434875832146931, 0.9280984131646871, -0.14369974133073102, 0.9350574843365269, 0.3236798803717456, -0.14456429721330968
0.00016837015168539476, 0.0009584736525243956, 0.006175265415795177, -0.08727519650992825, -0.206878291240708, -0.9744662193670329, -0.3454907748135717, 0.9237716175175049, -0.16517300986484018, 0.9343549457207744, 0.3222535822646778, -0.15209689058199444
0.00016747139501860844, 0.0009563432277198545, 0.006165230399590836, -0.08433381304540023, -0.22170304860528062, -0.9714605325057462, -0.3468133753090456, 0.920506543589566, -0.17996718010664525, 0.9341350494890825, 0.321738187736419, -0.1545194093572528
0.00016660260206238252, 0.0009540592796799575, 0.006155222574290228, -0.07886467375951513, -0.22857974892713487, -0.9703255441413533, -0.34749064017444825, 0.9186120191503943, -0.1881547588119625, 0.9343610748655776, 0.32234028084129307, -0.15187536048747008
0.00016579000699298385, 0.0009517040708381766, 0.006145224666287905, -0.07098772784089852, -0.22773621980468428, -0.9711317916148451, -0.3476197396127047, 0.9182011873395262, -0.18991339131267138, 0.9349445219517477, 0.3241030603949259, -0.1443466214189342
0.00016505867493152797, 0.0009493578794025075, 0.0061352198409933304, -0.06270370190346809, -0.22255253365874497, -0.972902161334671, -0.34748162945387073, 0.918696662748409, -0.18775771368180572, 0.9355879236927356, 0.3262925246109835, -0.13493859871551533
0.00016441283578156953, 0.0009470656201770388, 0.0061251990880585765, -0.05574277528916868, -0.2159440399556286, -0.9748132716631956, -0.3472608259336126, 0.9195702625084914, -0.18384898988563853, 0.9361103897377524, 0.3282662089184726, -0.12624830417604532
0.00016383877802203053, 0.0009448417561674043, 0.006115160134673193, -0.05016402331514811, -0.20800766541022467, -0.9768399981037965, -0.34697891928248464, 0.92077798413663, -0.1782513211811992, 0.9365304054532327, 0.33000108342227, -0.11836420321081742
0.0001633222038950151, 0.00094269975536542, 0.006105100928176057, -0.045968725425119976, -0.19874340463590132, -0.9789728981930604, -0.3466458622960684, 0.9222852125458937, -0.17095798569294987, 0.936868999612969, 0.33149818375506385, -0.11128985457483907
0.00016284881564262757, 0.000940653085762901, 0.006095019415906041, -0.04315707278718681, -0.18815025616714653, -0.9811915960568958, -0.34626448840967, 0.9240502991225168, -0.16196280053758308, 0.9371437302435689, 0.3327619656688915, -0.10502905821411754
0.0001624043155069721, 0.0009387152153516636, 0.006084913545202021, -0.041728121658591785, -0.17622700499654745, -0.9834646951328719, -0.34583053643943606, 0.9260245173645123, -0.1512608121948111, 0.9373686595618919, 0.333800293513605, -0.0995859433924963
0.00016197440573015304, 0.0009368996121235236, 0.006074781263402872, -0.04420649899206275, -0.1677766329534771, -0.984833380263717, -0.34545121735896067, 0.9275525962040916, -0.14251188617186197, 0.9373949231098261, 0.33391193855542783, -0.09896249500734752
0.00016151887414390983, 0.0009351707361101219, 0.006064632920464035, -0.06725516778173135, -0.19443948217017756, -0.9786061670457857, -0.34669275030693164, 0.9242635650188915, -0.15981551634051336, 0.9355644709432199, 0.3285272441548228, -0.12957225998172117
0.00016082665810521207, 0.0009331694902199757, 0.006054560729631116, -0.09116965990707872, -0.2374078924941129, -0.9671223219913453, -0.3499184923099428, 0.9168749753860054, -0.1920867727107951, 0.9323331710563366, 0.3209014990498111, -0.16666459148727425
0.00015988773779126262, 0.0009307245201149886, 0.006044600718865285, -0.058318442510991865, -0.22300432525652128, -0.9730714414573967, -0.3497534891421894, 0.9175151143563349, -0.1893106224186748, 0.9350248425020357, 0.3292948311841006, -0.13150459330182404
0.0001592872051597038, 0.0009284281389269955, 0.006034580541228973, -0.04024642155417898, -0.18523582460257335, -0.9818696017475477, -0.34870310768835006, 0.923487426718996, -0.15992846957441345, 0.9363687138304922, 0.335944432869086, -0.10175937196984815
0.0001588729145621145, 0.0009265213492670442, 0.0060244733235347205, -0.04502554325492987, -0.15527891078216893, -0.9868440405256049, -0.34750436677576424, 0.9285869980993343, -0.1302570613542396, 0.9365967197926618, 0.3370677184590216, -0.09577023361387507
0.00015840954072142253, 0.0009249233189032525, 0.006014317361381565, -0.05182458811332703, -0.1366706446606285, -0.9892599996739646, -0.3465391300092971, 0.9315000194093997, -0.11053662385240177, 0.936602820537758, 0.33708878463742475, -0.09563633113195227
0.00015787597430882093, 0.0009235162094937178, 0.006004132313542843, -0.060452187293356906, -0.1295445359211395, -0.9897291277235531, -0.3459701836352437, 0.932797662538944, -0.10096114498795145, 0.9362959815607695, 0.3363134460215038, -0.10120820588418884
0.00015725328864464288, 0.0009221818404823991, 0.005993937642897392, -0.0709185435904499, -0.13391244791052975, -0.9884523339390824, -0.346011533715987, 0.9327198517934967, -0.10153667616102102, 0.9355461392740178, 0.334815074877054, -0.11248238495227966
0.00015652255704922172, 0.0009208020313132555, 0.005983752812324048, -0.08320852257479945, -0.14973287913840555, -0.9852189638226839, -0.34693319020145974, 0.931152593299875, -0.1122150147153027, 0.9341914703675884, 0.3324679125808105, -0.1294271370177123
0.0001556648528428903, 0.0009192586014302446, 0.005973597284701639, -0.09687652970177547, -0.17671851449010031, -0.9794822635603736, -0.34904765583986214, 0.9276414178117289, -0.1328425154569974, 0.9320840476832752, 0.329016666138142, -0.1515498645915073
0.00015466522261193503, 0.0009174351136360635, 0.0059634903982932015, -0.08660370371255946, -0.20420291901073895, -0.975090234988927, -0.3517715535193953, 0.9219895393249827, -0.16183962280559558, 0.9320711199462296, 0.32899309604123894, -0.15168048694338288
0.00015377287029947503, 0.0009153310356442595, 0.005953443206444023, -0.016057261282080498, -0.2159378814096757, -0.9762750615131064, -0.3525622143910444, 0.9149107097697011, -0.19656621818711673, 0.9356506021714529, 0.3410413824171529, -0.09082249795725182
0.0001536085447042503, 0.0009131211867621335, 0.005943452276000284, 0.06504439150675485, -0.21913923586887935, -0.9735230980497175, -0.350656971619566, 0.9083514252629615, -0.22789773249714762, 0.9342424285955497, 0.35619613069985784, -0.017759535082284155
0.00015427343110302688, 0.0009108811366364838, 0.005933500883546703, 0.1230191904198788, -0.22046125909268044, -0.9676068995349856, -0.3479335571965118, 0.9035441189505261, -0.2501005095686517, 0.9294129967700147, 0.36743007273383005, 0.034447395921798254
0.00015553664072152538, 0.0009086173533841177, 0.00592356511386519, 0.15740707424365508, -0.2208761646390071, -0.9625158351281369, -0.3458228401170516, 0.9006208130927242, -0.26322749529176553, 0.9250024736353026, 0.3742938296560104, 0.06538006462224452
0.0001571628796731315, 0.0009063353884588227, 0.005913620956335141, 0.16887538134116106, -0.2209271871128139, -0.9605583186726859, -0.3450618391747093, 0.899629845012581, -0.26757890258390443, 0.9232623856316495, 0.3766395092884698, 0.07569179163354654
0.00015891685407123132, 0.0009040407933143874, 0.005903644400335957, 0.15793819764595463, -0.22079610387576085, -0.9624471965971075, -0.34575969244436267, 0.9006094713265898, -0.2633492267648045, 0.9249355441354425, 0.37436834891604404, 0.06589824371520105
0.00016056327002921038, 0.0009017391194045993, 0.005893611435247031, 0.12236467254804015, -0.21519945338058427, -0.9688736151722311, -0.34815168353852244, 0.9048691997064026, -0.2449533357029195, 0.9294177167245649, 0.36728861497110465, 0.035801971329860904
0.00016183921405473611, 0.0008994951510179756, 0.005883508613288486, 0.050906725652386985, -0.18117285042076758, -0.9821328339658372, -0.3517619142931949, 0.9171362305153316, -0.1874158219812714, 0.9347042638910661, 0.3550176515985407, -0.01704130620925555
0.0001623648725336617, 0.0008976243757175743, 0.005873367193957558, -0.06206286767964909, -0.10928961462752364, -0.9920705522239565, -0.3471008993114493, 0.9343048882362939, -0.0812117079918269, 0.9357719626877915, 0.33930834937020626, -0.09592016417367358
0.00016173071150246118, 0.0008965076497701134, 0.005863230174706862, -0.17492578372830322, -0.0292749117604268, -0.9841463050423235, -0.3294043560342259, 0.9436969166035512, 0.03047785784183609, 0.9278435969562521, 0.32951344302527247, -0.1747202061952616
0.0001599320710771749, 0.0008962066361709931, 0.005853110881307585, -0.19175223169606573, -0.019035378416579422, -0.9812587507931412, -0.32650993686506957, 0.9440984563779119, 0.04549028240418376, 0.925538947191282, 0.32911359594125206, -0.18724822615627543
0.0001579466984473758, 0.0008960095468387237, 0.005842951081604896, -0.13867845718739125, -0.05514615093333788, -0.9888008836714105, -0.3341365021010468, 0.9425074457972045, -0.005701980402190184, 0.9322666375430381, 0.3296037266993007, -0.149131820447987
0.00015651310373757408, 0.0008954394710544429, 0.005832729308557889, -0.06543724215432367, -0.09102702897879679, -0.9936961544327972, -0.3385241034632695, 0.9387987177451402, -0.0637055643917399, 0.9386796038657845, 0.33222138335058116, -0.09224724240322955
0.00015583877649772934, 0.0008945014424459361, 0.005822489323451507, 0.0220458185503606, -0.12254275837378505, -0.9922183500896306, -0.33781127201156946, 0.9331743816513802, -0.12275633560631308, 0.9409556452810994, 0.3378888068576828, -0.02082373198832345
0.0001560656639798404, 0.0008932402773032195, 0.0058122777759581825, 0.05257997046778886, -0.13652018254419984, -0.9892409142689687, -0.33665863403897495, 0.9301974239458827, -0.14626591062669173, 0.940157598933614, 0.34072715219445343, 0.00294905490620595
0.0001566070253600375, 0.0008918346706855405, 0.005802092589052759, -0.006587695392170232, -0.1294060017020355, -0.9915698104485194, -0.3366031763795009, 0.9340129658145833, -0.11965818543449913, 0.941623546817225, 0.33297727612216893, -0.049711464126600234
0.00015653928299872236, 0.0008905039673664306, 0.00579189611268738, -0.05323015425028098, -0.12433150143318122, -0.9908119036577338, -0.33558948581189546, 0.9367369446141489, -0.09951680062912267, 0.9405031885597194, 0.32720876263682147, -0.09158699668993028
0.00015599095686990514, 0.0008892232231748895, 0.0057816897162722165, -0.07177514053174572, -0.12528618238644687, -0.9895209455613753, -0.3352207350893386, 0.9374012035439291, -0.09437183033382797, 0.9394016116485067, 0.324934387372933, -0.10928062927511475
0.00015525045592297733, 0.000887930651178418, 0.005771480872489194, -0.06267612568064354, -0.13237311421302242, -0.9892163878056258, -0.3358459587932593, 0.9361584878116993, -0.10399412320101964, 0.9398293436746379, 0.32570637748078957, -0.1031317625004094
0.0001546039436769365, 0.0008865652055887952, 0.005761276979032867, -0.03779645039914846, -0.14152730453995777, -0.9892125405628858, -0.33653390782659315, 0.9338967931698371, -0.12075474562126651, 0.9409125130532525, 0.32833946119336427, -0.08292672068196388
0.000154214381539902, 0.000885106505667954, 0.005751081319196734, -0.014973107868122153, -0.14669594592552898, -0.9890683017313739, -0.3367478650993537, 0.9321325135340072, -0.13315349249569636, 0.9414757996846213, 0.3310729174393283, -0.06335646728168062
0.00015406011455459414, 0.0008835951065960888, 0.005740891010911003, 0.004291973410142965, -0.1474168417332051, -0.9890651413014482, -0.336725766156189, 0.9311008948035504, -0.14023866122633707, 0.941592978611658, 0.333645618088167, -0.04564278869428199
