0.0039161862805485725, 0.012218517251312733, 0.07269921153783798, -0.4777819315947397, -0.17006269537658544, -0.861860258674717, -0.3354259902451883, 0.9420665590546284, 5.8129225642806955e-05, 0.8119198426628299, 0.2891181038126509, -0.5071458282763874
0.003896294493475015, 0.01221050492135387, 0.07266437455758955, -0.4735245104360534, -0.16047825515667183, -0.8660376825740126, -0.33182262715174343, 0.9433184792584363, 0.006632556043200268, 0.8158849686851762, 0.2905115768974126, -0.4999347373029481
0.0038767848166949095, 0.012203832082213562, 0.07262910618747556, -0.46842232406038226, -0.15097515852268942, -0.8705096368397762, -0.32843418123726964, 0.9444382986580989, 0.012934010313888546, 0.8201899261249644, 0.2919636990052775, -0.4919813853656267
0.003857646195253547, 0.012198222661634174, 0.07259346249660512, -0.4625010395770634, -0.1422310789462695, -0.8751360514639513, -0.3255391501959151, 0.9453494770374605, 0.01840184650303858, 0.8246920941053437, 0.29340191963717627, -0.4835269004650754
0.0038388675741962176, 0.012193400587358075, 0.07255749955408743, -0.4557982863298261, -0.13492952536671288, -0.8797965363441183, -0.32341176442518077, 0.9459915247259781, 0.022469218455710604, 0.8292483058832169, 0.29477798142149736, -0.47481911172454094
0.003820437898568212, 0.012189089787127627, 0.07252127342903164, -0.44836029585105813, -0.12975644377366166, -0.8843847072420262, -0.32231594806750796, 0.946313411981847, 0.024563304431984897, 0.8337178627843446, 0.29606450581332355, -0.46611193255678124
0.0038023461134148212, 0.012185014188685192, 0.07248484019054688, -0.4402304743642322, -0.12729493638174755, -0.8888155762657458, -0.32245703963939853, 0.9462749909686049, 0.024188820855141086, 0.8379848369917194, 0.2972534955874087, -0.4576262364998624
0.003784581163781337, 0.012180897719773136, 0.07244825590774234, -0.4323692852514965, -0.1304260050142443, -0.8922140205058058, -0.32484366018596245, 0.9455729418450565, 0.019193959661112595, 0.8411500446460768, 0.2981289467101606, -0.4512047578709617
0.003767131994713047, 0.012176464308133822, 0.07241157664972714, -0.4246784296495756, -0.13751689547461055, -0.8948392787810532, -0.3287565754277398, 0.9443518194928774, 0.01089748289821152, 0.8435445130539321, 0.2988122227746332, -0.4462554313586421
0.003749987551255246, 0.012171437881509619, 0.07237485848561047, -0.41704790952959114, -0.14692038225703055, -0.8969311246882037, -0.3335106266379131, 0.9427461174157078, 0.0006480873360265253, 0.8454831181499631, 0.2994063449144934, -0.4421698062377834
0.003733136778453221, 0.012165542367642886, 0.07233815748450145, -0.4093806925250653, -0.15698745175229842, -0.8987560228337931, -0.3384497038219774, 0.9409292956078334, -0.01019110640520107, 0.8472657473133879, 0.30001166753855785, -0.43833064320238924
0.003716570416005443, 0.012158542081788947, 0.072301521878947, -0.4016615536446051, -0.16628637564533033, -0.9005647325975751, -0.3430220650467523, 0.9391055544165499, -0.020411284992526254, 0.849119461097709, 0.3007151458419156, -0.4342424919862309
0.003700296936160068, 0.012150600398803444, 0.07226492247024886, -0.3940763291435496, -0.17406462746760476, -0.9024440992511995, -0.3469386553028511, 0.9374296442257523, -0.029312652275578412, 0.8510801467931174, 0.30154131987398264, -0.4298085808162307
0.0036843349216268704, 0.012142108222963643, 0.0722282859111997, -0.3868537298375162, -0.17970928569111097, -0.9044604824685226, -0.34996969074512957, 0.9360574703910168, -0.03629914165553944, 0.8531502841062414, 0.30249129700135374, -0.4250101269003815
0.00366870307282272, 0.012133459107469055, 0.0721915383406104, -0.3802240648642613, -0.1826102870164254, -0.906688007847174, -0.3518973280398437, 0.9351501747056445, -0.040772800571227494, 0.8553349817565729, 0.30355828735809737, -0.41982667275877333
0.0036534200794990095, 0.012125046567522191, 0.07215460590784807, -0.3744139049967367, -0.18215390591774075, -0.9091942489391392, -0.3525087527077102, 0.9348597005118435, -0.04212979495986993, 0.8576431699777881, 0.30472494961492264, -0.4142353172686195
0.0036384800180009023, 0.012117176430172039, 0.07211743912350349, -0.3696435339060969, -0.17781761212583014, -0.912000304089467, -0.35162622992646025, 0.9352922978654996, -0.03984108408637636, 0.8600713065026157, 0.3059562295024264, -0.40825008678448826
0.0036237998173435687, 0.012109879676034257, 0.07208006485506585, -0.3661554289495117, -0.17004974905228387, -0.9148843012633097, -0.34940448004411756, 0.9363476106416032, -0.034200312438053326, 0.8624654840490134, 0.3071420435124698, -0.4022649051695725
0.003609281331711666, 0.012103133579868431, 0.07204252489040215, -0.364206945452883, -0.15985530688426555, -0.9174963660662739, -0.3461688095882597, 0.9378124321215681, -0.025980712586005105, 0.8645926533068204, 0.30814626887107793, -0.3968947226012275
0.0035948264152898513, 0.012096915416434149, 0.07200486101737927, -0.3640601739674767, -0.14824778940439412, -0.9195013771971638, -0.34222456632299036, 0.9394824404313339, -0.015971547396116066, 0.8662231444240057, 0.308861355721132, -0.3927621761400818
0.0035803369222627826, 0.012091202460491012, 0.0719671150238642, -0.3659658510104968, -0.13625413252412802, -0.9205996997958777, -0.3378591801063928, 0.941183435333939, -0.0049915399268310855, 0.8671333059639671, 0.309206326622051, -0.39047570636967754
0.003565714706815118, 0.012085971986798602, 0.07192932869772382, -0.36873279902033246, -0.12532873071129497, -0.9210476818194195, -0.33368033533568064, 0.9426713042438956, 0.005314693347743512, 0.8675791357201365, 0.30929520108370345, -0.3894135614609392
0.003550861623131515, 0.012081201270116524, 0.07189154382682517, -0.36874979132992297, -0.11729493653000632, -0.9220984162542304, -0.3307951516704412, 0.9436230351644617, 0.012252964471465804, 0.8686760955761751, 0.3095439635519178, -0.3867613936306221
0.00353567952539663, 0.012076867585204357, 0.07185380219903509, -0.3622386442739581, -0.11392230792154148, -0.9250972231892138, -0.33035049510769227, 0.9437669553777126, 0.013133328564581362, 0.8715800106568916, 0.31036372483734653, -0.37950315325227596
0.0035200702677951226, 0.012072948206821699, 0.07181614560222058, -0.3487056806089682, -0.11558263891380303, -0.9300779547396861, -0.3324349572340385, 0.9430968671012894, 0.007436294274426918, 0.876294098758995, 0.3117835031643822, -0.36728694454704824
0.0035039446822649274, 0.012069416484882793, 0.0717786135716665, -0.3312224056627831, -0.12114835321081233, -0.9357429104734202, -0.33606269622490276, 0.941834896747695, -0.002981857526351594, 0.8816765745969479, 0.31348062744381344, -0.35267026246116284
0.0034878046742039936, 0.01206598736702124, 0.0717410973381256, -0.31298750051438384, -0.12948693490449872, -0.9408889191667615, -0.3403585170078969, 0.940156770163415, -0.016165624518736675, 0.8866763244961173, 0.3151799187843885, -0.3383292987211166
0.0034730997900316394, 0.012061961516322795, 0.07170325036248341, -0.29592095348243636, -0.13983991400580106, -0.9449209425877363, -0.344879366866096, 0.9381405531607155, -0.03083058263068399, 0.8907800017962272, 0.3167603210096821, -0.32584334799678916
0.003461314164367082, 0.012056621923172783, 0.07166471740775766, -0.279831616145572, -0.1519759577688294, -0.9479438669381243, -0.3496101507924054, 0.9357250244290881, -0.046812617103658714, 0.8941291903680747, 0.3183111479628529, -0.3149777833662273
0.003452548181326492, 0.012049786908398592, 0.07162548989939312, -0.2643227058279054, -0.16569779541701193, -0.9500935468561802, -0.35452225120308273, 0.9328506243213368, -0.06406001955346675, 0.896909962362841, 0.3198967853812137, -0.30531715660449354
0.0034453858808915347, 0.012041861419661033, 0.07158593914312147, -0.24900977842386215, -0.18078617892753013, -0.9514780542703453, -0.35953754838656954, 0.9294754392467439, -0.08251156971750982, 0.8992924338331076, 0.3215458992832212, -0.2964478927310336
0.0034383434196312845, 0.012033277966977254, 0.07154645328165904, -0.23494953320118034, -0.1964250328844858, -0.9519537401076148, -0.36432941718818884, 0.9257658626125443, -0.10110214336286999, 0.9011452672127076, 0.3230708499347788, -0.28907167502638087
0.003430515078041023, 0.012024325143513788, 0.07150726523426604, -0.22554144107510074, -0.21090106376606527, -0.9511318518797007, -0.36831957563900847, 0.9222867839869895, -0.1171656019659225, 0.9019266869091233, 0.3238947813492498, -0.28569288065307835
0.003421898474181365, 0.012015066667645565, 0.07146836537846998, -0.22439299386251707, -0.22247122385932655, -0.9487646382849383, -0.37103862750452266, 0.9197650089624922, -0.12791663374161574, 0.9010982860959045, 0.32332473280397217, -0.2889342415710944
0.003412569785613752, 0.012005546701324667, 0.07142972299895532, -0.2316403167686694, -0.23058707990499794, -0.9450779662166485, -0.3724070733427668, 0.9185148849587974, -0.13282837736493747, 0.8986966870816793, 0.32118531207079387, -0.2986373384866688
0.0034026051898996303, 0.011995809406503192, 0.07139130738040654, -0.24349502070460846, -0.23607284508758433, -0.9407336428045485, -0.3727658566563765, 0.9182085505691918, -0.13393533429555313, 0.8954081700561483, 0.3180607952481369, -0.3115791063643753
0.0033920808646004455, 0.011985898945133232, 0.0713530878075081, -0.25606419216497633, -0.23982678015472292, -0.9364369946833137, -0.37255444574008073, 0.9183824786977248, -0.13332969579326387, 0.8919833599626169, 0.3147328046798447, -0.3245134006603725
0.0033810729872776435, 0.011975859479166887, 0.07131503356494448, -0.2669411613279294, -0.24242751740014085, -0.9327225285132233, -0.37215384687129366, 0.9186975876689133, -0.13227341633985662, 0.8889566528508542, 0.311807057679142, -0.3354585341494269
0.003369657735492669, 0.011965735170556248, 0.07127711393740012, -0.27594530832099573, -0.24393598158254215, -0.9297039441160784, -0.37165764123235273, 0.9191032216873788, -0.1308429042687636, 0.886411182538462, 0.3094260893545383, -0.3442828934140105
0.0033579112868069665, 0.011955570181253407, 0.0712392982095595, -0.28308924013836895, -0.24436556605975307, -0.9274405383862501, -0.371079740283562, 0.9195928177607712, -0.12903052303191356, 0.884398274799858, 0.30762724139305586, -0.3510059428042971
0.0033459098187819817, 0.011945408673210459, 0.0712015556661071, -0.28838398619699124, -0.24372664623068035, -0.9259762407439396, -0.3704032480692565, 0.9201700063271722, -0.12684081864918964, 0.8829700506386831, 0.3064057463119721, -0.35563943580841123
0.0033337295089791606, 0.011935294808379503, 0.07116385559172739, -0.29183756823309664, -0.2420260303424994, -0.9253400641950201, -0.3696142781240064, 0.9208367602601935, -0.12427769856406463, 0.8821655848958644, 0.30574999851212176, -0.3581910373462397
0.003321446534959948, 0.011925272748712627, 0.07112616727110481, -0.29345401049987785, -0.23926667271062269, -0.9255464348435065, -0.3687097357241611, 0.9215907582085177, -0.12134086354921339, 0.8820078653298716, 0.30565001834555366, -0.35866445569864586
0.0033091370742857895, 0.01191538665616193, 0.07108845998892387, -0.2932327845212099, -0.23544764055299308, -0.9265953499991063, -0.3676928778943197, 0.9224269508758193, -0.11802740293563978, 0.882505796937182, 0.30609300687204133, -0.3570582438710831
0.003296877304518128, 0.011905680692679499, 0.07105070302986895, -0.2911686908036542, -0.2305643354044989, -0.9284723370866618, -0.36656838264333874, 0.9233392548804431, -0.11433390242213785, 0.883656276128865, 0.30705815025221184, -0.3533650775356237
0.003284743403218412, 0.011896199020217437, 0.07101286567862461, -0.28731298039614234, -0.22466503870947255, -0.9311159281623085, -0.3653518156145349, 0.9243130970653906, -0.11028757600268858, 0.8854204098184371, 0.3084978427397137, -0.3476489305346617
0.0032728115479480854, 0.01188698580072783, 0.07097491721987528, -0.28192535718502715, -0.2179908975968823, -0.9343436528071458, -0.36409191752278036, 0.9253086791664542, -0.10602322318160666, 0.8876683888540133, 0.3102963371104104, -0.3402367037889693
0.003261157916268593, 0.011878085196162777, 0.07093682693830541, -0.2753128195988273, -0.2108267453187963, -0.9379525226912219, -0.36284183377830415, 0.9262843801561828, -0.1017007902578622, 0.890252017703381, 0.31232888200894837, -0.3315147273321343
0.0032498586857413816, 0.011869541368474373, 0.07089856411859953, -0.26778636363921104, -0.20346070212264436, -0.9417506071888931, -0.36165053169236816, 0.9272033340204499, -0.09748266670536601, 0.8930281946139862, 0.3144800789765906, -0.3218740802726459
0.0032389900315016856, 0.011861398477382233, 0.07086009804659157, -0.2596622386531994, -0.19618495514340017, -0.9455617299748288, -0.3605623356704045, 0.9280335483912429, -0.09353360442248151, 0.8958628934795277, 0.31664680076662827, -0.31171217437044024
0.0032286029257944937, 0.011853677492171, 0.07082140994924774, -0.25126235232063027, -0.18929590755846173, -0.949228260055463, -0.3596171570083129, 0.9287474580172143, -0.09002032888087842, 0.8986338134588315, 0.31874004864180683, -0.30143332712269344
0.0032186610251244943, 0.011846319038562415, 0.07078252242374151, -0.24291391988302885, -0.18309382949737787, -0.9526119236746129, -0.35885120791174546, 0.929320979606597, -0.08711100644187336, 0.9012317338550294, 0.3206854634420151, -0.291448443862096
0.003209109089691808, 0.011839246354846936, 0.07074346702031754, -0.23494852558342655, -0.1778821713916492, -0.9555925509479267, -0.3582976241211419, 0.9297322700795722, -0.08497481110205869, 0.9035607355763745, 0.32242183405234454, -0.2821739854256653
0.0031998918796965533, 0.011832382679315016, 0.0707042752892205, -0.22770077856722848, -0.17396667440926686, -0.9580646907358908, -0.35798695148473164, 0.9299602081710919, -0.08378158380603531, 0.9055372427495991, 0.32389752609947403, -0.27403046286880983
0.0031909541553388513, 0.011825651250257111, 0.07066497878069504, -0.22150669194260214, -0.1716543247781301, -0.9599320695807644, -0.35794801814751154, 0.9299824181819234, -0.08370136305204957, 0.9070876483168063, 0.3250653698219275, -0.26744065437704045
0.003182240676818822, 0.011818975305963682, 0.07062560904498583, -0.21663890670833857, -0.17119434860776145, -0.9611243827439715, -0.35820246044870435, 0.9297783609507028, -0.08487164919052215, 0.9081621999558835, 0.32589061740496444, -0.2627484044836446
0.0031736962043365843, 0.011812278084725177, 0.07058619763233752, -0.21314924866693943, -0.1726341067961945, -0.961646953389548, -0.3587497624661005, 0.9293407614277662, -0.0873175645524777, 0.9087717016518703, 0.32637894282496194, -0.260020729860572
0.0031652654980922597, 0.011805482824832061, 0.07054677609299477, -0.21103839993500442, -0.1759748060723122, -0.9615069741716309, -0.3595868375859266, 0.928659950260061, -0.09103846998897594, 0.9089334959103585, 0.32653263912018554, -0.2592611339969435
0.0031568933182859653, 0.011798512764574779, 0.07050737597720223, -0.2103031755512032, -0.18121435671694308, -0.960694504654182, -0.3607127441043674, 0.9277199081428273, -0.09603170453637232, 0.9086577411730872, 0.326338978602202, -0.2604687705869834
0.003148524425117826, 0.011791291142243799, 0.07046802883520462, -0.21087267884293828, -0.18822425776897547, -0.9592206952025802, -0.3621093397192798, 0.926515881510724, -0.10220150388557653, 0.9079700101906838, 0.32579126767874633, -0.26353464762456796
0.0031401035787879577, 0.011783741196129568, 0.07042876621724653, -0.2125135287758742, -0.19656562269228, -0.957183345061343, -0.3637104663113113, 0.9250864553630107, -0.10922338027871634, 0.9069469095723487, 0.32492615480982256, -0.26808636134214103
0.003131575539496481, 0.011775786164522547, 0.07038961967357263, -0.21496846283166882, -0.20575430723173585, -0.954700856312268, -0.36544113790953126, 0.9234848825709594, -0.11674093706274669, 0.9056717588128584, 0.3237913475040519, -0.2737112138191163
0.0031228850674435166, 0.011767349285713193, 0.07035062075442763, -0.21795432815684584, -0.215357381303402, -0.9519018379832236, -0.36723506612553175, 0.9217643576373373, -0.12445430967709954, 0.9042313404463894, 0.32244637896488804, -0.2799893134513486
0.0031139769901819153, 0.011758353927913707, 0.07031180096705043, -0.22115358548406994, -0.22500862620261827, -0.9489268727156748, -0.3690385969467241, 0.9199731055986705, -0.13213628925745916, 0.9027190069956064, 0.320968227570188, -0.2864922185667851
0.003104822103020376, 0.01174877355049567, 0.07027317523789743, -0.2242501831952269, -0.23434985840983913, -0.9459344581947502, -0.37079711018247635, 0.918166994161261, -0.13956673641380066, 0.9012332430715323, 0.3194518973118851, -0.29279536691451447
0.003095456328132494, 0.011738707240943724, 0.07023471690899234, -0.2269322983619731, -0.24302722392292692, -0.9431010022221734, -0.37245488132654947, 0.9164098273795641, -0.14652777776989337, 0.8998772657069287, 0.3180106864784152, -0.298479664214078
0.0030859259175481553, 0.011728272940426599, 0.07019639287889534, -0.2288919041941174, -0.2506911149490761, -0.9406181271270398, -0.3739552907320132, 0.9147723537627682, -0.1528037346561274, 0.8987579967532564, 0.3167735874041803, -0.3031312547316092
0.0030762883058614446, 0.011717567892914931, 0.07015816890890945, -0.22982364548218645, -0.25699522268928365, -0.9386876730266376, -0.3752409845703287, 0.9133307353129521, -0.15818081878468215, 0.8979840173833655, 0.3158803942120935, -0.3063401395123463
0.0030666155436666767, 0.011706662290421804, 0.07012000927390306, -0.22942319872584746, -0.26159497725623254, -0.9375143005633095, -0.37625544528319715, 0.9121639240383049, -0.1624463467665074, 0.8976618716315978, 0.3154759001213128, -0.3076980998665805
0.003056980667420565, 0.01169562450028138, 0.07008187814848334, -0.2274464151258683, -0.26426504891939806, -0.9372470923753349, -0.3769686345118005, 0.9113246556138179, -0.1654751360919964, 0.8978656786182997, 0.3156760301162956, -0.3068971605755191
0.0030474567135798203, 0.011684522889827813, 0.0700437397072573, -0.2237998683791271, -0.2650779633811705, -0.9378951392576764, -0.3774116655838946, 0.9107966813677291, -0.1673614050213546, 0.8985956006984877, 0.3165171062347535, -0.30387969307951773
0.003038116718601154, 0.011673425826395252, 0.07000555812483204, -0.2184103894540263, -0.2641459276423334, -0.9394273951128483, -0.37762541830542246, 0.9105479587809396, -0.1682303724347032, 0.8998310648272794, 0.31800840188560336, -0.29862135071352375
0.0030290337189412793, 0.011662401677317863, 0.06996729757581467, -0.21145188345012286, -0.2615410864512117, -0.941745380176253, -0.3776228316968435, 0.9105738879800239, -0.1680957807626364, 0.9014927054428411, 0.32008038775729875, -0.2913064493046528
0.0030202807510569052, 0.011651518809929788, 0.06992892223481222, -0.20385080115811077, -0.2573137335020184, -0.9445816499479802, -0.3773576568109767, 0.9109383060399291, -0.16671113170761434, 0.9033526718360474, 0.3224609203304436, -0.28279481103145765
0.003011930851404744, 0.011640845591565184, 0.06989039627643176, -0.19668509806800266, -0.25152287932984196, -0.9476556407111213, -0.3767736421142765, 0.9117108012701972, -0.16378350788525087, 0.9051831830109988, 0.3248378919105354, -0.2740871196776603
0.0030040570564415095, 0.011630450389558218, 0.06985168387528042, -0.19104106037884488, -0.24423360200641983, -0.9507119757846202, -0.3758108727063814, 0.9129513717302858, -0.1590156621577177, 0.9067907703571947, 0.32690937659657177, -0.2661968412439305
0.0029967323767180138, 0.011620401569874532, 0.06981274921311087, -0.18801200720613107, -0.2355154452252697, -0.9535113844137703, -0.3744140730937926, 0.9147014632462771, -0.15210304074684217, 0.908000873906869, 0.32841088318669104, -0.2601551552226089
0.002989939862374451, 0.01161076274625031, 0.0697735812854987, -0.18869081134263005, -0.2254383402839478, -0.9558103014954793, -0.3725305027205145, 0.9169773130679274, -0.14273623177569514, 0.9086345812578678, 0.32913547673981186, -0.2570078514240296
0.0029833711657034504, 0.011601582139101133, 0.06973424946442632, -0.19410887615833278, -0.21409198430703263, -0.9573329444096376, -0.3700792719646237, 0.9197667968966816, -0.1306536328945829, 0.9084949513666453, 0.3289280492476975, -0.2577659049591728
0.0029766590440817057, 0.0115929048576723, 0.06969483936688879, -0.202817815629659, -0.20288603821919582, -0.9579677391013398, -0.36733840407263746, 0.9226191862818528, -0.11762794735087165, 0.907704484155819, 0.3280412970958546, -0.2616514415077584
0.0029694362548859134, 0.01158477601120912, 0.06965543660988127, -0.20999031182488365, -0.19509288316727227, -0.9580411451901057, -0.36527430555968055, 0.9245884027086454, -0.1082172226337782, 0.9069061421324598, 0.32722324568122707, -0.2654170244130209
0.0029613355554927666, 0.011577240708956897, 0.06961612681039883, -0.21379795454180286, -0.19204793919811886, -0.957814190583694, -0.3643703533128427, 0.9254042898841007, -0.1042168215346127, 0.9063799866835186, 0.3267177517580867, -0.2678261197600522
0.0029519897032789615, 0.011570344060160935, 0.06957699558543656, -0.214601445561834, -0.1934572560726765, -0.9573507766934761, -0.3645693700153384, 0.9252101053880447, -0.10523989421537051, 0.9061100341621819, 0.3264361361134426, -0.2690800160360029
0.0029410503881730507, 0.011564120828275896, 0.06953812662808022, -0.21211563496765803, -0.19890388855006116, -0.956788482644901, -0.36577697672703796, 0.9240585886457865, -0.1110086845538895, 0.9062086739259866, 0.3264245209380292, -0.268761737291012
0.002929179610269718, 0.011558053687553735, 0.06949950096458186, -0.20590229220354714, -0.20795095369934596, -0.9562220698775246, -0.3678492079724841, 0.921941613374611, -0.12128735186422222, 0.9068027383391282, 0.32677218728611523, -0.26632448508709594
0.0029184345294741023, 0.01155087355143322, 0.06946095458645546, -0.19549273864276281, -0.22016203532757245, -0.9556732011196993, -0.37061338189082565, 0.91879778647215, -0.13585414508701033, 0.9079803468695772, 0.32762677817037206, -0.2612132920130681
0.002909623739034596, 0.011542135613629958, 0.06942240682506529, -0.1803824163064244, -0.2350932189809419, -0.9550881437211095, -0.3739031983031864, 0.9145107111641627, -0.15448804958528492, 0.909757430409944, 0.3292435839241158, -0.2528637582942638
0.0029025798026000027, 0.011532029604624738, 0.06938384517111391, -0.16004973446430656, -0.25226852174490166, -0.9543294375814606, -0.377523913204082, 0.9089349435654552, -0.17695469285876342, 0.912063472274261, 0.3319606321573457, -0.24071219587032494
0.002897114316219552, 0.011520758886362814, 0.06934525857953984, -0.13405476298742366, -0.27111855230441734, -0.9531652800625622, -0.3811897334305326, 0.9019479480292564, -0.20293911937567244, 0.9147260287362251, 0.3361318634735048, -0.22425802708104786
0.0028930388759424793, 0.01150852682078945, 0.06930663600528177, -0.10453712751134726, -0.2897635311974317, -0.951372211576348, -0.3843144371995713, 0.8940717932789268, -0.2300826847526357, 0.9172646304811133, 0.34157389310513625, -0.20482400547139948
0.002890165077818016, 0.0114955367698499, 0.06926796640327822, -0.07708796086423102, -0.3048187078549129, -0.9492855216590297, -0.38639530983304193, 0.8868437355003022, -0.2533907128189542, 0.9191061477483558, 0.3472660999083145, -0.1861454942394423
0.0028883045178953962, 0.011481992095489425, 0.0692292387284678, -0.05426049208819555, -0.3149340341223228, -0.9475612661721597, -0.38762343152832024, 0.8811825991189556, -0.27067564046321535, 0.9202194707397561, 0.352609956129151, -0.16988921245930155
0.00288726879222385, 0.011468096159653277, 0.0691904419357891, -0.03615025484879603, -0.32021487907120433, -0.9466549478536417, -0.3883339351353738, 0.8773305820947267, -0.28193581635472137, 0.9208093797831571, 0.35742618950315025, -0.1560660282079856
0.0028868694968526122, 0.011454052324286718, 0.06915156498018074, -0.022752917281658354, -0.3207732943955254, -0.9468826740192344, -0.38873574828471424, 0.8754340266062992, -0.287227754691995, 0.9210683051547792, 0.3615518754791948, -0.1446147246195197
0.002886918227830914, 0.011440063951335002, 0.06911259681658125, -0.014044781241675247, -0.31667732621710154, -0.948429341163516, -0.3889362064584053, 0.8755554860138319, -0.286585446624261, 0.9211576257219055, 0.36485348014109703, -0.1354642631962833
0.002887226581207989, 0.01142633440274339, 0.06907352639992925, -0.01004307285201982, -0.3082018045240771, -0.9512679876752879, -0.3889853614886894, 0.877590328196894, -0.28022420381327057, 0.9211891907937276, 0.36721500996469414, -0.12869969394457392
0.0028876061530330698, 0.01141306704045714, 0.06903434268516337, -0.010907743214692064, -0.2964410197892726, -0.9549888705761227, -0.38890138681690156, 0.8811122415757375, -0.2690667743837389, 0.9212148134229351, 0.36846158487917735, -0.12489726977989456
0.002887868539355389, 0.011400465226421507, 0.06899503462722215, -0.016584538292270423, -0.28260167215618714, -0.959093972446996, -0.38864551000791725, 0.8856189980785407, -0.2542315043283339, 0.9212380911796463, 0.36853125394854735, -0.12451945319022731
0.0028878253362241784, 0.011388732322581748, 0.06895559118104416, -0.026174275286072454, -0.2677002590956625, -0.9631466547693368, -0.38815424931847053, 0.8906024093665552, -0.2369886646371545, 0.9212226582370104, 0.3676464602176964, -0.12721986574483654
0.0028872881357228145, 0.011378071665236219, 0.06891600130475477, -0.03860044469119138, -0.2527250439275088, -0.9667678407153814, -0.38739412776603455, 0.8956090111250938, -0.21865564013746544, 0.9211057460693834, 0.36607997946264453, -0.13247510405579685
0.0028860512244989127, 0.011368574677701903, 0.0688762678620052, -0.05279065537725183, -0.23868972449081632, -0.9696599208626385, -0.3863906082784641, 0.900263042269335, -0.2005710661041618, 0.9208232428316733, 0.36407920861600945, -0.13975294384914227
0.0028838519217618454, 0.01135996431268864, 0.06883643949997895, -0.06768810142740918, -0.22662207940836698, -0.9716278886743529, -0.3852432112926437, 0.9042701575614633, -0.18407376319480706, 0.9203292829623994, 0.361853444461144, -0.14851294776389537
0.0028805164659949033, 0.011351910981491443, 0.06879657088528063, -0.0826305383630106, -0.21704315754832287, -0.9726584507890182, -0.3840714837835757, 0.9075397876736742, -0.1698841638691052, 0.9195984392516777, 0.3595327544893182, -0.1583505888059848
0.002876218063914748, 0.01134416503143786, 0.0687567049971602, -0.09743842764881101, -0.20982641000657534, -0.9728713329526573, -0.38294557101990967, 0.910167544431729, -0.15794850648028239, 0.9186176802422011, 0.3571665140055393, -0.1690373888214327
0.0028712046488832766, 0.011336494025701074, 0.06871688229775878, -0.11186321066145773, -0.2049399047698794, -0.9723611764840383, -0.3819306600276415, 0.9122110369758236, -0.14832395271952126, 0.9173960938609672, 0.35478255235059886, -0.18031568849169538
0.0028657241542623876, 0.011328665527454256, 0.06867714324921742, -0.12504717581689911, -0.2028655113320943, -0.9711893678022765, -0.3811781290886746, 0.9135699360921551, -0.14175050537135103, 0.9160056974302482, 0.3524706458423788, -0.19156723648573404
0.002860019888876377, 0.011320453368372852, 0.06863752718340407, -0.13583292166782324, -0.2034487354049828, -0.9696174655261199, -0.3808079997795352, 0.9142257862248785, -0.13847916487837497, 0.9146227007324346, 0.35042805804275434, -0.20165686559423548
0.0028541754611057795, 0.011311847852065031, 0.06859803440014825, -0.14364227805670224, -0.20605042884049118, -0.9679411742091204, -0.38083362973669016, 0.9142709892544533, -0.13810975588010044, 0.9134181093104399, 0.3487861507891806, -0.20979890038179028
0.0028480779442019363, 0.011303105683022166, 0.06855861716455576, -0.14892636507806659, -0.21001105006940177, -0.9662899650898698, -0.3811712111620925, 0.9138626477567834, -0.1398698281123733, 0.9124305154727443, 0.347491611242212, -0.216148408623412
0.0028416414002769516, 0.011294446550526013, 0.0685192320372354, -0.15231514137364915, -0.21470083704345597, -0.9647298317566243, -0.38170668195914015, 0.9131608663894044, -0.14295887885226333, 0.9116469199509584, 0.34646902122381973, -0.22104097058269373
0.0028350095585967547, 0.011285776293252127, 0.06847987818986455, -0.15443478873649336, -0.2194890327606644, -0.9633143103503149, -0.38231583928858076, 0.9123313661840531, -0.1465812993045402, 0.9110348484317067, 0.34565306706946364, -0.22480983556884282
0.0028283936490744476, 0.011276902055283262, 0.06844056909086606, -0.1558983526448166, -0.22376044541226608, -0.9620950923435462, -0.38287634408974014, 0.9115464518813107, -0.14996256599254468, 0.9105500583598396, 0.3449845346265506, -0.22778117149886423
0.002821860500993039, 0.011267770490124255, 0.0684013073074339, -0.15693246658850768, -0.22743587495354833, -0.9610645783268473, -0.38336612660932207, 0.9108437579818042, -0.1529511736278922, 0.9101662561856555, 0.3444365998695527, -0.23013216804977424
0.0028154007286506143, 0.011258401910122017, 0.06836208964607499, -0.15728770099975115, -0.2310961297097813, -0.9601328855670828, -0.3838883278995661, 0.9100789296973594, -0.1561604733067367, 0.9098847898589624, 0.3440216861682832, -0.231859329398761
0.0028090042606621715, 0.01124881729030968, 0.06832291286146891, -0.15677962187903677, -0.2352297978000954, -0.9592117036350174, -0.38452840645822534, 0.9091242290255851, -0.16009697319229071, 0.9097021791719332, 0.3437442049337872, -0.23298469216726334
0.002802661025642711, 0.01123903760572039, 0.06828377370829541, -0.1557844103428541, -0.239553836646078, -0.9583032802001011, -0.38522278197735266, 0.9080665960998109, -0.16437294574634792, 0.9095793674769445, 0.3435535131472927, -0.23374421461160216
0.002796360952207231, 0.01122908383138729, 0.06824466894123418, -0.1548441031746336, -0.24354502106497117, -0.9574492813859677, -0.3858631149437814, 0.9070699883277781, -0.16832615008051066, 0.9094685042583529, 0.34338005036621916, -0.23442947931641883
0.0027900939689707305, 0.011218976942343521, 0.06820559531496492, -0.15414803737675223, -0.24702296092123913, -0.9566702876909052, -0.38641264796925195, 0.9061979921027247, -0.1717278795023713, 0.9093534230772359, 0.3431979835119869, -0.23514143839616972
0.0027838500045482086, 0.011208737913622226, 0.06816654958416726, -0.15369883308449064, -0.24998748820868055, -0.9559722404168338, -0.38687165869999085, 0.9054573437265304, -0.17457754261763866, 0.9092342868607539, 0.34300620173811797, -0.23588081135608693
0.0027776189875546647, 0.011198387720256543, 0.06812752850352095, -0.15349725839449146, -0.252439895037211, -0.9553599798290572, -0.3872409181041749, 0.9048531470769112, -0.1768763793468349, 0.9091111389765338, 0.3428044364045069, -0.23664753404626457
0.002771390846605098, 0.01118794733727962, 0.06808852882770566, -0.15354392392068708, -0.2543812723339141, -0.9548373849576781, -0.3875212664484736, 0.9043894288652857, -0.17862538735267505, 0.9089837905470094, 0.34259294978516586, -0.23744165447597762
0.0027651555103145064, 0.01117743773972459, 0.06804954731140109, -0.1538392939756763, -0.25581247693415254, -0.954407380668171, -0.38771327186776366, 0.9040692747607154, -0.17982537432528156, 0.9088519628887088, 0.34237219962848575, -0.2382632713510273
0.0027589029072978906, 0.011166879902624612, 0.06801058070928692, -0.15438369409399233, -0.25673410635175753, -0.9540719436361479, -0.38781696835648116, 0.9038949339549688, -0.18047699971279133, 0.9087153977195944, 0.3421425828602853, -0.2391124817758623
0.002752622966170247, 0.011156294801012805, 0.06797162577604281, -0.15517731484923558, -0.25714648114584493, -0.953832106919499, -0.3878318907077511, 0.9038678100218869, -0.18058074802228818, 0.9085738415265059, 0.34190447385278205, -0.23998938570949355
0.0027463056155465774, 0.011145703409922329, 0.0679326792663485, -0.15622021193243857, -0.2570496348231888, -0.9536879629213368, -0.3877571378113468, 0.9039884392513636, -0.18013690287177633, 0.9084270182354421, 0.34165828972402945, -0.24089409623881403
0.0027399407840418793, 0.011135126704386319, 0.06789373793488364, -0.1575123024735548, -0.2564433112431303, -0.953638664635688, -0.38759137291373946, 0.904256490737365, -0.17914554586198375, 0.9082746292902395, 0.3414044918831686, -0.24182673696196935
0.0027335184002711533, 0.01112458565943792, 0.06785479853632796, -0.15905335760131725, -0.2553269695215278, -0.9536824251661034, -0.38733283979601424, 0.9046707584530383, -0.17760655960735158, 0.9081163475300413, 0.3411436023655689, -0.24278744183696974
0.002727028392849396, 0.01111410125011027, 0.06781585782536112, -0.1608429912510318, -0.25369979646183666, -0.9538165156048847, -0.3869794293140878, 0.905229132496243, -0.1755196255916764, 0.9079517902692651, 0.3408762692757036, -0.2437763638901741
0.0027204606903916085, 0.011103694451436514, 0.0677769125566628, -0.16288064524618243, -0.2515607265700998, -0.9540372614587498, -0.3865286786435414, 0.9059285939309076, -0.1728842482253564, 0.907780521927115, 0.3406032641445062, -0.24479366916618292
0.0027138052215127887, 0.011093386238449793, 0.06773795948491271, -0.1651655706982455, -0.24890846973563707, -0.9543400379056651, -0.3859777394918184, 0.9067652198262889, -0.16969979590490972, 0.9076020707737003, 0.34032544689935473, -0.24583952351085792
0.002707051914827936, 0.011083197586183247, 0.06769899536479053, -0.16767973114114457, -0.2457727036091515, -0.9547142430722827, -0.3853293208962603, 0.9077254190995416, -0.16599963246401553, 0.9074165648818961, 0.34004461719193496, -0.24691058320114612
0.0027001906989520498, 0.011073149469670023, 0.06766001695097598, -0.17033141831946702, -0.24231768928802863, -0.955127920956868, -0.3846122995701508, 0.9087579248409006, -0.16196423388582037, 0.9072268663088849, 0.33976634838808056, -0.2479883899508002
0.0026932115025001284, 0.011063262863943258, 0.06762102099814868, -0.17300953558762378, -0.23874476013359935, -0.9555462522057762, -0.3838644250645486, 0.9098037233365719, -0.15781409370767258, 0.9070368260250619, 0.33949686966400827, -0.24905033973620896
0.0026861042540871705, 0.011053558744036095, 0.06758200426098837, -0.17560363817732755, -0.23525623798923506, -0.9559382117825601, -0.3831256830585528, 0.9108070316010259, -0.153770160197111, 0.9068506344706408, 0.33924188077724166, -0.25007373530004345
0.0026788588823281768, 0.011044058084981682, 0.06754296349417478, -0.17800397617384175, -0.23205537331800763, -0.9562765751499628, -0.3824382118793524, 0.9117153473840065, -0.15005378848594225, 0.9066728178129231, 0.3390065324720166, -0.251035799001803
0.0026714722144555608, 0.011034769039255059, 0.06750389709762439, -0.1801025673742823, -0.22934415325682872, -0.9565376754692417, -0.38184556085524407, 0.912479552617175, -0.1468844229682112, 0.9065081537859084, 0.3387954034848592, -0.2519139569321145
0.0026639708401956117, 0.011025644439361548, 0.06746481056924897, -0.18182629146613313, -0.2272636905864659, -0.9567081136233203, -0.3813797329466522, 0.9130684402100764, -0.1444144133730362, 0.9063601375994054, 0.33861074766368104, -0.25269361396250195
0.0026563893738208344, 0.011016622202468537, 0.06742571132071758, -0.18314202123410595, -0.22588386998946453, -0.9567839240585457, -0.381057967802947, 0.9134694297146793, -0.142717995188507, 0.9062305585402506, 0.33845247562297603, -0.25336948615116295
0.0026487624297229432, 0.011007640245521836, 0.06738660676372762, -0.18401864525275682, -0.22527027595600227, -0.9567603884829506, -0.3808960979327109, 0.913669813171092, -0.14186484793470394, 0.906121018837426, 0.3383205215038079, -0.25393685031995006
0.002641124622293653, 0.010998636485467238, 0.06734750430997653, -0.18442468814571422, -0.22548807023330977, -0.9566308925519885, -0.3809091672079279, 0.913655114582676, -0.14192440922505214, 0.9060329689030743, 0.33821511169575974, -0.2543910326275396
0.002633510112599953, 0.01098954966467591, 0.06730841129339724, -0.18434510498997525, -0.22657046540660733, -0.9563904571207663, -0.3811045699306293, 0.913416582162445, -0.14293164173361805, 0.905966991144945, 0.33813602534499426, -0.2547309155160879
0.00262593919028968, 0.010980343782956453, 0.06726933266838156, -0.18383736506544282, -0.22841468341017038, -0.9560494524910449, -0.381460054746888, 0.9129779618177111, -0.1447738507731263, 0.9059205538226276, 0.3380798332314571, -0.25497054050202317
0.0026184160375764065, 0.010971012168948855, 0.06723027062620804, -0.1829783634243027, -0.23088111171741668, -0.9556216985662755, -0.381944916521615, 0.9123712172457004, -0.1472984816109643, 0.9058901695359435, 0.338042414785081, -0.25512805910838354
0.0026109439330124643, 0.010961549796702804, 0.0671912272031388, -0.18184495790246105, -0.2338301295299518, -0.955120872879165, -0.3825282466870061, 0.9116282711668661, -0.15035303686948256, 0.9058722601846341, 0.33801977121659155, -0.2552216340647201
0.00260352615515018, 0.010951951640267969, 0.0671522044354359, -0.18051414269570437, -0.2371223659051248, -0.9545614845961422, -0.3831794031824154, 0.9107818887423991, -0.1537852272345954, 0.9058632287843473, 0.3380078915149531, -0.25526941847783663
0.002596165982541884, 0.010942212673694026, 0.06711320435936141, -0.17906204898454972, -0.24062089353054703, -0.9539593116113578, -0.38386876356714683, 0.9098657899914676, -0.1574452811634328, 0.9058595669146983, 0.33800270679354577, -0.25528927754481145
0.0025888666937399028, 0.010932327871030656, 0.06707422901117743, -0.17753055523318298, -0.2442503700028706, -0.9533229561444845, -0.3845799783591291, 0.9088984650441548, -0.1612507999535847, 0.905859339083, 0.33800197779575203, -0.2552910511597898
0.002581631567296568, 0.010922292206327532, 0.06703528042714603, -0.17592151988282576, -0.24800653885717167, -0.9526512349890713, -0.3853115043512262, 0.907879337539435, -0.16519731560637382, 0.9058623866000353, 0.3380057176336564, -0.25527528550614803
0.0025744638817642067, 0.010912100653634337, 0.06699636064352928, -0.17423454553543308, -0.25188909416831223, -0.9519423340629033, -0.3860625747137416, 0.9068066918785912, -0.16928470683910735, 0.9058686502730171, 0.33801406450512234, -0.25524200408488656
0.0025673669156951492, 0.010901748187000744, 0.06695747169658928, -0.1724692287531689, -0.25589769279897434, -0.9511943733819334, -0.38683238146908466, 0.9056787557888286, -0.17351282361760986, 0.9058780678326657, 0.3380271618272132, -0.25519123042690034
0.0025603439476417226, 0.010891229780476425, 0.06691861562258805, -0.17062516209633385, -0.260031950446479, -0.9504054076059331, -0.3876200777947674, 0.9044937001703794, -0.17788148201112508, 0.9058905725030911, 0.3380451613306951, -0.2551229890678731
0.0025533982561562574, 0.010880540408111069, 0.06687979445778774, -0.16870193626822771, -0.2642914375633812, -0.9495734267185619, -0.38842477695091576, 0.9032496403573029, -0.18239045985202818, 0.9059060930085316, 0.33806822273778464, -0.2550373059474506
0.0025465331197910817, 0.010869675043954344, 0.06684101023845042, -0.16669914236941122, -0.2686756751567448, -0.9486963568562757, -0.38924555105288733, 0.9019446376061548, -0.187039492297846, 0.9059245536571116, 0.33809651325112666, -0.2549342087845291
0.0025397518170985245, 0.010858628662055924, 0.0668022650008381, -0.1646163742633352, -0.2731841304717896, -0.9477720613010101, -0.39008145551633827, 0.9005766911892406, -0.19182826003718598, 0.9059458633862449, 0.33813023252145247, -0.25481373288804504
0.002533057626630914, 0.010847396236465493, 0.06676356078121293, -0.16245323105532108, -0.277816212566968, -0.9467983416518175, -0.3909316048978438, 0.8991437115015465, -0.19675636294468327, 0.9059698825080681, 0.33816968832550476, -0.254675938961945
0.0025264538269405804, 0.010835972741232727, 0.06672489961583697, -0.16020931968609312, -0.28257126778861147, -0.9457729391910386, -0.3917950969567537, 0.8976435500278396, -0.20182333634658176, 0.905996454676489, 0.3382152209965635, -0.25452089973100156
0.0025199436965798513, 0.0108243531504073, 0.06668628354097228, -0.15788425764066755, -0.28744857515454564, -0.9446935364608339, -0.39267106943455016, 0.8960739800078754, -0.20702862986063644, 0.9060253817738122, 0.3382672597140717, -0.25434871453803487
0.0025135305141010564, 0.010812532438038888, 0.06664771459288095, -0.15570807490105576, -0.29183616793571954, -0.9437089840068292, -0.39345434819480746, 0.8946283427615872, -0.2117399447772088, 0.9060621784939523, 0.3383367840070759, -0.2541250662381475
