0.000391618610592559, 0.0012218516785651445, 0.007269921246916056, -0.47939474780789315, -0.17105023692891683, -0.860768547416068, -0.3360538109156783, 0.941842787395566, -2.3891126505361734e-17, 0.8107086480007821, 0.2892645506755225, -0.5089965695161729
0.00038654066158098617, 0.001220039843150772, 0.007260803627637724, -0.4563085065988454, -0.11396041089364913, -0.8824939498684861, -0.3153924356671315, 0.9480903774196244, 0.040647850721392126, 0.8320517762311946, 0.2968798763696605, -0.4685639558024597
0.00038170742389208475, 0.0012188327699864357, 0.00725145621693411, -0.43486299241151316, -0.10223625033515246, -0.8946742015663088, -0.31371762846129697, 0.9484917270274856, 0.044098677452247555, 0.844082595143108, 0.29985195159916134, -0.4445372646906561
0.0003770997958328647, 0.0012177495170448565, 0.007241976619849665, -0.41593334431624246, -0.13612384111471204, -0.8991494608606972, -0.3298804921363113, 0.9439729875638524, 0.009688119408850518, 0.8474540188079888, 0.3006414785586841, -0.4375344413600341
0.000372698675980342, 0.0012163091484191661, 0.00723246244024215, -0.3971826564098085, -0.1950845328159383, -0.8967652772622472, -0.35511341348822095, 0.9336987765432683, -0.04583730186592588, 0.8462507908463023, 0.3002475973885408, -0.4401260947210662
0.0003684943767943795, 0.0012142441193216578, 0.0072229699071107364, -0.3762040509850217, -0.20612239255193207, -0.9033183665303868, -0.36173533560410764, 0.9302425483626334, -0.061614512829180346, 0.8530053100642708, 0.3035825431484176, -0.42452276793794747
0.0003645109674650004, 0.0012120616073063419, 0.007213405186052536, -0.358630496931383, -0.17415245783143535, -0.9170905561077485, -0.3531489147070557, 0.9347369639630181, -0.03940370848572751, 0.8641006947757757, 0.3097381630223658, -0.39672693336292714
0.00036071690541696283, 0.0012102191950282887, 0.007203703003713571, -0.35532232739689107, -0.14075322975600865, -0.9240858033573013, -0.34253065798174653, 0.9394376751055445, -0.011384328477396833, 0.8697233997058194, 0.3124826121651279, -0.38201547756420806
0.0003569558660801085, 0.0012087293409068776, 0.007193921679014621, -0.36777951436199385, -0.111006990473198, -0.9232636009730587, -0.33085888812848663, 0.9435016889470325, 0.018356445747447114, 0.8690630730631911, 0.3122210931698573, -0.3837282424031123
0.00035305695563425383, 0.0012075525317105588, 0.007184133961217571, -0.3910989209768415, -0.08717235676908301, -0.916211009662116, -0.31914257252743594, 0.9465814483820969, 0.04616903702073377, 0.8632436807827327, 0.310458599162876, -0.3980273932714985
0.00034890163558102264, 0.0012066263490423345, 0.007174399467519836, -0.3084178281813343, -0.12332951396861795, -0.9432222825210256, -0.3388702371229996, 0.9407539932775935, -0.012201906591340787, 0.8888449840394619, 0.31586667300702403, -0.3319380051024028
0.0003456505938594069, 0.0012053263288788346, 0.007164456932708163, -0.17863656435813569, -0.19715810069103654, -0.9639593669892028, -0.3614106805654374, 0.9243791905082328, -0.12208780499530521, 0.9151345790907199, 0.3265758648266087, -0.2363829661062819
0.0003437539789013178, 0.0012032330676015443, 0.007154222411231605, -0.20854219366166155, -0.2253223798011983, -0.9517037241828502, -0.36494906370859154, 0.9207399797177919, -0.13802199334708437, 0.9073711117073348, 0.31853997380235466, -0.2742443267033811
0.0003415424378210898, 0.0012008435765806839, 0.007144129816321766, -0.25063006883778033, -0.24016229381339768, -0.9378201539872433, -0.36500421354379353, 0.9206871640091813, -0.13822832605514612, 0.8966362097805589, 0.3076641328771007, -0.31841213646991456
0.00033888760258867005, 0.0011982996227683134, 0.007134195820779954, -0.27980348083745904, -0.24744873346193458, -0.9276201466221646, -0.3642974886737925, 0.9213161471712606, -0.13588192193029938, 0.8882552290063986, 0.29990945511868816, -0.34793241710596884
0.00033592283948392216, 0.0011956776865683463, 0.007124366872341947, -0.29636596301568957, -0.2475063416396983, -0.9224466525571632, -0.362738436150827, 0.9226352386143281, -0.1310154319381284, 0.8835089376484174, 0.2957783415248907, -0.3632177443079424
0.0003327815147867097, 0.0011930542483846965, 0.007114589418743521, -0.30054058386795707, -0.24051209692565917, -0.9229459836202386, -0.36033586390614236, 0.9245970678168278, -0.1236055312983138, 0.8830817757327584, 0.2954220598007987, -0.36454407682985585
0.0003295969947768961, 0.0011905057886212773, 0.007104809907720454, -0.29232298532789747, -0.22644454803482156, -0.9291233173881125, -0.35719693347758874, 0.927098931306144, -0.11356901991834219, 0.887106319988305, 0.29868116485026497, -0.3518976254544721
0.000326502645734345, 0.001188108787682003, 0.007094974787008523, -0.2714718319688683, -0.20511322374370813, -0.9403359026927186, -0.3535371646011204, 0.9299748455289083, -0.1007881934022211, 0.8951617271159815, 0.30508253330688523, -0.3249771225452439
0.0003236317728146136, 0.0011859396712942955, 0.007085030532907047, -0.2427488344353674, -0.18083275594242268, -0.9530857871978465, -0.3502418497351855, 0.9325418280025008, -0.08772904718409855, 0.9046566476151857, 0.3125144051144239, -0.2897086407438194
0.0003210639590277256, 0.0011840268100238801, 0.007074948726211059, -0.2207209143356767, -0.16661245365923777, -0.9610008159520319, -0.3488712767154895, 0.9335997185735261, -0.0817337002853616, 0.9108079436729388, 0.31722524452678935, -0.26419128293187777
0.0003187266019026208, 0.0011822624425335418, 0.007064772064379272, -0.20819870399079343, -0.16491339405256705, -0.9640834362847527, -0.34939923050031274, 0.9331854021357231, -0.08417352889464795, 0.9135499315211749, 0.3193251911497926, -0.25190860428894674
0.00031652033719149736, 0.0011805148687268102, 0.007054555750716975, -0.20524271453524356, -0.17578940989825098, -0.9627946362012145, -0.35173897293042256, 0.9312599865064083, -0.09505015756923132, 0.9133209310270164, 0.31914404412382347, -0.25296631405828546
0.0003143458006465534, 0.0011786523885072152, 0.007044354988529453, -0.21177783637263614, -0.1992075984171175, -0.9568001258121831, -0.3560631627718819, 0.9274469753975993, -0.11428530939158031, 0.9101478847628056, 0.3164781833850942, -0.2673432013406389
0.000312103628019987, 0.001176543301778286, 0.00703422498112199, -0.22532998684362257, -0.23331450160597103, -0.945933792804449, -0.36252602899442665, 0.9212652539419949, -0.14087302857795023, 0.9043236562926933, 0.3111827039209429, -0.2921712673242628
0.00030971841244306007, 0.0011740735666518213, 0.007024211861923147, -0.2279452567724366, -0.26347314895981505, -0.9373488463171793, -0.36906401557909235, 0.9142356588127941, -0.16722712865971162, 0.9010175982296813, 0.3078230984385925, -0.30563414035097786
0.00030730462613659553, 0.0011712835639639601, 0.007014285970761132, -0.22300669259436823, -0.27778041191041547, -0.9344014436081534, -0.37254152324492973, 0.9100668857170386, -0.18163445978018103, 0.9008223068488417, 0.30759763698729975, -0.3064357440041239
0.00030494264908099793, 0.0011683414506498083, 0.007004389250869707, -0.21823321227011172, -0.2733072836197577, -0.9368443807712452, -0.37194577547327135, 0.9108181318686188, -0.17907169169622017, 0.9022364463763671, 0.30937591919822827, -0.300426256259995
0.00030263189078810743, 0.0011654475415808713, 0.006994469491638304, -0.21366028036304677, -0.24991672197776568, -0.9443997652853756, -0.3675488969893923, 0.9162567646440206, -0.1593152521447736, 0.9051282190480338, 0.313073750608319, -0.287624292720512
0.00030037064649063343, 0.0011628025822021072, 0.006984474566141817, -0.20826052986840884, -0.2107491467878797, -0.9550980833543277, -0.3603618242453927, 0.9243471363598859, -0.12538631157272054, 0.9092672364742186, 0.3180678679644635, -0.2684509713952966
0.0002981652940070897, 0.0011605708767773344, 0.0069743606577047056, -0.19467075818202395, -0.19047723725278048, -0.9621962990977382, -0.35753291171015217, 0.9272536835320976, -0.111224203392145, 0.9133857415971067, 0.32236474445060626, -0.24861105884976
0.0002961029046381923, 0.0011585529145893012, 0.006964166916042714, -0.1688723048164859, -0.20921455219282217, -0.9631777695818798, -0.36213321905282964, 0.9220353596671113, -0.13678569801692012, 0.9167015197567872, 0.32569935012876167, -0.23146977556756554
0.00029431687616082773, 0.001156340218146853, 0.006953980148430895, -0.13483206758759433, -0.2539490894040952, -0.9577735502408099, -0.37000251435227427, 0.909585177388308, -0.18908449023776458, 0.9191944587099345, 0.3288839690016998, -0.21660305171128005
0.0002928922029019926, 0.0011536569211889947, 0.00694386004577682, -0.10552933456092346, -0.288014653819071, -0.9517936324291151, -0.37488194467259456, 0.8980415633090124, -0.2301844437141633, 0.9210467344850762, 0.33251903668058735, -0.20274122210194898
0.0002917754765690498, 0.0011506091094167384, 0.006933788031040034, -0.08361230251786941, -0.30552389916099215, -0.9485062624511891, -0.37706193105457025, 0.8907677304359719, -0.25368711154362217, 0.9224062461936492, 0.3364342394219286, -0.18968057235133395
0.0002908890035986549, 0.0011473698889879265, 0.006923731793637248, -0.06915995052127971, -0.3069710877699877, -0.9492026403867642, -0.3775238780972523, 0.8887725581388283, -0.25992125993418536, 0.9234135707852172, 0.34037052042248583, -0.17735638166421033
0.0002901550904274634, 0.0011441123660604043, 0.0069136590229851745, -0.06213325186171091, -0.29251640122071637, -0.954239809497576, -0.37683406529744046, 0.8921965396521762, -0.24896068337006005, 0.9241945391769494, 0.3441213298381311, -0.16566521694653533
0.00028949604349213067, 0.001141009646792014, 0.006903537408500525, -0.06247596969003322, -0.2619212151323591, -0.9630649148810678, -0.3751479673034009, 0.900350606703092, -0.22052842818444246, 0.9248571542889293, 0.34751411780381347, -0.15450948866532668
0.00028883416922931244, 0.0011382348373405995, 0.006893334639600009, -0.07073112040932561, -0.21945006494972447, -0.9730564102862707, -0.3724215489800105, 0.9107689612453429, -0.1783314024153028, 0.9253644138721626, 0.34977359566674093, -0.14614764217526108
0.0002880852226560931, 0.001135911158976879, 0.00688303129278724, -0.09072831318724815, -0.19434300488670256, -0.9767288106930212, -0.3697891532339234, 0.9172275267298036, -0.14815413041716222, 0.9246752702093501, 0.3477419455008767, -0.15508444152309664
0.00028712440765646044, 0.0011338530619219558, 0.006872687711396606, -0.12378086313423821, -0.1978361209209445, -0.9723883828906515, -0.368765368347721, 0.9189167219323284, -0.1400148608559593, 0.9212439421939841, 0.341251999865345, -0.18669941499316475
0.00028581405929441634, 0.0011317587621211798, 0.006862393975414093, -0.14997197192379427, -0.21636567678599808, -0.9647249875203947, -0.3700445773107871, 0.9171228994117968, -0.14816409206477907, 0.9168290017446927, 0.33477078917288533, -0.21760767513209184
0.00028422629701715577, 0.0011294680857015264, 0.0068521803740093324, -0.15120808208633052, -0.22967113189412816, -0.961450616041325, -0.3719217404814333, 0.9143823056216063, -0.15993504345007373, 0.9158658934958955, 0.3334009153265563, -0.223681681839125
0.0002826254856196754, 0.0011270366008196639, 0.006842001677983053, -0.15084744366581154, -0.2399095501770798, -0.9590038876215888, -0.37343146414320927, 0.9120548353436122, -0.16942526055519463, 0.9153108708670236, 0.3325648584263945, -0.22717091497919223
0.0002810284364942585, 0.001124496635090193, 0.0068318485306523595, -0.15137944650659368, -0.2474973968116, -0.9569897082763423, -0.3745100169357777, 0.9103294392861081, -0.17618898712406392, 0.9147822201978573, 0.3317308405025397, -0.23049542092926203
0.00027942562038714576, 0.001121876115440844, 0.006821715857068435, -0.1528131867258985, -0.25244975032097755, -0.9554670342432291, -0.3751612555845653, 0.9092673246647951, -0.1802414064668233, 0.9142768520917984, 0.33091094853419745, -0.23365740277018746
0.00027780750804457785, 0.0011192029687993484, 0.006811598582282465, -0.15515434408096032, -0.25477691729365787, -0.9544715039890649, -0.37538150812415627, 0.9089071824915199, -0.18159420963720485, 0.9137920183888897, 0.3301158221437859, -0.23665944117886217
0.0002761645702127955, 0.0011165051220934372, 0.006801491631345638, -0.15840535340190956, -0.2544828581931308, -0.9540158378661598, -0.37515933548578145, 0.9092656014789486, -0.18025409555678001, 0.913325362076124, 0.3293547340679662, -0.23950415891073004
0.0002744872776380394, 0.0011138105022508423, 0.0067913899293091376, -0.16256524932876854, -0.25156455759452917, -0.954090044530884, -0.3744754355346855, 0.9103372279492198, -0.1762222448808266, 0.9128749574239525, 0.3286356717886834, -0.2421939457051267
0.00027276610106655034, 0.0011111470361992936, 0.00678128840122415, -0.16762917878438147, -0.24601232868727063, -0.9546614020446937, -0.3733026953611148, 0.9120946362110239, -0.16949475576314102, 0.9124393437682313, 0.3279654078236704, -0.24473074023271568
0.0002709915112445688, 0.0011085426508665231, 0.006771181972141859, -0.1735875839234986, -0.23781106005188687, -0.9556742386527954, -0.3716064175390279, 0.9144879289478873, -0.1600640442210978, 0.9120175552868552, 0.3273495494507389, -0.24711586619030812
0.0002691539789183356, 0.0011060252731802612, 0.006761065567113451, -0.18038630482026186, -0.2270381230343255, -0.9570342061401682, -0.3693636004467187, 0.9174204471041262, -0.14802112653368782, 0.9116091880286906, 0.3267926160798553, -0.24934970298228942
0.00026724438782870814, 0.0011036218203395144, 0.0067509342880546835, -0.18549167637128905, -0.21993243653474134, -0.9577173702908709, -0.3677991571751663, 0.9193243965819362, -0.13988006945414408, 0.9112171080363922, 0.3263010530310174, -0.25141798824396566
0.0002652805559142195, 0.0011012933582416591, 0.006740794771427141, -0.18490754655853953, -0.2264853049787288, -0.9563020473963202, -0.36899705739324007, 0.9178855205886021, -0.14603883979586005, 0.9108514537842225, 0.3258689578994649, -0.2532963707136077
0.00026332325740514054, 0.001098895947438186, 0.006730672044656737, -0.18009699595656678, -0.24250316613507983, -0.9532876200087161, -0.3720971676667717, 0.9139136815651845, -0.16218964351134466, 0.9105541004584994, 0.3255057558053813, -0.2548278498825839
0.0002614172172539632, 0.0010963294372696734, 0.006720583011967957, -0.17535362573023328, -0.2563147878454995, -0.950554488430294, -0.37473903685993365, 0.9102124087361191, -0.17630662277997772, 0.9103964851626739, 0.32529386793253373, -0.2556602027867083
0.00025956121404123705, 0.0010936165132127604, 0.006710522015640957, -0.1713158102151861, -0.26631606338383695, -0.9485392177206224, -0.376641336037743, 0.9073450781561279, -0.18672496655122015, 0.9103802486642701, 0.3252701393143651, -0.255748195130279
0.00025774756472547814, 0.001090797135681142, 0.006700480224979438, -0.1680059501681928, -0.27254036055159786, -0.9473625243688331, -0.37784608034877953, 0.9054291554370165, -0.19346933620001555, 0.910497852975583, 0.3254532168453956, -0.2550957925404447
0.00025596858626520264, 0.0010879112650885134, 0.006690448809287094, -0.1654368939788712, -0.2750122822027429, -0.9471002474649991, -0.3783873486821601, 0.9045375306898812, -0.19655754864857727, 0.9107434591957875, 0.32585288123797723, -0.25370504788237774
0.00025421659561892666, 0.0010849988618485702, 0.006680418937867625, -0.1636133184307484, -0.2737432124667946, -0.9477844352279889, -0.3782904928902103, 0.9046998509544798, -0.1959961292266357, 0.9111130473332936, 0.3264702640537138, -0.25157539956787917
0.00025248390974516637, 0.0010820998863750072, 0.006670381780024729, -0.1625325956545481, -0.2687294897904545, -0.9494038217043141, -0.37757184912383857, 0.9059031613092645, -0.19177841661429473, 0.9116044394906162, 0.3272979126832964, -0.2487034825935432
0.0002507628456024378, 0.00107925429908152, 0.006660328505062102, -0.16218512234337695, -0.2599531498440644, -0.9519035381679244, -0.37623887762966834, 0.9080917070486678, -0.18388517762289608, 0.9122172400532844, 0.32831967878210705, -0.24508344594032205
0.00024904572014925705, 0.001076502060381803, 0.0066502502822834405, -0.1623157592510573, -0.24810387761438638, -0.9550382506535843, -0.37441505197854813, 0.9109756188653624, -0.17302251496487692, 0.9129441183066211, 0.329496415375912, -0.2407595254684029
0.0002473273734968298, 0.0010738755226412902, 0.006640139823579229, -0.16145141067523452, -0.23758207833158662, -0.9578560424440724, -0.3728587784198832, 0.9133352153014076, -0.1636921373968945, 0.913733972962705, 0.33071670738862774, -0.2360438224309537
0.000245618139990087, 0.001071360318548693, 0.006629999313592142, -0.15904887185112862, -0.23008192243932277, -0.9600863322272163, -0.371861105500632, 0.9148074685254044, -0.1576280867928975, 0.9145615203903624, 0.3319481955015976, -0.23105761386394968
0.00024393423174877898, 0.0010689243575710244, 0.006619834530476184, -0.15511713938221902, -0.2256207305181983, -0.9617868573807357, -0.37141481107510094, 0.9154626789337031, -0.1548519344198673, 0.9154177795869625, 0.3332016948335682, -0.2258028329674218
0.00024229187212439077, 0.001066535515308307, 0.006609651259252124, -0.14966001455528136, -0.22420351254769216, -0.9629821727345682, -0.3714963335341499, 0.9153407693823686, -0.155376156720319, 0.916292722995221, 0.33449074855333494, -0.22028069574575315
0.00024070728446840787, 0.0010641616673605651, 0.006599455284940742, -0.14267535722475297, -0.22582773445057472, -0.9636625845147822, -0.3720665187257829, 0.9144501572207728, -0.15920871710487605, 0.9171751458058957, 0.33583142246047276, -0.21449244183446123
0.00023919669213231547, 0.0010617706893278221, 0.006589252392562811, -0.13415621190876284, -0.23048325865662392, -0.963783989431924, -0.37307053075053737, 0.9127678716346735, -0.16635261223383443, 0.9180525529030479, 0.33724216816781966, -0.20843999164667176
0.0002377763184675988, 0.0010593304568101017, 0.006579048367139108, -0.1249225731341671, -0.23793490135060452, -0.963214064183459, -0.37438240239640863, 0.9103560112640625, -0.1763228559525954, 0.9188210748004382, 0.33858369050304865, -0.20280265537685532
0.00023645362916502923, 0.0010568111847455855, 0.006568849786475774, -0.12014177206830415, -0.24682875188195263, -0.961582821107306, -0.37562417116434554, 0.9078917544812785, -0.18611567419753888, 0.918951814102016, 0.33883348327652546, -0.20179056957477087
0.0002351815206895642, 0.0010541976645531334, 0.006558668168246465, -0.12180541838594325, -0.2566588696908299, -0.9587959452672143, -0.37671295504618507, 0.9056636341585291, -0.19457834222527678, 0.9182868775890224, 0.33749015744431954, -0.2070014591156597
0.0002338919075169855, 0.0010514802923409737, 0.006548516929514918, -0.12991086767985285, -0.2674092670306374, -0.9547855520297764, -0.3776930182161065, 0.9036930857826638, -0.20170966932553042, 0.9167721366018252, 0.3344115587337619, -0.2183981660540678
0.00023251666040995783, 0.0010486494758939421, 0.006538409491301999, -0.14397643291512988, -0.27930357361330777, -0.9493473023777288, -0.37864173821634284, 0.9018875643120344, -0.20791646259931504, 0.9142763372446766, 0.3295274421139179, -0.2356065450031406
0.00023099252622008765, 0.0010456927689018478, 0.006528359702928177, -0.1596115237840387, -0.2949056680523603, -0.9421012729138668, -0.380200967009907, 0.899081353726836, -0.21702521527567217, 0.9110276538942542, 0.3235480896734074, -0.25562716504436667
0.0002293026878016239, 0.0010425705449177457, 0.006518385492499564, -0.1743626044829709, -0.3155958207513323, -0.9327362757404732, -0.38286419889457396, 0.8944401310874176, -0.23106678061794042, 0.9072004670207856, 0.3168219213132454, -0.27678725189692643
0.0002274560441792501, 0.0010392281251863681, 0.006508507046946057, -0.18802719421074102, -0.3398720862730425, -0.9214839874949786, -0.3865225137599612, 0.8881163938388802, -0.24869583299947684, 0.9029098075632566, 0.3094127275453172, -0.2983582468091849
0.00022546298110622158, 0.0010356255265965878, 0.006498739440108267, -0.19973666931739142, -0.35633853086574796, -0.9127585191880904, -0.38900218432001477, 0.883811298389755, -0.25991323443194025, 0.8993233920699786, 0.30315085396392316, -0.3151459919096098
0.0002233438680351469, 0.0010318449406828154, 0.006489055497168011, -0.20921839466271364, -0.3596822774646937, -0.9093164040159883, -0.38903597407074514, 0.883753228259561, -0.2600600746359019, 0.8971503074811844, 0.2993474416436783, -0.32482677686391725
0.0002211239782974354, 0.001028028569766349, 0.006479407291249684, -0.21654777436469327, -0.34996361542389165, -0.9113904373522559, -0.38646953693978764, 0.8880093974407501, -0.24915980228452164, 0.8965201383322319, 0.29826963964901676, -0.32754673502937215
0.0002188286191963586, 0.0010243190318961692, 0.006469746751716787, -0.22166019227786415, -0.32699065458115273, -0.9186641774750606, -0.3812194860147617, 0.8961809577360387, -0.22700527411044324, 0.8975179455821379, 0.2998946528498063, -0.32330285267858827
0.00021648309803518767, 0.0010208589451212566, 0.006460025807932816, -0.22433138102725947, -0.2903558996184845, -0.9302520535011697, -0.3732843019035358, 0.9073771671731261, -0.19319810155708775, 0.9001856816450663, 0.30390809145136854, -0.31193847231720895
0.0002141127221171942, 0.001017790927490592, 0.006450196389261269, -0.22389959544924154, -0.24157063426771253, -0.9441994491722399, -0.36320375660966603, 0.91969041551964, -0.14917295594690924, 0.9044069893263169, 0.3095370224396544, -0.29365767382600516
0.00021174592038158377, 0.0010152373284306644, 0.006440215429310987, -0.21580244555640524, -0.21118152566767479, -0.9533266322245215, -0.3576375822818635, 0.9255809502360034, -0.12407765431293545, 0.9085838784787336, 0.3141691706340554, -0.2752690828837335
0.00020946037176493328, 0.0010130007196535607, 0.006430118813585067, -0.19831658703717475, -0.2207830336792568, -0.9549478432591545, -0.36064056371672787, 0.9223855180210753, -0.13835945918900316, 0.9113774822256734, 0.31695395278238264, -0.2625476655916326
0.0002073589933773602, 0.001010661285003904, 0.0064200001100057835, -0.18675959896949237, -0.2345872567736107, -0.9539862007137138, -0.3638745797661778, 0.9185228730919445, -0.15463189129965169, 0.9125328171593293, 0.3182523378804181, -0.25690330289995555
0.0002053802839431499, 0.0010081758437163627, 0.00640989266971423, -0.19134863579007785, -0.22901136979322836, -0.9544315020401963, -0.3625704081847825, 0.920115605337081, -0.14808771699198175, 0.9121010901703804, 0.31771223665544623, -0.2590956116752991
0.00020335473746596814, 0.001005751613350654, 0.006399789407892234, -0.21217904137692134, -0.2034852676203764, -0.9558105462181481, -0.3561150118940803, 0.9269257602045946, -0.11828243053308261, 0.9100341491966386, 0.3152814313127214, -0.26913837772668536
0.0002011111303529816, 0.001003599935263797, 0.006389682550371123, -0.24014482505720153, -0.16886874430232748, -0.9559360910625779, -0.34632079669879984, 0.9348558192824622, -0.07814411639800609, 0.9068585164027267, 0.3122946434882796, -0.2829835452396016
0.00019857020318467012, 0.0010018131668827826, 0.0063795679706196255, -0.2517412784363621, -0.15618828013931005, -0.9551081351754629, -0.34238459519271186, 0.9374416044948118, -0.06305574626404624, 0.9052066712668158, 0.3111405780500469, -0.28946920904430207
0.000195903768869388, 0.0010001588263932326, 0.0063694515005585555, -0.243407492757733, -0.17085247398015346, -0.9547576784735775, -0.3464784529137954, 0.9347307883520665, -0.07893690501398812, 0.905927962994772, 0.31158912920958187, -0.28671717845737366
0.00019332609351872161, 0.0009983495057113202, 0.006359340655958918, -0.21797991285610932, -0.20561235106752304, -0.9540483838253324, -0.3557979094690073, 0.9270203684333759, -0.1184950806030871, 0.9087863363897628, 0.3136188731535998, -0.27522826379777793
0.00019101764664076706, 0.0009961720335595443, 0.006349237110250498, -0.1914285881326186, -0.2251238790076194, -0.9553399053457963, -0.36117492164225473, 0.9212015473841941, -0.14470793023769446, 0.912637809660691, 0.31734358067799173, -0.25765341096171723
0.00018898903787787426, 0.000993786348755899, 0.006339113173578181, -0.16909500855482093, -0.2187062508432731, -0.9610278112125187, -0.3614003605981682, 0.9209111966328903, -0.1459874901342309, 0.9169496482584848, 0.32263004162392794, -0.23476200459270125
0.00018719762886704587, 0.0009914693534061627, 0.00632893195122646, -0.1508760640870973, -0.18625945616301307, -0.970846964395236, -0.3577786506491561, 0.9258004826857562, -0.12201599648607603, 0.9215372213997953, 0.32893902360267263, -0.20632078985421026
0.00018560076255584682, 0.0009894979906688813, 0.006318656545249024, -0.13709077372664427, -0.1389823481468326, -0.980759923050806, -0.3525714562095813, 0.932113987410303, -0.0828062965016596, 0.9256886560962522, 0.33443597500516914, -0.17678543660906176
0.00018414926951520487, 0.0009880264699704173, 0.0063082724313940144, -0.13102135540587517, -0.13356472231684624, -0.982341014811064, -0.3521746661478013, 0.9325244512409459, -0.07981949862945571, 0.9267180849380745, 0.3354975600361301, -0.16921872904176782
0.00018276233536917532, 0.0009866126128666472, 0.006297873803687361, -0.1322254972763498, -0.17716360413771948, -0.9752586709375906, -0.3578671956427037, 0.9260675236301036, -0.1197080279698672, 0.9243632879733211, 0.33318463206837906, -0.18585078100618801
0.00018136479401153967, 0.0009847401036384702, 0.006287565925440706, -0.13350343615047378, -0.22194369226638674, -0.9658767157350776, -0.3638154798635212, 0.9175307336689014, -0.16054796599360396, 0.9218541799805935, 0.3299671956970435, -0.2032400566230407
0.00017995294125751056, 0.000982392959458507, 0.006277351389092547, -0.1330004426435212, -0.25404884429844177, -0.9580031664703691, -0.3681016249658995, 0.9101141949342707, -0.19024548845270575, 0.9202239270710646, 0.3273397881250772, -0.21456138318937515
0.0001785439935861272, 0.0009797016787343419, 0.006267202728653919, -0.13089037434876918, -0.2737738155928755, -0.9528460567156466, -0.37075347128362, 0.9048939464687454, -0.2090665185422222, 0.9194615671326263, 0.3259061882504497, -0.21994449987684944
0.00017715517011206885, 0.0009767967783276491, 0.006257092474349011, -0.12727693128075354, -0.2813980494401869, -0.9511128852744096, -0.37186195696261465, 0.9025069790348369, -0.2172552364325131, 0.9195212165728908, 0.32603111901269594, -0.21950954810130796
0.00017580368995001505, 0.0009738087751001031, 0.0062469931564020165, -0.12218798468405921, -0.27704507133373313, -0.9530562023556296, -0.3715626924358938, 0.9031907968826578, -0.21491288936743422, 0.9203321476448802, 0.32786035575555084, -0.21329867588713758
0.00017450677221464507, 0.0009708681859133789, 0.006236877305037127, -0.11558100317020285, -0.260632913687198, -0.9584944006143652, -0.370031962627324, 0.9068021127795826, -0.2019561212062061, 0.9218011598714444, 0.3313312731412577, -0.2012516064488754
0.00017328163602063832, 0.0009681055276291503, 0.006226717450478534, -0.10735758538022017, -0.23190729155459358, -0.9667954059598864, -0.36749412199088166, 0.9128041229717394, -0.17814798171167898, 0.9238086485649937, 0.336166091701121, -0.18322101306049426
0.00017214550048267417, 0.000965651317109092, 0.00621648612295043, -0.09740291358612065, -0.19064866080944548, -0.976814086997367, -0.36424163417478783, 0.9202164483538265, -0.14328196017904513, 0.92619690366499, 0.3418402789471048, -0.15907394296600183
0.0001711154379784454, 0.0009636351552741834, 0.006206156046286667, -0.08830152115220177, -0.15325983387817743, -0.9842328305242823, -0.3615893799302288, 0.9256229215261392, -0.11169300545283586, 0.9281465195128837, 0.3460254766127027, -0.13715104028432326
0.0001701806558953186, 0.0009620127081758444, 0.006195736710316074, -0.08598739561491302, -0.15575595084901575, -0.9840458584692501, -0.3618636134410765, 0.9251341123361929, -0.11481114692960676, 0.9282569111311435, 0.34621807862537096, -0.13591228410347914
0.0001692701762543266, 0.0009603634824818081, 0.006185317116682244, -0.08766610875605417, -0.1844546897878367, -0.9789234499136511, -0.36431770920030215, 0.9205644195834566, -0.14083236900662346, 0.9271392884235982, 0.34429292297729075, -0.14790241055891423
0.00016834228291009738, 0.0009584111398787816, 0.0061749557972787285, -0.08719184443192318, -0.20769513211031618, -0.9742999098646359, -0.36634539400060084, 0.9161759603094485, -0.1625197281735498, 0.92638471196318, 0.3427598894980833, -0.15597122680852987
0.00016741918528470964, 0.0009562122773073479, 0.006164640911304344, -0.08401447583913592, -0.22245310989703593, -0.9713167257628237, -0.36766217804146645, 0.9129064489299116, -0.17727475381447816, 0.9261566231946302, 0.3422227774408303, -0.15848495169385535
0.00016652938734199805, 0.0009538562747547024, 0.006154353688588583, -0.07816686123598302, -0.22881547798470545, -0.9703264496236023, -0.36831015081828156, 0.9110754601582877, -0.18517326670332057, 0.9264111261252908, 0.3429066679608246, -0.15549097227580633
0.00016570139304579706, 0.0009514325122080412, 0.006144075358960945, -0.06987222907858251, -0.22718475242991593, -0.9713418347147147, -0.3684070140428049, 0.9107625275315009, -0.18651512123282854, 0.9270351361235747, 0.34481691766470796, -0.147333464238629
0.00016496138677239857, 0.0009490264326506029, 0.006133788023623541, -0.06152266530542664, -0.22159968900103105, -0.9731950161649837, -0.3682630720308224, 0.9112872070876857, -0.18422251756163444, 0.9276838208312883, 0.34705792604833524, -0.13767180007136726
0.00016430995724270948, 0.0009466800359126115, 0.006123483399002211, -0.054609398706128846, -0.2145723050697317, -0.9751802599878738, -0.3680356963181842, 0.9122016526980402, -0.18010516664036438, 0.9282066256004342, 0.34906571116628765, -0.12878505145951352
0.00016373180773096766, 0.0009444083596746628, 0.006113159169024763, -0.049157256357748175, -0.2061416253885707, -0.9772866490592904, -0.36774440247196044, 0.9134683358944415, -0.17418281708819763, 0.9286267380373664, 0.3508293454094141, -0.12071102601536736
0.00016321140358563214, 0.0009422260377892082, 0.0061028131069978215, -0.04516738292710335, -0.19630736688618278, -0.9795015697923766, -0.3673989676131594, 0.915048091344032, -0.16644815746780958, 0.9289660414225598, 0.35234983785132884, -0.11345345146729222
0.00016273321015516202, 0.0009401477041086989, 0.006092442986228021, -0.04263971802196612, -0.18506829879464057, -0.9818001727583189, -0.3670011347891079, 0.9168938049300873, -0.15689460648580028, 0.9292427139937738, 0.35363183575872337, -0.10701636896942933
0.00016228169278801634, 0.0009381879924855864, 0.0060820465800219894, -0.041586045398808315, -0.172448216823722, -0.9841403423000232, -0.36654520096391807, 0.9189471965869256, -0.14553578781643794, 0.929470395697684, 0.3546796616657754, -0.101425446127892
0.000161841178010084, 0.0009363612742388663, 0.006071621728123112, -0.04879111763021042, -0.1713448991175742, -0.9840022115761647, -0.36637027652761484, 0.9195760708388863, -0.14196010149895916, 0.9291890266880437, 0.3535827703479117, -0.10764282231352873
0.0001613244485639393, 0.0009345466210986824, 0.006061200509210962, -0.07969585324628636, -0.21263317683563185, -0.9738766364813017, -0.36875377426407285, 0.9139652476386225, -0.16937585446241327, 0.9261043272446943, 0.34562213212937964, -0.15124852673991268
0.00016048125346037644, 0.0009322969274664586, 0.006050896735828705, -0.08401504979959314, -0.23869765842057686, -0.9674527891694279, -0.37081360220839427, 0.9086464983085485, -0.1919864930896122, 0.9248993155065078, 0.3426148989407008, -0.16485231936326158
0.00015959169055405545, 0.0009297695638183607, 0.006040653212591919, -0.044977050766488176, -0.20725030801541766, -0.9772534854027707, -0.37014211985757695, 0.9120748872455223, -0.17639220834097757, 0.9278857020192132, 0.35378907541582205, -0.11773450685644331
0.0001591155528736212, 0.0009275755631169792, 0.006030307776423777, -0.04200131440221876, -0.17078764368381863, -0.9844122461415313, -0.3689445897177211, 0.9182951677850545, -0.14357532706088902, 0.9285019005400628, 0.3571632198135018, -0.10158078118396113
0.00015867117227753933, 0.0009257686026448178, 0.006019892538068581, -0.04796882492543757, -0.14521865570905945, -0.9882360719328789, -0.3678128975375968, 0.9224217226149655, -0.1176938318393837, 0.9286617598675365, 0.35784033825449785, -0.09766078065240166
0.00015816358137227593, 0.000924231944846194, 0.006009435337102202, -0.05585786626984393, -0.13174336358094094, -0.989708838461171, -0.36699094077421907, 0.9245755360591461, -0.10236077134623618, 0.9285459321786048, 0.35749652344228866, -0.09999343759089058
0.00015757221489211406, 0.0009228371796249595, 0.0059989573029188255, -0.06568688115970223, -0.13041713444741004, -0.9892808522790872, -0.36668053601973194, 0.925210787500685, -0.09762368153601078, 0.9280251171966163, 0.35633743802032447, -0.10859563581156578
0.00015687650757133663, 0.0009214558968849663, 0.005988479564912629, -0.07745548417056017, -0.1412232527902258, -0.9869430788263587, -0.36714477683892094, 0.9243921875866169, -0.10345915314136218, 0.9269333097973139, 0.3543375176299807, -0.12344862408313868
0.0001560558941442265, 0.0009199596865300658, 0.005978023252477801, -0.09112154968330803, -0.16407495041457948, -0.9822302549961316, -0.36870762399293344, 0.9217964363853522, -0.11977486329255817, 0.9250684035209494, 0.3512417123772726, -0.14449120490010214
0.00015508980934506673, 0.0009182201384641108, 0.005967609495008524, -0.09720296374290337, -0.19485437905492664, -0.976003767821987, -0.37145421656662175, 0.9168907542218289, -0.146058583511559, 0.9233489853974354, 0.34834338774497325, -0.16150397945525108
0.00015405870138048195, 0.0009161531654579259, 0.005957256258649108, -0.04721413869916123, -0.21333081009870042, -0.9758385063982301, -0.3733676911908014, 0.909884957133779, -0.18084781435370334, 0.9264811883042995, 0.35580799631865134, -0.12261026659280969
0.00015356077563159016, 0.0009139033541449012, 0.005946964953279931, 0.04000996768678128, -0.21833672485411554, -0.9750529611593829, -0.37213523624765327, 0.9023756831594689, -0.2173326767547509, 0.9273157867892717, 0.3715470374292601, -0.04514676676057762
0.0001539810245341659, 0.0009116100313976739, 0.0059367233819772915, 0.10753400769879849, -0.22018257218101717, -0.9695133171318411, -0.3692692926276732, 0.8965625474740254, -0.24457266402675476, 0.9230799676682907, 0.38431137554675265, 0.015104301204300424
0.00015511422934769725, 0.0009092897240270966, 0.005926506547496112, 0.15000613546993122, -0.22081211921586247, -0.9637116619242379, -0.36667636171591084, 0.8928008009560459, -0.2616393998827885, 0.9181756940151266, 0.3926178012006625, 0.0529590133990233
0.00015670473717457347, 0.0009069484637660965, 0.0059162883591777436, 0.16804535717957536, -0.2209321726825428, -0.9607027287377506, -0.3654248122735561, 0.891166946852201, -0.2688608923085744, 0.9155465386889, 0.3962454389792993, 0.06902237016270268
0.00015849689511718352, 0.0009045922823476, 0.005906042726363535, 0.16230440308329097, -0.22084415713017605, -0.9617094878398771, -0.36582306667846715, 0.891710022599109, -0.266508385388262, 0.9164228088746692, 0.39507099850249533, 0.06393857612195403
0.00016023505027791654, 0.0009022272115045339, 0.005895743558394832, 0.13179325055995672, -0.21779205074897984, -0.9670559248240994, -0.3678836845434558, 0.8951489059065898, -0.2517340479572965, 0.9204847276047395, 0.3889409452407771, 0.037852441950808294
0.00016164873041752707, 0.0008998910653407452, 0.0058853704342097315, 0.06581729762405998, -0.1894253836365785, -0.9796867394058169, -0.3718812889071183, 0.9064252517014749, -0.20024377652925507, 0.9259440535444063, 0.37750667161263907, -0.010785295253296719
0.0001623489108202384, 0.0008978759120879334, 0.005874948288656959, -0.04368143955937434, -0.12176608073001573, -0.9915971729597014, -0.3693390760972457, 0.924195355131361, -0.09721930066221725, 0.928267514623696, 0.3619889047156956, -0.08534315530303169
0.00016188969627820807, 0.000896595808786364, 0.005864523818990837, -0.16592822541115101, -0.03573608648422914, -0.9854901096077514, -0.35146856623377215, 0.9358593626335442, 0.025240846275691387, 0.9213781367937285, 0.3505569646918005, -0.16784559435561294
0.0001601381403882211, 0.000896218574879285, 0.005854120881204151, -0.19393555679258365, -0.01722781101752742, -0.9808629885662394, -0.3463065875648541, 0.9366780091569853, 0.05201975173809251, 0.9178566049338736, 0.34976779395657787, -0.18762127568592085
0.00015807416131585007, 0.0008960352261319432, 0.005843681946154045, -0.14235497750828294, -0.05295906485555968, -0.9883978944879642, -0.3541437004255434, 0.9351905867558551, 0.0008977149561065566, 0.9242928647498688, 0.3501626820391689, -0.15188415414261197
0.0001565610568364797, 0.0008954723192377916, 0.005833176171732051, -0.06781169698903436, -0.09000938415138317, -0.9936296515886369, -0.3589534119711346, 0.9314328131919527, -0.05987789695376658, 0.9308888342792325, 0.35260633186886153, -0.09547121524437611
0.000155842605965691, 0.0008945186884735715, 0.005822648871574075, 0.021792093259866585, -0.12246228631489044, -0.9922338903211697, -0.3582918635618121, 0.9255901041988192, -0.12210609941613534, 0.9333552620394644, 0.3581702771584335, -0.023706694908691994
0.0001560731723242512, 0.0008932230037002056, 0.005812150763282996, 0.051408431792832415, -0.1364313780154693, -0.9893147387123078, -0.3571653366081474, 0.9225932273912391, -0.14578977706755114, 0.9326253778802025, 0.3608437554740523, -0.0012994880499368616
0.0001566172852516211, 0.0008917789978457524, 0.005801679738982154, -0.009792337953249691, -0.12899488459230132, -0.9915969089637322, -0.3570315522813517, 0.9267320164644078, -0.11703093751389365, 0.934040995242167, 0.3528853771535898, -0.055130116979659194
0.00015651376041601818, 0.0008904152607806316, 0.005791196552283029, -0.0557558096431922, -0.12419236481123332, -0.9906904391451579, -0.3559510165075122, 0.9295098492453158, -0.0964899684071836, 0.9328398380956406, 0.34725739254700405, -0.09603197271302438
0.00015592321222422436, 0.0008890998538850413, 0.005780703467325451, -0.07204806000753262, -0.12578699139972804, -0.9894375724843664, -0.3556518243620575, 0.9300458561193509, -0.0923389697969602, 0.9318373553775848, 0.3452424341094653, -0.11174437262377176
0.00015515900333755282, 0.0008877656397973157, 0.005770208570091296, -0.05953278533488009, -0.13372925177783518, -0.9892281509789396, -0.3563827625087579, 0.9285254902984176, -0.10407564774100468, 0.9324415124054148, 0.3463479480017512, -0.10293650886871407
0.00015452777353591886, 0.0008863477002771414, 0.0057597197228787785, -0.033753847369370524, -0.1426890052308227, -0.9891918547855131, -0.35702854131306594, 0.9261689597314072, -0.12141531500559329, 0.933483421639415, 0.34907149098183504, -0.08220581310399566
0.0001541701525236104, 0.000884835914496471, 0.005749239264500079, -0.01094983157946139, -0.14717370906191923, -0.9890500495674317, -0.35719043668497136, 0.9244269572125763, -0.13360311642883668, 0.9339673940396318, 0.35181628748489646, -0.06269136089736552
0.00015405417794025564, 0.0008832771316544365, 0.005738763791285427, 0.008090055615827672, -0.14696425490141832, -0.9891087193940835, -0.3571448244447556, 0.923477190911459, -0.1401336941588482, 0.9340139856407171, 0.3543887493241734, -0.045016541181999346
0.00015413984752236465, 0.0008817208548004512, 0.0057282896320614675, 0.023360253297225523, -0.1420883358943244, -0.9895782957243309, -0.35712428889373843, 0.9233517946368328, -0.14100959408168628, 0.9337647138589203, 0.35669646500031643, -0.029173464111191077
0.00015438715900644725, 0.0008802165869839278, 0.005717813115654833, 0.034856246167235344, -0.132660645391598, -0.9905484315607257, -0.35729338879940836, 0.9239904893305922, -0.13631951418211363, 0.933341564714314, 0.3586679924260002, -0.0151919315999893
0.00015475602480486637, 0.0008788127073278573, 0.0057073306490023025, 0.0419930678054827, -0.12613227947142922, -0.9911242254791401, -0.3574451795063252, 0.9244454689876178, -0.13279125918506238, 0.9329895636629465, 0.35984888904039253, -0.006265074015538698
