0.000391618610592559, 0.0012218516785651445, 0.007269921246916056, -0.4831333873795299, -0.18384407235240494, -0.8560277373193377, -0.35564604659523935, 0.9346207196190212, 0.0, 0.8000612598672417, 0.3044428805534905, -0.5169298917067334
0.0003882063156799363, 0.0012205532168790116, 0.007263875258024743, -0.4677811375496437, -0.13585271693802842, -0.8733411971579704, -0.3374803583169438, 0.9407026736486647, 0.034430909667351565, 0.8168768665490709, 0.3108416302408833, -0.48589059036593973
0.0003849055375111412, 0.0012195946068662405, 0.0072577127488380995, -0.4525039337018872, -0.10779861137050664, -0.8852229376665002, -0.32812780351502435, 0.943152206673795, 0.05287777989625365, 0.8291998158132475, 0.3143936615661034, -0.46215180517048166
0.00038171062207902566, 0.0012188334920529157, 0.007251462609969082, -0.438194505482993, -0.0999625723549363, -0.893304572636175, -0.32713485590701336, 0.9433813396433032, 0.054903862009009166, 0.8372385331643621, 0.31628963331255555, -0.4460857613103071
0.00037861591537644213, 0.0012181275159651203, 0.007245153732030646, -0.425096054698902, -0.11238882983192344, -0.8981436940759752, -0.33409683194506923, 0.9416770939218653, 0.04029339483263689, 0.8412328162665175, 0.31719552599600387, -0.4378519694193715
0.0003756157633962429, 0.0012173343221289381, 0.007238815005635751, -0.41289964912350985, -0.1450573492454385, -0.8991508467346119, -0.3487103465348631, 0.9371879271995049, 0.008937747536779315, 0.8413768323249805, 0.3172335961738328, -0.4375475648262706
0.0003727045123679741, 0.0012163115594357628, 0.007232475320357061, -0.4005463396522908, -0.18842285866447295, -0.896693624446979, -0.36707650459205127, 0.9296612997934499, -0.03138004848362983, 0.8395340788601935, 0.3165859977937453, -0.4415380350924542
0.00036987940744582533, 0.0012149825887455788, 0.007226150824733699, -0.3869839681160729, -0.2100017520743326, -0.8978544829463452, -0.37687010801038034, 0.9246996975551203, -0.05384599362732128, 0.8415535218329151, 0.31753697968453976, -0.4369873412622357
0.00036714781770497796, 0.001213500256972718, 0.007219813171764947, -0.3726120053732936, -0.20331734673139412, -0.905440417680699, -0.3764332273602638, 0.9249388612340224, -0.05278378840369329, 0.8482088886535136, 0.3211699853616711, -0.4211787289405241
0.0003645188340660192, 0.0012120657407189064, 0.0072134247891851916, -0.36036201196308437, -0.18005271778516818, -0.9152705824793521, -0.3702097985897702, 0.9282173902912327, -0.03683994284815277, 0.8562032033121809, 0.32556642206945724, -0.40115156669126
0.0003619780034076927, 0.0012107962299206638, 0.007206971424292595, -0.35464331571684543, -0.15699757522495944, -0.9217265755042788, -0.36335607788605634, 0.9314596156736361, -0.01885059766650233, 0.8615105799005744, 0.32822971489888814, -0.3873819497301992
0.0003594773115310716, 0.0012096891949263042, 0.0072004720654785985, -0.3559106368663407, -0.13553275615185062, -0.9246396544466815, -0.35613160742065886, 0.9344358006066849, 0.00011287391973001533, 0.8640010976621346, 0.329333579451636, -0.380843139211145
0.00035696617470615206, 0.001208732940013688, 0.0071939482461668034, -0.3641883224594655, -0.11570172000677863, -0.9241103709901937, -0.34838963877714324, 0.9371371333338218, 0.019966294588590564, 0.8637080093277426, 0.32922196967143574, -0.3816036809423728
0.0003543940092029302, 0.0012079157694606757, 0.007187421499780818, -0.3794132071461905, -0.09751640315895971, -0.9200740021096027, -0.3399660760335672, 0.9395604393442734, 0.04061093406380681, 0.860504901432514, 0.3282022728960531, -0.3896339085301534
0.000351710231291402, 0.0012072259875451272, 0.007180913359744244, -0.3945717125207748, -0.08421836051023927, -0.9149975035110153, -0.33297452411557643, 0.9412140843354111, 0.05695624407085743, 0.8564117759398387, 0.3271441810603103, -0.39941902161758713
0.00034891551063337775, 0.001206629475467768, 0.007174432503808662, -0.34139294925311464, -0.1076022626237619, -0.9337411885948415, -0.3471867586771754, 0.9376057341484314, 0.018890259162273354, 0.8734484580096854, 0.3306315779991803, -0.3574500676042388
0.0003465130529950726, 0.0012058722545635141, 0.00716786156068975, -0.21774806009695827, -0.16699254289072546, -0.9616128498220584, -0.37059981836386235, 0.9256101885851227, -0.07682156869060892, 0.9029072803741721, 0.33964579992442556, -0.2634372290338125
0.0003449796216219228, 0.0012046962550885398, 0.0071610896642508816, -0.17189032755402267, -0.2052247830184457, -0.963502207433072, -0.3800979628915273, 0.9161405160318636, -0.12732671946838944, 0.9088340078909252, 0.3443389947709999, -0.23548121534639532
0.0003437618877772813, 0.0012032423677896037, 0.007154263862799027, -0.20034054715706415, -0.2221760296361864, -0.9542020105930968, -0.38128661188723945, 0.9148455968276888, -0.13295884160348087, 0.9024877754077104, 0.3371874045988229, -0.26799341301523055
0.0003423453313230578, 0.0012016714182578139, 0.007147516945932123, -0.23132255390186698, -0.23381221624631848, -0.9443631312108189, -0.38131910622168713, 0.9148127655908723, -0.13309148410876445, 0.8950338626480071, 0.32931664313539427, -0.3007738906012686
0.000340711889884308, 0.0012000203965288013, 0.00714084850031051, -0.25651672829393946, -0.24201198889723263, -0.9357506961447472, -0.3810731483035912, 0.915045402554662, -0.13219367195734322, 0.8882468259146005, 0.322679575575496, -0.32694872344001497
0.00033890103922373067, 0.0011983119404258527, 0.00713424267472744, -0.2759921160874015, -0.24688418992957864, -0.9289114858911015, -0.3805056425628436, 0.915555718112423, -0.13028116905172063, 0.8826345834123179, 0.3174994862900746, -0.34662698736552955
0.0003369522551040247, 0.0011965686877722557, 0.0071276836179761825, -0.2898448412658605, -0.24852800927575067, -0.9242422824113818, -0.3795922854578043, 0.9163450691722924, -0.12736330328845788, 0.8785782064292791, 0.31391964387253507, -0.3599372061602576
0.0003349050132878887, 0.0011948132763912967, 0.007121155478849987, -0.29816009549856115, -0.24701515058736354, -0.9220000394970659, -0.3783264081635239, 0.9174049573255408, -0.1234393501303755, 0.8763387965498136, 0.31201227484639904, -0.3669859043707259
0.0003327987895380215, 0.001193068344106263, 0.007114642406142118, -0.3009868809414138, -0.24237978806269334, -0.9223117346319752, -0.3767184021703267, 0.9187174160204881, -0.11849706733448562, 0.8760651476730457, 0.3117857402757886, -0.36783081599192224
0.0003306730596171218, 0.0011913565287404416, 0.007108128548645832, -0.29832467141831664, -0.23461537119998419, -0.9251799922284566, -0.3747960028949673, 0.920254706809654, -0.11251324725841634, 0.8777985797648052, 0.3131882855270476, -0.3624675863736225
0.00032856729928788824, 0.0011897004681171196, 0.007101598055154385, -0.29012130289809535, -0.2236777417035982, -0.9304826153513509, -0.37260545306731313, 0.9219783852772137, -0.10545631050877934, 0.8814730886131544, 0.3161077742606154, -0.35082911666905
0.0003265209843130197, 0.0011881228000595843, 0.00709503507446104, -0.276282111358763, -0.20949463875502713, -0.9379659862042146, -0.3702133180734266, 0.9238379369205248, -0.09729113745605167, 0.8869105332919482, 0.3203676991198226, -0.33279760109781875
0.0003245735904552148, 0.0011866461623911222, 0.007088423755359051, -0.2571717817518409, -0.19241192713487795, -0.9470165389088123, -0.3677646379620106, 0.9257251928094388, -0.08821586287396804, 0.8936508522545339, 0.3255925639417612, -0.308832699969701
0.00032276121788158324, 0.001185290173420624, 0.007081749824066115, -0.2383732513557984, -0.17743116979432613, -0.9548279284894647, -0.3659532708238643, 0.9271085108906337, -0.08091979119762398, 0.8995867921503633, 0.33013328977788453, -0.28592938703297116
0.0003210804797512391, 0.001184039129811961, 0.007075017459179526, -0.22364510146391803, -0.16789427512279761, -0.9601012347519319, -0.36508857895913055, 0.9277666903470787, -0.07719648823638625, 0.9037107933984172, 0.3332573790082046, -0.2687867579174713
0.000319502396574557, 0.0011828544352700363, 0.007068242798806658, -0.21313141923221202, -0.1639131366540155, -0.9631757273562832, -0.3650688696178318, 0.9277818533929642, -0.07710741177523131, 0.9062558791930795, 0.3351914619243136, -0.2575790466653291
0.00031799755702304345, 0.0011816971072142377, 0.00706144218285428, -0.20686554422301964, -0.16551202399182127, -0.9642678136946419, -0.36583400420431383, 0.927177963394141, -0.08066291318896839, 0.907398549690902, 0.3360755779738, -0.2523511004700084
0.00031653654976820564, 0.001180528163063953, 0.007054631951229164, -0.20484957589985725, -0.17269818805538614, -0.9634375885837313, -0.36737392653123524, 0.9259141841692908, -0.0878596702653689, 0.9072337346895073, 0.335943833693228, -0.2531179393974784
0.00031508996348155057, 0.0011793086202385717, 0.007047828443838089, -0.20706202503340018, -0.18546402189267314, -0.9605875360280611, -0.3697283931027367, 0.92388483669723, -0.09867990603258987, 0.9057738311094751, 0.3347236249569586, -0.25987277997692954
0.00031362838683458497, 0.0011779994961574809, 0.007041048000587819, -0.21345504766922194, -0.2037756690489264, -0.9554645044836529, -0.37298526250102204, 0.9209204698838214, -0.1130817496592863, 0.9029501296204424, 0.33223630875120225, -0.27258044421014854
0.000312122408498816, 0.0011765618082400695, 0.007034306961385137, -0.22338226513158246, -0.22713710669992976, -0.9478971982154331, -0.3772208778452735, 0.9168402457223407, -0.13079897989449013, 0.8987796019838927, 0.32834844081216935, -0.2904867096338362
0.0003105465915151072, 0.0011749595032846721, 0.0070276201615047705, -0.22919047916239976, -0.24988908406154564, -0.9407588266544148, -0.38178697689781577, 0.9121170232956407, -0.14926901917520022, 0.8953828390875807, 0.32495843038945976, -0.30445293558493136
0.0003089293909191715, 0.0011731962503906642, 0.00702098203351334, -0.2272333993451291, -0.26739238024734074, -0.9364113931428422, -0.38579016164237845, 0.9076115684374063, -0.16555117643357006, 0.8941649363523514, 0.3236395461377565, -0.309397011578558
0.0003073256763353634, 0.001171309111171528, 0.007014373248836637, -0.22386768170043467, -0.27706102546468403, -0.9344091444643136, -0.38814058683671787, 0.9047776443569322, -0.17528348217093653, 0.8939967259112984, 0.32344180688398716, -0.3100891027100121
0.00030574547404960096, 0.001169353436004798, 0.007007777587262334, -0.22062149706555, -0.27836934050192724, -0.9347923113189783, -0.38866600186884886, 0.9041186396528543, -0.1775055616693631, 0.894575259004987, 0.3241604474651314, -0.30766070642083354
0.0003041882794591534, 0.0011673886445545466, 0.007001179619477058, -0.2174995831825843, -0.27132512152956023, -0.9375908541268796, -0.38744284293571807, 0.9056666862505524, -0.17220887571153853, 0.8958693960468181, 0.3258075073458453, -0.3021051032071395
0.0003026535879612898, 0.0011654741564848445, 0.006994563916167432, -0.2144577543840328, -0.25586543496936065, -0.9426243953837062, -0.3845430345849618, 0.9092545875525208, -0.15931964589115905, 0.897849946336662, 0.328312311987588, -0.2933879678184127
0.00030114089495327927, 0.0011636693914597635, 0.006987915048020078, -0.21140600598247605, -0.23188140376438515, -0.9494938205290203, -0.38003922407390256, 0.9145089296668744, -0.1387213239731153, 0.9004874728722456, 0.3315183737710568, -0.2814567090199673
0.0002996496966460772, 0.0011620337654747867, 0.006981217586558226, -0.20718082555635825, -0.20427421493658243, -0.9567382874296548, -0.37504692006900653, 0.9198229326589353, -0.11517630095409427, 0.9035573657873297, 0.33495942689639113, -0.26718208971542823
0.0002981872260463429, 0.0011605918123749942, 0.006974464058024644, -0.1982328151281238, -0.1903349152585231, -0.9614969428136055, -0.3730805529703568, 0.9217751352370035, -0.1055533090629414, 0.9063744546277284, 0.3377916815025717, -0.253736335407354
0.0002967874002896936, 0.001159247757826829, 0.00696767442440813, -0.183877861059036, -0.19384520196224142, -0.9636456661494265, -0.3746316946873112, 0.9201859183079842, -0.11361764424333509, 0.9087574074240424, 0.34012043958561156, -0.24182237495323552
0.0002954898851475383, 0.001157879909172665, 0.006960874558256219, -0.1639967837907913, -0.21475170289687712, -0.9628015169333543, -0.37915983754089727, 0.914762592155613, -0.13945328102523882, 0.9106826409360381, 0.34218577716736753, -0.2314433438276588
0.0002943343040953018, 0.0011563666904797927, 0.0069540903081976805, -0.14061583700996053, -0.2465016735041287, -0.9588869126970355, -0.38485183605540024, 0.9059535365590193, -0.17645751296273268, 0.9122040619657291, 0.3442166680389978, -0.22225803647417314
0.00029334417354087613, 0.0011546309767519272, 0.006947338414167188, -0.11942848487991764, -0.2730818232379782, -0.954548665504441, -0.3890048321144866, 0.8974306476731095, -0.208070836996931, 0.9134615906489268, 0.3464744585594225, -0.21340893133861027
0.0002925026999800426, 0.0011527068869133094, 0.00694061282047521, -0.10146514395799719, -0.29217490112428035, -0.9509672190536328, -0.3916491578194337, 0.8904402884707769, -0.23179091838855082, 0.9145030135220503, 0.34892681155379357, -0.20477870601698864
0.00029178688650029135, 0.0011506456595350057, 0.0069339039633480575, -0.08680054140896386, -0.30395765277826625, -0.9487230424779604, -0.39315872745452196, 0.8854716615389108, -0.24772192401533946, 0.9153643433286288, 0.3514963469640156, -0.19636302359023886
0.0002911737361891122, 0.0011484985331880837, 0.006927202279012041, -0.07545401865789203, -0.3085838763991041, -0.9481997059137263, -0.3938290580327509, 0.8828242998401927, -0.2559686087408171, 0.9160815270036891, 0.35411473682717004, -0.1881419385581364
0.0002906402521339952, 0.0011463167464436093, 0.006920498203693467, -0.06741793669763917, -0.30614385595414934, -0.9495950512049641, -0.3938732044048215, 0.8826244023194679, -0.2565892891024094, 0.9166889988776514, 0.35672132525506123, -0.18008657763687436
0.0002901634374224305, 0.0011441515378726504, 0.006913782173618648, -0.06267605728498908, -0.29664569605960484, -0.9529286661930795, -0.39342190825419143, 0.8848350087803475, -0.24957205240634042, 0.9172191199211013, 0.3592608220304506, -0.1721648855172435
0.00028972029514190786, 0.0011420541460462734, 0.006907044625013891, -0.06121196135340337, -0.28001656701055466, -0.9580416577513177, -0.3925250152848389, 0.8892568561359563, -0.23483261313291273, 0.9177021347708124, 0.36168075151273776, -0.16434666355686922
0.00028928782837991745, 0.001140075809535545, 0.006900275994105504, -0.06300778729415106, -0.2561236479521575, -0.9645883555693456, -0.39115293406327506, 0.8955200855073648, -0.21223373583521854, 0.9181663252994995, 0.3639291873600707, -0.15660825544476376
0.00028884304022394917, 0.001138267766911533, 0.0068934667171198, -0.06823106138514197, -0.22631371336593942, -0.9716617855019186, -0.38926766797528134, 0.9027766096941122, -0.18293462126751966, 0.9185941459269938, 0.36575469392985804, -0.1496940177058948
0.0002883615511800626, 0.0011366707292683415, 0.006886609949914588, -0.0784989075839324, -0.2029746581531766, -0.976032381458592, -0.3873667915417629, 0.9083307590761792, -0.15774092977643017, 0.9185776452313489, 0.36570004137775725, -0.1499286144054463
0.0002878075273325626, 0.0011352381895742727, 0.006879721379972617, -0.09465654386561285, -0.19236602606725306, -0.9767473832667841, -0.3859009895574238, 0.9115269258286526, -0.14212350174396696, 0.9176712728216018, 0.363474862273114, -0.16051622825596923
0.0002871394737578537, 0.0011338805358282282, 0.006872827830363354, -0.11673213122353661, -0.19455189184441424, -0.97392154248675, -0.3851932424721887, 0.9127356566578951, -0.13616088652415065, 0.9154232766834001, 0.3592536463907366, -0.18148565249403878
0.00028631585537174597, 0.0011325078502317642, 0.006865956203154883, -0.14131131713473669, -0.2071871897340368, -0.9680416210369046, -0.3855997625393095, 0.9121456931442083, -0.13893544403103172, 0.9117806396163904, 0.3536434686072741, -0.20878784047961688
0.0002853189019059887, 0.001131046141494955, 0.0068591266549724835, -0.15161030408502454, -0.21887590628896972, -0.9639023048740097, -0.38671151313891, 0.9105794580009694, -0.14594264720250696, 0.9096529675107211, 0.35062570971456575, -0.2226950614317616
0.0002842491615878074, 0.0011295017848428868, 0.006852325500100231, -0.1513469817875929, -0.22759421713909747, -0.9619225350456383, -0.3879856138925219, 0.9087152410833798, -0.15396030019202325, 0.9091541423302371, 0.34991067852755847, -0.22583459109745507
0.0002831813301341885, 0.001127895989597733, 0.006845538637708035, -0.15090132459471117, -0.235034184529465, -0.9602019174830526, -0.3890819775526343, 0.9070468196176329, -0.16087660415756183, 0.9087595969117978, 0.3493207682404624, -0.22832213185891587
0.0002821166416660783, 0.0011262376994100737, 0.006838763906529583, -0.15084949308341664, -0.2412930229716302, -0.9586564074274415, -0.38998580161477436, 0.9056281330569339, -0.1665795880493601, 0.90838070486738, 0.34873394110844014, -0.2307143977813628
0.00028105227557124676, 0.00112453518051312, 0.006831999804404993, -0.1511949302715303, -0.24637581522883625, -0.9573082318305391, -0.39069965921673705, 0.9044818558909267, -0.17107410280936874, 0.9080164477299476, 0.3481544628960417, -0.2330120181824451
0.00027998541123746326, 0.0011227966991400843, 0.006825244829174387, -0.15194033370360602, -0.2502870965551918, -0.9561749339383505, -0.39122469966793605, 0.9036261327950292, -0.1743646939596247, 0.9076658908231432, 0.34758622157368724, -0.23521575034074038
0.00027891322805249756, 0.0011210305215241798, 0.006818497478677881, -0.15308772009614766, -0.2530305189786991, -0.9552694417917563, -0.39156059720324593, 0.9030746566170704, -0.1764552727854793, 0.9073281923723087, 0.34703273770831866, -0.2373264213800654
0.0002778329054041193, 0.0011192449138986177, 0.006811756250755595, -0.15463846273610865, -0.2546086008496925, -0.9546001289628947, -0.3917055134604608, 0.9028367334262052, -0.17734887510490766, 0.9070026111138215, 0.3464971762506317, -0.23934487728599663
0.00027674162268009813, 0.0011174481424966114, 0.006805019643247647, -0.1565933006721381, -0.2550225599895117, -0.9541708610521499, -0.3916560725176189, 0.9029173281309971, -0.17704750611306247, 0.9066885126903721, 0.34598235859242477, -0.24127193889498189
0.0002756365592682037, 0.0011156484735513727, 0.006798286153994156, -0.1589523190702805, -0.25427222915281555, -0.9539810237860278, -0.3914073480508307, 0.9033170864051226, -0.1755520700543749, 0.9063853750772878, 0.3454907739581744, -0.2431083646355799
0.00027451489455620565, 0.0011138541732961138, 0.0067915542808352405, -0.16171490040138242, -0.2523560531540548, -0.9540255308033841, -0.3909528629355173, 0.9040323308186162, -0.17286238398559353, 0.906092793234056, 0.34502458937178376, -0.24485481979764745
0.0002733738079318736, 0.0011120735079640474, 0.006784822521611019, -0.16487964642377825, -0.24927116775252064, -0.9542948114301285, -0.3902846023928208, 0.9050550311993963, -0.1689772755009902, 0.9058104831200883, 0.34458565760628296, -0.2465118521325047
0.0002722104787829774, 0.0011103147437883857, 0.006778089374161614, -0.168444271266797, -0.24501356113234324, -0.9547747809502748, -0.3893930425627876, 0.906372751382198, -0.16389476488149132, 0.9055382851547983, 0.3441755226815407, -0.2480798736411228
0.00027102208649728654, 0.0011085861470023417, 0.0067713533363271405, -0.17240546635420492, -0.2395783194370551, -0.9554467981143198, -0.38826719714721114, 0.9079685766796425, -0.1576123325815369, 0.9052761671394193, 0.3437954226252303, -0.24955914848248195
0.00026980581046257067, 0.0011068959838391266, 0.006764612905947718, -0.17675873846972964, -0.23295995818036014, -0.9562876169119804, -0.3868946854791865, 0.9098210286685973, -0.1501272731397493, 0.905024226594267, 0.3434462893627188, -0.2509497870101278
0.00026855883006659945, 0.0011052525205319536, 0.0067578665808634645, -0.18144914890446895, -0.22527417153952628, -0.9572501000256014, -0.3852858124178413, 0.9118741938308027, -0.1415637572790006, 0.90478232139635, 0.34312825920143025, -0.25225373857691047
0.0002672786735065107, 0.0011036631705115426, 0.006751113008291798, -0.1850797838139814, -0.21997461229171716, -0.9577873686630445, -0.3841260772927508, 0.913279833308049, -0.13552528478666243, 0.9045400103738107, 0.34282811439543726, -0.2535276190339337
0.00026597279407774036, 0.0011021110813793649, 0.006744355085864516, -0.18610318022382705, -0.2209439727530303, -0.9573658481555972, -0.3842283637483489, 0.9131586041671855, -0.13605119671176685, 0.9042865534784007, 0.34252755296405807, -0.2548346614152207
0.0002646597585274614, 0.0011005522295075394, 0.006737600470539085, -0.18444280125205423, -0.22836283045801337, -0.9559452237087123, -0.3856423600882918, 0.9114480773518032, -0.14332610507940913, 0.9040247912374018, 0.34221750387276534, -0.2561764174768363
0.00026335866215455893, 0.0010989413124731107, 0.006730857041926975, -0.18103309050336472, -0.2396136768179146, -0.9538408179694349, -0.3878187506507914, 0.9086676260721734, -0.15466014991593713, 0.9037829588935941, 0.3419187494276394, -0.2574255853705675
0.0002620817845518645, 0.0010972512494223318, 0.006724129332790405, -0.1777106256033484, -0.24971671385261976, -0.9518721008467026, -0.3897558993119646, 0.9060299335022762, -0.1649245237961372, 0.9036090263488896, 0.3416889263943298, -0.25833970867890604
0.0002608283312056995, 0.001095489912701417, 0.006717415455857742, -0.17469472677238512, -0.25811915365348326, -0.9501874841078108, -0.39135579395069137, 0.9037269255158691, -0.17354620894407044, 0.9035056142488245, 0.3415437696911546, -0.2588927546417818
0.0002595960279735841, 0.0010936691303962218, 0.006710712797286329, -0.17199422216372137, -0.26483167253891626, -0.9488320044994987, -0.39263202271018066, 0.901802608019723, -0.18053296350345058, 0.9034700229032554, 0.34149120250610593, -0.2590862333782425
0.00025838260071303854, 0.0010918007305926011, 0.0067040187432335025, -0.16961576019217023, -0.2698643369076783, -0.9478416183940286, -0.3935968278567455, 0.900291945872502, -0.185892305645531, 0.9034998788021722, 0.34153718957455154, -0.2589214497525788
0.00025718577528158285, 0.0010898965413764098, 0.006697330679856604, -0.16756405247599535, -0.2732256532086907, -0.947243385169042, -0.394260922234933, 0.8992210899509617, -0.1896305792478225, 0.9035931681438734, 0.34168578228555085, -0.25839932791636505
0.000256003277536737, 0.0010879683908335026, 0.006690645993312973, -0.1658420787093669, -0.2749218594013265, -0.9470556351939803, -0.394633360949133, 0.8986075809610264, -0.19175225126543827, 0.9037482588394556, 0.3419391563753553, -0.2575202865445028
0.0002548328333360213, 0.001086028107049734, 0.0066839620697599494, -0.16445124844609116, -0.274956450784979, -0.9472880961229533, -0.3947214609664082, 0.898460504310125, -0.1922594352621998, 0.9039639125192257, 0.3422976371033302, -0.25628416356928996
0.00025367216853695586, 0.0010840875181109598, 0.006677276295354874, -0.16339151680971264, -0.273329934112673, -0.9479419599071366, -0.3945307627375174, 0.898780579017025, -0.19115163623567064, 0.9042392877376951, 0.3427597086878551, -0.25469018946917177
0.0002525190089970607, 0.0010821584521030346, 0.006670586056255087, -0.1626614527864098, -0.27003980631781044, -0.949009881287468, -0.394065029578215, 0.8995601718648162, -0.1884257138982443, 0.9045739351987405, 0.3433220065745596, -0.2527370086882469
0.000251371080573856, 0.0010802527371118133, 0.00666388873861793, -0.1622582601307834, -0.26508075731776015, -0.9504759066484398, -0.39332628230787375, 0.9007832359600191, -0.18407606433011184, 0.9049677854295134, 0.34397929285531037, -0.2504227494089999
0.0002502261091248617, 0.0010783822012231505, 0.006657181728600737, -0.16217775216339242, -0.25844509955807216, -0.9523153402196394, -0.39231486839622465, 0.9024251807782195, -0.17809502276215006, 0.9054211289441407, 0.34472441690692, -0.24774514253502894
0.0002490818205075982, 0.0010765586725229013, 0.006650462412360857, -0.16234181240881743, -0.2503414888444963, -0.9544497236140526, -0.39106728667636553, 0.9043943893297859, -0.17069612133961665, 0.9059312960900544, 0.34554294597332574, -0.24472139108110189
0.0002479364511670984, 0.0010747924395252341, 0.006643728488214913, -0.16212978595517766, -0.24262279205235462, -0.9564769277315832, -0.3899030702791734, 0.906175691619807, -0.16377182817639402, 0.9064709197172308, 0.34638099932600847, -0.2415174424610229
0.0002467925865112059, 0.0010730806773409593, 0.0066369803133168636, -0.1612332854148887, -0.23623530348879754, -0.958225813188038, -0.3889863753890208, 0.9075430251935599, -0.1582885251186369, 0.9070244910894264, 0.3472154069278569, -0.2382184580503574
0.000245655011544431, 0.0010714139286492992, 0.006630219589594121, -0.1596540964946551, -0.23119275517672874, -0.959718958563531, -0.3883195069064706, 0.9085216706225855, -0.15426060600510386, 0.9075894060798589, 0.348049255081719, -0.23482586315963921
0.0002445285282989971, 0.0010697826847859073, 0.006623448029384369, -0.15739524716740547, -0.22749932380283505, -0.9609738778126927, -0.38790033281586683, 0.9091327923486212, -0.15169343320572098, 0.9081630183895683, 0.34888626161781094, -0.23134024397820915
0.00024341793880712734, 0.0010681774370864378, 0.006616667345025298, -0.15445852168790547, -0.22515732536360833, -0.9620014261491991, -0.38772359287205355, 0.9093913978897026, -0.15059117163565366, 0.9087425271265636, 0.34973055954451426, -0.22776205810518146
0.00024232804510104526, 0.0010665886768865447, 0.006609879248854596, -0.1508444642007682, -0.22416749736571256, -0.9628057336476432, -0.38778094066075364, 0.9093062815313239, -0.15095704166397125, 0.9093249637397207, 0.3505866790003153, -0.22409170182602844
0.00024126364921297407, 0.0010650068955218822, 0.006603085453209951, -0.1465524535444255, -0.22452913862024299, -0.9633841623519461, -0.3880609575371646, 0.9088800055873036, -0.15279341831035134, 0.9099071774612221, 0.3514595301796136, -0.22032958732425673
0.00024022955317513716, 0.0010634225843281038, 0.006596287670429051, -0.14158084879474522, -0.22624010608638315, -0.9637272838581368, -0.3885491403156853, 0.9081089148512088, -0.15610177554307944, 0.9104858202160545, 0.3523543857620935, -0.2164762296875028
0.00023923055901975778, 0.0010618262346408635, 0.006589487612849585, -0.13592720597248567, -0.22929666924660327, -0.9638188793279198, -0.3892278668394923, 0.9069831844574268, -0.16088247507744252, 0.9110573320884322, 0.3532768610932214, -0.2125323435715816
0.00023827146877905943, 0.0010602083377958156, 0.006582686992809243, -0.12959735820712792, -0.23369092248132237, -0.9636353446691139, -0.3900756882400027, 0.9054881530381911, -0.16712917803774913, 0.9116169602359434, 0.3542312203311758, -0.20850601994394408
0.00023735702261492854, 0.0010585594016553604, 0.006575887528246506, -0.12369742357682113, -0.2391271406438221, -0.9630769221656005, -0.39099127186365057, 0.9037626110546761, -0.1741808490795681, 0.9120442822181943, 0.3550089484324924, -0.20528973136997014
0.00023648416038629647, 0.0010568720176915452, 0.006569091643220627, -0.12040646953351705, -0.24503996061613229, -0.9620071204495934, -0.3918211697619861, 0.9021131688663516, -0.1807429154469363, 0.912128528783539, 0.35517213891175897, -0.20463210578993488
0.00023563450071520031, 0.001055142869970919, 0.006562303148742547, -0.11997982830427847, -0.25136843595175823, -0.9604263377309281, -0.3925679241985163, 0.9005813630649001, -0.18666449418846282, 0.9118636223090293, 0.35463659978537687, -0.20673078242516923
0.00023478787768257378, 0.0010533691192449858, 0.006555526017368413, -0.12241687980437825, -0.25811191320465804, -0.95832789159076, -0.3932481674764995, 0.8991733104216738, -0.19194592103429398, 0.9112463916610785, 0.353363266465488, -0.21157602793678
0.0002339241253693506, 0.0010515479262652493, 0.00654876422165437, -0.12771447837873265, -0.2652628011888217, -0.9556802071393484, -0.39387284111319, 0.8978960863850793, -0.19658790168212786, 0.9102489753061368, 0.35130935706271454, -0.21915414345686035
0.0002330230778564644, 0.0010496764517832127, 0.006542021734156563, -0.13586564192783987, -0.2728055902505929, -0.9524272346334715, -0.39444717779279126, 0.8967577781507035, -0.2005914037478076, 0.9088189870787462, 0.3484287549187631, -0.22944596634267173
0.00023206456963993562, 0.0010477518563074186, 0.006535302527467599, -0.14624181332712108, -0.28109080189916263, -0.9484731377969969, -0.3950545455584989, 0.8956044740357572, -0.20451046946477502, 0.9069427975723515, 0.3447906425279266, -0.24202102131181943
0.00023103281974268573, 0.001045768733974761, 0.006528610959302498, -0.15669415593880942, -0.2913936072784968, -0.9436825245451191, -0.39601420354080674, 0.8938499731952764, -0.21024979432271595, 0.9047760452667637, 0.3407667692954069, -0.25545707438903775
0.00022992725009445778, 0.0010437127802860953, 0.006521952722749582, -0.16674776712796094, -0.30397256131513867, -0.9379743408672507, -0.3974395326588661, 0.8913095301321954, -0.21819518641672012, 0.9023508187161695, 0.3364045235472309, -0.2694345866796229
0.00022875057551078278, 0.0010415677633350759, 0.0065153338001334195, -0.17638476001658987, -0.31879528995922257, -0.9312668680532479, -0.3993759222307118, 0.8879043945526497, -0.22830825406993288, 0.8996595407020694, 0.33165546766774073, -0.2839319664811163
0.00022750551080719163, 0.0010393174512153553, 0.006508760173778581, -0.1855567893513473, -0.3355035840881778, -0.9235832517914163, -0.40180809591554995, 0.8836413320646826, -0.24026703961149878, 0.8967267878135123, 0.3265200473645382, -0.2987737048113836
0.00022619495315227305, 0.0010369478435501417, 0.006502237054334549, -0.19391343012105502, -0.3496166924165398, -0.9166055585705366, -0.4039238702424979, 0.8799203037785283, -0.2501714732870726, 0.894003964570073, 0.32172725620006354, -0.3118468918411248
0.00022482440389766142, 0.0010344768084243532, 0.006495758632162926, -0.20124858075531385, -0.3578980640432624, -0.9118157623654335, -0.4050414166144566, 0.8779572439336902, -0.2552107534006221, 0.8918746882667578, 0.31796234616451635, -0.3216511881691566
0.00022340130734190943, 0.0010319459905654708, 0.006489310875532631, -0.20760406869699244, -0.3603543827061686, -0.9094202931125469, -0.40508162807458115, 0.877887475449464, -0.2553868732832867, 0.8903984643163426, 0.3153700989526797, -0.32822595179186526
0.00022193315432227724, 0.0010293976042143346, 0.006482879555771761, -0.2130048316212412, -0.35701818758772513, -0.9094871936633206, -0.40399346161395033, 0.8797318704518139, -0.25072119791619274, 0.8896168977032666, 0.3140220531155876, -0.331620152400132
0.00022042743567602538, 0.0010268738636117845, 0.006476450444208408, -0.2174483238859305, -0.3478622573347357, -0.9119803048099128, -0.401737735479345, 0.8834241893781647, -0.24118145350225528, 0.8895633863481159, 0.3139323996396593, -0.3318485047809587
0.00021889164224041428, 0.001024416982998661, 0.006470009312170672, -0.22090147507300553, -0.3328037850452953, -0.9167574264602907, -0.39828810351515664, 0.888808155757301, -0.22668623438048763, 0.8902635143084717, 0.3150582532149101, -0.32889082105206197
0.00021733326485270433, 0.0010220691766158042, 0.006463541930986645, -0.2232991364318862, -0.31171893725152583, -0.9235631000790109, -0.39363444050354823, 0.8956304857271646, -0.20711822779654585, 0.8917339417776092, 0.31729692276305266, -0.3226968234843117
0.00021575979435015596, 0.001019872658704054, 0.006457034071984424, -0.22454450149195587, -0.2844689094481256, -0.9320178144258419, -0.38778864053657125, 0.9035316602091273, -0.1823472217242042, 0.8939797185174431, 0.320480855211559, -0.3131968778936674
0.00021417872157002957, 0.0010178696435042506, 0.006450471506492103, -0.2244878827439528, -0.2511025598460959, -0.9415692725125832, -0.38082824167411494, 0.9119968102475716, -0.15241938341843786, 0.8969810705051358, 0.3243598657925988, -0.30035917934777373
0.00021259771430592753, 0.0010161011962887539, 0.006443840289513699, -0.22164463155826636, -0.22112999004419467, -0.9497237413082052, -0.374875848383132, 0.9184239969745327, -0.12635450162281767, 0.9001898441997819, 0.32802269629459785, -0.28646004104446166
0.00021103469409617574, 0.001014541805289787, 0.0064371429136697205, -0.21408984892039687, -0.20931374341335662, -0.9541243595085125, -0.37305347855517185, 0.9202529693247375, -0.1181760322014988, 0.9027716426246051, 0.33063912240884513, -0.27510203926103705
0.00020952327014601635, 0.001013064099520514, 0.006430407020232158, -0.2019605999836827, -0.21651355900231162, -0.9551616589993461, -0.37530350714748184, 0.9179210920212616, -0.1287173117544599, 0.904632076358688, 0.3324796950050443, -0.26664219252084204
0.0002080970704449759, 0.0010115351301416091, 0.006423661886415858, -0.190560430633874, -0.23000472757220478, -0.954350327485179, -0.3785518066909925, 0.9141931627355376, -0.14473904400188747, 0.9057512086260874, 0.3336895061311199, -0.26127774794335495
0.00020675136550035605, 0.0010099108763647348, 0.0064169224287523524, -0.1860419077609273, -0.23544977327129632, -0.9539139441391817, -0.3798165215469349, 0.9126243283201038, -0.15118282084372647, 0.906161033435372, 0.3341859357076158, -0.2592140849926252
0.00020543779926221665, 0.0010082484612848799, 0.006410187230397357, -0.18878352961906034, -0.23212199260884417, -0.9541908401844303, -0.37904191507662366, 0.9135884693046392, -0.1472526243183866, 0.9059183216822668, 0.3338794532475845, -0.26045442046446254
0.00020410564944834886, 0.0010066104938738856, 0.006403453988611323, -0.19877182435517665, -0.219969399978434, -0.9550409545750604, -0.3761000185498291, 0.9169943643127157, -0.13292897301016277, 0.9050074794659617, 0.3327683862566367, -0.2650031381301378
0.000202704193776544, 0.0010050595831035923, 0.006396720400654694, -0.21590694797517004, -0.1988641853601771, -0.9559483383515452, -0.37062854339096646, 0.9224585172773571, -0.10818857022047444, 0.9033375186716966, 0.33094307619814795, -0.27286994645172846
0.00020118277285258423, 0.0010036582565808906, 0.0063899841662822835, -0.23595778655844415, -0.17393855849783701, -0.9560697154654227, -0.3636150734702415, 0.9281828053565964, -0.07912495298949411, 0.9011703508813806, 0.3289712110626906, -0.2822586420010486
0.00019951933091987082, 0.0010024320343140134, 0.006383244119774394, -0.2485468868936494, -0.15887267459321475, -0.95550191956012, -0.3590744034674709, 0.931284244887091, -0.061442884043318206, 0.899605478968395, 0.3278248442273392, -0.2885149107366297
0.00019776556391211744, 0.0010013110158268483, 0.006376502020674651, -0.25223802609534784, -0.1559442659111029, -0.9550169444156317, -0.35806260356509184, 0.9319191142965506, -0.05760153068209848, 0.8989811733955894, 0.32742655716691654, -0.29090324773386333
0.00019598489354419871, 0.0010002101297405855, 0.006369760093614302, -0.24709937364449247, -0.16516601818758866, -0.9548099737542317, -0.3606634336732854, 0.9302445748919327, -0.06757897968394559, 0.89936854912516, 0.32766632008826396, -0.2894321950376638
0.00019424074153098894, 0.0009990443046764145, 0.006363020563224589, -0.2330782270978268, -0.18631725243397632, -0.9544424663112951, -0.36654623671449477, 0.9259156198129942, -0.09123662278252294, 0.9007321446486605, 0.3285820239023625, -0.2841046588228567
0.00019259603189348035, 0.000997729562477935, 0.006356285568101553, -0.21404102671226116, -0.21038547650072234, -0.9538995702701228, -0.3729806283656861, 0.920144049803816, -0.11924922840241192, 0.9028133194342557, 0.3302618338352112, -0.2754182843674405
0.000191085190185333, 0.0009962445240366223, 0.006349552320376642, -0.1962522517611396, -0.22392310855334535, -0.9546431244891931, -0.3767779995313529, 0.9160543010587967, -0.1374149066907644, 0.9052753132322975, 0.33272054184778904, -0.2641470202078372
0.00018969923582078823, 0.0009946631551257593, 0.006342810528661667, -0.1803381282617541, -0.2259336391810215, -0.9573046276820494, -0.37813606335231587, 0.9143916253095078, -0.14457203448886724, 0.9080150202983763, 0.33591955324192846, -0.25033333110531386
0.00018842554252219133, 0.0009930674295577596, 0.0063360492713460505, -0.166303305149645, -0.2164538457260792, -0.962024398529837, -0.37746669877802863, 0.9152743427150725, -0.14068322174697703, 0.9109676734165275, 0.3397360891013535, -0.23391726689621734
0.00018725148401188728, 0.000991539321145037, 0.006329257626819216, -0.15408497488899467, -0.1953993155485752, -0.9685437150674233, -0.3751122044262381, 0.9184292616996119, -0.12561260026125498, 0.914083505268499, 0.3439575536851226, -0.2148128177251068
0.00018616443401222143, 0.0009901608037000051, 0.006322424673470592, -0.14359211405756028, -0.16289696404034618, -0.9761382503963867, -0.37138810199681516, 0.9231394424873034, -0.09942055833394807, 0.9173070273772485, 0.3482501239492513, -0.1930535384126571
0.00018515166120493747, 0.0009890118714160007, 0.006315539850563431, -0.13555389946603466, -0.13344760179867943, -0.9817417572425721, -0.36814494582046436, 0.9267273535538826, -0.07513794675038983, 0.9198339193606635, 0.3512380243498676, -0.17474956665011313
0.00018419499844813444, 0.0009880700737168687, 0.006308611272487463, -0.13131310399973317, -0.12854722488366005, -0.9829712506948842, -0.367743226335205, 0.9271266868024999, -0.07211813990386563, 0.920609465627271, 0.3520109623198247, -0.169016254260179
0.00018326831684763596, 0.0009871629110311472, 0.006301674406751353, -0.1309726987715696, -0.14968077487724252, -0.9800213353844088, -0.3704272813133242, 0.9243269567307092, -0.09166954957762823, 0.9195813076804634, 0.3510204305921439, -0.17650743857298148
0.0001823451263118426, 0.0009861078524116566, 0.006294766505866754, -0.13254461744592483, -0.18416931099964914, -0.9739166233677439, -0.37483986820125986, 0.9189264401327947, -0.12275695838416463, 0.917565800143497, 0.34879200465432675, -0.19083275373017217
0.00018141154581396412, 0.0009848106524168916, 0.00628790670587143, -0.13343357707683878, -0.21429310073125796, -0.967612498620942, -0.3787421098566793, 0.9132612473124403, -0.15002769203929278, 0.9158328967283227, 0.3464568676420035, -0.20302153613324098
0.0001804713537754951, 0.0009833007126279706, 0.006281088770030569, -0.13351402376350713, -0.23876212962075144, -0.9618558368682081, -0.3819395615223316, 0.9079707481360582, -0.17236963733029054, 0.914492305491198, 0.34435703272651524, -0.21241953113869497
0.00017952964696966517, 0.000981616665393827, 0.006274304567425676, -0.132844466570791, -0.2576559892776795, -0.9570609901625194, -0.38442621949619743, 0.9034220525754383, -0.1898554099419965, 0.9135473876408291, 0.3426980976161414, -0.2190643385512443
0.00017859152216970423, 0.0009797971430633952, 0.006267545967138263, -0.13147093964342624, -0.27107148970614975, -0.9535384834907101, -0.3862112169371802, 0.8998920834445313, -0.20257130612641872, 0.9129930382764028, 0.34163501814414404, -0.22300050770451946
0.00017766207614884204, 0.0009778807779856078, 0.006260804838249832, -0.12942500265616394, -0.27909542246397323, -0.9515013998135307, -0.38731516868225974, 0.897572969671517, -0.21059374212850374, 0.91281768650486, 0.3412748295358308, -0.2242662746139174
0.0001767464056803084, 0.0009759062025093985, 0.006254073049841898, -0.12672306250753712, -0.28178608961904045, -0.951071955808771, -0.3877677365583066, 0.8965777184365877, -0.21397330975495668, 0.9130046264467441, 0.341679666501027, -0.22288462842149617
0.0001758496075373331, 0.0009739120489837007, 0.006247342470995964, -0.12336666848287733, -0.27916281325490505, -0.9522860855872266, -0.38760642671885204, 0.8969442645669434, -0.21272574885685142, 0.9135326611970035, 0.3428689399115528, -0.2188583262529643
0.00017497677849314598, 0.0009719369497574483, 0.00624060497079354, -0.11934359071673131, -0.27120276100772306, -0.9550948485761115, -0.3868765228805183, 0.8986368629373299, -0.20682926440432567, 0.9143761060956904, 0.34482002695890873, -0.21216853114762418
0.00017413301532097667, 0.000970019537179574, 0.006233852418316131, -0.11462965539576468, -0.2578448539022828, -0.9593623264543791, -0.38563199255278807, 0.9015445283630761, -0.19622800436829924, 0.9155042372504973, 0.34746725701094383, -0.20277696339001644
