10.052926063537598, 20.929256439208984, 37.55293273925781, -0.24732852558182641, -0.12859502807967269, -0.9603603069612509, -0.4613312199930699, 0.8872279895283525, 7.561973593141706e-06, 0.8520575719358556, 0.44304606233513233, -0.27876169169401405
10.0441947530321, 20.92549274545782, 37.519972870391086, -0.24389098363027706, -0.13740058460919974, -0.960019930758162, -0.46364922040618617, 0.8859729981253145, -0.009013712308320416, 0.8517902256545281, 0.44291412930938606, -0.2797864999200582
10.035740542659504, 20.92104855165679, 37.48709575149248, -0.2398602403530783, -0.1475782963085218, -0.9595247321233765, -0.4662979958806569, 0.884413604863535, -0.019461617866192243, 0.8514888397010535, 0.44275639124801003, -0.2809511236382454
10.02754840637286, 20.915966648110874, 37.4542955223108, -0.23526727752064377, -0.15899339303414112, -0.9588380515496429, -0.46922570473529446, 0.882526691477304, -0.031206999948566193, 0.8511618801048898, 0.44256947454791173, -0.28223343893786695
10.019603318125217, 20.91028982512504, 37.42156632259477, -0.23014413367135783, -0.17150899370163547, -0.9579239754887192, -0.472379355018802, 0.8802904533866293, -0.04411873330438211, 0.8508180902453125, 0.44234984204339334, -0.28361099159853503
10.011890251869627, 20.90406087300427, 37.388902292093164, -0.22452448580522294, -0.18498608866952343, -0.9567491323605428, -0.47570566134658476, 0.8776860269306345, -0.05806342991527506, 0.8504662715456203, 0.44209431700652846, -0.28506093354548334
10.004394181559137, 20.89732258205353, 37.356297570554744, -0.21844414996593467, -0.1992836345484615, -0.9552843484255437, -0.4791518735350628, 0.8746989785099504, -0.0729052747165008, 0.8501150718776249, 0.44180055454334205, -0.2865600016954496
9.997100081146792, 20.890117742577797, 37.32374629772825, -0.21274738899484902, -0.21229459081749588, -0.9537659855465105, -0.48222017784354776, 0.8717711816071586, -0.08647951780506005, 0.8498248340431171, 0.4415269115568048, -0.2878397780271134
9.989992924585655, 20.882489144882054, 37.29124261336248, -0.2074507731043265, -0.2240204180368016, -0.952249457359275, -0.48492968212555204, 0.8689564725700364, -0.09878184130826251, 0.849592478857969, 0.44128165731339475, -0.288899842136882
9.983057685828767, 20.874479579271267, 37.25878065720617, -0.2025680972313252, -0.23446573530499823, -0.9507849309659714, -0.4872997528057997, 0.8663027360349815, -0.10981129474562999, 0.84941457304398, 0.4410729968000667, -0.2897403917204529
9.97627933882918, 20.866131836050414, 37.22635456900807, -0.19811067698760396, -0.24363733894839554, -0.9494171931946765, -0.4893492263013473, 0.8638521130925, -0.11956948366491993, 0.8492876393671265, 0.44090857757109625, -0.2903620702544439
9.969642857539938, 20.857488705524467, 37.19395848851696, -0.19408764206092227, -0.25154331955914633, -0.9481856071383895, -0.4910957288276011, 0.8616412618375265, -0.1280598337743822, 0.8492084386807038, 0.44079507062148543, -0.2907657706630564
9.963133215914104, 20.84859297799841, 37.16158655548162, -0.19050621668086287, -0.2581922849496239, -0.9471241341019858, -0.4925551001510032, 0.8597016447002934, -0.13528693734003192, 0.8491742192984779, 0.44073782012904533, -0.29095243457774667
9.956735387904711, 20.8394874437772, 37.12923290965076, -0.18737197902337976, -0.26359269218761017, -0.9462613984001196, -0.4937406863192795, 0.8580599392097726, -0.14125606321955936, 0.8491830639796281, 0.44074032416901576, -0.2909228256798733
9.950434347464821, 20.830214893165827, 37.09689169077317, -0.18468909342347212, -0.26775228874388834, -0.9456207752808868, -0.49466415492374355, 0.8567376918140445, -0.14597226194973417, 0.8492333675757181, 0.44080521695818514, -0.29067756724324767
9.94421506854748, 20.82081811646926, 37.064557038597606, -0.18246051094831303, -0.2706776607958767, -0.9452204853316251, -0.4953354055816152, 0.8557514554315697, -0.1494398959583645, 0.8493238474938621, 0.4409342926931658, -0.29021707669501523
9.93806252510574, 20.811339903992472, 37.03222309287284, -0.18068813524794866, -0.27237388572287907, -0.9450736818665721, -0.495762507335756, 0.8551129112912358, -0.1516622736978176, 0.849453550290293, 0.44112852471728364, -0.28954151788641513
9.931961691092644, 20.80182304604044, 36.99988399334761, -0.1793729516686534, -0.27284428561733537, -0.9451885208865165, -0.49595165843022626, 0.8548289652883229, -0.15264138562134236, 0.8496218551273167, 0.44138807857718715, -0.2886507706207552
9.92589754046125, 20.792310332918138, 36.967533879770684, -0.17851511842770018, -0.2720902790359023, -0.9455682061844661, -0.4959071648823593, 0.8549018119996153, -0.15237774003480603, 0.8498284746412565, 0.44171231802377803, -0.28754441708191114
9.919855047164601, 20.78284455493054, 36.93516689189083, -0.17811401926325116, -0.27011132904271035, -0.9462110050430986, -0.4956314353087919, 0.8553289622659691, -0.15087029741724245, 0.8500734535765936, 0.4420998034740584, -0.28622174496806135
9.913819185155754, 20.77346850238263, 36.90277716945682, -0.178168277449585, -0.2669049866851319, -0.9471102327571259, -0.49512499053647696, 0.8561032329053544, -0.1481165026432034, 0.8503571653469507, 0.4425482828930761, -0.2846817673323824
9.90777492838775, 20.76422496557936, 36.87035885221738, -0.17867573147390065, -0.2624670302225778, -0.9482542069658363, -0.49438648761127935, 0.8572126997251046, -0.14411241548659123, 0.8506803064898405, 0.4430546754929216, -0.282923259337604
9.901707250813644, 20.755156734825725, 36.83790607992129, -0.1796333730712575, -0.2567917015414381, -0.9496261755546207, -0.49341260021056704, 0.8586407003355918, -0.1388529930561507, 0.8510439807862397, 0.44361488900470564, -0.2809447864276061
9.895601126386488, 20.746306600426692, 36.805412992317315, -0.1810372487744246, -0.24987204207159963, -0.9512042247315535, -0.4921970820189757, 0.8603662460232295, -0.1323327440805992, 0.8514502610300809, 0.44422278790587105, -0.2787446281041893
9.88944152905933, 20.737717352687238, 36.772873729154206, -0.18288232671836072, -0.24170033100379373, -0.9529611768412894, -0.4907304132827744, 0.8623641251066463, -0.12454628540573139, 0.8519024099351968, 0.44486971769463585, -0.276320861002022
9.883213432785212, 20.729431781912336, 36.74028243018073, -0.18516233120015654, -0.23226862851903066, -0.954864490548482, -0.4890003934952402, 0.864604520360781, -0.11548869439561721, 0.8524045555169352, 0.44554495573128483, -0.27367163929860117
9.876901811517197, 20.72149267840696, 36.70763323514565, -0.1878603689094416, -0.22169714032054327, -0.9568483995737789, -0.4870158741726219, 0.8670259724790974, -0.105268710216058, 0.8529501861756555, 0.44622454103328835, -0.2708498456387704
9.870491639208325, 20.713942832476086, 36.67492028379771, -0.19090958308668035, -0.21082485552962446, -0.9587003762263698, -0.4849129862511951, 0.8694276503566944, -0.0946306322507968, 0.853471104871523, 0.44682036780584466, -0.26821378052447564
9.863967889811647, 20.706825034424682, 36.64213771588568, -0.1942332589222263, -0.20074949167992404, -0.9601942942543991, -0.4828814066284016, 0.8715948147107859, -0.08454599991630055, 0.8538729344937851, 0.44723832635354827, -0.26623089824332824
9.857315537280218, 20.700182074557738, 36.609279671158326, -0.19776313043394078, -0.1925802810436569, -0.9611464922654165, -0.4811234544067974, 0.8733527508649788, -0.07599469834300619, 0.8540550133689507, 0.44740117110901745, -0.26537186405050794
9.850519555567082, 20.694056743180212, 36.57634028936441, -0.20143640927410714, -0.18743387143147708, -0.9614010177126728, -0.4798555816408473, 0.874553644603986, -0.06996101398642834, 0.8539098276673472, 0.4472409490980155, -0.26610813528155774
9.84356796870338, 20.688447910853526, 36.543322615683515, -0.20519681006477034, -0.18639028830025867, -0.9608084770476315, -0.47930036217756494, 0.8750596288388676, -0.06739294319762586, 0.8533260994225464, 0.4466870340671753, -0.2688963771428923
9.836465894297632, 20.68310830836351, 36.5102796040735, -0.20900406705795535, -0.18766188899376995, -0.9597397123035619, -0.4791716826968651, 0.87517730930906, -0.06677706022286928, 0.852473928313757, 0.4459234157227493, -0.27283788016964877
9.829224401124684, 20.677704972395404, 36.477281584342485, -0.21121146094011195, -0.19142171237522967, -0.9585131437799267, -0.4796797671945598, 0.8747272073944187, -0.06899009775420402, 0.8516437281585044, 0.4452078623242143, -0.2765735338259736
9.8218545640078, 20.67190485253973, 36.44439890395839, -0.2114371795475137, -0.198043762811996, -0.9571170185072765, -0.48092817498264107, 0.8735875202687166, -0.07451801754354918, 0.8508833113963739, 0.4445486615006511, -0.27995370678939224
9.81436745777026, 20.665374898387004, 36.41170191038914, -0.2097389602114346, -0.20740339125033058, -0.9555068821663654, -0.48286664888457553, 0.8717299444631559, -0.08322681852169439, 0.8502054857294243, 0.443926499799376, -0.2829839126372176
9.806771796818825, 20.657793734405587, 36.37925874867389, -0.20617870053394982, -0.2192385489590006, -0.9536376681405175, -0.48540498660974263, 0.8691275952160459, -0.0948642303946465, 0.8496307094382403, 0.44334149578437265, -0.28561508310162415
9.79906345079095, 20.649811598451876, 36.34692377038714, -0.20087050897938089, -0.23256486690790298, -0.9516115916183838, -0.48830918993822753, 0.8658942239751474, -0.10854182561736013, 0.8492379958787976, 0.4428778336816901, -0.28749617526008375
9.791795708160167, 20.64141870539979, 36.314605834886, -0.19395606063927381, -0.24615829691389546, -0.9496247360940767, -0.4913008662240535, 0.8622383251755901, -0.12316058397834956, 0.8491198415940998, 0.44266371373633495, -0.28817413338529724
9.78508379416218, 20.63253091146993, 36.282304582014184, -0.18558852724018954, -0.25880981088587907, -0.9479316327383704, -0.4941260199490223, 0.8584270808368577, -0.13763147639711407, 0.8493505607027971, 0.44285486186235606, -0.28719887945240613
9.778888192599394, 20.623229421839262, 36.250008927182556, -0.1759309588668176, -0.2693243632322442, -0.9468435378042924, -0.4965679339139546, 0.8547851933879033, -0.15087266211355624, 0.8499815202230157, 0.4436289671948295, -0.28412102130081884
9.773169387274226, 20.613595441684723, 36.21770778580196, -0.16514659215909583, -0.2765501694233881, -0.946703019373094, -0.49846075847519683, 0.8516723780169396, -0.16183643836695888, 0.8510367062345601, 0.44516756880400254, -0.27850019807275705
9.76788786198908, 20.603710176183256, 36.18539007328327, -0.1533286143647179, -0.28213253674698674, -0.9470435933607839, -0.5000961098464638, 0.8487408110941284, -0.17188052972839835, 0.8522876374402185, 0.44725861343521534, -0.27122963660813204
9.763004100546372, 20.59365483051182, 36.153044705037345, -0.14221384524147823, -0.2858253027933186, -0.9476703638421646, -0.5013499902415691, 0.8463105679714161, -0.18001835968777596, 0.8534772460390561, 0.4495134245192314, -0.2636555929059384
9.758478586748504, 20.583510609847348, 36.120660596475034, -0.1322360791599191, -0.2873111408584672, -0.948665340205395, -0.5021961860697094, 0.8445617708294637, -0.18578053167767108, 0.8545832961540083, 0.4518492266143723, -0.2559680963373057
9.754271804397895, 20.573358719366787, 36.088226663007205, -0.12332797588618878, -0.2869097771486931, -0.949985784178007, -0.50272047080338, 0.8434305958928476, -0.1894649259020359, 0.8556064157070373, 0.45421097486556106, -0.24825400643823078
9.750344237296952, 20.5632803642471, 36.055731820044706, -0.11541634115485101, -0.28494660668201927, -0.9515694927512282, -0.502995931741548, 0.8428343861042901, -0.19137735041445358, 0.8565478158549463, 0.45654751005849015, -0.24060384496826684
9.746656369248086, 20.55335674966522, 36.023164982998416, -0.1084262920683418, -0.28174384818685355, -0.9533436647910206, -0.5030873137570314, 0.8426788898408007, -0.1918213839836678, 0.8574070759709445, 0.4588166220022317, -0.23311030318159773
9.743168996733818, 20.543667664448403, 35.99051533119334, -0.10228244110543282, -0.2776218274323215, -0.9552300367841517, -0.5030436039330602, 0.8428684620888904, -0.1911017743453656, 0.8581872958646919, 0.4609760043093859, -0.22586652843527086
9.739853485981751, 20.534245019562697, 35.957780965230384, -0.0969096172062844, -0.27290009510134144, -0.9571489247690822, -0.5029075169882198, 0.8433060341633085, -0.1895229856785086, 0.8588903046662449, 0.4629907891496672, -0.2189679741717807
9.736694080895397, 20.525062393859585, 35.92497085496966, -0.0922332543197526, -0.2678982984803138, -0.9590221730851382, -0.5027173379190141, 0.8438959183186915, -0.1873898535157976, 0.8595163203530273, 0.46483349784240485, -0.21251238629874586
9.733675805295945, 20.516089833391057, 35.89209462855212, -0.08817954395604931, -0.26293679104323964, -0.9607750058903421, -0.5025064160490387, 0.8445467007565333, -0.1850085729657008, 0.8600649218851177, 0.46648163324737485, -0.20659916743687046
9.730783683004589, 20.507297384209096, 35.85916191411875, -0.08467542047345684, -0.25833699733203636, -0.9623367752388509, -0.5023040886113047, 0.8451722041071532, -0.18268702189543493, 0.8605351101099884, 0.46791659642945344, -0.20132904175470112
9.728002737842514, 20.498655092365667, 35.82618233981048, -0.08164936616555409, -0.25441748453802954, -0.9636415954939392, -0.5021361549151809, 0.8456923889371372, -0.18073091938236666, 0.860925468859971, 0.46912272046356873, -0.19680246495686915
9.725317993630911, 20.490133003912764, 35.79316553376828, -0.07906191858260175, -0.2513601507210865, -0.9646591562098558, -0.5020151709601098, 0.8460657440424457, -0.17931403984014863, 0.8612374708266761, 0.4700966192043668, -0.19307819000781742
9.722714474190969, 20.481701164902365, 35.76012112413311, -0.07691204067703476, -0.24917881232087014, -0.9653986003145306, -0.501940352046297, 0.8462932848035547, -0.17844763681273257, 0.8614757228074008, 0.47084774140561625, -0.19016304432432807
9.720177203343878, 20.47332962138644, 35.72705873904593, -0.07520065578847178, -0.24787617787571026, -0.9658686566043609, -0.5019109255967693, 0.8463771034220976, -0.17813259547150267, 0.861643942783548, 0.4713843434444434, -0.18805987509267613
9.717691204910832, 20.464988419416986, 35.6939880066477, -0.07392837469302756, -0.24745409909019855, -0.9660750821021654, -0.5019265229782195, 0.8463179779111191, -0.17836940823871597, 0.861744951215986, 0.4717121464493923, -0.18677068813350975
9.715241502713017, 20.45664760504598, 35.6609185550794, -0.073095548434987, -0.24791364326039592, -0.9660206345023619, -0.5019869628134255, 0.8461154844179439, -0.17915824344288717, 0.8617807899717543, 0.47183409426783196, -0.18629669219316147
9.712813120571623, 20.4482772243254, 35.62786001248195, -0.0727023007850184, -0.24925512484601497, -0.965705057560828, -0.5020921715175597, 0.8457680387927061, -0.18049896359126516, 0.8617527642899361, 0.47175025945380994, -0.18663832924647855
9.71039108230784, 20.43984732330722, 35.59482200699634, -0.0727485401762269, -0.2514780958048136, -0.96512507854299, -0.5022423321928854, 0.8452728169048142, -0.18239107641343563, 0.8616613543937545, 0.47145798575502507, -0.18779530881290787
9.707960411742857, 20.431327948043425, 35.56181416676352, -0.07323395106750062, -0.25458129459481604, -0.9642744178155254, -0.5024380075765198, 0.8446256934416859, -0.18483367258345584, 0.8615061444665267, 0.47095201711063794, -0.18976659512633265
9.705506132697861, 20.422689144585995, 35.528846119924445, -0.07414719933874252, -0.25854113806044343, -0.9631503894826765, -0.5026791242339937, 0.8438248379005301, -0.1878119831147339, 0.8612873451349241, 0.47022986174056913, -0.19253048132147652
9.70301326899405, 20.41390095898692, 35.495927494620105, -0.07541919934357988, -0.26321885338469064, -0.9617836448979687, -0.5029603487325158, 0.842886945456522, -0.19123933900178594, 0.8610126781721854, 0.46931591961260244, -0.19595850485482358
9.70046684445261, 20.40493343729817, 35.46306791899142, -0.07696172712013252, -0.26843762531255855, -0.9602177533639131, -0.5032741501449356, 0.8418361050736085, -0.19500538964446415, 0.8606927572337176, 0.46824482219353036, -0.1998868783446528
9.697851882894726, 20.395756625571728, 35.43027702117937, -0.07868669976068128, -0.27402116163205725, -0.9584992468742948, -0.5036123481985544, 0.8406982420501065, -0.1990001722506754, 0.8603388902186803, 0.46705338965869675, -0.20415221082714527
9.695153408141593, 20.386340569859577, 35.397564429324916, -0.08050629247892362, -0.2797940763569284, -0.9566786355442832, -0.5039660634083112, 0.8395015118022422, -0.20311429938455816, 0.8599633386395191, 0.465781586709182, -0.20859187347221547
9.692360096896438, 20.37666254899464, 35.36493723730712, -0.08233302426848302, -0.2855821746691957, -0.9548110256097896, -0.5043257834040137, 0.8382764873962999, -0.2072390766058586, 0.8595794188489702, 0.4644731985698788, -0.2130442923467623
9.689480151321225, 20.366738502616418, 35.33238899281719, -0.08407981992399126, -0.2912126487787353, -0.9529563353442917, -0.5046815003117091, 0.8370561636758747, -0.2112665664400064, 0.8592014706252962, 0.46317617819086965, -0.21734916800353343
9.686528270616387, 20.356597234633107, 35.299908736092554, -0.08566003995749932, -0.29651416159470645, -0.9511791153764195, -0.5050228165054433, 0.8358758359267829, -0.21508961323739262, 0.8588447545181778, 0.46194257098419733, -0.2213475745273052
9.683519158375818, 20.346267557652045, 35.26748550432255, -0.08698746970818372, -0.3013167947456258, -0.9495479815775452, -0.5053389805083709, 0.8347728756918137, -0.21860183162082594, 0.8585253024183551, 0.4608279887479081, -0.2248819021042597
9.68046751819343, 20.335778284280586, 35.235108334696555, -0.08797626171600403, -0.30545184309470347, -0.948134668137668, -0.5056189614599242, 0.8337863471547068, -0.2216975261715801, 0.8582596595358918, 0.45989074664365603, -0.22779564957407716
9.67738805366311, 20.325158227126067, 35.20276626440391, -0.08855148721592201, -0.3087724847750364, -0.9470048504404285, -0.5058529028996379, 0.8329521166348736, -0.22428466737941222, 0.8580626286815305, 0.45918441179915287, -0.2299526064666546
9.674295468378764, 20.314436198795843, 35.17044833063399, -0.08869524080520425, -0.311244518624842, -0.9461818027654607, -0.5060380841001159, 0.8322829570405736, -0.22634163748652794, 0.8579385827078714, 0.4587286006407156, -0.231321117184359
9.671204465934288, 20.30364101189725, 35.13814357057614, -0.08835252874797712, -0.3128552892455614, -0.9456825041497352, -0.5061755890185649, 0.831778723978297, -0.22788248598509023, 0.8578928276571304, 0.4585474046683855, -0.23184946393369377
9.668129749923581, 20.292801479037635, 35.10584102141969, -0.08728181051164267, -0.3135401785912332, -0.945555097264452, -0.506270520270053, 0.8314242667696526, -0.22896254919098688, 0.8579464119974507, 0.4587224052033244, -0.23130436464791926
9.665086023940543, 20.28194641282434, 35.07352972035403, -0.08520171126358156, -0.31322196196425356, -0.9458502370571257, -0.5063293696385932, 0.8312001168157231, -0.2296452378058666, 0.8581207594733635, 0.45934558705705647, -0.22941315091351247
9.66208799157907, 20.271104625864712, 35.0411987045685, -0.08182901416288613, -0.3118201268604644, -0.9466109131664677, -0.5063600101206268, 0.831085211063394, -0.22999328708106387, 0.8584308665185385, 0.46050578762534333, -0.22590012609955162
9.659150360176161, 20.260304931960196, 35.00883701112357, -0.07687831587431736, -0.30924954202302346, -0.9478683691878735, -0.5063740152499023, 0.8310559109912176, -0.23006831482463833, 0.8588801320487164, 0.46228864745428, -0.22048611114279326
9.656307235423306, 20.24958233322874, 34.97643300907744, -0.07006224126049336, -0.3054191790749034, -0.9496369871707654, -0.5063805270004035, 0.8310894979307795, -0.22993261687711591, 0.8594591579734026, 0.4647680835453065, -0.2128863177690688
9.653657325446863, 20.238992440769067, 34.943972842837226, -0.06109245288709925, -0.30023102781985245, -0.9519081059295967, -0.5063824218920278, 0.8311664479745309, -0.22965012205562996, 0.8601421713873829, 0.46799964283708206, -0.20280971205877138
9.651312770088046, 20.228595150564097, 34.911442194275125, -0.050660863519989933, -0.2938050361449002, -0.9545219105098126, -0.5063613071672518, 0.8313535702516075, -0.22901848797373867, 0.860831983322693, 0.47173068796273926, -0.19088859191402643
9.649385709188074, 20.218450358596765, 34.87882674526337, -0.04232070690871457, -0.2870484382919694, -0.9569807478945896, -0.5062819625647345, 0.831915563407605, -0.227145481447041, 0.8613289337694093, 0.47488913383478115, -0.18053470142137173
9.647988282588155, 20.208617960849985, 34.84611217767416, -0.03625122448292485, -0.28025550098482677, -0.9592406908024869, -0.5061692175616002, 0.8327876974559864, -0.2241815651632262, 0.8616719630558756, 0.4774112536730782, -0.17204628141791917
9.647232630129512, 20.1991578533067, 34.81328417337973, -0.03229980222569226, -0.2736497041270471, -0.9612869302176956, -0.5060367284678334, 0.8338826087928777, -0.22037836598531343, 0.8619069278163122, 0.47932831565010237, -0.16541104436609577
9.64723089165335, 20.19012993194983, 34.78032841425226, -0.03049677503511718, -0.26750374123392445, -0.9630740860070481, -0.505885830566877, 0.8351325153272864, -0.2159472349320106, 0.8620611771470273, 0.48061983965393423, -0.16079520075831857
9.64775917471368, 20.1815119957173, 34.74725736086884, -0.030911394101584715, -0.26209836854227786, -0.964545971388701, -0.505711480222255, 0.8364785108894384, -0.21109144840945943, 0.8621487020729732, 0.4812568399801337, -0.1584028708269636
9.64761472100461, 20.17300376542307, 34.71417052841175, -0.033615420025105924, -0.25771185904497784, -0.9656368889205285, -0.505508975542279, 0.8378656119830644, -0.20601430023772754, 0.8621662711929361, 0.4812128572303804, -0.15844086232232613
9.646754430293853, 20.164539824009935, 34.681086280581766, -0.038683575358846874, -0.2546202155054938, -0.9662671094751143, -0.5052825272362548, 0.8392385325048963, -0.20091852385673983, 0.8620865088070917, 0.4804656402022562, -0.16111989299225696
9.645265446995476, 20.15608435103015, 34.64801311864695, -0.046191514225684766, -0.25309634862245367, -0.9663377164984919, -0.505038298999529, 0.8405456141212538, -0.1960086404350239, 0.861860000555311, 0.478983620696476, -0.16664942408329467
9.643234915523546, 20.147601526035935, 34.61495954387532, -0.05621070352026072, -0.2534075409598463, -0.9657251032226724, -0.5047806897563588, 0.8417404606204352, -0.1914926949092109, 0.8614155861480869, 0.476715444619934, -0.17523005678811696
9.640749980292131, 20.13905552857952, 34.5819340575349, -0.06782285908470924, -0.2555838541443591, -0.9644049736942933, -0.5045364385307989, 0.842707212337454, -0.18784977101155723, 0.8607223954215628, 0.47383694218069583, -0.18610618002800142
9.637897785715296, 20.130410538213138, 34.54894516089374, -0.07726539853121542, -0.2588940104562559, -0.9628104432024449, -0.5044253061700623, 0.8431324267370781, -0.186233244829393, 0.8599913770992423, 0.47127656671462215, -0.1957376534564233
9.634765476207113, 20.121630734489038, 34.51600135521986, -0.08421917719788664, -0.2632168346765959, -0.9610536031538224, -0.5044886546493326, 0.8429971142162471, -0.18667367986190792, 0.8593010691964823, 0.46911913557849383, -0.20378643014653686
9.631440196181648, 20.112680296959446, 34.48311114178133, -0.08891558812816365, -0.2683469410747349, -0.9592100590609209, -0.5047192256699704, 0.8423687898788502, -0.18887383375456498, 0.858692332227864, 0.4673379302537665, -0.21033957668303288
9.62800909005297, 20.103523405176592, 34.450283021846154, -0.09161707610325218, -0.2740444988896879, -0.9573431589532516, -0.5050887449889118, 0.8413263887101101, -0.19249744763380774, 0.858190929252819, 0.46590720136986985, -0.2154966557974362
9.624559302235143, 20.094124238692718, 34.41752549668239, -0.0925851883832587, -0.2800668310093101, -0.955505391434522, -0.5055598164233754, 0.8399509271604199, -0.19720981714994298, 0.8578095679753167, 0.46480642221332696, -0.21935755049518366
9.62117796252434, 20.084446990495415, 34.384847063964614, -0.0920806359633976, -0.28616989184005615, -0.953744174024055, -0.5060930322502909, 0.8383267079975255, -0.20267751075474008, 0.8575494150125008, 0.4640206069371083, -0.22202224471758547
9.61793248934078, 20.074473970388446, 34.35225137584952, -0.09036355757323392, -0.29210947176500174, -0.9521063406825313, -0.5066516164534864, 0.8365425410002439, -0.2085682541565815, 0.8574022200856364, 0.4635392470999913, -0.22359069611724716
9.614831631214818, 20.064241411940618, 34.31972766206039, -0.08769381604946953, -0.2976421104923343, -0.9506413459808861, -0.5072006065762953, 0.8346945735144061, -0.2145518903068483, 0.8573548502897268, 0.46335099331637647, -0.2241618113716234
9.61187327016621, 20.05379553618058, 34.28726248107769, -0.08433124411119412, -0.3025256691207762, -0.9494032129657477, -0.5077081308719327, 0.8328866523066849, -0.22030042727124194, 0.8573917979040776, 0.4634415215886357, -0.22383310960272035
9.609055288214686, 20.043182564136938, 34.254842391381864, -0.0805358158857467, -0.3065195032442016, -0.9484512515098207, -0.5081467668867986, 0.8312293361085937, -0.2254875918869158, 0.8574968487767818, 0.4637926098197282, -0.22270062733296175
9.606375567379983, 20.032448716838342, 34.22245395145336, -0.07656770893236074, -0.3093842367746607, -0.9478495555647056, -0.5084943930119414, 0.8298378765070212, -0.22978805667339428, 0.8576542649717697, 0.4643818393840122, -0.22085893467563178
9.603831989681847, 20.02164021531341, 34.190083719772616, -0.07262998148141725, -0.310934224053123, -0.9476522537843147, -0.5087398020194448, 0.8288056232147578, -0.23294860542362744, 0.8578512106602316, 0.465189367075473, -0.21838075265163784
9.601422437140013, 20.010803280590785, 34.157718254820104, -0.06875473968900306, -0.31114148439794426, -0.9478732839662384, -0.5088910164799724, 0.8281531828610962, -0.2349302855381064, 0.8580808348379994, 0.46621162834455293, -0.21527656277459137
9.599144791774215, 19.999984133699076, 34.12534411507623, -0.06494198104746544, -0.3100056874461662, -0.9485141078806686, -0.5089588508493205, 0.8278834391160427, -0.23573268627734423, 0.8583375951452726, 0.4674457027168221, -0.21154452905193893
9.5969969356042, 19.989228995666934, 34.092947859021486, -0.06119131714831818, -0.30752470654225833, -0.9495705226952613, -0.5089535598945386, 0.8279944300404899, -0.23535398380439757, 0.8586162685253118, 0.468885677631576, -0.20718186391585425
9.594976750649701, 19.97858408752298, 34.06051604513629, -0.05750208376300537, -0.30369471296533274, -0.9510326133628734, -0.5088850717229302, 0.8284791995388341, -0.23379093162276593, 0.8589118081272724, 0.4705228339288082, -0.20218498611702773
9.59308211893046, 19.968095630295846, 34.02803523190109, -0.05387344572602226, -0.2985103917581294, -0.9528846718559457, -0.5087621392914072, 0.8293262134450251, -0.23103921164288818, 0.8592198423391048, 0.4723447657223955, -0.1965494462607801
9.591310922466214, 19.95780984501416, 33.99549197779636, -0.050304496789135233, -0.2919652808779444, -0.9551050896967594, -0.5085892278970929, 0.8305210116203147, -0.2270943559937324, 0.85953851273217, 0.4743322928275411, -0.19026933833683504
9.589661043276699, 19.947772952706558, 33.96287284130251, -0.04686861722983824, -0.2840636621057679, -0.957659213180776, -0.5083623792802723, 0.8320553427941157, -0.22192701020891303, 0.8598668641432018, 0.47643650405780885, -0.1834045625106148
9.588130363381659, 19.938031174401665, 33.930164380900024, -0.04440304803995648, -0.27492756065875673, -0.960439069236038, -0.5080612619881004, 0.8339928319798818, -0.2152433745164662, 0.8601756352000562, 0.47840442367980096, -0.17671186720698
9.58671676480083, 19.92863073112811, 33.897353155069325, -0.04418879690330035, -0.2647520387822253, -0.9633035389683222, -0.5076562951926489, 0.8364235011141549, -0.20659335113989857, 0.8604257296126803, 0.4798979941035328, -0.1713635873687658
9.585418129553952, 19.919617843914526, 33.864425722290875, -0.046895559418737624, -0.25386294495464434, -0.9661026921014965, -0.5071247405531079, 0.8393071579287101, -0.19592853842300328, 0.8605959005397056, 0.48074639866418806, -0.16809995879138956
9.584232339660762, 19.911038733789546, 33.8313686410451, -0.052122706239171736, -0.24280784911483108, -0.9686730985748155, -0.5064637901129604, 0.8424202068401708, -0.18390928310386886, 0.8606844095246063, 0.4810119993467868, -0.1668826045029457
9.58313193276293, 19.902936020965225, 33.79817223979388, -0.05936427544436867, -0.23215954206152783, -0.9708644755220714, -0.5056778524028936, 0.8455502903472225, -0.17127351249660655, 0.860677519393973, 0.48077713498408975, -0.16759341898275107
9.581828805403813, 19.89531529492505, 33.76486561741562, -0.06811655296135379, -0.222497247915331, -0.9725508263750366, -0.504787965737679, 0.8485177217642197, -0.15876644953665126, 0.8605517095788485, 0.4801173299540041, -0.1701120354906117
9.579884122032459, 19.888159789825636, 33.73150055157043, -0.0778776909460839, -0.21440792557684502, -0.9736345858188997, -0.5038425139800885, 0.8511714159657079, -0.14713919175106313, 0.8602777379190575, 0.4790996369157108, -0.17431509271461132
9.577067781429127, 19.88140552098878, 33.69811881776931, -0.08820223300228289, -0.20841469018987055, -0.9740552771821891, -0.5029174292743649, 0.8533985490681695, -0.13705829336602462, 0.8598223220093063, 0.47778052844523017, -0.18008703788202374
9.57351342146832, 19.874907469139746, 33.664744419985276, -0.09910606852062927, -0.204453598126907, -0.9738463499933372, -0.5020460070197802, 0.8552468974049818, -0.12846225638158162, 0.8591436399216834, 0.4761842822816747, -0.1874052701767142
9.569390755087394, 19.868512578121877, 33.63139959963856, -0.11075779101468504, -0.2021510945905678, -0.973071244403709, -0.5012178246727361, 0.8568263434048521, -0.1209516824099648, 0.8582035912065842, 0.4743243112083819, -0.19622192496460827
9.564869495223697, 19.86206779177849, 33.598106598149414, -0.1225265315960283, -0.2010714230950514, -0.9718834970661753, -0.5004437682556492, 0.8581703392697674, -0.11445393663696497, 0.8570550063263931, 0.47234939569363604, -0.205773575851525
9.560119354814585, 19.855420053952926, 33.564887656938076, -0.13295625937928326, -0.2012459833668754, -0.9704754954508475, -0.49983849720266255, 0.8591457944136452, -0.10968126848067558, 0.8558528552304144, 0.4704982020369956, -0.21481930098085206
9.55529095738591, 19.84844043094343, 33.53176119343129, -0.14098510595389863, -0.20286633490224956, -0.9690038441938692, -0.49953337354308286, 0.8596253483006021, -0.10728778716953478, 0.8547453472326334, 0.46892377922472317, -0.222532875462859
9.550376361349892, 19.84120036085157, 33.49871386127078, -0.14671885996699163, -0.20577240704880403, -0.967538780942308, -0.4995381895783041, 0.8596489334892168, -0.10707617990796289, 0.8537770044237645, 0.46761247593300315, -0.22891788717570755
9.545289087572405, 19.833870526243423, 33.46571658144639, -0.15063211836977822, -0.20951476340971795, -0.966133287299844, -0.4997813174306444, 0.8593374833178319, -0.10843304160754834, 0.8529528707160335, 0.46652186838169213, -0.23415538998479762
9.539956120667654, 19.826603639305667, 33.43274254225925, -0.1532357949392857, -0.2136035596368751, -0.9648276066011903, -0.5001663357791332, 0.8588245255268248, -0.11069810706104972, 0.8522631211677534, 0.46561137621849424, -0.23843996861541325
9.534438597882895, 19.81937373749295, 33.39978769500963, -0.15503897595520594, -0.21754847112251843, -0.9636573969243508, -0.5005885341471876, 0.8582502686837589, -0.11321482139996421, 0.851688931133387, 0.4648431337736533, -0.24196451303519362
9.528872082912887, 19.812055686633173, 33.36686063153993, -0.15649497966342074, -0.22093011093259465, -0.9626521736450071, -0.5009552500010905, 0.8577431218276569, -0.1154147930453032, 0.8512068836872094, 0.4641838246219452, -0.24490859136186485
9.523355032396067, 19.80456020445613, 33.33396724437381, -0.15759800864831483, -0.22392108671131752, -0.961780751832822, -0.501290854309076, 0.8572710162558773, -0.11744736724887515, 0.8508057046448162, 0.4636224235448907, -0.24735379788917644
9.517894907930685, 19.796886627933407, 33.30110662057224, -0.15811417670753963, -0.22698715668584377, -0.9609769704960536, -0.5016796060289896, 0.856715593840464, -0.11981637686551347, 0.8504807346546391, 0.46315788017722126, -0.24933370813239059
9.51248579824247, 19.789047317755475, 33.26827684704731, -0.1578480455081179, -0.23054023582143005, -0.9601745644395433, -0.502195583702253, 0.8559673541811562, -0.12296131215168643, 0.8502256113757221, 0.46278622304851563, -0.2508890621714485
9.507121792057152, 19.781054634612797, 33.235476010711096, -0.15699516367541674, -0.23446704074055386, -0.9593631874263764, -0.5028074807773623, 0.8550632730113081, -0.12669426356986985, 0.8500218561053896, 0.4624846007745087, -0.25213258057932897
9.50179697810046, 19.77292093919585, 33.20270219847571, -0.15596881623582287, -0.2383644976027714, -0.9585698173031396, -0.5034261908844365, 0.8541292281695841, -0.13048115541340566, 0.8498445732565356, 0.4622181604707985, -0.25321645570027274
9.496505445098128, 19.764658592195104, 33.16995349725326, -0.15507470768005183, -0.24193595594138906, -0.9578198307931782, -0.5039869685608456, 0.853264435456348, -0.13392885688382872, 0.8496758032089626, 0.46195973461773276, -0.2542523019229486
9.491241281775885, 19.756279954301032, 33.137227993955825, -0.15435266456244312, -0.2451443155791469, -0.9571204310230272, -0.5044820703332666, 0.8524858692750672, -0.13698789508052875, 0.8495134464237367, 0.46170564998228536, -0.25525437727823697
9.485998576859458, 19.74779738620411, 33.104523775495515, -0.15380330373706808, -0.24799051429408242, -0.9564754302018007, -0.5049123176315761, 0.851797443977869, -0.1396591061717048, 0.8493574602388995, 0.4614561942946758, -0.25622272632145804
9.480771419074582, 19.739223248594797, 33.071838928784416, -0.15342715193290002, -0.2504754242674358, -0.9558881581481208, -0.5052787817097658, 0.8512023790216064, -0.14194316715450722, 0.8492075493091509, 0.46121206812702287, -0.25715747395388067
9.475553897146982, 19.73056990216357, 33.039171540734614, -0.15322465311854153, -0.25259983248365864, -0.9553614657845114, -0.5055824586753513, 0.850703378908499, -0.14384067085998126, 0.8490633563854286, 0.46097406189816187, -0.258058774508096
9.470340099802394, 19.721849707600906, 33.00651969825823, -0.15319617464164148, -0.25436442387509134, -0.9548977285248199, -0.5058240334389292, 0.850302764417245, -0.14535217927490618, 0.8489246016406528, 0.4607428227233544, -0.25892676964380296
9.465124115766544, 19.71307502559727, 32.973881488267345, -0.15334201211801843, -0.2557697671779784, -0.9544988494059699, -0.5060038445657463, 0.8500024943278656, -0.1464782199546778, 0.8487911030426047, 0.4605188224536861, -0.25976157830131236
9.459900033765166, 19.704258216843133, 32.94125499767407, -0.15366239305148904, -0.2568163034680942, -0.9541662618404999, -0.5061220000492724, 0.8498041048747359, -0.14721923924600755, 0.8486627068675835, 0.4603024762164904, -0.26056331353656326
9.454661942523984, 19.69541164202896, 32.908638313390476, -0.15415747916946063, -0.25750433734767764, -0.953900931891384, -0.5061783943911864, 0.8497087023434874, -0.14757558813471577, 0.848539277032995, 0.46009416145923887, -0.2613320836090395
9.449403930768737, 19.686547661845246, 32.87602952232869, -0.15482736746325534, -0.25783403076062933, -0.9537033599951952, -0.5061727076965064, 0.8497169648533516, -0.147547516494163, 0.8484206953319712, 0.45989421851349144, -0.262067990243524
9.444120087225146, 19.677678636982442, 32.84342671140078, -0.15567208992593684, -0.2578053994197168, -0.9535735820838009, -0.5061044051608349, 0.8498291432878333, -0.14713517015134267, 0.8483068616337419, 0.4597029510985408, -0.26277112713615275
9.43880450061895, 19.668816928131026, 32.81082796751886, -0.15669161198276257, -0.25741831183692665, -0.9535111700789195, -0.5059727369498075, 0.8500450613452349, -0.14633859076161904, 0.8481976940535528, 0.4595206267553204, -0.26344157870129997
9.433451259675877, 19.659974895981474, 32.778231377595034, -0.15788582961319841, -0.2566724909561865, -0.9535152317575731, -0.5057767384819412, 0.850364114702475, -0.14515771848870443, 0.8480931290948667, 0.45934747720284946, -0.26407941905694887
9.428054453121648, 19.65116490122424, 32.74563502854137, -0.15925456516609732, -0.25556751839589426, -0.9535844100103155, -0.505515231137301, 0.8507852693074155, -0.14359239749272695, 0.8479931217657124, 0.45918369861142994, -0.26468471124636045
9.42260816968201, 19.642399304549816, 32.71303700727, -0.16079756187345923, -0.25410284131643385, -0.9537168815379469, -0.5051868255585115, 0.8513070576821841, -0.14164238356726636, 0.8478976443991723, 0.4590294539301566, -0.2652575070510109
9.417106498082676, 19.63369046664866, 32.68043540069298, -0.16251447707207917, -0.25227778193505523, -0.9539103550564474, -0.5047899368999901, 0.8519275682587814, -0.13930735100913907, 0.8478066786399437, 0.4588848866356444, -0.26579784888312985
9.411543527049389, 19.62505074821125, 32.64782829572245, -0.16440487414737556, -0.2500915497165911, -0.9541620691040592, -0.504322778175948, 0.8526444461849045, -0.13658690933955234, 0.8477202208096014, 0.4587501118805219, -0.26630576801888745
9.405913345307873, 19.616492509928054, 32.615213779270476, -0.1664682132193001, -0.24754325627297588, -0.9544687895690175, -0.5037833447058434, 0.8534548986904136, -0.13348062592874413, 0.8476382928965439, 0.4586251979286657, -0.2667812816528275
9.40021004158386, 19.608028112489542, 32.58258993824916, -0.1686976824407579, -0.24464325097688197, -0.9548249953214356, -0.5031715981545786, 0.8543525160039459, -0.13000046618491318, 0.8475608737723118, 0.45851004149221186, -0.2672248250090656
9.394427704603082, 19.599669916586194, 32.549954859570605, -0.1710381536231415, -0.2414907317774899, -0.9552110638339357, -0.5025048351682323, 0.8553060003100927, -0.12625583735455284, 0.8474873690136829, 0.45840361287747733, -0.26764021944233574
9.388560423091263, 19.59143028290847, 32.51730663014689, -0.17341199271142121, -0.2382272808233822, -0.9556024505281218, -0.5018096062899423, 0.8562737807414386, -0.12240233433189078, 0.8474168984738192, 0.45830445676019804, -0.26803288062242037
9.382602285774142, 19.58332157214685, 32.48464333689015, -0.17574184345248794, -0.23499536041953192, -0.9559769793468958, -0.5011139650864258, 0.8572162825857738, -0.1185961165687449, 0.8473485696307522, 0.45821111449976987, -0.2684082265758581
9.376547381377446, 19.575356144991805, 32.45196306671245, -0.17795079692239174, -0.2319380412377515, -0.9563149370900157, -0.5004474048312461, 0.8580960695753047, -0.11499361015762867, 0.8472814814879154, 0.4581221238995219, -0.26877167023597287
9.370391881877264, 19.56754246433153, 32.41926440712416, -0.17996237882668156, -0.2291989146509125, -0.9565988708596125, -0.49984072948753094, 0.8588776747254839, -0.11175144295944811, 0.8472147232859064, 0.4580360219251207, -0.2691286221615894
9.364148297470532, 19.559858423922787, 32.38654987165676, -0.1817005327065252, -0.22692186238453463, -0.956813139952676, -0.4993257835516003, 0.8595272171380064, -0.10902625775277648, 0.8471473769626778, 0.4579513417066586, -0.2694844899698791
9.357836846631205, 19.552267495184886, 32.353823826115566, -0.1831038998922906, -0.2252248968884586, -0.9569465542368693, -0.49892961311886974, 0.8600184835044085, -0.10694601060269858, 0.8470786285801862, 0.45786674246156034, -0.2698441089784067
9.3514777932608, 19.54473306454131, 32.321090647221965, -0.18414576743031, -0.2241634932059078, -0.9569958540407721, -0.4986661268888944, 0.860341277484232, -0.10556978805713672, 0.8470079280804467, 0.45778118634400494, -0.27021094574118226
9.345091401260824, 19.537218518415557, 32.28835471169735, -0.18480429565010578, -0.22378368274186472, -0.956957802438413, -0.49854674598740784, 0.8604867161503469, -0.10494643106918652, 0.8469347757499602, 0.4576936471781981, -0.27058826833047245
