0.009791972115635872, 0.02104261890053749, 0.03755344823002815, -0.15504618878383947, -0.238591101080385, -0.9586631138355409, -0.8384792738117424, 0.5449334887824951, -1.3837317038369685e-05, 0.5224109366501999, 0.8038170060956584, -0.2845435537482323
0.009782151166654707, 0.0210295458704477, 0.037497830989858566, -0.1599379518597324, -0.23839192871940731, -0.9579087325399821, -0.8378043829145047, 0.5459557691861587, 0.004014232379405101, 0.52201883828475, 0.8031821626591261, -0.28704485026220067
0.009774991253755924, 0.021014711999529728, 0.03744222893232003, -0.16775653848669952, -0.23694380727496725, -0.956930183445482, -0.8365876249856277, 0.5477219021274806, 0.011039187051651371, 0.5215159532707196, 0.8024078452532091, -0.2901081873374742
0.00976864740261618, 0.020999133888456218, 0.03738668521409373, -0.17747545613688795, -0.23461625023662894, -0.9557497986366029, -0.8349437521265285, 0.549970420467027, 0.020036651321906854, 0.5209331946170044, 0.8015533368006306, -0.2934976235166092
0.009761274638912142, 0.020983828137899833, 0.037331242991860886, -0.18824332387417406, -0.23165610528755026, -0.9544107605741913, -0.8329785009535312, 0.552480918719108, 0.030193565547947623, 0.52029921003785, 0.8006873817753679, -0.2969653998358993
0.009751224499358363, 0.020969706561875523, 0.0372759433957063, -0.1992148625134816, -0.22831675412107066, -0.9529873547646649, -0.8308313090718618, 0.5550337985029438, 0.0407040340178968, 0.5196467785137046, 0.7998805800286767, -0.30026368956854693
0.009738573253487436, 0.020956761285665284, 0.03722080976873775, -0.20954758600425344, -0.2248613927569792, -0.9515919100366403, -0.8286754704746646, 0.5574228672680817, 0.050761320710004186, 0.5190248296886993, 0.7991977859666669, -0.303143736654074
0.00972422708524987, 0.020944551891325075, 0.03716584623852596, -0.22291595875964737, -0.21843888296730526, -0.950048909129558, -0.825492928401547, 0.560683036360433, 0.06477621397306134, 0.518526663238551, 0.7986983079646791, -0.30530494978799977
0.009708777674725373, 0.020932855767232795, 0.037111006765868516, -0.23528969330240734, -0.21112678026022902, -0.9487171564183964, -0.8221873704496294, 0.5637857194295829, 0.07844482417847243, 0.5183113814096532, 0.7984805227582051, -0.30623874130651807
0.009692716011690411, 0.020921519656533338, 0.037056229652515586, -0.2427382646379459, -0.2050338580530067, -0.9481768041522942, -0.8198785288368938, 0.5658050336382516, 0.08754348554785502, 0.5185338299791145, 0.798639957027894, -0.3054453898910155
0.009676533051771116, 0.020910390325894083, 0.037001453194906386, -0.24169503331524503, -0.20209669067979982, -0.9490734631665855, -0.8196918616563171, 0.5659691257660987, 0.08822811691268763, 0.5193156677832315, 0.79927209152818, -0.30244893932534334
0.00966071975059362, 0.020899314541982406, 0.03694661568948012, -0.231688140808361, -0.20260303928719084, -0.9514581514078053, -0.8217470197946085, 0.5642148849523942, 0.07995873346192908, 0.5206269690166313, 0.8003833906758371, -0.2972103414466026
0.009645767063784064, 0.0208881390714657, 0.036891655432676036, -0.21645686259236627, -0.20654012611543635, -0.9541947405749464, -0.8250780782266979, 0.5611864825618349, 0.0656954840123297, 0.5219124365891354, 0.8015054011633952, -0.29188439567660446
0.009632165946968575, 0.020876710681011344, 0.0368365107209333, -0.19864737965966395, -0.21375833959123813, -0.9564761318556497, -0.8289729229735858, 0.5572571008406336, 0.047627896650189884, 0.5228222561549752, 0.8023539716471084, -0.28789753845966204
0.009620407355773287, 0.020864876137286718, 0.03678111985069117, -0.17902444830656666, -0.22360418914991267, -0.9580978099876545, -0.8330856784015165, 0.5524981578212697, 0.026721490347439314, 0.5233722378487556, 0.802961364075952, -0.28519212550572326
0.009610982245824339, 0.020852482206959216, 0.03672542111838885, -0.15833455927808499, -0.23541640929691865, -0.9589104658788329, -0.8371134653579955, 0.5470151811406826, 0.0039290861474878215, 0.5236136108377463, 0.8033389731834079, -0.28368165381301164
0.009604241748567579, 0.020839348403134766, 0.03666938986156239, -0.1373387472772893, -0.24854656050424578, -0.9588340188780402, -0.8408081280219963, 0.5409711765600643, -0.019795908248067356, 0.5236217722253832, 0.8034766912566469, -0.28327627196576133
0.00959885795321956, 0.020824988611521725, 0.03661344094750495, -0.11681280861137595, -0.2623668997574905, -0.9578717960436903, -0.8439954192464392, 0.534583457170435, -0.04350011046805623, 0.523475405377702, 0.8033580380075552, -0.2838826566264694
0.009593841381554684, 0.020809238035286615, 0.03655783741874795, -0.09754553697510801, -0.2762755199125707, -0.9561154246811818, -0.8465839893175517, 0.528118208974554, -0.06623221558040118, 0.5232403054500077, 0.8029713534407987, -0.28540600607912
0.009589224420391488, 0.020792297613111164, 0.03650253106152267, -0.080334705762398, -0.28969762656873443, -0.9537408558987661, -0.8485568499565744, 0.5218942451829374, -0.08704980894124743, 0.5229699871329564, 0.8023102155683761, -0.28775112606692144
0.009585057440864601, 0.020774374647857353, 0.03644746820177594, -0.06597937588950302, -0.30208222732889295, -0.9509958201218588, -0.8499550984956494, 0.5162807124899165, -0.10502645596303394, 0.5227074253332189, 0.801374165944298, -0.29082020847698703
0.009581390814108666, 0.02075567644238718, 0.03639259516545465, -0.05502069931453055, -0.31283915271068397, -0.9482111511568515, -0.8508635494121225, 0.5116326856967626, -0.11942870345324139, 0.5224977922716464, 0.8002272548832482, -0.2943338200297009
0.009578274911258315, 0.020736410299562618, 0.036337858278505594, -0.045046037246429936, -0.3207550909730334, -0.9460903900491084, -0.8514584876597143, 0.5076494832415366, -0.13156916795675613, 0.5224837780454293, 0.7996300230603415, -0.2959772421992823
0.009575760103448178, 0.020716783522245655, 0.03628320386687564, -0.03424077674608466, -0.3251574396452109, -0.945039792099357, -0.8518640020710279, 0.5039933047329463, -0.1425428734097056, 0.5226426036818628, 0.8001646007089632, -0.2942470400682202
0.0095738967618129, 0.020697003413298286, 0.03622857825651164, -0.02257253020926033, -0.32604105963702734, -0.9450860851323103, -0.8521260635572889, 0.5006642158272375, -0.15236966494829818, 0.522849550718284, 0.801893116581544, -0.28912934284300335
0.009572735257487109, 0.02067727727558249, 0.03617392777336043, -0.010076390515979257, -0.32340411558150417, -0.9462072946131385, -0.8522581456285515, 0.49771732745363245, -0.1610388622730435, 0.5230243967196484, 0.8047901838226897, -0.28063898599212683
0.009572325961605439, 0.020657812411960248, 0.03611919874336887, -0.0003663645518484757, -0.3176324134303666, -0.9482138554753436, -0.8522731353934694, 0.4961069748337293, -0.16585648075342227, 0.5230969016000765, 0.8080764316942589, -0.27089132890639717
0.00957271924530253, 0.020638816125293547, 0.03606433749248379, 0.0017712688022864858, -0.30982657888893933, -0.950791435395169, -0.8522863147171712, 0.4968667436476588, -0.16349763546545498, 0.5230725574455739, 0.8106361267985456, -0.2631808685607663
0.009573965479713016, 0.020620495718444383, 0.036009290346652054, -0.0020707313297404616, -0.3010647838086233, -0.9536014408661655, -0.8523110951355203, 0.49929668254925186, -0.15578388846155286, 0.5230310785992072, 0.8124425018089456, -0.25763476487805664
0.009576115035971533, 0.020603058494274733, 0.0359540036318205, -0.009870554158262332, -0.29237701879083966, -0.9562521900856435, -0.8522671927052966, 0.5026414298252514, -0.14488693958207358, 0.5230135795549112, 0.8135522551786135, -0.2541446904716893
0.009579196614456394, 0.02058670939110468, 0.03589842450546237, -0.019636479554983446, -0.284800104866266, -0.958385782938609, -0.852091293882181, 0.5062199256975782, -0.13297298115380132, 0.5230246988057806, 0.8140210605966546, -0.25261606707456313
0.009581160066212681, 0.02057141716137339, 0.035842582381247455, -0.029484496703400965, -0.27936018971942955, -0.9597335822268966, -0.85179758377849, 0.5094386491215736, -0.12211936394492282, 0.5230406683263487, 0.81389811842829, -0.2529788767775208
0.00957929249399363, 0.02055675623076998, 0.03578661774422034, -0.03880278439679472, -0.27653586062128294, -0.9602199027897215, -0.8514484776503884, 0.5121031757260367, -0.11307443264568705, 0.523000797159901, 0.813190171609172, -0.2553270666583427
0.009574556634288607, 0.020542306462396492, 0.035730635259066855, -0.04783312951461907, -0.27641760137511934, -0.9598464988584703, -0.8511007062004236, 0.5142556757622895, -0.1056820129038588, 0.5228188784139093, 0.8118709316118522, -0.25985767407895677
0.00956816719270777, 0.020527650936978756, 0.035674736378331726, -0.05683616917761251, -0.2790754163935366, -0.9585857091767997, -0.8507858909081356, 0.5159553749729175, -0.09976682248225645, 0.5224299165484916, 0.8098808325928762, -0.2667583537469932
0.00956133887486126, 0.020512372735242583, 0.035619022554559635, -0.06603186826653952, -0.2845625101386003, -0.9563806617643675, -0.8505054815368922, 0.5172806054703285, -0.09519034131648697, 0.5218047702435552, 0.8071213991884179, -0.27617897951002957
0.009555223579861815, 0.0204960825896919, 0.03556358818987626, -0.07208710774631746, -0.29258626279808814, -0.953518079387391, -0.8504598603442248, 0.5174833258011519, -0.0944935630668061, 0.5210772254091062, 0.8041170849693637, -0.2861367484618511
0.009550221476200623, 0.020478722196810486, 0.035508443299981096, -0.07050777691048314, -0.3022279047446774, -0.9506245036757593, -0.8509438327797445, 0.5154986307563717, -0.10077576664270192, 0.5205028788097718, 0.8018225834197664, -0.2935256340914571
0.00954623728483369, 0.020460451383464667, 0.035453542283513835, -0.06312310851985083, -0.31243215412145214, -0.9478405046429595, -0.8517516050275721, 0.5118371984063818, -0.11199056058642225, 0.5201294805178285, 0.8002554788306891, -0.29842334375467117
0.009543166986335491, 0.020441433824643182, 0.035398838557952124, -0.05221613481827063, -0.3221385974282798, -0.9452513947683869, -0.8526026776750816, 0.5072025292243624, -0.12575479461909503, 0.5199443713378588, 0.7993574409457577, -0.30114038639599366
0.009540906561280498, 0.020421833195334766, 0.03534428554077364, -0.04005660004107103, -0.3303234345779221, -0.9430174427664606, -0.8532838780664992, 0.5023767033840497, -0.13972927870983382, 0.5199058493851993, 0.7990645008168114, -0.3019831639503016
0.009539351990243188, 0.02040181317052816, 0.03528983664945604, -0.02879835003620581, -0.33605233293906006, -0.941402934221796, -0.8537059150573856, 0.4981655850739986, -0.151714404207091, 0.5199585229912326, 0.799312128879636, -0.3012362112938618
0.009538399253798036, 0.0203815374252121, 0.03523544530147699, -0.019313595948098065, -0.3389734422526664, -0.9405976772557605, -0.8539196122342263, 0.4949295101473349, -0.16082933758200837, 0.5200464218253041, 0.8000886109879939, -0.29901493894787357
0.00953794433251952, 0.020361169634375332, 0.03518106491431415, -0.01162292042298416, -0.3391023102236558, -0.9406776976849299, -0.8540123537472532, 0.4927005200760323, -0.1670601603132353, 0.520122877181842, 0.8014086477682824, -0.2953241810524421
0.009537883206982118, 0.020340873473006584, 0.03512664890544517, -0.005727921076812059, -0.33645142679588014, -0.9416834013229469, -0.8540487167246257, 0.49148946540402, -0.1704080246288029, 0.5201614945198827, 0.8032674167448143, -0.29016112216310963
0.0095381118577603, 0.020320812616094603, 0.03507215069234772, -0.0015887969276970851, -0.3310045097763394, -0.9436278346000863, -0.8540687802148146, 0.491285643209161, -0.1708945155320664, 0.5201576630087278, 0.8056515569924049, -0.28348117103083326
0.009538526265428546, 0.02030115073862812, 0.03501752369249945, 0.0010886204655059446, -0.32261876686288893, -0.946528365223859, -0.854090195554537, 0.49201253545965973, -0.16868195756562085, 0.5201237860001164, 0.8086042271831296, -0.2750099107641016
0.009539022410561333, 0.020282051515595888, 0.03496272132337805, 0.002732915600229743, -0.3114966492388792, -0.9502433207790901, -0.854118655582458, 0.49347058119480686, -0.16421969334179712, 0.520071007996347, 0.8120693461818456, -0.26470648581675027
0.009539496273733131, 0.02026367862198663, 0.034907697002461144, 0.003888496708574181, -0.2992122273956422, -0.9541786638624268, -0.8541577495181569, 0.4951860587577156, -0.15876179058601472, 0.5199994408953001, 0.8156364448631135, -0.2536489134209655
0.009539843835518423, 0.02024619573278909, 0.034852404147226415, 0.005124811000041414, -0.2876584198387522, -0.9577193585848027, -0.854205357786365, 0.49668214383380477, -0.15375322671646224, 0.5199105144554033, 0.8188769635864279, -0.2431739613243781
0.009539983966238992, 0.020229777185956536, 0.03479679331869784, 0.007013207101028438, -0.2787645124547483, -0.9603338802322995, -0.8542397655428028, 0.49756662236196475, -0.15067142820283888, 0.5198319323507699, 0.8214120786226439, -0.23464219399181424
0.009539982557313182, 0.020214665776257218, 0.03474079674019137, 0.010121181314412402, -0.2744742756458273, -0.961541176288098, -0.8542261046199587, 0.4974900593116615, -0.15100133466923688, 0.5198031587770626, 0.8229018853391806, -0.22942790421090883
0.009539983495527524, 0.020200895115015192, 0.03468440953249732, 0.013313492906651523, -0.27501418469769595, -0.9613479854463138, -0.8541592164700987, 0.49670883086517686, -0.15392326094432912, 0.5198411140202471, 0.8231934982466824, -0.22829297102315232
0.009540198614112077, 0.020187692668276674, 0.034627866180882656, 0.012385520615617856, -0.2770792350344428, -0.9607672436088815, -0.8541260077554258, 0.49666579509228215, -0.15424607243339944, 0.5199186107025392, 0.8225267080758406, -0.23050911640770833
0.009540854196301147, 0.020174114084070736, 0.03457145218722066, 0.007490656120215823, -0.28010595857561443, -0.9599398637629988, -0.854130163659779, 0.49740964820994055, -0.151806802858707, 0.520005339970089, 0.8210507254963602, -0.2355210236146507
0.00954217652532903, 0.020159215010426456, 0.0345154530533846, -0.00016523037732547475, -0.28428714241771685, -0.9587391685723972, -0.8541237383913362, 0.4986514360527459, -0.14771386136359244, 0.520069814751184, 0.818857475986208, -0.24289878922334338
0.009544390310731827, 0.02014205266809155, 0.03446015382095647, -0.009631550973161582, -0.2899366488311917, -0.9569973735023465, -0.8540743153304152, 0.5001292279886151, -0.1429259220869134, 0.5200618204778485, 0.8159702782430558, -0.25244446499223533
0.00954673532916971, 0.020122668642918493, 0.03440555143400669, -0.020095758039809532, -0.2970057698524225, -0.9546641991732879, -0.8539814365277747, 0.501644095018804, -0.13809021688274412, 0.5199152494154827, 0.8124904766255017, -0.26371833235120656
0.009546670510087415, 0.0201031556877455, 0.03435103630812731, -0.030864368582617773, -0.30406722348735343, -0.9521504683361177, -0.8538399116244128, 0.5032488433563848, -0.13303385650907149, 0.5196198572699195, 0.8088780657559906, -0.2751571890204499
0.009544184570268389, 0.020083990526107393, 0.03429645096106714, -0.04092766458768663, -0.3097003257291023, -0.94995296436965, -0.8536355306003324, 0.5049388107956243, -0.12784044058508973, 0.5192603462311435, 0.8056813921120364, -0.28503716816640673
0.009539890836656385, 0.020065217074158873, 0.03424176020299937, -0.047238095758433955, -0.314127181095845, -0.9482049759444923, -0.8534835243561252, 0.5058876181698637, -0.12507434363237585, 0.5189744078100235, 0.8033690508596908, -0.29199954136785067
0.009534402636195156, 0.020046879248054653, 0.03418692884409722, -0.04652373852798334, -0.3177506551662867, -0.9470322396279736, -0.8535701285732628, 0.505123315700451, -0.12754791861573472, 0.518896499661352, 0.8024244245268075, -0.2947226926485616
0.009528333295828462, 0.020029020963949457, 0.034131921694533905, -0.039661990462935635, -0.3180094850844805, -0.9472575647144876, -0.8537820552581981, 0.5032984995067721, -0.1332172005159961, 0.5191176443077284, 0.8034678511244462, -0.29147261205447644
0.009522296142500053, 0.020011686137997975, 0.03407670356448263, -0.0269037052565399, -0.31488107379870617, -0.9487497562618095, -0.8540189069441385, 0.5005160766408738, -0.14189913180131122, 0.5195458567108473, 0.806432617388087, -0.2823801274650735
0.009517107304726827, 0.019994763550799315, 0.034021301496493635, -0.010507842312148552, -0.3100976545525094, -0.9506466377634624, -0.8541713830246825, 0.49706547598244827, -0.15269957762889586, 0.519885404364889, 0.810410610263325, -0.27009962810226384
0.009514768723266911, 0.019977234881306268, 0.033966106415474526, 0.006745159371977639, -0.30537446258457496, -0.9522084542925613, -0.8541823344966634, 0.49334459421810617, -0.1642670106552206, 0.5199298435932265, 0.8144676475815072, -0.2575177834328515
0.009517395344410267, 0.019958001007141013, 0.03391155736923701, 0.02514009125228369, -0.3019048985557547, -0.9530065099672017, -0.8539836575466965, 0.48909741990542777, -0.17747007208264837, 0.5196921092868292, 0.8183135988543104, -0.24552589573222885
0.009523739686408354, 0.019938593327721865, 0.03385720476543943, 0.04540607718960567, -0.29962924727912793, -0.9529746073895121, -0.853417483609945, 0.48421627108333676, -0.19290723544496172, 0.5192464605783279, 0.8220443522055801, -0.23372247684762232
0.00953107933321074, 0.019921069637672404, 0.033802372377691216, 0.05520298955346901, -0.29201525667780476, -0.9548192079193607, -0.8531615400926239, 0.483000409163991, -0.19704312029147164, 0.5187176654511987, 0.8254923952495341, -0.22247311957637778
0.009538067217145086, 0.01990481933098673, 0.033747161595258215, 0.04977405003319327, -0.27897282289106334, -0.9590081897624673, -0.8537386118219806, 0.4864210387150442, -0.18580892276652092, 0.5183173995030176, 0.8279907832721141, -0.21395872543287528
0.009543722758518072, 0.019888840007994207, 0.03369178899755714, 0.037271971696808875, -0.2684312859348094, -0.9625775007017444, -0.8544332589052583, 0.4909628343424584, -0.16999794519628683, 0.5182225450541228, 0.8287943894753418, -0.21105746556761132
0.009548863781783743, 0.019872469704592166, 0.033636382396728406, 0.017005103986315193, -0.2585515927278075, -0.9658477625052141, -0.854996367249859, 0.4970367104383514, -0.14810712496759465, 0.5183551277145417, 0.8283149053195508, -0.2126085115829203
0.009554550229758069, 0.01985578156392774, 0.03358092399273961, -0.009557591046152152, -0.24894228190610274, -0.968471162571595, -0.854987333903555, 0.5042915156752766, -0.12118880345321992, 0.5185608077341417, 0.8268723042267861, -0.21766230997763453
0.009554219441241475, 0.01984284808095476, 0.03352472033817134, -0.03773934394271014, -0.2428394874956159, -0.9693321026519448, -0.8541764937113464, 0.5112634825639362, -0.09482704776373674, 0.5186118582425243, 0.8244019861144577, -0.2267225303774937
0.009545831621618033, 0.01983377909094519, 0.03346789181363734, -0.06518789190318365, -0.23916713276118334, -0.9687877070628081, -0.8527466603562042, 0.5175598060641123, -0.07039162164788451, 0.5182409401046577, 0.8215418003690823, -0.2376876064202081
0.009536214330940238, 0.019822636601641578, 0.03341169825779021, -0.09021942781624764, -0.23618649855969134, -0.9675104096301091, -0.8509412687894268, 0.5230324738846716, -0.048332063199503436, 0.5174547438332645, 0.8189340444505854, -0.2481685292785075
0.009527169228783092, 0.01980929546740985, 0.033356058393127684, -0.11422668525731075, -0.2327132211310353, -0.9658140716959684, -0.8487044610197516, 0.5281833734283338, -0.026889809947975844, 0.5163845487815261, 0.8166191773064623, -0.2578373848669285
0.00951824192914208, 0.01979549844964316, 0.033300503910141624, -0.1389828723160622, -0.22878216911386604, -0.9635053089102994, -0.8458133143240767, 0.5334586199972484, -0.004662409543557293, 0.5150568886199832, 0.8142976236279864, -0.2676486159854309
0.00950937227635635, 0.019781438509067065, 0.03324498859593673, -0.153605000392265, -0.23160234013321584, -0.9606070267801036, -0.8442237124695622, 0.5359598619698398, 0.005774916569110361, 0.5135093252888424, 0.8118542864345106, -0.2778503022120173
0.009500539807646076, 0.019767155822670468, 0.03318950779247608, -0.15456488994187745, -0.2414338151109299, -0.9580289179968612, -0.8449461414343871, 0.534849202164575, 0.0015326509903895076, 0.512030968665369, 0.8097197316756576, -0.286667478557832
0.00949172406023142, 0.019752690567442294, 0.033134056841722784, -0.15356630933819151, -0.24768456861321872, -0.9565927780968926, -0.8456786557587824, 0.5336869288484423, -0.0024234624685259484, 0.5111213161571971, 0.8085979325024283, -0.29141788504231003
0.009482904571332553, 0.019738082920371443, 0.033078631085639944, -0.15371203603807054, -0.25001627157367057, -0.9559625902332327, -0.8459245841240052, 0.5332913480110065, -0.003454867759044818, 0.5106703515494706, 0.8081412018236691, -0.2934682094594507
0.009474060878169634, 0.019723373058446833, 0.03302322586619066, -0.15428305321184146, -0.2513969530593384, -0.9555084047166267, -0.8460034304718992, 0.5331647831889801, -0.00367554034482565, 0.5103674510795243, 0.807796314648395, -0.29494097531380864
0.009465172517962837, 0.019708601158657368, 0.03296783652533802, -0.15521327879794508, -0.25209451196973515, -0.9551739083117443, -0.8459476038401654, 0.5332559640047652, -0.0032754252290711438, 0.5101778999935944, 0.8075186894977043, -0.29602715495379195
0.009456219027932321, 0.019693807397991973, 0.03291245840504514, -0.15650279001319006, -0.25210936846195753, -0.9549595504793909, -0.8457763584312474, 0.533532865961746, -0.002243313937802415, 0.5100678663049314, 0.8073311261634587, -0.29672752567090266
0.009447179945298255, 0.019679031953439542, 0.032857086847275105, -0.15815144522185426, -0.25144135420226976, -0.9548640561730071, -0.8455006756529934, 0.5339740447820233, -0.0005718124320948277, 0.5100163995839453, 0.8072477716885036, -0.29704260175835884
0.00943803480728081, 0.019664315001988997, 0.03280171719399103, -0.16015886759719083, -0.2500897212114572, -0.9548844267629256, -0.8451171742416751, 0.5345782804479796, 0.0017389292819216895, 0.5100255865461572, 0.8072677334178896, -0.29697257053571696
0.009428763151100146, 0.01964969672062925, 0.032746344787156004, -0.16252441870208742, -0.24805316907781552, -0.9550159363256726, -0.8446212613373788, 0.535343758906468, 0.0046887841439903835, 0.5100987534021272, 0.8073888066541091, -0.2965174137673028
0.009419344513976432, 0.019635217286349205, 0.032690964968733124, -0.1652416645187129, -0.24533933623451354, -0.9552506489938091, -0.8440097063682169, 0.5362641520304011, 0.008268905813412986, 0.510237991395507, 0.8076071875256702, -0.2956819622390846
0.009409758433129837, 0.019620916876137786, 0.032635573080685494, -0.16820680013102113, -0.24212267450726, -0.9555538095152643, -0.8433075228637152, 0.5372903897355524, 0.012306867159547034, 0.5104301071362731, 0.807895814809849, -0.2945597700664216
0.00939998444578052, 0.019606835666983895, 0.032580164464976226, -0.17123325581813292, -0.2387217355826957, -0.9558719082922708, -0.8425664950833591, 0.5383398491891033, 0.016489637291263147, 0.5106475041208619, 0.8082092177991038, -0.29332062116342117
0.009390002089148655, 0.019593013835876444, 0.0325247344635684, -0.17413274728024533, -0.23546129305769098, -0.9561567684204482, -0.841842996636277, 0.5393330650624644, 0.020499120585542697, 0.5108602111528039, 0.8085034473655185, -0.2921369888579414
0.009379790900454404, 0.01957949155980435, 0.03246927841842513, -0.17672471515158644, -0.23265642699486835, -0.9563677964217386, -0.8411951811667867, 0.5401974866622943, 0.024027954251605303, 0.5110372219676054, 0.8087383151438554, -0.2911757122115625
0.009369333551789339, 0.019566303467744534, 0.03241379223645421, -0.17890732461984374, -0.2304922350995845, -0.9564860159752299, -0.8406601914614161, 0.5408945367813177, 0.026898746665579603, 0.5111581083084031, 0.8088921001214697, -0.2905356409662217
0.009358668132749572, 0.0195533861122492, 0.03235828181152044, -0.18062948414928637, -0.22906888949185508, -0.9565042777337334, -0.840260479907633, 0.5414057960411588, 0.029018785612658027, 0.5112096589085118, 0.8089543917181039, -0.290271384670683
0.009347880213602493, 0.01954059201584207, 0.03230276159412472, -0.1818407495938404, -0.22848488191079538, -0.9564144501864033, -0.8400179522882287, 0.5417120378687088, 0.03029699426711783, 0.5111788157001829, 0.8089145361324276, -0.29043672566157697
0.009337056900221637, 0.019527770983372, 0.032247246311504205, -0.18249022702432854, -0.22883830096638264, -0.9562062272603271, -0.839953494236367, 0.5417925555606202, 0.030642360535860426, 0.5110532697877261, 0.808760693128636, -0.2910853769761752
0.009326281533365068, 0.019514779393172213, 0.03219175027316458, -0.18252632654275003, -0.2302266082505371, -0.9558660204088558, -0.8400863318317495, 0.5416245178629099, 0.029963923629026834, 0.510821979938496, 0.8084791837167017, -0.29227096042626394
0.009315593278600442, 0.019501550748680103, 0.03213628288746874, -0.18190199161226955, -0.23273681811552735, -0.9553770140321305, -0.8404317415563379, 0.5411842239308905, 0.028180197886113405, 0.5104763983105102, 0.8080552018654293, -0.2940418975352828
0.009305002607529115, 0.019488068649894528, 0.03208085037924553, -0.18066580848526909, -0.23628683239334833, -0.9547399638026481, -0.8409716126988941, 0.5404839559338138, 0.025374002694818563, 0.5100260898022624, 0.8074934217785634, -0.2963574893694464
0.009294519504734856, 0.019474317547094378, 0.03202545891929024, -0.1789488723102523, -0.24065014008481792, -0.953973171098667, -0.8416598384661831, 0.5395691270638018, 0.021768634148368438, 0.5094958463147345, 0.8068163776205615, -0.2991008448521468
0.009284153954801432, 0.01946028189055853, 0.03197011467839811, -0.17688528558109717, -0.24559596490914515, -0.9530971712082874, -0.8424494352449021, 0.5384881510401036, 0.017591482170529613, 0.5089111364476506, 0.8060478479654645, -0.3021528123149019
0.009273915942312609, 0.01944594613056587, 0.03191482382736442, -0.17460311878523957, -0.25090567761246324, -0.9521344925231405, -0.8432965571052348, 0.5372898668876451, 0.013058166575529176, 0.508295846613884, 0.8052117360556087, -0.30540038053903523
0.009263815451852158, 0.01943129471739529, 0.03185959253698446, -0.17215274866078376, -0.2564919689407893, -0.9510916364879959, -0.8441824420882529, 0.5359924172224065, 0.008254280707321315, 0.5076607485304045, 0.8043158574521324, -0.30879858460263476
0.009253862468003842, 0.019416312101325658, 0.03180442697805349, -0.16953381182537938, -0.2623522425224571, -0.9499629400620819, -0.8451022806873336, 0.5345951934833615, 0.0031802958281311453, 0.5070112640021167, 0.8033550148893858, -0.3123464394339255
0.009244066975351435, 0.019400982732635876, 0.03174933332136678, -0.1667450682467507, -0.26848514191193573, -0.9487422256798281, -0.8460524398775832, 0.5330952879337696, -0.002164014787360883, 0.5063510157909976, 0.802324836057902, -0.31604351955401006
0.009234438958478699, 0.019385291061604817, 0.03169431773771961, -0.1637852783291242, -0.2748890848763565, -0.9474230172517927, -0.8470314655934169, 0.5314858513602139, -0.007777280924386032, 0.5056798185584624, 0.8012233027188788, -0.3198892625314776
0.009224988401969407, 0.019369221538511373, 0.03163938639790724, -0.1607362791359254, -0.28134003604005065, -0.946050544469227, -0.8480093916987091, 0.5298097924475403, -0.013477960434710692, 0.5050187324845716, 0.8000933495209651, -0.32373864751061077
0.009215725290407322, 0.01935275861363442, 0.03158454547272494, -0.15853403202729013, -0.28529574495109317, -0.9452371652669879, -0.8486425729779807, 0.5286857934847988, -0.017237026908998372, 0.5046511111832441, 0.799435844630543, -0.3259288055716579
0.009206659608376216, 0.01933588673725285, 0.03152980113296801, -0.15730822974331296, -0.28627782306810123, -0.9451450306034593, -0.8488865249899171, 0.5282437377775465, -0.018714197534216718, 0.504624403438407, 0.7993769833552852, -0.32611447366873547
0.009197801340459852, 0.01931859035964554, 0.03147515954943168, -0.1568656957798343, -0.28463617658079116, -0.9457142276972347, -0.8488083173074121, 0.5283860141023404, -0.01823898491695181, 0.504893646184291, 0.7998690312060531, -0.3244871938308538
0.009189160471242002, 0.019300853931091384, 0.03142062689291125, -0.15700940762838334, -0.28071391392994305, -0.9468620514321592, -0.848468565347208, 0.5289996912356307, -0.0161375428816736, 0.505419765673875, 0.8008489403119292, -0.3212348599816425
0.009180698632101842, 0.019282790612629556, 0.0313661783576305, -0.1575408352770589, -0.27484841994303183, -0.9484931371786649, -0.8479218910445825, 0.5299682054543439, -0.01273451588720184, 0.5061712673666747, 0.8022418882496234, -0.31654162574627237
0.009171882599603698, 0.019265858093109527, 0.0313114626513935, -0.15826115771964275, -0.2673741944184654, -0.950507467680457, -0.8472176012135271, 0.5311803050693064, -0.008355818360618193, 0.5071249768560363, 0.8039642552163344, -0.3105893336597529
0.009162650531418152, 0.019250321809984844, 0.03125640877018857, -0.1589718968087892, -0.2586262007851143, -0.95280660382497, -0.8464003633939297, 0.5325366911204118, -0.0033312846090953513, 0.508266033560811, 0.8059262750884728, -0.30355967823540037
0.009153124642380347, 0.019235965539697638, 0.031201060749961717, -0.1594753421274366, -0.248942830408855, -0.9552984258551697, -0.8455190509010063, 0.533941477361014, 0.0020083119775368883, 0.5095734979537284, 0.8080432945960048, -0.29563640547408193
0.00914342714732542, 0.019222573058690063, 0.031145462626658918, -0.15957499196177952, -0.23866787698614747, -0.9579005514328318, -0.8446312218839618, 0.5352983637176633, 0.007332177029903734, 0.5110126426608286, 0.8102427452906429, -0.2870065726506607
0.009133680261088514, 0.01920992814340426, 0.031089658436226155, -0.15899499349996174, -0.2283757843760646, -0.9605025211588798, -0.8438346086656742, 0.5364662614500403, 0.012128624978347905, 0.5125073123966092, 0.8124336597140928, -0.2780068403898908
0.009124006198504767, 0.019197814570282364, 0.031033692214609415, -0.15663619611388718, -0.22099876420355102, -0.9626134469700053, -0.84352576302444, 0.5369063688996809, 0.013994218413185025, 0.5137405854913626, 0.8141812434927883, -0.27051712249602416
0.00911452717440932, 0.01918601611576651, 0.030977607997754685, -0.15219768884289966, -0.21739556472820443, -0.9641447152514944, -0.8438002523356081, 0.5365180844559848, 0.012226169066598028, 0.514623160836397, 0.8154063486925927, -0.26509524485092145
0.009105365403637308, 0.01917431655629885, 0.03092144982160793, -0.14588882635044853, -0.21740802967053277, -0.9651166763562141, -0.8445848812990103, 0.5353750396519995, 0.007067191716417416, 0.515162914646644, 0.8161539778451102, -0.26172477112489373
0.00909664310102388, 0.019162499668321526, 0.030865261722115164, -0.13953494868562208, -0.21956981457696284, -0.965566721993845, -0.8455085283582264, 0.5339613723427542, 0.0007624430134062756, 0.515407922493249, 0.816501285591444, -0.26015442348480705
0.009088482481404167, 0.01915034922827667, 0.03080908773522234, -0.13388827076825457, -0.22311635803596516, -0.9655532205567198, -0.8464207058362769, 0.5324845302879514, -0.0056757145487174, 0.5154084978755253, 0.8165043268598072, -0.26014373822352127
0.009081005759613313, 0.019137649012606426, 0.03075297189687546, -0.12917403210454875, -0.22766445170561486, -0.9651336523297872, -0.8472720156486961, 0.5310267192368829, -0.011864019348786973, 0.5152127724818638, 0.8161982117635976, -0.2614885813672499
0.009074335150486456, 0.019124182797752937, 0.030696958243020496, -0.125616592617271, -0.23283282520636678, -0.9643699223667482, -0.8480152878568772, 0.5296852562103138, -0.017424147452081335, 0.514869442888432, 0.815611675284161, -0.2639830523346529
0.009068471623350904, 0.019109826623361668, 0.030641082204280457, -0.1234398226513517, -0.23824256729210871, -0.9633291697617529, -0.8486086691575532, 0.5285642691502016, -0.021980446045509028, 0.5144180564622991, 0.8147762223505165, -0.2674205876101774
0.009062468990299985, 0.019095200028302804, 0.030585304006294615, -0.1228676299075608, -0.2435165609890605, -0.9620827563390584, -0.8490139121774354, 0.5277711811473632, -0.02515864224243789, 0.5138860987126083, 0.8137304620538537, -0.27159494228640774
0.009056009405155229, 0.019080521621687187, 0.03052960138120077, -0.12412424409017463, -0.2482783550877612, -0.9607034039827059, -0.8491927945914599, 0.5274133644832582, -0.026584592876259923, 0.5132881935550333, 0.8125226159063915, -0.2763009753830869
0.0090490827272362, 0.01906579220979153, 0.030473968164394127, -0.12734893423119623, -0.2523609082602177, -0.9592164619793889, -0.8491222180917662, 0.5275530668929405, -0.026061856318607652, 0.5126145800629334, 0.8111730601998138, -0.2814685750007837
0.009041678815862467, 0.019051012598892563, 0.030418398191269916, -0.13244769393352893, -0.2561705147709957, -0.9575146347360197, -0.8488322411232573, 0.5281227734011661, -0.02387807874869861, 0.5118021441937878, 0.8096066968454644, -0.28739443561352684
0.009033787530353606, 0.01903618359526702, 0.030362885297223363, -0.1390751164211863, -0.26036903120610694, -0.955440254323224, -0.8483805430623876, 0.5289834529817798, -0.020663025544219574, 0.5107920967924245, 0.8077032091432264, -0.294460455399587
0.009025398730029187, 0.019021306005191634, 0.030307423317649698, -0.14525133377488003, -0.26690877948259284, -0.9527128389350755, -0.8481307938285078, 0.5294453333460162, -0.019020924213907935, 0.5094862182595754, 0.8052622817649157, -0.30327619585176435
0.009016502351877445, 0.01900638045918031, 0.030252006149847247, -0.15007543911435112, -0.27704702624127125, -0.949063911349232, -0.8483195465037602, 0.5290950651424553, -0.020306626050517078, 0.5077709223599647, 0.8020619410574031, -0.31442858189570083
0.009007140628467629, 0.018991289243768753, 0.03019666937148741, -0.1533366850381957, -0.2907806854929022, -0.9444228152505503, -0.8490188577871315, 0.5277870037429739, -0.024654772394984523, 0.5056232195452773, 0.7980522988027112, -0.3278073950239324
0.008997498816072747, 0.018975590985371667, 0.030141562552307842, -0.15639501687284899, -0.3016367106868286, -0.9405083165306789, -0.8495395586644027, 0.5267979558848352, -0.02768486842755684, 0.5038086312893352, 0.7946692446808229, -0.3386408932730617
0.008987786399869906, 0.018958789480820797, 0.03008685457285106, -0.160555550056855, -0.3115552840980254, -0.9365656518880774, -0.8498426067618959, 0.5262180537125247, -0.029361602121614126, 0.5019855168011187, 0.7912192268250319, -0.34926018385197105
0.008978212865036205, 0.01894038852694788, 0.03003271431365962, -0.16563009102500492, -0.32152758993841907, -0.9323018190776206, -0.8500168640737314, 0.5258803317581757, -0.03035139964104825, 0.5000380022931339, 0.7874451635373113, -0.3604054809300061
0.008968987696748747, 0.01891989192058466, 0.029979310655276033, -0.17130742401801327, -0.3312084650309872, -0.9278764568454844, -0.8500672768517825, 0.525776521347536, -0.03073555637171687, 0.49803553216824564, 0.7834921839377221, -0.37161889942034854
0.008960216000842618, 0.01889728885606743, 0.02992663734127291, -0.17737008616124653, -0.3400543407987547, -0.9235274212707907, -0.8499798397884364, 0.525936687556058, -0.030411718724617336, 0.49605858977380474, 0.7795855604014775, -0.38232476969866647
0.008951050284881521, 0.01887624011331308, 0.029873389073355718, -0.1838482898462782, -0.3469696080188363, -0.9196803234993417, -0.8496559830942753, 0.5265502109127699, -0.028802530788425137, 0.4942514711285132, 0.7761165933665977, -0.39161015919958964
0.00894074280133235, 0.018855653548143187, 0.029820125493635424, -0.19081948343255606, -0.35076978232157485, -0.9168143130168767, -0.8489519287720442, 0.5278658257918692, -0.02526445319602285, 0.49281695118650143, 0.773510329453423, -0.3985137674561552
0.008929400288759359, 0.018834972464188, 0.029767068352804613, -0.1983617354035631, -0.35025924534349345, -0.9154076048291785, -0.8476924989264834, 0.5301418679183824, -0.019157952494522786, 0.4920061475138911, 0.7721839553703606, -0.4020719958877071
0.008917194032335303, 0.018814399897831315, 0.029714130087461998, -0.2065400895939709, -0.3442145726287857, -0.9158916526426567, -0.8456780427416456, 0.5336027815936989, -0.009834607268560001, 0.4921075486264908, 0.7725182195038831, -0.4013050723818182
0.008904295317232936, 0.01879413888545696, 0.029661223134206317, -0.21521211192946071, -0.33223138644391254, -0.9183169674684319, -0.8428236993357854, 0.5381823940918425, 0.0028146984766532356, 0.4932868929100012, 0.7745850608881689, -0.3958358557938739
0.008890875428625001, 0.018774392463448728, 0.02960825992963627, -0.22266478884453406, -0.32036593120545037, -0.9207529863821696, -0.8401015718547066, 0.5422353853008892, 0.014496064805576319, 0.4946208050376271, 0.7767537943585863, -0.3898766499464527
0.008877105651684257, 0.018755363668190438, 0.029555152910350588, -0.22738883504018892, -0.3071047873193353, -0.924110906387654, -0.8376502393028249, 0.5456444603066261, 0.024783049300099523, 0.4966250036949269, 0.7797171105870621, -0.38131985676434077
0.008863157271583445, 0.018737255536065887, 0.029501814512947977, -0.2293976462452537, -0.292604173634256, -0.9283100330541255, -0.8355206713563119, 0.5484305695175111, 0.03360235341454897, 0.49928141126366327, 0.7833305228257817, -0.37028551737281346
0.008849201573495322, 0.018720271103458898, 0.029448157174027167, -0.22883839434150702, -0.2784067378861368, -0.9328036650736321, -0.8338933717871233, 0.5504535055289239, 0.04028377763345106, 0.5022497722893494, 0.7870772684752869, -0.3581264297490173
0.008835409842592637, 0.01870461340675328, 0.02939409333018688, -0.22596215261545763, -0.26583755888239685, -0.9371614043871187, -0.8328945715195608, 0.5516526992477794, 0.04433883338436128, 0.505200691130402, 0.7905755445876677, -0.34606729111731593
0.008821951909812496, 0.018690472205025052, 0.029339539130683313, -0.22145662508060326, -0.25503569446620206, -0.941229917584461, -0.8324174750110895, 0.5522176362270578, 0.04622585354498868, 0.5079745175735404, 0.7937332529180965, -0.3345884228540882
0.008808953294824139, 0.018677632691319498, 0.029284523851253276, -0.21613714574406853, -0.24576689077571112, -0.9449250603238581, -0.8322761338291517, 0.5523908994652253, 0.04669830025171597, 0.5104911079421535, 0.796531813292124, -0.32393811002343276
0.008796488170157685, 0.01866541125448704, 0.029229207856663806, -0.2108167654952414, -0.23779576526181706, -0.9481610967602874, -0.8322890087279752, 0.5523868320142274, 0.04651659669290261, 0.5126902547705865, 0.7989505377936938, -0.3143672069768707
0.008784627837346246, 0.01865309807090609, 0.02917375884132534, -0.20630958631660107, -0.23088840543974395, -0.9508558770010129, -0.8322841842589337, 0.5523998618333146, 0.046448135365980865, 0.514528319168454, 0.800965003530134, -0.30613015515244196
0.008773394538896619, 0.018640125086304554, 0.029118320851327914, -0.20343177625189326, -0.22481178455259504, -0.9529297843688574, -0.8320974735095642, 0.5526117023232292, 0.04726627798360037, 0.5159741340319298, 0.8025459288923598, -0.29948409812258786
0.008762568568103027, 0.018626623424218478, 0.02906292130402028, -0.2029720713621321, -0.2193352415678699, -0.9543030912940237, -0.8315713730216621, 0.5531876060276596, 0.04972448198075721, 0.5170023112306494, 0.8036638130112311, -0.2946745422299246
0.008751855759316455, 0.018612939377475744, 0.029007551724702887, -0.20502111281799865, -0.21418799648489187, -0.9550339498995087, -0.830653677642189, 0.5541610795475028, 0.05403670728544312, 0.517668630610718, 0.804381128617855, -0.29153076819624024
0.00874096192634289, 0.01859941929827457, 0.028952203628772682, -0.20892760534313984, -0.20897978815528093, -0.9553411452817026, -0.8293930875108592, 0.5554471025286489, 0.059880069152707736, 0.5181277469068664, 0.8048639415672084, -0.28937462475156983
0.00872959288298832, 0.01858640953881318, 0.028896868531626638, -0.2140046726147298, -0.20330468914428637, -0.9554418891125757, -0.82784133935817, 0.5569574448544995, 0.06691129553982951, 0.5185370931271297, 0.8052736230580835, -0.28749552180542604
