0.0034379255957901478, 0.01213884074240923, 0.07301871478557587, 0.12234804164742097, 0.7871981307261317, -0.6044419407075631, 0.9877682059684769, -0.15589863200550647, -0.0030964199695926974, -0.09666916769506897, -0.5966696904654164, -0.7966431776504753
0.003453225444179524, 0.0122286841154483, 0.07297566644956827, 0.1014065031171473, 0.7180982247093713, -0.6885140962934608, 0.9886327016198447, -0.1499626566003278, -0.010797356770022224, -0.11100496571504798, -0.679592628928994, -0.7251425765268371
0.0034638929492285687, 0.01229373987121735, 0.07292973986218518, 0.07326042836361982, 0.6268300333240953, -0.7757042084189646, 0.9894707631585447, -0.14303088424537713, -0.02213086095100791, -0.12482194715043601, -0.765915318736281, -0.6307084952929322
0.003470275378052824, 0.012337393788285893, 0.07288127587493201, 0.037967773653947205, 0.5142138324584357, -0.8568212081129708, 0.9900444265601265, -0.1356563603620391, -0.037541781131891376, -0.13553774972675653, -0.8468656838021793, -0.5142451088705411
0.0034727199977678345, 0.012363031645223474, 0.07283061533931429, -0.0030782509190727175, 0.38640682540255394, -0.922323310804622, 0.9900441004785963, -0.12861649589501892, -0.057188076477651686, -0.1407238554005908, -0.9133167918449802, -0.3821638840277648
0.0034715740754891434, 0.012374039220599613, 0.07277809910683743, -0.04704022975639784, 0.25566172021121764, -0.9656211998517361, 0.9891482320051812, -0.12277761887544873, -0.0806934410240339, -0.13918689559541692, -0.9589383406256714, -0.24711185113748468
0.003467184878332296, 0.01237380229298385, 0.07272406802900692, -0.08985908592810103, 0.13268719555871583, -0.9870762142868854, 0.9872535929825269, -0.11885174058589072, -0.10585181577467317, -0.13136090673886722, -0.9840062865116602, -0.12031600178810545
0.0034598996734128344, 0.01236570664094571, 0.07266886295732827, -0.12728695492846537, 0.02692358530385566, -0.9915004546945124, 0.9846179816137621, -0.1171962200782549, -0.12958578734649265, -0.11968901949585849, -0.992743756743781, -0.01159189623680097
0.003450065727846304, 0.012353138043054726, 0.07261282474330688, -0.15815000604663648, -0.06077748145066236, -0.9855428318119732, 0.9816863599471297, -0.11703724770097641, -0.15031358336602405, -0.10620953950188852, -0.9912660492517106, 0.07817386596364603
0.003438030308748248, 0.01233948227788043, 0.07255629423844825, -0.1824559874050161, -0.12669044114718284, -0.9750176125496363, 0.9787681774574236, -0.1176016127479368, -0.16787708442714222, -0.09339522180890272, -0.9849463908259255, 0.1454576905572523
0.003424144760466211, 0.012328096834860167, 0.07249961123306035, -0.20014334302853734, -0.17009288582014123, -0.9648891399713947, 0.976220528793453, -0.11833276203261402, -0.18163379804420693, -0.08328338011627676, -0.9782973819974728, 0.18973168152235043
0.0034091161689402153, 0.012319870955137584, 0.07244302292716469, -0.21155568856067267, -0.19495360779589974, -0.9577250552454928, 0.974359338952688, -0.11887112919981976, -0.19103280670722686, -0.07660332390504088, -0.9735824286880502, 0.21510273200630703
0.0033942531194633327, 0.012311416775343283, 0.0723866113580338, -0.21744887386587705, -0.20754201970910766, -0.9537516958357277, 0.9733506831497597, -0.1190179631600483, -0.1960182952102421, -0.07283155131094048, -0.9709588222475234, 0.22789148872510373
0.00338024924906519, 0.012300857321458053, 0.07233038988203859, -0.2186151572523786, -0.21385402432229902, -0.952089212889567, 0.9732347972618182, -0.1186374796154256, -0.19682270658957818, -0.07086213670406424, -0.9696347790336612, 0.23406612926708875
0.003367064445728854, 0.01228842776075413, 0.07227431558402045, -0.2156629831698374, -0.2190294060674012, -0.9515858326856531, 0.9739911221436879, -0.11761718938884513, -0.19366850736644847, -0.06950375296029704, -0.9686032810382329, 0.23869837093370366
0.003354622043389054, 0.012274468483556823, 0.07221834274547498, -0.20898307528600524, -0.22774016433257452, -0.9510312780312621, 0.9755761916078203, -0.11583206546493711, -0.1866387606530543, -0.06765477523416533, -0.9668078144905008, 0.24638482345330465
0.0033428453759805155, 0.012259319880191437, 0.07216242564789785, -0.1996389086402174, -0.2406988587684863, -0.949846495779445, 0.9777044832562979, -0.11333530608524332, -0.17677401340440202, -0.06510184004679453, -0.9639601484408536, 0.25795849014988653
0.00333165777743797, 0.012243322340983293, 0.07210651857278477, -0.19013494043927867, -0.2517485156553279, -0.9489317094973121, 0.9797306336733217, -0.11073916730749667, -0.1669272963481817, -0.0630602082633999, -0.9614361766073615, 0.2677011177496188
0.0033209825816961453, 0.012226816256257692, 0.0720505758016314, -0.1819273170066789, -0.257276703800934, -0.9490580324764539, 0.9813432914238489, -0.10854855399512897, -0.15869012509596594, -0.06219160477233323, -0.9602218020368487, 0.27222471450797564
0.0033107431226897708, 0.012210142016339954, 0.0719945516159334, -0.17510459430078842, -0.25725343945252455, -0.9503468045637878, 0.9825699931045015, -0.10684510487214456, -0.15211946691820963, -0.06240664792613143, -0.9604190707470914, 0.2714785789706385
0.0033008627343535744, 0.012193640011555382, 0.07193840029718641, -0.16965096232578286, -0.25288582347307087, -0.9525058064223454, 0.9834645296851693, -0.10559472720918427, -0.14713012076643853, -0.06337246904661847, -0.9617164415106798, 0.2666184845335571
0.0032912647506222865, 0.012177650632229295, 0.0718820761268862, -0.1655340090824511, -0.24597487154980982, -0.9550365722856614, 0.9840799433909581, -0.10472252012751959, -0.1435961656653479, -0.06469278825912333, -0.9636023849826213, 0.25939407626826105
0.003281872505430633, 0.012162514268686997, 0.07182553338652836, -0.16272604766751095, -0.23833435117411575, -0.9574533776957102, 0.9844585729125614, -0.10417106456901966, -0.14138496216189345, -0.06604204440713402, -0.9655802019288562, 0.25158164085154494
0.003272609332713345, 0.0121485713112538, 0.07176872635760856, -0.16120611402911916, -0.23177922936151024, -0.9593179752491949, 0.9846341981396198, -0.10390100382426146, -0.14035696369706296, -0.06714227173382264, -0.9672036860149444, 0.2449672327180235
0.0032633987446497197, 0.012136094586965155, 0.0717116229930663, -0.1608322868413771, -0.22746437202795886, -0.9604128981679179, 0.9846477272122269, -0.103859837529799, -0.14029250672819235, -0.06783678062208688, -0.9682319420501527, 0.2406762921199776
0.003254165970688806, 0.01212470599478498, 0.07165432296125288, -0.16128047097361814, -0.22558312090119825, -0.960781382650082, 0.9845549483603127, -0.10397190296765539, -0.14085949400912415, -0.06811874442288224, -0.9686599501154984, 0.23886761542848423
0.003244837200102105, 0.01211366361466833, 0.07159699954936116, -0.16221122035542673, -0.22624978581545185, -0.9604678830701552, 0.9844118635987955, -0.10415805468215951, -0.14171937923507377, -0.06797648708744498, -0.9684844521536164, 0.23961857845325768
0.0032353386326511857, 0.012102221550329752, 0.07153982684917712, -0.16328341606659644, -0.22957940093551385, -0.959495609528107, 0.9842750753752635, -0.10433701669754854, -0.14253547958903046, -0.06738769941645284, -0.9676812934084994, 0.24300578666898398
0.003225598035055872, 0.012089642008770704, 0.0714829768833129, -0.16415260664894551, -0.23568893949261419, -0.9578646279778804, 0.984202516315949, -0.10442429453735363, -0.14297193286701426, -0.06632743480423905, -0.9662019926036289, 0.24910716746225223
0.0032156194765611203, 0.01207558178392607, 0.07142652091663969, -0.16447029878964248, -0.24457923015720534, -0.9555786315064577, 0.9842514333062723, -0.10433330553938107, -0.14270135735084885, -0.06479688920460802, -0.9639997725782589, 0.25788718777494707
0.0032055160988645436, 0.01206026172137303, 0.0713703861834882, -0.16389704680370767, -0.255154480979584, -0.9529081534361338, 0.9844640231362035, -0.10399106025325008, -0.14147949158053014, -0.06299480295630469, -0.961291865264366, 0.26823423453588535
0.003195409428037423, 0.012043946025205253, 0.0713144888465955, -0.16210823358371707, -0.2657180468705462, -0.9503235449948977, 0.9848713155805688, -0.10332945115626843, -0.1391097274468752, -0.061232445247324456, -0.9584972321770401, 0.2784486371990117
0.003185420990151037, 0.012026898899516412, 0.0712587450686986, -0.15879083633361588, -0.27458620862435895, -0.9483606298923268, 0.9854985803403016, -0.10227597822819141, -0.13539635307022352, -0.059816539884223766, -0.9561077545500646, 0.28684480690002484
0.003175672311276667, 0.012009384548400177, 0.07120307101253458, -0.15376440824474066, -0.2802341228121785, -0.947536460073613, 0.9863443698450919, -0.10079166603864333, -0.130252923698637, -0.05900246462676874, -0.9546255163512253, 0.29190552015870386
0.0031662849174855915, 0.011991667175950217, 0.07114738284084043, -0.14735828142720228, -0.2822064823208973, -0.9479689015104275, 0.9873320296494207, -0.09897715669270468, -0.12401203845346248, -0.058830265367213225, -0.9542342604356087, 0.29321660268090277
0.003157380334849091, 0.011974010986260206, 0.07109159671635328, -0.14014753858599296, -0.281059613599944, -0.9494020018049982, 0.9883619608103613, -0.09699834738103594, -0.11718342471717437, -0.05915489710400497, -0.9547757926384592, 0.2913827104346045
0.0031490800894384448, 0.011956680183423803, 0.07103562880181007, -0.13271821921080723, -0.2774176134471057, -0.9515384080733812, 0.9893469622143676, -0.09502112632752242, -0.11028859373775518, -0.059820252813864896, -0.956038939217834, 0.28707330780224766
0.0031415056782099784, 0.011939938940323911, 0.07097939527233121, -0.12565751459256333, -0.2719058271543228, -0.9540845927830212, 0.9902159822628962, -0.09320162947390445, -0.10385453641770614, -0.060683585074939025, -0.9577999151299464, 0.28095698083429094
0.003134705224615383, 0.011923972774583578, 0.07092284351044578, -0.11955561169233692, -0.26515465233514596, -0.9567651049541361, 0.9909130818774275, -0.0916844249412172, -0.0984135681061152, -0.061625643015305105, -0.9598369531166355, 0.2737066012260647
0.003128495137880651, 0.011908718809766974, 0.07086601945197697, -0.11500605659877759, -0.25780090584822285, -0.9593290884203578, 0.9913930863212258, -0.09060442594056646, -0.09450177984807949, -0.06255681689530922, -0.96194050280868, 0.26600209344309794
0.0031226461980277545, 0.01189406525563872, 0.07080898843987901, -0.11260519070951644, -0.2504869372260919, -0.9615489406703984, 0.9916140806512349, -0.09008948838057891, -0.09265742893870792, -0.06341597653178262, -0.9639191762603426, 0.2585309179926125
0.003116929185078665, 0.011879900321963422, 0.07075181581710618, -0.11295101628542357, -0.24385798549630205, -0.9632109586325186, 0.9915270757879707, -0.09025891094665614, -0.09342048476688282, -0.06415704091871577, -0.9656016838761255, 0.25198663098693413
0.003111114879055358, 0.011866112218505706, 0.0706945669266128, -0.11664119178992431, -0.23855809252362176, -0.9640979560549422, 0.9910625902487417, -0.09122269441589158, -0.09733119866188651, -0.06472846813636832, -0.9668342445915928, 0.24706632489621722
0.003104974059979804, 0.011852589155030187, 0.07063730711135309, -0.12410903672622385, -0.2350808849446949, -0.96401967020207, 0.9901325203872945, -0.09305304900668698, -0.10477939750763436, -0.06507333612465682, -0.9675112958535308, 0.2443099533818244
0.0030982775078739777, 0.01183921934130148, 0.07058010171428136, -0.13481825611613393, -0.2333314879460694, -0.9630059473080516, 0.9887235980236485, -0.0956185546686345, -0.11525076448445802, -0.06518960445481449, -0.9676846122244348, 0.2435914750870198
0.0030907960027598508, 0.011825890987084201, 0.07052301607835186, -0.1476963657861313, -0.23300515227078847, -0.9611942480835161, 0.9868886014323313, -0.09867927572052007, -0.12772348611829737, -0.06508972189606145, -0.9674559419211504, 0.24452469925337428
0.0030823003246593958, 0.011812492302142968, 0.07046611554651887, -0.16166166039357655, -0.23380082784628628, -0.9587505830283407, 0.9847176248991958, -0.10199435310634408, -0.14116781200863437, -0.0647819941934382, -0.966920019873831, 0.2467163723702011
0.0030725612535945873, 0.011798911496242395, 0.07040946546173665, -0.17563830061651187, -0.23542933005889752, -0.9558892288882445, 0.9823536847636366, -0.10531798919029976, -0.1545618296482598, -0.06428394346840886, -0.9661682833238373, 0.24977274253052478
0.0030613704390281514, 0.011785042298343021, 0.07035312646995942, -0.18855832573357315, -0.23761521873827243, -0.9528823461584933, 0.9799981762954192, -0.10839823863779542, -0.16689336810633346, -0.0636343637840773, -0.9652920955255909, 0.2533018714135551
0.0030488545278668237, 0.011770867031850587, 0.07029708382063021, -0.1993628180979574, -0.24009620363903894, -0.9500569876371427, 0.9779048503443849, -0.11097937421360113, -0.17716004677150984, -0.062901275288875, -0.9643844624926714, 0.2569164028818607
0.0030354101912469906, 0.011756439431601722, 0.07024126198993785, -0.20700066535026224, -0.2426198183670316, -0.9477796939585156, 0.9763627798848754, -0.11280250948665668, -0.18436733959405888, -0.06218075747389262, -0.9635409786766007, 0.2602351548329157
0.003021441785438588, 0.011741815264866902, 0.0701855837244094, -0.21042382458763437, -0.24493692355875707, -0.946428928934172, 0.9756686135788473, -0.11360130741879848, -0.18752466352421385, -0.06158384953088305, -0.9628606578473914, 0.2628816902080598
0.0030073536667115557, 0.011727050298916599, 0.07012997177057198, -0.20858381235504472, -0.24679276412404472, -0.9463541223027715, 0.9760866542833337, -0.11310052980614278, -0.1856424345012143, -0.06121794306739909, -0.962445635728888, 0.2644820631215154
0.0029935501913358345, 0.011712200301021292, 0.07007434887495263, -0.20090465209862512, -0.24803490767691272, -0.9476898254908279, 0.9777013626181832, -0.11114226739971818, -0.17817811855499366, -0.06113400281086, -0.9623544466416493, 0.26483306577798554
0.0029804357155813616, 0.011697321038451457, 0.07001863778407846, -0.18819798685762953, -0.2488414317601483, -0.9500839223891198, 0.9802190082369219, -0.10792532514447245, -0.1659000303902478, -0.06125531514702011, -0.9625123718851719, 0.2642304303713331
0.002968414595718076, 0.011682468278477562, 0.06996276124447653, -0.17181504274780648, -0.24952068045746592, -0.9530052576505612, 0.9832104418292086, -0.10378305492809436, -0.15008765634723176, -0.06145582286148335, -0.9627920375313848, 0.26316282849707834
0.0029578911880159178, 0.011667697788370086, 0.06990664200267396, -0.15313046329492166, -0.2503932909020918, -0.9559572485641306, 0.9862829183125942, -0.09904581842451209, -0.13204518505955154, -0.061620339628042226, -0.9630644452599416, 0.26212555773957974
0.002949267327728824, 0.011653064673888656, 0.0698502033652267, -0.13353788730904573, -0.25179994046039, -0.9585219990366317, 0.9891234761065063, -0.09404187814245799, -0.11309674694888784, -0.0616634548822744, -0.9631993122607507, 0.26161938611731084
0.0029426758895199916, 0.011638553465934258, 0.06979342838670691, -0.11444975150086477, -0.25410688834490186, -0.9603806243761178, 0.991521117624104, -0.08910452181948021, -0.09458465782974283, -0.0615396432134446, -0.9630628606103515, 0.26215033630756335
0.002937745749427797, 0.011624016446918945, 0.06973641208202228, -0.0972567538513655, -0.25768190925810996, -0.9613226084262193, 0.9933731668424471, -0.08457078968220516, -0.07783015437435535, -0.06124438935692533, -0.9625215920557957, 0.26419937471287464
0.0029340503603097, 0.011609291356294618, 0.06967926177801471, -0.08283338749964969, -0.2625443104602211, -0.9613579536053675, 0.9947047174917513, -0.08067204371393767, -0.06367531988668558, -0.06083711790501, -0.9615417340958132, 0.2678364028227462
0.002931163175023164, 0.011594215933513164, 0.06962208480152618, -0.07164702142790008, -0.26843501660710123, -0.9606296613053624, 0.9956001554165385, -0.07755916664469176, -0.05258237541177896, -0.060390685168114695, -0.9601704106712132, 0.27281082752779345
0.0029286576464256494, 0.01157862791802647, 0.06956498847939857, -0.06414936232689974, -0.27508764986256856, -0.9592766254872164, 0.9961383739124278, -0.07539100444866285, -0.04499484934218399, -0.05994330097814328, -0.9584586487383326, 0.27886164907805655
0.0029261072273746172, 0.01156236504928643, 0.06950808013847384, -0.06033059974111321, -0.28210130920153464, -0.9574858067259575, 0.9964025285126267, -0.07421449247192866, -0.04091711476604994, -0.059516551550989984, -0.9565098329102081, 0.28556386262544525
0.002923105595383534, 0.011545279147921396, 0.06945146044081178, -0.059312271052733664, -0.2888233720560729, -0.9555433607412728, 0.9964864358385894, -0.07383549290865318, -0.03953609966399055, -0.05913406541302416, -0.9545309736939371, 0.29218792337574917
0.002919552967204827, 0.011527435458863077, 0.0693951290323047, -0.06011830013449362, -0.2945711146096339, -0.9537366766705455, 0.9964569374035072, -0.07400915576548578, -0.039952681553346386, -0.05881634032615415, -0.9527594152253328, 0.2979767353504633
0.002915587554387972, 0.011509064928093162, 0.06933900713063987, -0.06177528670323127, -0.29866453907798385, -0.9523567120832767, 0.996368789859121, -0.07446797147272512, -0.04127657712805359, -0.05859222258460876, -0.9514483771188392, 0.30218030566289855
0.002911353808376228, 0.011490402846045258, 0.06928301389722571, -0.06331452481983102, -0.3004276285623985, -0.9517008516037025, 0.9962780831121469, -0.07491734144289997, -0.042630658703731186, -0.0584914699526783, -0.9508578400305175, 0.3040528177722967
0.0029069961806128548, 0.01147168450315297, 0.06922706849347066, -0.06377075525365904, -0.2991842816135069, -0.9520620023978414, 0.9962454555406408, -0.07505750940103967, -0.04314351164582964, -0.05855154215730714, -0.951238737603722, 0.3028474549886106
0.0029026591225411063, 0.011453145189849906, 0.0691710900807831, -0.06233507677956504, -0.294288366634967, -0.9536816531034918, 0.9963201571533241, -0.07466826902212112, -0.04208080383281256, -0.05882586720874785, -0.9527953646321772, 0.2978598839766365
0.0028984870856042424, 0.011435020196569664, 0.06911499782057141, -0.06111643336988718, -0.28572366984918085, -0.9563612110808659, 0.9963657707284893, -0.07441769398124416, -0.04143980867640873, -0.059329861728876505, -0.9554182284792511, 0.2892334285603969
0.0028946245212455226, 0.01141754481374586, 0.06905871087424412, -0.06332578492092418, -0.2742936372338416, -0.9595586722744882, 0.9961864825432772, -0.07519737716112952, -0.04424755887209666, -0.060019471525511445, -0.9587013899234301, 0.27800954659270566
0.002891215880908204, 0.011400954331812096, 0.06900214840320955, -0.06829680482108548, -0.261568634585138, -0.9627654936964126, 0.9958099593477882, -0.07669466184657116, -0.04980415352153487, -0.060811769543297034, -0.9621329316916175, 0.2657106517238371
0.002888405616035544, 0.01138548404120198, 0.06894522956887614, -0.07472471801928358, -0.24925294226299707, -0.9655512349379382, 0.9952989013948604, -0.0784676388387994, -0.056770824701141864, -0.06161423049201044, -0.9652542672416957, 0.25394465178966585
0.002886265932272466, 0.011371361289470725, 0.0688878832022979, -0.08164248844418726, -0.23869054780502272, -0.9676576494138714, 0.9947096486410762, -0.08025020219587095, -0.0641297118960333, -0.06234756595880192, -0.9677741097157229, 0.24397961714650027
0.0028834498108951745, 0.011358656862913511, 0.06883022822954467, -0.0896363995850824, -0.2293796173008594, -0.9692008600059817, 0.9939758069110808, -0.08222184664978223, -0.07246836005433989, -0.06306671978856353, -0.9698580097624657, 0.23536786049649988
0.0028781995335952285, 0.01134712321459724, 0.06877251133529437, -0.09920109172040302, -0.22094536003245424, -0.9702279584106044, 0.9930192313220892, -0.08450867542423071, -0.08228663319475993, -0.06381182982776104, -0.9716179453150149, 0.22778634444553883
0.002871046501783662, 0.011336045668852247, 0.0687148643449352, -0.10962475378294541, -0.2145720171784334, -0.9705365849889466, 0.9918819311255205, -0.08691838742448915, -0.0928193332998821, -0.06444104332439686, -0.9728329987061008, 0.22235851358506317
0.002862901911616072, 0.011324634484707878, 0.06865739937774809, -0.12076654527132683, -0.2109754583440689, -0.9700024729451666, 0.9905631186602023, -0.08940675894425082, -0.10388040915041989, -0.06480856034045644, -0.9733939528431409, 0.21978185337966993
0.0028544831277662725, 0.011312333526836065, 0.06860019222584332, -0.13278809942064473, -0.21044348674712118, -0.9685457446801194, 0.9890239582571435, -0.09202119914699063, -0.11560150907718245, -0.06479915621074837, -0.973265450837162, 0.22035297039321008
0.0028455904831873966, 0.01129969177067337, 0.0685431467809313, -0.14347357846781086, -0.21299734367332282, -0.966461310073895, 0.9875587868651595, -0.09432820339509466, -0.12581666236897296, -0.06436594415570547, -0.9724887257096414, 0.22388100321506188
0.0028360759316694998, 0.011287170732724916, 0.06848616769579545, -0.1499286832520166, -0.21814105019930474, -0.9643318267879895, 0.9866515715782102, -0.09571496366243538, -0.1317471898499039, -0.06356151540487714, -0.9712121951196058, 0.22957962847428884
0.002826502181038617, 0.011274305023697527, 0.0684292772271211, -0.15310027332925785, -0.22454767319055288, -0.9623609763343561, 0.9862295002474059, -0.09635272694662428, -0.13441549334694072, -0.06254341810501518, -0.9696878335189413, 0.2362071683439843
0.0028170958560490623, 0.011260913418665907, 0.06837248364487557, -0.15457164901915302, -0.23075326845626454, -0.960656304000682, 0.9860641484368495, -0.09658102383386195, -0.1354606991075783, -0.061523170326395316, -0.9682071239832695, 0.2424662132773044
0.00280782927163745, 0.011247056740231265, 0.0683157773373336, -0.1555979357241882, -0.23569536118309478, -0.9592898306117613, 0.9859549728364903, -0.09670984115546294, -0.13616166186809356, -0.06068009506722366, -0.9670030523945908, 0.24743286508096918
0.0027986717356137426, 0.011232798673124067, 0.06825914848132515, -0.15589387538108646, -0.24019571101313095, -0.9581247935574796, 0.9859544977934999, -0.09668299036083548, -0.13618416815347464, -0.05992351708163967, -0.9658977273944603, 0.25189432767488706
0.002789592555787901, 0.011218202902074764, 0.06820258725368009, -0.1552624841707239, -0.24492929446068543, -0.9570283181411753, 0.9861002189107125, -0.09644253727093133, -0.135296693488754, -0.059160115562602894, -0.964732334753913, 0.2564987388017407
0.002780561039969889, 0.011203333111813814, 0.06814608383122829, -0.1547096955449038, -0.24900410025371927, -0.9560658283618544, 0.9862258802206137, -0.09623556795217122, -0.13452594041298702, -0.058510027238744836, -0.9637093304092053, 0.26046286336973756
0.0027715464959696687, 0.01118825298707168, 0.06808962839079968, -0.15467343333199904, -0.25201003899800933, -0.9552837637401326, 0.9862601496859272, -0.09617613257833722, -0.13431704532101083, -0.05802625408195864, -0.9629335863736895, 0.263423351415018
0.0027625182315972035, 0.011173026212578823, 0.06803321110922414, -0.15516041385421023, -0.2539448048002261, -0.9546922446985547, 0.9862024580711963, -0.09626740770725119, -0.1346747857160206, -0.05770578538517947, -0.9624160339106477, 0.2653778815289222
0.0027534455546624546, 0.011157716473065692, 0.06797682216333158, -0.1561715885145864, -0.2548098954696422, -0.9542967840832225, 0.9860520808560672, -0.09651037833940264, -0.135598822680012, -0.057547621847046634, -0.9621630132381599, 0.266328006743966
0.0027442977729753852, 0.011142387453262754, 0.06792045172995186, -0.15770725914447756, -0.2546056817238351, -0.9540987198645001, 0.9858074221050643, -0.09690299649210678, -0.13708951744542025, -0.05755125485777042, -0.9621776115171211, 0.2662744767331334
0.002735044194345957, 0.01112710283790046, 0.06786408998591487, -0.15976706328431087, -0.2533313730247367, -0.9540952263432139, 0.9854659086396589, -0.09744198475842214, -0.13914741289492571, -0.05771852734190729, -0.9624594926789081, 0.26521745145020226
0.002725654126584133, 0.011111926311709274, 0.06780772710805055, -0.16234897273747612, -0.2509867798895199, -0.9542790196644668, 0.9850240559854783, -0.09812447356948488, -0.14177163614993268, -0.05805532000603966, -0.9630042699839919, 0.26315842340992085
0.002716096877499877, 0.011096921559419654, 0.06775135327318875, -0.1653706751550473, -0.2477152384083513, -0.9546149487929977, 0.9844921729893201, -0.09892432267006984, -0.14487629104527275, -0.05854657224407327, -0.9637692353694227, 0.26023289537241046
0.0027063417549031497, 0.011082152265762054, 0.06769495865815942, -0.16861164329370287, -0.2439116988989469, -0.9550273278215794, 0.9839070509445715, -0.09977735909674157, -0.14822750660129333, -0.05913568167657893, -0.964651005157777, 0.2568100648353506
0.002696358066603913, 0.011067682115466933, 0.06763853343979234, -0.171838673291311, -0.23999818117516064, -0.9554435322896362, 0.9833109755550268, -0.10061904180008568, -0.1515761649477058, -0.05975780881611689, -0.9655447589106616, 0.25328308831354895
0.0026861151204121314, 0.011053574793264754, 0.06758206779491753, -0.1748229088238799, -0.23639402640403331, -0.9558006145796552, 0.9827489900501536, -0.10138956399130593, -0.1546757216535805, -0.060343790946214074, -0.9663529482513841, 0.25004120920379813
0.0026755827796330327, 0.011039892953286235, 0.06752555203219142, -0.17741213054981836, -0.23338741702723, -0.9560623669547568, 0.9822541502881932, -0.10205157884576711, -0.157360285640011, -0.06084176341456481, -0.9670138514149857, 0.24735094702903831
0.002664777358428974, 0.011026613070275977, 0.06746898748369246, -0.1795363622505404, -0.2311227206732622, -0.9562159706982685, 0.9818445189863425, -0.10258904393615584, -0.15955196207111697, -0.06122119866778489, -0.9675007886574847, 0.24534504026131224
0.002653795941344155, 0.011013561767235147, 0.06741239464941222, -0.18112974701558315, -0.22973696875018715, -0.956249413038014, 0.9815374092679928, -0.10298598094845562, -0.16117754786433813, -0.06145184255616354, -0.9677886199566308, 0.24414925379548597
0.002642743697960246, 0.011000550667149644, 0.06735579594803201, -0.18212611177285337, -0.2293668637461307, -0.9561490057651924, 0.9813497459996178, -0.10322568560721639, -0.16216391046532516, -0.061504109106530314, -0.9678508664283895, 0.24388920623272364
0.002631724165740978, 0.010987394360464815, 0.06729921352028471, -0.1824586027334753, -0.23014847430820723, -0.9558977654865358, 0.9812976009013981, -0.10329062051936465, -0.1624378840599852, -0.061350442163919355, -0.967658373335512, 0.2446904079851977
0.0026207971467102223, 0.010973986955864526, 0.06724266205879265, -0.1820602654855435, -0.23221504645240001, -0.9554738258751221, 0.9813955033917013, -0.10316197423281019, -0.1619273695053993, -0.06096659457344268, -0.967178256203839, 0.24667649882511866
0.002609974959865164, 0.010960308894001743, 0.06718614816985638, -0.1809418206882524, -0.23555277318687257, -0.9548690740462769, 0.9816400065801467, -0.10283868696813779, -0.1606458899069592, -0.0603568969327434, -0.9664052439358155, 0.2498358450783375
0.0025992675409792195, 0.010946344948623087, 0.06712967805391554, -0.17925059886718794, -0.23989388215890892, -0.9541069898645969, 0.981998156853396, -0.1023539528649596, -0.1587554354012822, -0.05957216415648797, -0.965388312357077, 0.2539223574679223
0.002588684825825801, 0.010932079893475164, 0.0670732579114096, -0.17714789608398995, -0.24494558741429, -0.9532157584300022, 0.9824340338746546, -0.10174604255504041, -0.15643245158585847, -0.05866849237699853, -0.9641832823849708, 0.25866697889671525
0.002578236750178323, 0.010917498502304591, 0.06701689394277811, -0.1747929457661778, -0.25042130221030984, -0.9522271774685255, 0.9829130680000693, -0.10105526065926641, -0.1538497157871238, -0.05770031945382177, -0.9628483814663555, 0.26380611714391033
0.0025679332498101982, 0.010902585548857978, 0.0669605923484606, -0.17227035547407174, -0.2561684361130969, -0.9511575353032783, 0.9834166208202504, -0.10030395204763747, -0.15109886531044894, -0.0566980997857679, -0.9614139844744279, 0.26919969527785076
0.002557784260494842, 0.010887325806881936, 0.06690435932889659, -0.1695830205923484, -0.2621786003795225, -0.9500020950660107, 0.9839423155446066, -0.09949476794283937, -0.14818336894779507, -0.05566972972354865, -0.9598766444991956, 0.27484124242455293
0.002547799718005667, 0.010871704050123082, 0.06684820108452562, -0.1667297198799254, -0.2684504378188392, -0.9487547433049467, 0.9844886507405157, -0.09862667519264326, -0.1451029824075427, -0.05461956674929244, -0.9582312567305027, 0.28073040724652754
0.0025379895581160885, 0.010855705052328026, 0.06679212381578724, -0.16370923878601173, -0.27498236623001415, -0.9474090897804638, 0.9850542301482589, -0.09769503165459031, -0.14185853677882698, -0.053548564902579664, -0.9564728846405166, 0.28686612233640146
0.0025283637165995194, 0.010839313587243382, 0.06673613372312094, -0.16065544228643203, -0.28141111599375623, -0.9460431346714059, 0.985612553006195, -0.09673711445846161, -0.1385995167482942, -0.05251403831701683, -0.9546987558813509, 0.2929036723877659
0.002518932129229373, 0.010822514428615758, 0.06668023700696629, -0.15853349255360683, -0.2851063959850729, -0.945294385208734, 0.9859864896952183, -0.0960789405200424, -0.1363799080768402, -0.05194009893383656, -0.9536682757421204, 0.2963427845684695
0.0025097047317790646, 0.010805292350191772, 0.06662443986776281, -0.15738298132359244, -0.285817884618824, -0.9452717778616467, 0.9861753972448438, -0.09574732117674987, -0.1352425094282515, -0.05185251255891224, -0.9534886403725515, 0.29693556476419414
0.002500691460022007, 0.010787632125718035, 0.06656874850595003, -0.15700148577344833, -0.28390974510320355, -0.9459100327728656, 0.9862188735788194, -0.09567697784254531, -0.1349749951207324, -0.05218109678661748, -0.9540656018043787, 0.2950185766893241
0.0024919022497316146, 0.010769518528941159, 0.06651316912196747, -0.15718297994529656, -0.27973910890319686, -0.9471217143353656, 0.9861535940193376, -0.09579681851376132, -0.13536638639405704, -0.05286397467330817, -0.9552847745634215, 0.2909233570359262
0.002483266914796234, 0.010751149784222676, 0.06645765663660395, -0.15772012322202278, -0.27365750354353835, -0.948807637767081, 0.9860146192018674, -0.09603740445585134, -0.1362056814732028, -0.053847316098634995, -0.9570205785142248, 0.2849773304129158
0.002474224896237912, 0.010734064831562059, 0.0664018402873825, -0.15840542582511652, -0.266013964256434, -0.9508650229605358, 0.9858364200322078, -0.0963362060631009, -0.1372803275762703, -0.05508424463713583, -0.9591433189163883, 0.27750643194494024
0.0024647661738405077, 0.010718400419579562, 0.06634567943570611, -0.1590318533767803, -0.2571585255361411, -0.9531937695744891, 0.9856536425380039, -0.0966388926659781, -0.13837565311809086, -0.05653111146183934, -0.9615250476032184, 0.26883789961335003
0.0024550202379982518, 0.010703928057167904, 0.06628922051686172, -0.15939325100012197, -0.24744517479626504, -0.9557011441897817, 0.9855019981562877, -0.096889949143461, -0.13927723929250593, -0.058134354435020075, -0.9640452392004347, 0.2593013181790638
0.0024451165791053767, 0.010690419253219804, 0.06623250996613618, -0.15928480800356457, -0.23723365839199403, -0.9583050356046441, 0.9854183923869139, -0.09702836991378999, -0.13977155425000842, -0.059824258331030535, -0.9665948927848852, 0.24922955554532197
0.002435184687556115, 0.01067764551662798, 0.06617559421881639, -0.1583718129719164, -0.22725522578186644, -0.9608711834636425, 0.985464695500139, -0.09695758328214937, -0.1394939459865665, -0.061463019603712914, -0.968996537351356, 0.23930735012171198
0.002425354053744697, 0.010665378356285145, 0.06611851971018926, -0.15551988607749712, -0.22054832713348776, -0.9628977102647314, 0.9858487734245575, -0.0964001721691753, -0.13714664685309988, -0.0625760415154064, -0.9706005574923051, 0.23241944157898822
0.002415754168065356, 0.010653389281084022, 0.06606133287554164, -0.15050650189371773, -0.2177547454632062, -0.964329126240606, 0.9865944402599566, -0.09532423729643404, -0.13245640879925832, -0.06308092687856955, -0.9713373052715044, 0.2291825387153942
0.0024065145209123226, 0.010641449799917322, 0.06600408015016047, -0.14401705391231878, -0.21834307210518514, -0.9651867130488724, 0.9875629576937229, -0.09388064801948309, -0.12611831159140988, -0.0630752944792356, -0.9713458327450177, 0.22914794442727576
0.002397764602679829, 0.010629331421677764, 0.06594680796933262, -0.13791460242685386, -0.22077604039002854, -0.9655244701337938, 0.9884518383543701, -0.09248047004821383, -0.12004301692946369, -0.0627895348868657, -0.9709301224338248, 0.2309808902470704
0.002389633903762107, 0.01061680565525807, 0.06588956276834498, -0.1325792769965827, -0.22455011970556066, -0.9654014600420292, 0.9892115974959189, -0.09121169223761164, -0.11463351420384543, -0.06231493152235192, -0.9701843489457916, 0.23422036284233488
0.0023822519145533898, 0.010603644009550956, 0.06583239098248447, -0.12824456267515447, -0.2292676398686623, -0.9648780655882441, 0.989819961490839, -0.09014106976439398, -0.11014096139041367, -0.06172338275347783, -0.9691805491500457, 0.23849378853690018
0.002375748125408788, 0.010589617993478734, 0.06577533904703518, -0.12514307508626005, -0.23453311689330913, -0.9640194125837218, 0.9902570584848451, -0.0893409786820813, -0.10681361172186783, -0.06107510850499347, -0.967994011659389, 0.2434284792555423
0.0023698440071923134, 0.01057480918844621, 0.06571842435709506, -0.1235070472975394, -0.23995344638041893, -0.9628958161909328, 0.9905028877402663, -0.0888842046635621, -0.10489817700760858, -0.06041554970400364, -0.9667067506392439, 0.2486524072324208
0.002363557961003148, 0.010559882642551704, 0.06566159711514964, -0.12356890294938142, -0.245137047243863, -0.9615812780480111, 0.9905337293114751, -0.08884456269853502, -0.10464021585990516, -0.059780074608416375, -0.9654089660591859, 0.2537949387445424
0.0023567926576152725, 0.010544900869529417, 0.06560484622986985, -0.12554777625318023, -0.24972633612324843, -0.9601429648361435, 0.9903197738017343, -0.0892959306315792, -0.10626844493979389, -0.059198830184077164, -0.9641903307019308, 0.25851983422116426
0.002349537508425124, 0.010529865166978751, 0.06554816514337335, -0.1294616740207573, -0.2538606700801362, -0.9585376545270443, 0.9898488940009684, -0.09025452465744468, -0.10978746660670523, -0.05864164053642155, -0.9630207064052793, 0.26296820535926807
0.0023417819248291376, 0.010514776832499104, 0.06549154729777772, -0.13517521193510212, -0.25805410768034887, -0.9566272730732691, 0.989120785284624, -0.09169365006220771, -0.1150319375486572, -0.05803218241828401, -0.9617693861043657, 0.2676413902149717
0.0023335153182237485, 0.010499637163689868, 0.06543498613520056, -0.14185502041231385, -0.2633567238391086, -0.9542119204833659, 0.9882316479182539, -0.09340877759799573, -0.1211322018309761, -0.057230789236163586, -0.9601656296058403, 0.2735079532427278
0.0023247271000053932, 0.010484447458150444, 0.06537847509775949, -0.14747711186427506, -0.27181252569727254, -0.9509828875170372, 0.9874815594501616, -0.09485718287246361, -0.12602493643472712, -0.05595240139662569, -0.9576638584240139, 0.28239912012324214
0.002315415303563665, 0.010469189472607904, 0.06532201449976288, -0.15151852285878298, -0.2843595246159918, -0.9466687900162652, 0.9869773357630026, -0.09586198569187317, -0.12917514617516873, -0.05401736684490987, -0.9539130675587678, 0.2951812724746679
0.0023057039327183085, 0.010453559464595993, 0.06526570506070507, -0.15455961265953053, -0.2970117708243161, -0.9422819822783092, 0.9866148200111747, -0.09658410981498886, -0.1313876199098044, -0.051985796799250424, -0.9499765879868041, 0.3079642174151032
0.0022958124318507014, 0.010437037385303183, 0.06520972357132457, -0.15844593166378138, -0.3068394897214308, -0.9384798422378011, 0.9860847762106352, -0.09761206906097167, -0.13456856281932086, -0.05031601002481932, -0.9467425265198179, 0.31803598477853773
0.0022859626135387483, 0.01041909781864091, 0.06515424870993947, -0.16338759483548354, -0.31685059593863485, -0.9342966304697925, 0.9853670211742689, -0.09900761700288419, -0.13874193799121473, -0.04854201722244092, -0.9432937992103745, 0.3283907442898385
0.0022763762903603513, 0.010399215348520598, 0.06509945915486774, -0.16905929439421521, -0.3266857706475501, -0.9298899731878747, 0.9844974994935956, -0.10070442936899449, -0.1436081174457878, -0.046729310606813436, -0.9397526404122958, 0.3386463440941456
0.00226726673469226, 0.010376904201469535, 0.06504551929138504, -0.1751554500407872, -0.3359594105243344, -0.925446834129952, 0.9835147422801234, -0.10260971338183901, -0.14889593156751885, -0.04493684500130942, -0.936270538466227, 0.34839368358437517
0.002258243855310453, 0.010354451296504854, 0.06499159476602376, -0.1815851609286376, -0.34380771933797427, -0.9213159509387328, 0.9824212212114537, -0.10468277685565623, -0.15456409784676678, -0.043305582133447706, -0.9331868882241166, 0.3567728383757285
0.0022481904146611402, 0.010333553839928532, 0.06493720001885965, -0.18842233671701336, -0.34900856130446917, -0.9179815069827306, 0.9811865504666553, -0.10694101999538047, -0.1607375856036592, -0.04207108519454264, -0.9309976597062595, 0.3625925832280927
0.002236994648450315, 0.010312481480669334, 0.06488305285835302, -0.19574864817797952, -0.35032760592072254, -0.9159437948184094, 0.9797740990184194, -0.1094260839923751, -0.1675370019868391, -0.04153530581490939, -0.9302131479784344, 0.36466192246917334
0.0022248379803700307, 0.010291448643547014, 0.06482906079635416, -0.20363914963874336, -0.34650760904118394, -0.9156765660488267, 0.9781424422236326, -0.11217913345290124, -0.17508056642170186, -0.042053055242125575, -0.9313153702663337, 0.3617778623001753
0.002211901846639982, 0.010270669999223925, 0.0647751312459173, -0.21212792678316203, -0.3363255620881656, -0.9175439275395794, 0.9762510015803614, -0.11520267537850049, -0.18347295576999076, -0.043996870252537255, -0.9346729159827599, 0.3527758715335647
0.0021983676834798644, 0.010250360218362422, 0.06472117162009669, -0.22024696526493698, -0.3233053078692712, -0.9203069880182054, 0.974325809429454, -0.11808120772421195, -0.19169258061289332, -0.046695731830914994, -0.938898560168215, 0.3410117334386429
0.0021844169271093713, 0.010230733971624857, 0.06466708933194656, -0.22589468210848881, -0.31052696699483384, -0.9233334150587718, 0.9728921151848815, -0.12009957562712222, -0.19762850033654655, -0.0495229725096547, -0.9429470264565102, 0.329239093199203
0.002170231013748196, 0.010212005929673583, 0.0646127917945212, -0.22869225382806402, -0.2961407189396249, -0.9273621340258412, 0.9720613708286903, -0.12121352930454826, -0.2010073920436331, -0.052882363616689174, -0.9474217407783386, 0.31558754842175696
0.002155991379616035, 0.010194390763170955, 0.06455818642087482, -0.22879001934377804, -0.28174296762304973, -0.931813300636791, 0.9718425830924305, -0.12152891340568306, -0.2018730217108424, -0.056365953703507214, -0.9517623775929532, 0.30161441587182625
0.002141879460932583, 0.010178103142779327, 0.06450318062406173, -0.22641083785471214, -0.2688018237142167, -0.9362070882394762, 0.9722081468310321, -0.12115557213455878, -0.20033134197153998, -0.059577275343016746, -0.955545345291713, 0.2887622574957529
0.002128076456905313, 0.01016335557914404, 0.06444768242095782, -0.2222106072097386, -0.2576221470331584, -0.9403474227122149, 0.9730011441937032, -0.12029941116111373, -0.19696909674371185, -0.06237963963685343, -0.958727740827559, 0.27739844903398664
0.0021147310227987476, 0.01015006399284195, 0.06439168273867432, -0.21703556508424227, -0.24796271021006946, -0.9441451465923238, 0.9740120896113068, -0.11919112126637317, -0.19259783462510793, -0.06477663760631083, -0.9614093670006247, 0.2673873898744644
0.0021019264149678488, 0.010137548289790837, 0.06433533911716902, -0.21172999695339703, -0.23957751169449257, -0.9475088518216545, 0.9750423651466141, -0.11804938090310571, -0.18803385290338082, -0.06680415076483862, -0.9636736789799071, 0.2585928186975036
