0.0003437925479374826, 0.0012138840975239873, 0.007301871664822102, 0.1410659062788305, 0.8469888200662562, -0.5125527765689142, 0.9864125947564193, -0.16428692250422153, 0.0, -0.08420571828350078, -0.5055885142849499, -0.8586557233440517
0.0003466113835555001, 0.0012308089684374894, 0.007291629629302545, 0.04857651600867689, 0.4779152338362584, -0.8770617716898241, 0.9883617760710228, -0.1497334333583889, -0.02684955374754375, -0.14415728110016532, -0.8655500726139091, -0.47962667784837043
0.000347249081622026, 0.0012370828976037186, 0.007280115823003006, -0.09090578892459218, -0.028247635181346563, -0.9954587930430164, 0.9847173141777131, -0.15166016725919695, -0.08562128722194892, -0.1485528481673393, -0.9880289797235575, 0.04160272260078037
0.0003461185103673539, 0.0012367315892357225, 0.007267735565266521, -0.18540223047778973, -0.2200718893485991, -0.957702655552546, 0.9744618797489885, -0.16682446139325752, -0.15031182254539263, -0.12668882290845002, -0.9611128771374294, 0.24538129421511312
0.0003436325380217773, 0.0012337807475465501, 0.007254894175436132, -0.24739161880449217, -0.15683694480301716, -0.9561378350897679, 0.9592838762235413, -0.17844254163709727, -0.21893538807518173, -0.13627850807383554, -0.9713703887184065, 0.19459634158488537
0.00034028973653100044, 0.0012316615376257373, 0.007241974663465712, -0.23723114412514176, -0.18013905952892442, -0.9546053129378187, 0.9625915710961596, -0.17601437788606997, -0.2060009855122226, -0.13091543649128395, -0.9677648774415274, 0.2151564325761194
0.00033710083443915277, 0.0012292400772147374, 0.007229142693656088, -0.2070275814295219, -0.2428250974331079, -0.9477212420242802, 0.9713285467383572, -0.16674450879410685, -0.16946127309259484, -0.11687786282523162, -0.9556318542428427, 0.27038366137359826
0.0003343108539415548, 0.0012259676761100743, 0.007216370850580159, -0.18350767923441041, -0.27492191980051306, -0.9437917512222711, 0.9767510654310719, -0.1592358227031973, -0.1435315608056355, -0.11082548371772025, -0.9481887421717451, 0.29775127435075255
0.0003318286604694046, 0.0012222489794455704, 0.007203604770524399, -0.16725356453189164, -0.2775942198548313, -0.9460273221501396, 0.979666614671618, -0.15464284444382667, -0.12782376445784274, -0.11081321784529138, -0.9481703643151426, 0.29781435658017225
0.0003295630794482678, 0.0012184887475016918, 0.007190790086708608, -0.1582101311226951, -0.25112381627814717, -0.9549378950005278, 0.9806179544188878, -0.15316261006724935, -0.12218691561989733, -0.11557673590068118, -0.9557604531341979, 0.270488399646375
0.0003274229363037101, 0.001215091740558906, 0.007177872432352587, -0.15594152029796157, -0.2028867426043627, -0.9667053387266212, 0.9800437729632828, -0.15391956288339806, -0.12578939238933154, -0.12327386309779531, -0.9670293365959354, 0.22284033934584485
0.00032531738177998815, 0.0012123523219750832, 0.007164819777773019, -0.16012658201016627, -0.19296917760760166, -0.9680508118002833, 0.9791842624686006, -0.1549752529729533, -0.1310757456579663, -0.12473034060550081, -0.9688888313214344, 0.2137680394095917
0.0003231579678332098, 0.0012097500036829351, 0.007151764965773979, -0.16872969326526246, -0.23814249406290072, -0.9564614174822276, 0.9786920332420465, -0.15567663102961007, -0.13389059197650785, -0.11701365167859479, -0.9586724879085515, 0.2593354319179478
0.0003208846454879018, 0.001206541471487778, 0.00713887840697861, -0.17015704705166906, -0.2795950146769569, -0.9449196828865659, 0.9792954765906304, -0.15469594893332836, -0.13057385999022564, -0.10966744670952296, -0.9475736336303417, 0.3001287390117858
0.0003185889333854001, 0.001202769252410668, 0.0071261298103763426, -0.16097183739385384, -0.29775002968425024, -0.9409744881712123, 0.9811751080355184, -0.15134446990150566, -0.11995940480729751, -0.10669336876083488, -0.9425708308945595, 0.3165071149424672
0.0003164146020577641, 0.0011987473860529958, 0.00711341957272694, -0.14135246007517346, -0.2929933829135678, -0.945607931227081, 0.9840522068221925, -0.14577895897368376, -0.10193012002799723, -0.10798488912375369, -0.9449356447342923, 0.30892699951852404
0.00031450547091055043, 0.0011947901659738382, 0.007100648025959393, -0.11396678074448785, -0.26811583647306547, -0.956621906041821, 0.9871330995169074, -0.13926649111496237, -0.07856900337072921, -0.11215978211855342, -0.9532674035572991, 0.2805377703451784
0.00031296672896322916, 0.0011911701542333365, 0.007087732031974679, -0.09830093722298153, -0.2440348535234535, -0.9647714320018344, 0.9884668832383064, -0.1361658971371871, -0.06627268817524472, -0.11519612181940712, -0.9601592777881238, 0.2546056063702383
0.000311639056840828, 0.001187874170684549, 0.007074701636019732, -0.10270155523498241, -0.22994504337017768, -0.9677694289353238, 0.9878617097644925, -0.13756413587654348, -0.07214811779744247, -0.11654026314321418, -0.9634320866309297, 0.2412819543946116
0.0003102523258471167, 0.0011847693304729073, 0.007061634298735498, -0.1272469763862958, -0.22590524451033347, -0.9658027891362045, 0.984994028859971, -0.14324393964608623, -0.0962701244668927, -0.1165974704303146, -0.9635600626102117, 0.24074267513645575
0.0003085360306469497, 0.0011817223418696685, 0.007048607641927007, -0.17171847748829785, -0.23158690242025554, -0.9575386525443721, 0.9784135417965422, -0.15353142429837457, -0.13832947257203995, -0.11497697907949744, -0.9606225108648577, 0.2529519438578192
0.00030622107640380973, 0.0011786002953068579, 0.0070356989660576375, -0.219245811301285, -0.24213072421028722, -0.9451476004414566, 0.969250238522358, -0.1649931169007027, -0.18256847071644958, -0.11173741249551733, -0.9561119096469789, 0.27085931196843444
0.000303260226631208, 0.0011753303915606342, 0.007022935027530226, -0.23615124591982042, -0.2489566742120167, -0.9392833243573572, 0.9655226360812751, -0.16908112364310213, -0.197933354547059, -0.10953825023790656, -0.9536415196460764, 0.28030202236505536
0.00030006784005148595, 0.0011719648961020309, 0.00701023742152118, -0.21875635681914157, -0.2514546320627591, -0.9428235382962173, 0.9695980293999149, -0.1646019243632244, -0.1810686827690676, -0.10966000973471723, -0.9537697701804697, 0.27981763303065077
0.00029711586351342155, 0.0011685716773401616, 0.00699751462340434, -0.16645081194602487, -0.2491642868433968, -0.9540499386113551, 0.9796596375924037, -0.15176117779464188, -0.13128419320962936, -0.11207640998367702, -0.9564965776604768, 0.26935696621577504
0.0002948758021313922, 0.0011652184747320555, 0.006984675212175131, -0.09536029820305299, -0.24586397171987734, -0.9646021568173855, 0.9888478005111903, -0.13475622034248608, -0.06340968777078645, -0.11439598310607803, -0.9598914878720066, 0.255972441016722
0.00029359122136338905, 0.0011619064870855434, 0.006971681236665706, -0.050709503892102235, -0.25496073034398037, -0.9656208221644151, 0.9921772043905949, -0.12329734498783687, -0.01954890806705622, -0.11407427975964059, -0.95905828326615, 0.2592185718576213
0.00029290611979618036, 0.001158461886319837, 0.006958635391452907, -0.03979496184375294, -0.27943093360735954, -0.9593407707145433, 0.9928168259058507, -0.11947382485167052, -0.006383993541995663, -0.11283222593783274, -0.9527037097222998, 0.2821781888652667
0.000292367997537064, 0.0011546833174183218, 0.0069456628291263926, -0.051375956917287996, -0.30816305920681136, -0.9499452826300745, 0.992432152620949, -0.12198169175490922, -0.014102812512399358, -0.1115299668025708, -0.9434807872007303, 0.3120978543471709
0.00029167365563766146, 0.0011505185186156477, 0.006932824395519565, -0.06218771193413706, -0.31763418070174665, -0.9461718743094867, 0.9918793913339936, -0.12504562030066624, -0.02321348510086606, -0.11094125261282797, -0.9399319763118775, 0.32283109883520356
0.0002908337711363172, 0.0011462286674992226, 0.006920045744108784, -0.06933323724445291, -0.3050407935170943, -0.9498120953660603, 0.9913211387456036, -0.12766687924380146, -0.031361884832841136, -0.11169289184779926, -0.9437432289741793, 0.31124494482009785
0.00028989866108489735, 0.0011421145265266151, 0.0069072354546626785, -0.0727509045115044, -0.2700394440690043, -0.9600968724767627, 0.9908011553721946, -0.1297050291332767, -0.03859632016993535, -0.1141068639735677, -0.9540730077223855, 0.2769915513687715
0.00028891864253526803, 0.0011384768581553942, 0.006894302106949874, -0.07527422194547001, -0.21820139281702172, -0.9729963739311756, 0.9901820184118788, -0.13161404087133588, -0.04708837074370038, -0.11778523644447962, -0.9669880539170225, 0.2259662400835309
0.0002879036047361095, 0.0011355345140724655, 0.006881181704341132, -0.09831383536171577, -0.19331759790672817, -0.9761980824177243, 0.9879643728037619, -0.13667423812046073, -0.07243307742089287, -0.1194185406330981, -0.971570099876362, 0.20442786791261341
0.00028657655168982753, 0.0011329250877769887, 0.006868004854569371, -0.14184425707907294, -0.20893341152680242, -0.9675882576186308, 0.982925040184144, -0.14546940655607335, -0.11268104159628103, -0.11721165519130272, -0.9670498856336192, 0.2259998818214724
0.00028466292725137115, 0.001130106361869144, 0.0068549510970590454, -0.15173748112936092, -0.22798373894471569, -0.9617687620199071, 0.9817989198319639, -0.14720835158383883, -0.12000242597863542, -0.11422179230473413, -0.9624723975266807, 0.24617121310571136
0.00028261581344319605, 0.0011270305980133092, 0.006841975726054146, -0.15107948563248158, -0.24104340355728116, -0.9586829854662836, 0.9821333972129751, -0.14667884187841584, -0.11789532401290267, -0.11220061987317813, -0.9593661422766224, 0.25889694079564984
0.0002805774493227272, 0.0011237784408906534, 0.006829041177115899, -0.15191806184641596, -0.24979684949013284, -0.9563066644490315, 0.9821607879529823, -0.14663383224817422, -0.11772300475179573, -0.11082007531311978, -0.9571311577965782, 0.2676169981196565
0.0002785275172399358, 0.001120407764818787, 0.00681613709126452, -0.15427013697872383, -0.2542731364888213, -0.9547491277276471, 0.9818790353657801, -0.14710120533817683, -0.11947717479594462, -0.11006491151012182, -0.9558799126711434, 0.2723587850723312
0.0002764456995447932, 0.0011169764441153196, 0.0068032531095202145, -0.15814376010574907, -0.2544867538117395, -0.9540581970058107, 0.9812767510576756, -0.14808323897521408, -0.12315556085009767, -0.10993856908886784, -0.9556714113485726, 0.2731403751877769
0.0002743116785872706, 0.0011135423530978618, 0.006790378872903195, -0.16353813170724926, -0.2504340528662961, -0.954221182243752, 0.9803331298547492, -0.14955672702293712, -0.12876233887041016, -0.11046372249247294, -0.9565121904958389, 0.269967026590208
0.00027210513671733913, 0.001110163366084024, 0.00677750402243367, -0.17044216413125782, -0.2420937317737247, -0.9551649562887686, 0.9790181506962027, -0.15147255407189397, -0.13630673486781428, -0.11168226937898793, -0.9583562439921853, 0.2628314674987571
0.0002698057562849703, 0.0011068973573914156, 0.006764618199131852, -0.17881796754970994, -0.22946461518769212, -0.9567497712872239, 0.9772962526138806, -0.1537510972135836, -0.1457828341488982, -0.11364932515530778, -0.9610965562743338, 0.2517483672426886
0.00026739340417565995, 0.0011038017543262134, 0.0067517111218371425, -0.18546873250095877, -0.22029531329026594, -0.9576384099475289, 0.9758828389226242, -0.15546970212117942, -0.1532379079035974, -0.11512616540477431, -0.9629637307109211, 0.2438171843297704
0.00026489106547005945, 0.0011008295364128475, 0.0067387906924641265, -0.18345933277343077, -0.2316460537757197, -0.9553443248318713, 0.9765074065295651, -0.15468898705824546, -0.15001534013492288, -0.11303078435200838, -0.9604225231912413, 0.2545832255584399
0.000262416476838532, 0.0010977049818723624, 0.00672590454396634, -0.177154629870181, -0.2512754439561741, -0.9515654934791336, 0.9780719602905408, -0.1525271205766339, -0.14181226315809195, -0.10950560537697655, -0.9558222265427962, 0.27278635163400916
0.00026002706411136847, 0.0010943158480729662, 0.0067130700913612075, -0.1717705070041334, -0.2652499100813573, -0.9487556999171994, 0.9792981828719206, -0.15067430543464633, -0.1351751556519956, -0.10709790823026046, -0.9523338379389965, 0.28564015678661836
0.0002577097095128803, 0.0010907373635612985, 0.0067002704354575775, -0.1675666580344331, -0.2730834646905954, -0.9472839259840483, 0.9801652075803867, -0.1492840141773703, -0.13034741639168787, -0.10581862295488784, -0.9503366268978962, 0.29268193420889554
0.00025544848042040455, 0.0010870522374015015, 0.006687487307850953, -0.16456953519848672, -0.27482580922380156, -0.9473054642875426, 0.9806969497482194, -0.14840517033234235, -0.1273161347715474, -0.10559526901851432, -0.9499719364292354, 0.2939438027205141
0.0002532274442112786, 0.0010833431786577176, 0.006674702440136841, -0.16278433862011216, -0.2704913008919841, -0.9488602190216295, 0.9809102872707446, -0.14805219206433662, -0.1260775822712756, -0.1063779461469253, -0.9512702058651407, 0.2894282778286444
0.0002510306682628396, 0.001079692896394089, 0.006661897563910746, -0.162197397787246, -0.26005535270420393, -0.9518735302974539, 0.9808148556269559, -0.14820549903757188, -0.12663865538017238, -0.10813983138751258, -0.9541521595557578, 0.27910469949924527
0.00024884221995242475, 0.0010761840996747585, 0.006649054410768175, -0.1621977171653161, -0.24520925980534375, -0.9558055866399169, 0.9805401133090176, -0.14862321646259063, -0.12826622985124728, -0.11060283331949136, -0.9580102078965701, 0.2645438618219509
0.00024665398488949114, 0.001072875942757142, 0.006636159486384612, -0.16032821177684167, -0.2333082860670562, -0.9590944208788271, 0.9806181824619993, -0.1485097971018988, -0.1277999232772772, -0.11261813678695494, -0.9609953609759028, 0.2525966576370899
0.0002444908470001793, 0.0010697281624140011, 0.006623219446336525, -0.1559673203467351, -0.2263331509074999, -0.9614819289951017, 0.9811773502303258, -0.1477082349151934, -0.12439165861598045, -0.11386484259355686, -0.9627853250535765, 0.24511061886957
0.00024238639467160029, 0.001066674270576897, 0.006610246261442009, -0.14912723372417216, -0.22430035353425465, -0.9630422729902279, 0.9821837868297114, -0.1462298826538501, -0.11803317460735097, -0.11435067577685884, -0.963486467379511, 0.2421110285094962
0.00024037421633818512, 0.0010636477790348237, 0.006597251902548059, -0.13980437598608486, -0.22720553980389244, -0.9637595027482546, 0.983581121842904, -0.14404038844986872, -0.10872232176266913, -0.11411797934329121, -0.9631355092496761, 0.24361255635326232
0.00023848790043436496, 0.001060582199576776, 0.006584248340501669, -0.12823064043433668, -0.23495895446182818, -0.9635098300339257, 0.985257238322589, -0.14112063757312773, -0.09671163313634466, -0.1132478573163521, -0.9617064288904169, 0.24959100032672793
0.00023675770373785977, 0.0010574119338318088, 0.0065712478476449825, -0.12049391107150051, -0.24594027061031049, -0.9617663961102096, 0.9863821177767031, -0.13891188393887827, -0.0880556995934843, -0.1119443394059729, -0.959279350237812, 0.25932912116127926
0.0002351318030240095, 0.0010540933058779652, 0.006558270124073002, -0.12293496129175342, -0.25851361539313755, -0.9581532789426565, 0.9862621911245532, -0.13916513292736377, -0.08899413539949981, -0.11033533273793313, -0.9559308429136901, 0.272070464982753
0.00023347314688341197, 0.0010506054030788396, 0.0065453425825254, -0.1358034100394379, -0.27258437841338756, -0.9524994438143507, 0.9847983875318341, -0.14223705162555764, -0.0997033452777189, -0.10830313816487437, -0.9515599706743951, 0.28775693297257765
0.0002316411108909174, 0.0010469281434864622, 0.006532493028428105, -0.15537419327778812, -0.29024636148679206, -0.9442541552500338, 0.9822182635463252, -0.14736328456608, -0.11632431009010251, -0.10538568602670062, -0.9455374725549354, 0.3079817286384158
0.00022954488434012062, 0.0010430122928784208, 0.0065197536500977765, -0.17433433261795492, -0.3157212316329609, -0.9326991178117509, 0.9795205180103729, -0.1525021387873262, -0.13146350239508256, -0.10073279142038621, -0.9365165249804498, 0.3358417829442901
0.00022719194501477906, 0.0010387510960699732, 0.006507165283824451, -0.19140588237829861, -0.3453398780821426, -0.9187514118613346, 0.9769297126905461, -0.15736574907813025, -0.1443757510091153, -0.09472129989264305, -0.9251899208396565, 0.3674935179337973
0.0002246056788306274, 0.0010340848818574044, 0.006494751163220559, -0.20514780889454295, -0.3594502557611577, -0.9103350427941387, 0.9744570294658328, -0.16184243293803247, -0.15569368845693027, -0.09136670197830973, -0.919022600665477, 0.38347044897315097
0.00022183154669595196, 0.0010292241791733366, 0.006482441064910737, -0.21535002672188747, -0.35230560559090957, -0.9107717201692775, 0.9721408679956055, -0.165738425666315, -0.1657495310111076, -0.09255538214298013, -0.9210925765235944, 0.37818245161494873
0.0002189219221743671, 0.001024464128549136, 0.006470135500008287, -0.2219732692288776, -0.3236972846269221, -0.919754280051472, 0.9700351986094182, -0.16888342625035105, -0.17467141093129332, -0.0987905927031046, -0.9309664098468321, 0.35148536602577024
0.0002159291812232806, 0.001020099899816443, 0.006457734969492115, -0.22456639738924164, -0.2728340900094042, -0.9354846297467199, 0.9681921479726461, -0.17116967929602037, -0.18249631638422548, -0.11033538764934392, -0.946711413377085, 0.3025947818681465
0.000212905713204119, 0.0010164265757783382, 0.006445139995830254, -0.21960798484960434, -0.218325463246101, -0.9508450584026146, 0.9678144794064419, -0.17154683156282463, -0.1841380406977163, -0.12291243403957913, -0.960679799245894, 0.24897159853954187
0.0002099435686508895, 0.0010134817302972932, 0.006432314685709398, -0.19994354963745106, -0.2192846667130809, -0.9549538271052215, 0.9719973833081416, -0.16720480659939344, -0.16511704785450004, -0.12346523316505728, -0.9612267097800563, 0.24657564479263877
0.00020724371232890972, 0.001010520709074993, 0.0064194198554836475, -0.18679651825324545, -0.23453792037984317, -0.9539911030362722, 0.9749433418521335, -0.16366562172293786, -0.1506620205766483, -0.12079959001031051, -0.9582304149681028, 0.25923335218177135
0.00020472189533677008, 0.0010073543667981357, 0.00640654064875922, -0.19954106928749404, -0.2190299555334172, -0.9550964559910339, 0.9720971962176136, -0.16692483913311854, -0.16481243638220086, -0.12333046166076735, -0.9613334367738449, 0.24622676655296885
0.00020203168254981794, 0.001004401404837946, 0.0063936640379048506, -0.23347815541907763, -0.17711516404085867, -0.9560952722448138, 0.9635639090381879, -0.17411605724930004, -0.20304726495819958, -0.13050878951684391, -0.9686659988224725, 0.21131407568855876
0.0001988845595219274, 0.001002014015703656, 0.006380776539103354, -0.25125080256450005, -0.15692196681227216, -0.9551170245276035, 0.9585360896244877, -0.17742479079083875, -0.22300001905879563, -0.13446783666769807, -0.9715430715848862, 0.19499348952545578
0.0001954932250602897, 0.0009998959135188805, 0.006367884555288314, -0.23678980889494702, -0.180673919656537, -0.954613807337521, 0.962945003400869, -0.1742073906126935, -0.20588517547705296, -0.12910269876650496, -0.9679921073086597, 0.21522958290937944
0.0001922980514506498, 0.0009974579515866046, 0.006355003271001473, -0.20254275241829453, -0.21919390137717396, -0.9544267740596316, 0.9717399687184473, -0.16564661414190754, -0.16817441071219275, -0.12123475837354866, -0.9615171516007273, 0.2465499960246026
0.00018956346656289535, 0.0009944985549997741, 0.006342117295069727, -0.17247954040298966, -0.22078974246243047, -0.9599493204152744, 0.9774364641158295, -0.1590066452470414, -0.13904979462058317, -0.1219375527026776, -0.9622727141463875, 0.24323333827875357
0.0001872346451540944, 0.000991517448499323, 0.0063291560445728635, -0.14913573438488364, -0.18022059947451774, -0.9722546313875429, 0.9802926354192366, -0.1557741848327982, -0.1214938363970987, -0.12955648062636307, -0.971213127415771, 0.19990042386895565
0.00018522326523614252, 0.0009890868298680514, 0.006316043335879843, -0.13389816707624186, -0.13137233873381532, -0.9822487411390409, 0.9814722295723184, -0.1546576187959254, -0.11310739819621285, -0.137053067940726, -0.979194735261573, 0.14964667388235808
0.00018341628967985895, 0.0009873139407385934, 0.00630278774393124, -0.13152071307811813, -0.16028941913515218, -0.9782686768698765, 0.9823279457999897, -0.15364200604589806, -0.10689219278583757, -0.13316947447442964, -0.9750391972077368, 0.17766388202641667
0.00018164418674036217, 0.0009851542098173436, 0.006289606604950728, -0.13345714232301822, -0.21924690007396624, -0.9664988297824938, 0.9831321804910046, -0.15235153067698054, -0.10119351156760914, -0.1250612123960761, -0.9637010988415119, 0.2358810828482993
0.0001798457376368047, 0.0009821996703747006, 0.006276582206827437, -0.1326652821712666, -0.25897073930954073, -0.9567309334854227, 0.9839240073432779, -0.15084118652162984, -0.09560587964289777, -0.11955530385542748, -0.9540341150243093, 0.2748189161790353
0.0001780540747276458, 0.0009787022348694615, 0.006263661423789733, -0.12929441854611345, -0.27868617464455064, -0.9516390961886809, 0.9846909857433976, -0.14922627107726508, -0.09008430837871015, -0.11690430243801286, -0.9487178379699424, 0.29371388797453896
0.0001763049431596145, 0.0009749320892504468, 0.006250787380167171, -0.12350408973495612, -0.2788632916571072, -0.9523560281664115, 0.9854229410647575, -0.14761337648136488, -0.08456901505311804, -0.11699729502011391, -0.9489180974404136, 0.29302914071478026
0.00017463408807943996, 0.0009711594194664794, 0.00623790320028931, -0.11526024166199927, -0.25949344180862016, -0.9588421300455742, 0.9861096039002752, -0.1461074222706602, -0.07899664710014864, -0.11959484013810945, -0.9546286056973882, 0.2727293519161456
0.00017307725463385122, 0.0009676544114663809, 0.006224952008485704, -0.1043728462318714, -0.22009686548527363, -0.9698781772846605, 0.9867372725812685, -0.1448219294802072, -0.07332232702601166, -0.12432161464659969, -0.9646678073540069, 0.23229325772926585
0.0001716701879695775, 0.0009646872511989732, 0.006211876929085914, -0.091576780984033, -0.16615257992033602, -0.9818385882467742, 0.9872744242420852, -0.14387868441197701, -0.06773577643563287, -0.1300111703741712, -0.9755471512734253, 0.17721413944785325
0.00017043540904275293, 0.0009624469267180446, 0.006198638272023687, -0.08614544574733306, -0.15392865487446522, -0.9843195270772245, 0.9876063461752104, -0.14329916097265905, -0.06402386632329132, -0.13119705473616403, -0.9776355761085365, 0.16436548650944416
0.00016927294317584606, 0.0009603697791024262, 0.006185355644689988, -0.08800486104818205, -0.18800549859402688, -0.9782172953543101, 0.9878435826471891, -0.1428002987290732, -0.061425816279914607, -0.12814133078229104, -0.9717314480767301, 0.19828714573578549
0.00016808588012749866, 0.0009578338466822283, 0.0061721608553256405, -0.08636263624374507, -0.21463227443190255, -0.9728692007835478, 0.9882965250074212, -0.14170835949898508, -0.056468748050248055, -0.12574368262177849, -0.9663600403681306, 0.22435863847959717
0.00016692050168400584, 0.0009549375962111933, 0.0061590329467271655, -0.07998378898309762, -0.22734035303872402, -0.9705250936375296, 0.9889656404435252, -0.13990029741720278, -0.04873262567014438, -0.12469785692639435, -0.9637137908439448, 0.23602155370888894
0.00016584081711688246, 0.0009518687759692294, 0.006145932029917287, -0.06919981371708717, -0.22669935821826773, -0.9715033642581717, 0.98975659608301, -0.13749983330766627, -0.03841453306415757, -0.12487300065143668, -0.9642101414234293, 0.2338921479753367
0.00016490682534121614, 0.0009488090085399363, 0.006132819622477016, -0.05828025022594403, -0.21920339163009098, -0.9739370028556602, 0.9903800974342256, -0.13534277875865924, -0.028802688139450156, -0.12550169337413403, -0.9662464516549335, 0.22498248737285148
0.000164120410090379, 0.0009458511473512005, 0.006119677624811753, -0.050455225499873246, -0.20975238012361583, -0.9764518468681572, 0.9907314364660397, -0.13397322484346988, -0.022414187983924597, -0.12611697355112272, -0.9685324537967323, 0.2145679261324632
0.0001634396660706171, 0.0009430211594364634, 0.0061065032955177016, -0.0458091043923161, -0.19847389917230726, -0.9790350541743206, 0.9908806484367327, -0.133348704676785, -0.01933037802588882, -0.12671648080803882, -0.9709923966274734, 0.2027725306427415
0.00016282161501269984, 0.0009403433728920711, 0.006093294269517359, -0.04434273373451044, -0.18536826947147617, -0.9816681346759202, 0.9908698705662486, -0.13339388696302948, -0.019569632723180564, -0.12732093924007937, -0.973573148558466, 0.1895908827897041
0.00016222327864739657, 0.0009378421158143687, 0.00608004818173322, -0.046417759952796234, -0.17171962935507268, -0.9840517061898328, 0.9906993533760522, -0.1340525702133769, -0.023338801157297754, -0.127906930153283, -0.9759827238805737, 0.17634494578926574
0.00016159678752478414, 0.0009355244506905313, 0.006066766634783378, -0.061378531731457193, -0.1904506478873485, -0.9797761104261421, 0.9900138605878929, -0.1364266594531953, -0.03550102018672433, -0.12690638946226007, -0.9721709300888045, 0.19692244921268398
0.00016076899591946575, 0.000932955906883743, 0.006053552724049072, -0.09243749890278712, -0.24119830387349525, -0.9660635005035364, 0.9880585512167435, -0.1423328134847751, -0.0590056740744323, -0.12327046752595346, -0.9599816396234134, 0.25147493597151105
0.00015952158167796676, 0.0009297010135466394, 0.006040516008614053, -0.1250128078550038, -0.257832031457428, -0.958068077657712, 0.9847236975497117, -0.15021161754295495, -0.08806650577349556, -0.12120658957429661, -0.9544417811001701, 0.27267168744499887
0.00015783262582532077, 0.0009262176351152494, 0.00602757225737162, -0.15667276724676324, -0.26282481431532906, -0.9520382140352112, 0.9803433940074, -0.15842391351312257, -0.11759546527497733, -0.11991861335628132, -0.9517483809323237, 0.28247928342341716
0.00015571432727392738, 0.0009226641048290477, 0.006014700197950562, -0.18736334631520205, -0.26221447251245217, -0.9466459458860985, 0.9750323418569296, -0.1665839926159432, -0.14683904704513442, -0.11919273799423132, -0.9505226687508026, 0.2868793255016658
0.00015318004424727554, 0.0009191173829109152, 0.006001895832528565, -0.21713691343901656, -0.25602935792820447, -0.9419663097484158, 0.9688139607958287, -0.17453882850642014, -0.17588549317867314, -0.11937784630858292, -0.9507813445911094, 0.2859436388315826
0.00015024313496885417, 0.0009156544295837335, 0.005989155163283318, -0.24602928469112614, -0.2442575545421824, -0.9379807237483325, 0.9617039979345827, -0.18213512320692038, -0.2048224041725908, -0.12080981512697138, -0.952452121601644, 0.27971404080866996
0.00014691695766215224, 0.0009123522050703847, 0.005976474192392505, -0.27404507863247984, -0.2268506494780093, -0.9345790912002703, 0.9537134257966025, -0.18921422881919203, -0.23372778411576783, -0.12381436238428262, -0.9553725757230862, 0.26820373827299604
0.0001432148705506586, 0.0009092876695937495, 0.005963848922033814, -0.3004428420511876, -0.20439451371937706, -0.9316420886915879, 0.9450952307927682, -0.195457460142797, -0.2618995723694315, -0.12856556068002545, -0.9591763466828956, 0.25189607494179894
0.00013915965446977248, 0.0009065288622504929, 0.0059512741176087885, -0.27484810662817943, -0.2264513117989805, -0.934440111332677, 0.9535375139237852, -0.18891825318449393, -0.23468298437203902, -0.1233885238705455, -0.9555258745833314, 0.267853645072841
0.00013545057090660182, 0.0009034728949063616, 0.005938663819869317, -0.2533032430155401, -0.29858453650396066, -0.9201547378775622, 0.9618008218748517, -0.17980170721955602, -0.2064231700216641, -0.10381062623195189, -0.9372932415427138, 0.33272320814707523
0.0001320307482942837, 0.0008994417339252836, 0.0059262408996494115, -0.368714678869475, -0.3423782762468931, -0.8641912991579966, 0.9256232325084204, -0.22052082244353227, -0.30755844698120555, -0.08527084511626944, -0.9133168578445459, 0.39822255103160964
0.00012707307661143595, 0.0008948381768057897, 0.005914621137871726, -0.47587688416720864, -0.36203343305720836, -0.8015441250886446, 0.8770439931308915, -0.2635599319232177, -0.4016590549180357, -0.06584090847132801, -0.8941297196902923, 0.44294132697032185
0.00012062414869755278, 0.0008899320181124811, 0.005903758874007956, -0.5252788617986989, -0.3696353465956613, -0.7664540611769037, 0.8492389777176536, -0.2844817134073216, -0.4448182926340928, -0.05362160080171248, -0.8845563098434943, 0.46334097449235134
0.0001134848798960571, 0.0008849081607106355, 0.0058933416995037265, -0.5515943905118315, -0.36789265737693216, -0.7485977698363925, 0.8326518811346191, -0.29594821591963494, -0.4680870627746141, -0.049340381016582224, -0.8815155393650894, 0.4695698890037714
0.00010599568441628446, 0.0008799131497495699, 0.005883177718269573, -0.5684068682436146, -0.3568184511704296, -0.7413462248085048, 0.8210779532940872, -0.3033887209913337, -0.4835145071139391, -0.05238918540957657, -0.8835360076870543, 0.46542399634370224
9.829111017674476e-05, 0.0008750765891788382, 0.005873129006078798, -0.5759855456225192, -0.33647618548052133, -0.7449996159988316, 0.815002505009519, -0.3069820705312237, -0.4914599934893705, -0.06333694073870268, -0.8902504057717922, 0.4510461694339299
9.050476956979157e-05, 0.000870528005961445, 0.00586305788397113, -0.5740038418104797, -0.306581785646335, -0.7592938813771085, 0.8146944445772633, -0.30714671598998394, -0.4918677229006927, -0.08241693734757626, -0.900926469567008, 0.42607387255236956
8.277027498777795e-05, 0.0008663969270603937, 0.005852826672986298, -0.5615923133547835, -0.26662656677330504, -0.7832779503289384, 0.8201442976615959, -0.30459151761242853, -0.4843421707963548, -0.10944132946008198, -0.9144037845991442, 0.3897285133484229
7.52212388230571e-05, 0.0008628128794386887, 0.005842297694164029, -0.537492447871106, -0.21622569493539737, -0.8150756512933207, 0.8309576675783156, -0.30036605043466835, -0.46828366450163955, -0.14356609340067822, -0.928992295229612, 0.34111888283952413
6.799114607688767e-05, 0.0008599043142399033, 0.0058313336842001, -0.5074307168289448, -0.19860516308636175, -0.8384927291359795, 0.8469100499884172, -0.29441650904141237, -0.4427892121907271, -0.15892587846880063, -0.9348127664935412, 0.31759668882658776
6.114455331966791e-05, 0.0008572246012740997, 0.005820020182561572, -0.49027494556261253, -0.26875544468413465, -0.8290964893823941, 0.8625346209878809, -0.28621687023857295, -0.41726961402446805, -0.12515792164649392, -0.9197012635326043, 0.37213583609437717
5.4524386902555284e-05, 0.0008535956053700313, 0.00580882492001505, -0.4924875145745154, -0.31931352967754467, -0.8096264062844568, 0.8647287395310784, -0.28480259796398594, -0.4136806585059986, -0.09848987266317749, -0.9038397811326032, 0.41638130964893116
4.786044879537608e-05, 0.0008492749159401795, 0.005797869717899766, -0.5167753876113359, -0.3358953104812716, -0.7874754213026866, 0.8518560316422458, -0.2934438880641074, -0.43385710310255937, -0.08534928303084217, -0.8950223600304686, 0.4377790252303227
4.087204367534999e-05, 0.0008447325701477256, 0.005787220609219178, -0.5633111603948202, -0.31853781722411606, -0.7623740522687907, 0.8217938769314858, -0.311645278565077, -0.4770031909599909, -0.08564671863276017, -0.8952155490976412, 0.4373256912659599
3.327847621969707e-05, 0.0008404386051558508, 0.005776943626976744, -0.6211195885833429, -0.27424995503492183, -0.7341644358326015, 0.7775321596834598, -0.33308175000490314, -0.5333856845394768, -0.0982557750772628, -0.902132756293116, 0.4201217593590598
2.491261791590919e-05, 0.000836744733145027, 0.005767055167886499, -0.653189207377789, -0.24047597460871006, -0.7179938474674884, 0.7490152300283439, -0.34420317418034513, -0.5661275122000009, -0.11099569609116847, -0.9075767077884747, 0.4049499659576118
1.6092238863277296e-05, 0.0008334974516144351, 0.005757359695547719, -0.6532390028349904, -0.22858173567776663, -0.7218235208759043, 0.7477342003080848, -0.3446526012207127, -0.5675457251723647, -0.11904776715577796, -0.9104751367205676, 0.3960589028779528
7.264501062222343e-06, 0.0008304084449569696, 0.005747605120647457, -0.6217372716109123, -0.2385414999533419, -0.7460165667663343, 0.7736918949153959, -0.3352176176267895, -0.5376151044891163, -0.12183438279912087, -0.9114423194216019, 0.3929749120940521
-1.1241146557452654e-06, 0.0008271899906881568, 0.005737539701404332, -0.5741544059937064, -0.253695852966357, -0.7784504687298266, 0.8091828083805791, -0.3207304961454951, -0.492295776402341, -0.12477940815428365, -0.9125625255454758, 0.3894351502763067
-8.871121355442182e-06, 0.0008237668984814287, 0.00572703614881695, -0.5560694347701243, -0.23533116522706254, -0.7971235954275268, 0.819288624729281, -0.31656037365955203, -0.47807497238166335, -0.13983180290491085, -0.9189171739070925, 0.36883369476630573
-1.6377911301118496e-05, 0.0008205899901412659, 0.005716275191610067, -0.5746207947503785, -0.17845108459727768, -0.7987278338999455, 0.8010706657382171, -0.3225186863679271, -0.5042494278006039, -0.1676207944563358, -0.9295896446010798, 0.3282778730226344
-2.413799509951888e-05, 0.0008181800610488252, 0.005705488608562945, -0.6337142516093383, -0.14582345372766492, -0.7596984715333788, 0.7542022694541816, -0.33483421491900495, -0.5648583762942141, -0.17200344199282366, -0.9309251145299011, 0.3221695936616492
-3.2669044798388464e-05, 0.0008162169883739528, 0.0056952615615928825, -0.7147342202133545, -0.1978025113043166, -0.6708421282073106, 0.6901430152744776, -0.35497450339572006, -0.6306312079233108, -0.11339141468321254, -0.9137107137714144, 0.3902244464605877
-4.224247321048472e-05, 0.0008135675445273444, 0.005686276040949567, -0.7653022189470533, -0.2469390128425969, -0.5944187392832094, 0.6412829684350587, -0.371989058296296, -0.6711037884731054, -0.05539556001915699, -0.8947878320832033, 0.4430418349163038
-5.256824195292727e-05, 0.0008102357429501741, 0.005678255901603235, -0.7875860099010141, -0.28373261508493136, -0.546995502856528, 0.6160661275072621, -0.38139091132322206, -0.6892049762576066, -0.013069183081036578, -0.8797935984633602, 0.4751761994844502
-6.329160322095367e-05, 0.0008063725873115157, 0.0056708082954810115, -0.7878482969066812, -0.31053084094405004, -0.5318511614012167, 0.6157679380727338, -0.38150848757640005, -0.6894063535744517, 0.011176202525715578, -0.8706445145578929, 0.4917857478286203
-7.405780920980131e-05, 0.0008021290812804432, 0.005663540374510013, -0.7680118802237281, -0.3274531167644951, -0.5503927762574938, 0.6402412454089141, -0.3713927542667731, -0.6724273713609396, 0.01577654944708981, -0.868816366327982, 0.49488303879622436
-8.451076594618818e-05, 0.0007976723100365697, 0.0056560493030482495, -0.7244892515458682, -0.32121151121003083, -0.6098675999433615, 0.6892056362071269, -0.35109560805362633, -0.6338197417450673, -0.01053163875363572, -0.8795197775329573, 0.47574577824037523
-9.42800123140813e-05, 0.000793340990582874, 0.005647825651941032, -0.6520974775898903, -0.28215678528849486, -0.703673523899091, 0.7550310798571209, -0.325603475237715, -0.5691313076636294, -0.06853428463690632, -0.9024244707612847, 0.4253623471824023
-0.00010304566628047125, 0.000789548169986099, 0.00563836670013124, -0.6205773248011701, -0.2449526705140033, -0.7449040026410659, 0.7773250219952336, -0.31718928861790274, -0.5432833196097396, -0.10319687070222955, -0.9161818293298154, 0.38724832018117317
-0.00011143071021482611, 0.0007862384472134284, 0.0056283017935685915, -0.6748646742922668, -0.2380322945757831, -0.698497171169204, 0.7321260926313581, -0.33456925272901905, -0.5933420595379078, -0.0924611046912852, -0.911813600396119, 0.400058623519021
-0.00012053438201874943, 0.0007830274806728768, 0.005618879328229208, -0.7269601513787369, -0.24543660880853604, -0.641318804779627, 0.6831935353029168, -0.3525036425200097, -0.6395215206155516, -0.0691052214214383, -0.903051522930276, 0.4239368057925652
-0.0001303563364509097, 0.0007797113880601945, 0.005610214473539324, -0.7575971551484842, -0.26416842138069485, -0.596876533008423, 0.6514019431609769, -0.3641296624082742, -0.6656463756384015, -0.04149769821360069, -0.893098333947426, 0.4479434193548389
-0.00014061526412319428, 0.000776134177256499, 0.0056021319284296905, -0.7691709788912693, -0.29500109282379106, -0.5668777297303321, 0.638963977175587, -0.368981395993672, -0.6749650104135154, -0.010051920383812918, -0.8813779465378799, 0.47230485309095394
-0.00015102985564728594, 0.0007721398561429424, 0.00559445639183085, -0.7654896384782157, -0.33358121907234906, -0.5502264839724602, 0.6430674614759152, -0.36720246104381393, -0.6720316901711471, 0.022132631416370372, -0.868266043840004, 0.49560490689763687
-0.00016136929193651396, 0.000767634188674029, 0.005587024505898352, -0.7614837697893075, -0.3572966603549422, -0.5408156477457636, 0.6468524023235898, -0.36543475338722226, -0.6693574610214045, 0.04152635254468723, -0.8595327437137141, 0.509390836714118
-0.00017164114464115552, 0.0007628145210558449, 0.0055797293029086065, -0.7625938032617102, -0.35973525134738343, -0.5376255575815523, 0.6453572888049558, -0.3661413280849893, -0.6704136765121048, 0.04432449676146302, -0.8582138875631151, 0.5113748744127423
-0.00018192327570613914, 0.0007579641734825651, 0.00557248044195105, -0.7680492410430666, -0.34474399030526304, -0.5396776301474557, 0.6395127204381303, -0.3687838113547416, -0.6745531712774703, 0.03352377859059133, -0.8632207606580573, 0.503712293514794
-0.00019227977236346833, 0.0007533155913442871, 0.0055652033439813064, -0.7727556429884712, -0.3317789797572709, -0.5410835654690491, 0.6342398248780008, -0.3710627664726904, -0.678271529607691, 0.02426027139579081, -0.867314897790219, 0.497168288714138
-0.0002027039639341491, 0.0007488400140055831, 0.005557904324176827, -0.7753615199060614, -0.3271808231780953, -0.5401548133576765, 0.6311520052213262, -0.37237082109686387, -0.6804315673899518, 0.021486268965584837, -0.8685002478641854, 0.49522283843315146
-0.00021316653879086976, 0.0007444251007473148, 0.005550615582056045, -0.775966100358453, -0.33098469813856585, -0.5369597198045841, 0.6302684548270752, -0.3727481116685223, -0.6810436991100072, 0.025264321569880427, -0.8668955962777025, 0.4978491128946003
-0.00022363817516183728, 0.000739958473401532, 0.005543369328735117, -0.7744820265938469, -0.34315185507070345, -0.5314361625300095, 0.6315928628488313, -0.3721622546078541, -0.680136539118151, 0.035609634672447245, -0.8624048124904764, 0.504965239706419
-0.0002340895512752578, 0.0007353277538002847, 0.0055361977753301895, -0.7709800322193835, -0.362581435962877, -0.5235689947027963, 0.634753060714959, -0.3706816592974093, -0.677999748800478, 0.051752698789438153, -0.8550612900579804, 0.5159378338641122
-0.000244495738371954, 0.0007304338653690149, 0.005529130981523322, -0.7685067532688504, -0.37990615558673463, -0.514848213678049, 0.6363523076479015, -0.36989256180146113, -0.6769307448145215, 0.06673163216467014, -0.847850697747699, 0.5260190905255998
-0.0002548734196475396, 0.000725303728281029, 0.0055221786279569685, -0.7690594079969248, -0.39012497781397004, -0.5063103086616633, 0.6345457054252497, -0.37081092178559355, -0.6781231510654172, 0.07680738700015557, -0.8427940210811702, 0.5327277572381981
-0.00026526222474917, 0.0007200337422205978, 0.005515339157477916, -0.772822913136783, -0.39328180624671205, -0.49807044261439587, 0.6293010831802707, -0.37349592117831387, -0.6815283879423518, 0.08200543664242374, -0.8401370231923401, 0.53613887251588
-0.00027570202337433953, 0.0007147210337198964, 0.005508610895370704, -0.7798304673728889, -0.3893948969769258, -0.49013881336342985, 0.620553939802721, -0.3779073142086396, -0.6870945129041082, 0.08232405451812276, -0.8399748068102648, 0.5363441749210625
-0.00028623268522054294, 0.0007094627293110993, 0.005501992166919868, -0.7899802760529427, -0.37839801013068275, -0.4824376740849084, 0.6081905312266291, -0.3839130569534432, -0.6947769731553667, 0.0776881018791634, -0.8422741303339442, 0.5334218295088894
