0.0003437925479374826, 0.0012138840975239873, 0.007301871664822102, 0.14801017524593232, 0.8751787216396549, -0.4606030755573042, 0.985998857533971, -0.16675207027711583, 1.2784303492421997e-17, -0.07680651642518727, -0.45415410627613517, -0.8876062228190789
0.0003459337182312679, 0.0012265447587076807, 0.007295208409265713, 0.10688369500573158, 0.7053212399925238, -0.700783721384373, 0.9873794831554897, -0.15814022722909835, -0.008568825796290503, -0.11686587177409742, -0.691023600861315, -0.7133223332176993
0.0003470452823320395, 0.0012338799258708795, 0.007287920431178371, 0.024220911071734342, 0.37981824578118395, -0.9247439903230295, 0.9884569421126489, -0.14747848455594748, -0.03468386054626272, -0.14955340536466086, -0.9132295422098353, -0.37900604504288343
0.0003472493910488842, 0.0012370806401029327, 0.007280127647962428, -0.07085736883842708, 0.03136940864024324, -0.9969930759452929, 0.9864093903395761, -0.1463386274046365, -0.07470957622174582, -0.14824219349160003, -0.9887370562140819, -0.02057390915481589
0.0003466681951908882, 0.0012373379424931903, 0.007271949977020237, -0.14362593056290324, -0.17256451135276996, -0.9744706673325368, 0.9810783413865856, -0.15401226991137282, -0.11732650501439432, -0.129834048431397, -0.9728831944988701, 0.19141946016428812
0.0003454238455671382, 0.0012358428741310022, 0.007263507335754149, -0.1981710784944923, -0.22825665863117145, -0.9532193459214215, 0.9727740136293603, -0.16502400233536405, -0.1627199958844727, -0.12016214901438314, -0.9595134060781803, 0.25474513047454816
0.00034363849298672046, 0.001233786476105717, 0.007254919641566512, -0.24278982463882542, -0.16905657898200785, -0.955234512648464, 0.9612868730465666, -0.1742012901401078, -0.21349814571062745, -0.13030981835687863, -0.9700895750478006, 0.20480617086253816
0.00034144845216600375, 0.0012322615324243578, 0.007246303124876945, -0.2523605178602451, -0.1429329995101735, -0.9570184568107, 0.9579984233804683, -0.17612805788555366, -0.2263137822272438, -0.13621009443446605, -0.9739348360524372, 0.18137735607750502
0.0003391853980397915, 0.0012309797744177724, 0.007237721019459226, -0.23172238730410172, -0.19324479767477135, -0.9533945580890026, 0.9648164283917546, -0.17081952140491224, -0.1998748373667257, -0.12423362961560051, -0.9661662068602035, 0.2260284627959505
0.0003371096184588941, 0.0012292486788175812, 0.007229180468072524, -0.21154952928280893, -0.2350590847053141, -0.9486801480782245, 0.970565199112209, -0.16484137287739412, -0.17558620691892116, -0.11510860494550457, -0.9579011162355936, 0.26301228218869144
0.00033521110019760436, 0.0012271391777172573, 0.007220666686021789, -0.1942873875849665, -0.2631816787108963, -0.9449803252006486, 0.9748044319682908, -0.15941723262453608, -0.15602072092293587, -0.109584353081939, -0.9514838674056693, 0.2875234244828825
0.0003334628684314673, 0.0012247710231154231, 0.007212163588402197, -0.18019083425205007, -0.2780127664705312, -0.9435253917785955, 0.9777889051342991, -0.1550222918461544, -0.14105653486114877, -0.10705195116306371, -0.9479857544869372, 0.2997713946360016
0.0003318379483360275, 0.0012222639670107, 0.007203655090308925, -0.1693427151304776, -0.27986340752387995, -0.9449865173436923, 0.9797289966119674, -0.15192512246957532, -0.13057507557076953, -0.10702400679261423, -0.9479426302744948, 0.2999177081773053
0.0003303093650868302, 0.0012197377614017095, 0.007195125106837148, -0.16172108497052995, -0.26882227316756, -0.9495161273643437, 0.9807809333352431, -0.15021278268896351, -0.12451859589188954, -0.10915608770015581, -0.9514045960399099, 0.2879483341714828
0.00032885014385942014, 0.0012173121582870741, 0.007186557553082047, -0.1572360916186386, -0.24473203420870618, -0.9567565222796047, 0.9810467442013726, -0.14980142915752245, -0.12290979421612568, -0.11324353043057984, -0.957948726840029, 0.26364775660184536
0.0003274333098293421, 0.0012151069096654147, 0.007177936344138793, -0.15572565701344834, -0.20961986574541788, -0.9653025596322651, 0.9806256264144615, -0.1503737590997047, -0.12554327299170231, -0.11883981053070959, -0.9661507358891247, 0.22897566458889929
0.0003260319506606466, 0.001213220562056185, 0.007169249685700813, -0.15702650927976225, -0.18828128048449055, -0.9694807036772487, 0.9800115047664787, -0.15112051417065853, -0.12938330928731892, -0.12214796727230037, -0.9704188526692568, 0.2082477478277464
0.0003246198150132016, 0.001211527352997802, 0.007160531168888256, -0.16126662867356079, -0.19598428301380935, -0.9672555170624911, 0.9794879477417223, -0.15176399907188484, -0.1325558328192995, -0.1208157055393586, -0.9687919536191825, 0.2164387116431693
0.0003231710488508677, 0.0012097666948882161, 0.007151841664587354, -0.1676201111683814, -0.22911694847914704, -0.95885813458066, 0.9791036989295889, -0.15229319186811238, -0.13476917471372768, -0.11514966380453048, -0.961411570364236, 0.24985665349451358
0.00032166629090535733, 0.0012077098680177891, 0.0071432338108723655, -0.17103111144570302, -0.2620892324194298, -0.9497671257563306, 0.9791818841386835, -0.15217355256028914, -0.1343355785925635, -0.10932152895137077, -0.9529703270044535, 0.282659440239946
0.00032012994369466625, 0.0012053555591568098, 0.007134702193074132, -0.16963231066092394, -0.2845771702526769, -0.9435256824012872, 0.9798601488191916, -0.15104971345204773, -0.13060655734719478, -0.10535163945505358, -0.9466783076827276, 0.3044687403118737
0.00031860450017707744, 0.0012027964570734606, 0.007126217399521006, -0.1635560756100569, -0.2967706846566784, -0.9408382277838436, 0.981104961266993, -0.14884447301460063, -0.12360573542638713, -0.10335601147649584, -0.9432775220376092, 0.3155076089577845
0.00031713251062762295, 0.0012001255483666475, 0.007117749942510562, -0.15285731903098526, -0.29880022767602926, -0.9419941952896593, 0.9828362942538128, -0.14558384308817937, -0.11330561914181121, -0.1032833903204789, -0.9431456772802543, 0.31592526443999086
0.0003157565253213351, 0.0011974358196352784, 0.007109270334340382, -0.1375058477021954, -0.2906466325878071, -0.9468984511620392, 0.9849270929827315, -0.14139684823368462, -0.09962706870206549, -0.10493218455882045, -0.9463252433888407, 0.3057086363987204
0.00031451909453324606, 0.0011948202574782604, 0.007100749087308042, -0.11827494569837294, -0.27307739826656474, -0.9546935486196662, 0.987111965188986, -0.13671109733762918, -0.08318680211114889, -0.10780076716232169, -0.9522283394337229, 0.2857274648655772
0.0003134550147524409, 0.0011923634722616231, 0.007092160031562102, -0.10330821381942376, -0.2548223919870659, -0.9614535670012515, 0.9885199930939397, -0.1334500466925785, -0.07084707680141862, -0.11025260183323433, -0.9577351583709031, 0.2656835151251647
0.0003125254097815657, 0.0011900704874782879, 0.0070835085218504705, -0.09719083596036145, -0.24090219266655716, -0.9656707901628646, 0.9889661737170928, -0.1323701442018137, -0.06651354875034203, -0.1118027220093464, -0.9614802538234657, 0.25110928469267074
0.0003116506776416571, 0.0011879023315156637, 0.0070748173395144024, -0.1000032660173869, -0.23145372895972047, -0.9676923675096833, 0.9885839070221504, -0.13327327761071012, -0.0702857898278094, -0.11269962538835766, -0.9636739100056299, 0.2421391947037592
0.0003107507868768513, 0.0011858195688073487, 0.007066109449668649, -0.1117604223779923, -0.2264834618890221, -0.9675819600843416, 0.9872846272278007, -0.13606774301329072, -0.08218658133133246, -0.11304279202830847, -0.964464001817607, 0.2388106286755505
0.00030974570603128476, 0.001183782763786942, 0.007057407817427967, -0.13246075713270497, -0.22593654688534542, -0.9650942050397757, 0.9847518973208196, -0.14077845545087578, -0.1022014050975418, -0.1127734389955215, -0.9639160250054939, 0.241139064016454
0.0003085554036490939, 0.0011817524808880441, 0.007048735407907111, -0.16204513015936214, -0.22969302706729725, -0.959678325851062, 0.9804438624603171, -0.14753856336986035, -0.130239029797724, -0.11167456449671127, -0.9620153250522674, 0.24910902434285742
0.00030709984827441503, 0.0011796892845442524, 0.007040115186220834, -0.19807107107755198, -0.2369560879431453, -0.9511149579251037, 0.974048363627702, -0.1560161374123237, -0.16397789540403032, -0.10953372136647016, -0.9589112457644969, 0.261708973155284
0.00030531935975232376, 0.0011775592531745667, 0.007031565481023795, -0.2249478535424973, -0.24359249425285395, -0.9434305273470306, 0.9684464906050445, -0.16250460438729097, -0.1889540906879333, -0.10728400636346888, -0.9561668004572234, 0.2724613581445997
0.0003032943744137143, 0.001175366428385669, 0.0070230726994489154, -0.23644622518209713, -0.24816124920836072, -0.9394195958082218, 0.9658699319998126, -0.16528212574996975, -0.19944195487973118, -0.10577550309884869, -0.9545144384968293, 0.278771823621521
0.00030116431636157336, 0.0011731308339425835, 0.00701460980995745, -0.23274172277654234, -0.2508216643405281, -0.9396381128798759, 0.9668231555580143, -0.16426480141769828, -0.1956273521061096, -0.10528188997092867, -0.9539945323284886, 0.28073146587352427
0.0002990688153498859, 0.0011708725493294575, 0.007006149734158963, -0.2137604267240461, -0.2515413353830149, -0.9439456745811611, 0.9711325120123849, -0.1594366573168202, -0.17743053969414074, -0.10586842815149804, -0.9546239620381255, 0.27836121680895604
0.0002971475011326367, 0.0011686116540304359, 0.006997665393663026, -0.1791926178579715, -0.2500815244967058, -0.9514984166096181, 0.977934587692971, -0.15085524452102955, -0.14452210002030505, -0.10739621920247312, -0.9564005051786119, 0.27159551873164345
0.00029554000346381084, 0.0011663682275296662, 0.006989129710079209, -0.13041621533946474, -0.24651760435117548, -0.9603232172146458, 0.9854083468588132, -0.13907770571098804, -0.09812126026070352, -0.10937093177582093, -0.9591071173331607, 0.2610584929922098
0.0002943706564941235, 0.0011641578841849196, 0.006980519193043062, -0.08548777205438758, -0.24592515337439494, -0.965511605195379, 0.9902193611920118, -0.12821311236287766, -0.05501831094016248, -0.11026086136821786, -0.960771677744512, 0.2544805015995021
0.0002936029049914253, 0.0011619492711690796, 0.006971848093446622, -0.05544965040503408, -0.251838468796487, -0.9661794460162151, 0.9923756262965633, -0.12057839904662082, -0.025523832311347392, -0.11007248794527817, -0.9602282204338688, 0.2566043882710151
0.00029310390242371335, 0.0011596829260855643, 0.006963153250090336, -0.04044304650702856, -0.2645806295504282, -0.9635151532051426, 0.9931702290675627, -0.11626525879412876, -0.009761439003522464, -0.10944065096259045, -0.9573293477504142, 0.2674757257260014
0.00029273950335134057, 0.0011572990073577991, 0.006954471806470997, -0.04030812790677995, -0.2841823864324886, -0.9579225574472011, 0.9932680544345249, -0.11559536206044595, -0.0075022869825218975, -0.1085993870355831, -0.9517762780778108, 0.28692871871572134
0.00029237631275478275, 0.0011547384227854186, 0.006945840582865176, -0.04911527934645474, -0.30460383893499693, -0.9512119588402903, 0.9929724466287526, -0.11755871018145153, -0.013626074144178388, -0.10767269649650686, -0.9451965144701583, 0.30823714808996533
0.00029193395954262355, 0.0011519950303343963, 0.006937273561135153, -0.05717192952677669, -0.3160292995356709, -0.9470252648737405, 0.9926109710737603, -0.11968320229621444, -0.01998477400748017, -0.10702724222454732, -0.9411702358888729, 0.32053666950708076
0.0002914192221580278, 0.0011491497162712699, 0.006928747186181184, -0.0635956178478427, -0.3176533923541995, -0.9460718364460599, 0.9922356974445004, -0.1216552784270716, -0.025851768752983704, -0.1068827306321148, -0.940370307674961, 0.3229237779042016
0.00029084698735697546, 0.001146291463895889, 0.0069202344104989785, -0.0683942240055892, -0.309487387020803, -0.9484407136968073, 0.9918623682310149, -0.12341935962462144, -0.0312522664299888, -0.10738376325048368, -0.9428601269249243, 0.31541006395687504
0.00029023214189544675, 0.0011435092565081047, 0.006911708186584253, -0.07155081423154468, -0.2914258063333529, -0.9539137698900032, 0.9915044392088367, -0.12493325196416107, -0.03620261845267413, -0.10862517209180125, -0.9484000642959777, 0.2978890565821646
0.00028958957252942164, 0.0011408920774077665, 0.006903141466932716, -0.07301945518365378, -0.2632827115407574, -0.9619513360708164, 0.9911734812865935, -0.1261671111307477, -0.04070614281820857, -0.11064939746287462, -0.9564329949728146, 0.2701714954772892
0.0002889341660148802, 0.0011385289098947257, 0.006894507204040081, -0.07357124521578286, -0.2265927492256761, -0.9712069799356617, 0.9908318071146529, -0.12725604616032912, -0.04536770575587271, -0.1133119670966417, -0.965640525617059, 0.2338776889716066
0.0002882733193947935, 0.0011364935623615592, 0.006885783430938068, -0.0820042989447943, -0.19936696878899005, -0.9764876377663275, 0.9899485165668507, -0.12957356667023934, -0.05668002617717166, -0.11522686102495645, -0.9713204942634759, 0.2079886245016599
0.00028753582320914793, 0.0011347005785678121, 0.0068770015022166535, -0.10365525977826409, -0.19247819999564986, -0.9758113186711533, 0.9878774216983908, -0.13391169449245094, -0.07852297610699893, -0.11555858608879062, -0.9721212890398991, 0.20402551942481234
0.0002866035027060846, 0.0011329693458968166, 0.006868224630676661, -0.13607571757316175, -0.20451376637083638, -0.969359334020034, 0.9841402651527156, -0.14030283797216356, -0.10854976813471155, -0.11380394365790636, -0.9687565396020674, 0.22036204161818868
0.0002853801907914377, 0.0011311307803424865, 0.006859510152854831, -0.15197114062717085, -0.2195354688230966, -0.9636954655621764, 0.9820881205664793, -0.1434237457620491, -0.12219882402782602, -0.11138983732224927, -0.9650045632432038, 0.2373994462106358
0.0002840139741305045, 0.001129157162101983, 0.006850846555308065, -0.15151039469118896, -0.2303049649908531, -0.9612513840827913, 0.9823468673461677, -0.14303279503841956, -0.1205663790559723, -0.10972343649235139, -0.9625493455631557, 0.24791031612308825
0.0002826519450993641, 0.0011270867955837473, 0.006842205218890104, -0.15105386387089353, -0.23905736777142672, -0.9591841872778504, 0.9825670988173069, -0.1426860448620439, -0.11917461526418976, -0.10837262814666078, -0.9604646102360169, 0.2564431826989401
0.0002812939608158202, 0.0011249376539465865, 0.00683358208924636, -0.15126021382778007, -0.24589508373408123, -0.9574215140199135, 0.982652387950204, -0.14254767078671407, -0.11863577036056329, -0.10730625409796002, -0.9587574090189299, 0.2631911823803606
0.00027993401011890747, 0.001122726859832066, 0.006824974101578743, -0.15213541394213434, -0.25082794907206435, -0.9560021735273186, 0.9826029603746174, -0.14262925599968931, -0.1189467006520703, -0.10651872177083976, -0.9574665713732659, 0.2681632462046756
0.0002785660818476606, 0.0011204715358817524, 0.006816378191089165, -0.15368359568944778, -0.2538635306052629, -0.95495270052741, 0.9824172471444538, -0.14293732723558192, -0.12010525798590778, -0.10600804181323056, -0.9566202111137831, 0.27136703329539763
0.0002771841648411144, 0.001118188804737212, 0.0068077912929795405, -0.15590718676587081, -0.2550062887777177, -0.954287557185237, 0.9820918477786524, -0.14347342197347857, -0.12211052253566158, -0.10577595020355066, -0.9562359383912715, 0.2728081349364432
0.0002757822479383036, 0.0011158957890400113, 0.006799210342451781, -0.1588069193273771, -0.2542571006161021, -0.9540092710031917, 0.9816215161648723, -0.14423411052802912, -0.12496287593667893, -0.10582798011832917, -0.9563209963952908, 0.27248961535734334
0.00027435431997826267, 0.0011136096114317156, 0.006790632274707797, -0.16238170940433116, -0.2516131366264091, -0.9541084896006048, 0.9809991698283227, -0.145210968774939, -0.12866391624533036, -0.10617348655417247, -0.9568723028829207, 0.27041188348234124
0.00027289436980002657, 0.0011113473945538923, 0.0067820540249495034, -0.16662840663760775, -0.24706809041459765, -0.9545639490365725, 0.9802159255254405, -0.14639050375445256, -0.13321621431650826, -0.10682562168186195, -0.9578763903079571, 0.2665728933010292
0.0002713963862426299, 0.0011091262610481067, 0.006773472528378812, -0.17154141580999674, -0.2406127650327895, -0.955342367931611, 0.9792611665626835, -0.14775404096701503, -0.13862290950708733, -0.10780125381550194, -0.9593092518480125, 0.2609686743550123
0.00026985435814510736, 0.0011069633335559254, 0.006764884720197632, -0.17711219472803455, -0.23223602429504733, -0.9563982954283476, 0.978122649559145, -0.14927758899898244, -0.14488714174159473, -0.1091208178947393, -0.9611361144199511, 0.253594196817873
0.00026826227434649367, 0.001104875734718915, 0.006756287535607879, -0.1829624747117089, -0.22282498010074875, -0.9575352531841678, 0.9768724655558894, -0.150832645697761, -0.15155757661882685, -0.11065676159243566, -0.9631191729141907, 0.24526830182263715
0.00026661744488807167, 0.0011028725420318926, 0.006747679310372641, -0.18598447112382596, -0.22002619942296406, -0.9576002548392919, 0.9762522644094197, -0.15157375993115188, -0.15478020395326414, -0.11109137111527274, -0.9636461315585818, 0.24299144099311226
0.00026494540545750675, 0.001100894460319105, 0.0067390702830966796, -0.18463314097771405, -0.22767972479541043, -0.9560714126935235, 0.9766687932683881, -0.15106352746363017, -0.15263642725744003, -0.10967530035689116, -0.9619468559059441, 0.25025901563039543
0.0002632858331039287, 0.001098847964361013, 0.006730476648843639, -0.1803914182962655, -0.24165728631847241, -0.95344674322914, 0.9777414906208645, -0.14965151718160108, -0.14705781490194647, -0.10714715919496864, -0.9587524077541798, 0.2632742047789932
0.0002616646313689489, 0.0010966761580991065, 0.006721907895801323, -0.17627952260154914, -0.25381366252434207, -0.9510542332734496, 0.9787236067136749, -0.14826088275758004, -0.1418407991563749, -0.10500300744619596, -0.9558228577304074, 0.27454878085202206
0.00026008029791030357, 0.0010943949772117066, 0.00671336018123684, -0.17267334616579075, -0.2632169778836226, -0.9491579099800631, 0.9795379462809763, -0.14703730114310315, -0.13742432051205353, -0.10338920310920388, -0.9534657071055912, 0.2832204407419755
0.0002585281189171292, 0.001092028891925298, 0.006704828100277096, -0.16958840896232633, -0.2698886516772312, -0.9478395894039628, 0.9801932080150599, -0.14600695314739187, -0.13380300666936049, -0.10227925746099428, -0.9517573668369799, 0.28930411017606744
0.0002570033805785624, 0.0010896023724663662, 0.006696306248048995, -0.16703495607863442, -0.27384664419102495, -0.9471575048074754, 0.9806969424514951, -0.14518893557771695, -0.13097205828763103, -0.10165053130258463, -0.9507513809882813, 0.2928121941360683
0.0002555013690837398, 0.0010871398890613963, 0.006687789219679445, -0.16501866138645335, -0.27510297608751666, -0.9471468703121043, 0.9810554017282122, -0.14459549377967004, -0.12892804938611957, -0.10148467930736803, -0.9504790874745245, 0.29375221554819986
0.00025401737062179784, 0.001084665911936873, 0.006679271610295349, -0.16354114749261875, -0.27366225129860605, -0.9478202705634524, 0.9812734530894192, -0.14423219178948507, -0.12766943688122384, -0.1017678895269285, -0.9509500760112383, 0.2921254004626354
0.0002525466713818732, 0.0010822049113192818, 0.00667074801502361, -0.16260030680753013, -0.269521153125622, -0.9491677871925132, 0.9813545463090972, -0.14409799377909405, -0.12719678701644196, -0.10249094918363763, -0.9521523597653242, 0.28792618694512984
0.0002510845575531024, 0.0010797813574351081, 0.006662213028991138, -0.1621904195302844, -0.2626689009856644, -0.9511568305319441, 0.9813007287100909, -0.14418524750264072, -0.12751272185804435, -0.10364915651193242, -0.9540522327721818, 0.2811426497292424
0.00024962631532462196, 0.0010774197205108364, 0.006653661247324833, -0.16227957695329057, -0.25315615593948987, -0.9537176204798786, 0.9811175674835361, -0.1444720532884677, -0.12859294146182088, -0.10523144814669322, -0.9565771200110083, 0.2718208155980608
0.0002481674325407811, 0.0010751438632251734, 0.006645087388289175, -0.16214312986554336, -0.24311646777326032, -0.956349302574566, 0.9809594335618186, -0.1447099312646091, -0.12952847370160794, -0.10690273683812575, -0.959142022273472, 0.261951113694279
0.00024670981328670595, 0.0010729583173762502, 0.006636490088124746, -0.1609395055947477, -0.23510180965035285, -0.9585539184824439, 0.9810088021962895, -0.14463788723042106, -0.12923471511525586, -0.10825989817249748, -0.9611488025673494, 0.2539148947404055
0.0002452629556902911, 0.0010708447353942102, 0.006627872620254416, -0.1586281937092308, -0.2292722668619918, -0.9603495841663651, 0.9812728851569191, -0.1442583398698644, -0.12764425656411862, -0.10927314865218528, -0.9626129850703005, 0.24786209867118275
0.00024383679719438317, 0.0010687834461390311, 0.006619238526361807, -0.15521456697337546, -0.22563512748624143, -0.9617677616990159, 0.9817439010512519, -0.1435807217474712, -0.12475371373688662, -0.10994248927479011, -0.9635732279317141, 0.24380172982429768
0.0002424412752418287, 0.0010667547784706899, 0.006610591348130524, -0.15070072113984678, -0.22419313984084602, -0.9628222726423777, 0.9824096666574765, -0.1426054998626516, -0.12056084881448546, -0.11027483623146345, -0.9640545147745672, 0.24174025944574842
0.00024108632727547436, 0.001064739061249164, 0.0066019346272441866, -0.14508563542768177, -0.22494516335592968, -0.9635091239190836, 0.9832535869586011, -0.1413241817177912, -0.11506458792713514, -0.11028391598773825, -0.964068021015411, 0.24168224744452924
0.00023978189073816655, 0.0010627166233344305, 0.006593271905386405, -0.13836563662318022, -0.22788620843363883, -0.9638064259007626, 0.9842545875467383, -0.139719396948572, -0.10826540079604065, -0.10999026091005513, -0.9636111073052591, 0.24363040939683725
0.00023853790307275203, 0.0010606677935864667, 0.006584606724240793, -0.1305414077890458, -0.23300523244292984, -0.9636739606872597, 0.9853861667592471, -0.137766568646384, -0.10017222630509147, -0.10942140198321054, -0.9626676135705499, 0.2475843746491512
0.00023736424576423974, 0.001058572915810825, 0.006575942630554816, -0.12318716047329277, -0.23987755362636343, -0.962955701349111, 0.9864191764389584, -0.13582285863458846, -0.09235453116017514, -0.10863761709469871, -0.9612548623224538, 0.25335145117686986
0.00023625663888710873, 0.001056416116132635, 0.006567284452599509, -0.11996441589049335, -0.24755240175044727, -0.9614189239387989, 0.9869167796960675, -0.13481409820367232, -0.08843318879173416, -0.10772097694690969, -0.959449304191272, 0.2604865136863857
0.0002351779954552853, 0.0010541902829953823, 0.006558639987490089, -0.12139209984609028, -0.2559022922007452, -0.9590505591163384, 0.9868570818090837, -0.13494021411429657, -0.08890578551504559, -0.10666329349038657, -0.9572382960690574, 0.2689196652544983
0.00023408659549952894, 0.0010518895422491562, 0.006550017451599246, -0.12746615510888024, -0.2649181919350361, -0.9558089405752753, 0.9862240163275324, -0.13628398954226661, -0.09374894033126119, -0.10542565589338249, -0.9545915491854696, 0.278640279398251
0.00023294071905059915, 0.001049508019744048, 0.00654142506129967, -0.13814450579409018, -0.274588644234407, -0.9515866602556055, 0.9849420384800314, -0.13892896787567516, -0.10289763223612168, -0.10394843122292474, -0.951472447495202, 0.28964617260337305
0.00023169891012488118, 0.0010470396868389425, 0.006532871056190984, -0.15150708931568715, -0.28601682327411526, -0.946171220599777, 0.9831764651473088, -0.14240908841615604, -0.11438395830238686, -0.10202764462404838, -0.9475832566802049, 0.3027809957573394
0.0002303368951400648, 0.0010444684593078188, 0.006524365187676979, -0.16450343377445953, -0.300994959814861, -0.9393298964913565, 0.9813607247899395, -0.14585814600529723, -0.125126052777438, -0.09934660596203984, -0.942405133374149, 0.31937879778387857
0.000228857835746066, 0.001041762197118357, 0.006515919621067261, -0.17683013383019214, -0.3196284012546824, -0.930896765963322, 0.9795689519375421, -0.14920136839231027, -0.13484665390675285, -0.09579025091094495, -0.9357225212536234, 0.3394813559669814
0.00022726734996571612, 0.001038887322705381, 0.006507546737796924, -0.1883387425459001, -0.340511060257218, -0.9211844201346083, 0.977829691261363, -0.15243196520201752, -0.1435743391848227, -0.09152930101304588, -0.9278020876389298, 0.36167066957234323
0.0002255720348071585, 0.0010358222413827216, 0.0064992547746555605, -0.19838547269245727, -0.3551123014848705, -0.9135307644292603, 0.9761412190085367, -0.15552631718855195, -0.15152519663176184, -0.08826961412127296, -0.921795431750388, 0.3774939168079364
0.00022378484243955985, 0.001032623146276408, 0.006491025063136887, -0.20681285893041773, -0.3602130066839239, -0.9096565457340229, 0.9745139076271361, -0.15842034460825477, -0.15882581104937407, -0.08689698051323075, -0.9193201750369286, 0.38379594910284553
0.00022192126213710093, 0.0010293772849338523, 0.006482828193612429, -0.21368467752821782, -0.3559018495206762, -0.9097652071262253, 0.9729670458118408, -0.16104500100541716, -0.16552835230057875, -0.08760129196445045, -0.9205424385431273, 0.3806936202344767
0.0002199967898016327, 0.0010261719860258196, 0.006474634728394715, -0.21899464907901317, -0.34212225498950155, -0.9137799003675109, 0.9715171221066563, -0.1633480997844368, -0.17167375964431522, -0.09053079657420608, -0.9253484537933331, 0.3681499883660566
0.00021802692133500613, 0.0010230945782230753, 0.006466415229796274, -0.22265561323743854, -0.31867797089711863, -0.9213407777574786, 0.9701795168399503, -0.16529135897380992, -0.17728641164170392, -0.0957923953039111, -0.9333397653124431, 0.34597788872766555
0.00021602715263907243, 0.0010202323901963844, 0.006458140260129635, -0.22449622629743893, -0.28529298113411977, -0.9317775267164453, 0.9689695958571292, -0.16684973736286032, -0.18237074174992068, -0.10343774302777893, -0.9438056368011114, 0.3138973610270846
0.00021401297961568254, 0.0010176727506165124, 0.0064497803817073285, -0.22408678946656505, -0.24295069415191056, -0.9438008640585536, 0.9679764199901606, -0.16793871165052118, -0.18659646157469179, -0.11316696129878051, -0.9553907835751129, 0.27280338988020736
0.0002120015852264211, 0.0010154920345455311, 0.006441308861511665, -0.218218604405001, -0.21310874584473916, -0.9523472597409078, 0.9684728108989928, -0.16745679586865564, -0.18444141635437297, -0.12017094174939899, -0.9625709760645632, 0.24293221440800478
0.00021003952376379947, 0.0010135759171791422, 0.00643274605421819, -0.20471916781776106, -0.21404145496829474, -0.955131570980176, 0.9713781267542262, -0.16453064203244372, -0.1713306822955027, -0.1204765420795849, -0.9628685909237291, 0.241597763692255
0.000208197505210246, 0.0010116500187130437, 0.006424151988046544, -0.19023971978614737, -0.23039217797762943, -0.9543208545046119, 0.9746737734854599, -0.16072456309426714, -0.15549485553474565, -0.1175580039610345, -0.959732806120996, 0.255133409336794
0.00020648572740752417, 0.0010095769489218026, 0.0064155650049640845, -0.18634551850009687, -0.2350779566719474, -0.953946383200792, 0.9755203873210374, -0.15967056306268795, -0.1512127151143627, -0.11677038004538345, -0.9587719570253327, 0.25907723320637516
0.00020480953568214076, 0.0010074624053096719, 0.0064069841866709965, -0.19423637730359242, -0.22550065313738216, -0.9546840761040222, 0.9737903099434929, -0.16173280167598375, -0.1599216468217891, -0.11834129453463242, -0.9607247036985419, 0.25100474439981496
0.00020306399978166817, 0.0010054359080536193, 0.006398404767349123, -0.21380057865479654, -0.20147696407231802, -0.9558746494782023, 0.9691778650451836, -0.1663587299745524, -0.18171141644848288, -0.12240742817874317, -0.9652625580169656, 0.2308346066282307
0.00020114428801373216, 0.0010036268498119102, 0.006389821985090906, -0.23836480316762035, -0.17100822661299067, -0.9560012589121113, 0.9627011654354464, -0.1713641464151807, -0.209381936643613, -0.1280183060350943, -0.9702528102273533, 0.20547700008961686
0.0001990028386993259, 0.0010020905263078872, 0.00638123335030396, -0.2510097880756465, -0.15641941272633653, -0.9552628191301947, 0.9590846449762198, -0.17370262368930647, -0.22357111238773617, -0.13096079589349477, -0.9722964392847478, 0.19362051568246386
0.00019674545159595745, 0.0010006838115828882, 0.006372642458352042, -0.2492762073370796, -0.16155309696730177, -0.9548622776693584, 0.9597019851416715, -0.1733049483168717, -0.22121820586023544, -0.12974387141894742, -0.9715276587669339, 0.19824362809448284
0.00019450332704495641, 0.000999230715963093, 0.00636405391242358, -0.23321579486238356, -0.18604129946713413, -0.9544626906900482, 0.9644504033898018, -0.16969684900136847, -0.20257936430015605, -0.124281182919842, -0.96777663452451, 0.21900359184373647
0.00019240642593943455, 0.0009975579724563527, 0.006355472101434027, -0.2093281376838707, -0.21468908806812168, -0.953986544055146, 0.9706456885849459, -0.16379107333202872, -0.1761233418039704, -0.11844272035570055, -0.9628504970976649, 0.24267311806939187
0.0001905234836403151, 0.0009956268074942235, 0.006346890829769035, -0.1875997107609122, -0.2261261849907967, -0.9558625931502549, 0.9752803369061234, -0.15856664585789132, -0.15389893848125305, -0.11676734546396308, -0.961105388229036, 0.25028347878038903
0.00018883520739309867, 0.0009935918178588707, 0.0063382886837152225, -0.16892714603862638, -0.2188925070265894, -0.9610149268866011, 0.9784528642997228, -0.1546825671107667, -0.13675999333025513, -0.11871651812158604, -0.9634102832125251, 0.24030608507786375
0.00018731548195234578, 0.0009916225872199868, 0.006329643070102601, -0.1532247453507828, -0.19289660586155238, -0.9691816531792585, 0.9804381263586796, -0.15229093048722409, -0.12469383655023823, -0.12354455793141927, -0.9693288254965023, 0.2124579258749878
0.00018593819207261708, 0.0009898886992472647, 0.006320931395761184, -0.140447610078897, -0.15084791130909797, -0.9785291904060955, 0.9814879424047104, -0.1511953962151861, -0.11756432740206864, -0.1302147754185139, -0.9769262304887794, 0.1692904381401696
0.0001846757914942139, 0.0009885328165065007, 0.006312135975068307, -0.1325263139077831, -0.1279794095426571, -0.9828825193557615, 0.9821393415442687, -0.15057915962583365, -0.11281945965731296, -0.13356305594364817, -0.9802791375008909, 0.14564931399599293
0.00018348395082964765, 0.000987381867234447, 0.006303296678776745, -0.13093808849013214, -0.14712334674290745, -0.9804131464977999, 0.9826930795360631, -0.14996784645618005, -0.1087380175523922, -0.1310325471571055, -0.9776831623140811, 0.16421359783239364
0.0001823078131641683, 0.0009860603471819472, 0.006294490220376261, -0.1327601868306208, -0.18978872430276134, -0.9728077779912274, 0.983202057177519, -0.14925134509821741, -0.10506070030352688, -0.12525353310223766, -0.9704144867601181, 0.20641530062353278
0.0001811163244974354, 0.0009843570420007867, 0.006285759519779516, -0.1335690118275076, -0.2259056015682746, -0.9649486920347108, 0.9837125444686412, -0.1484008318015133, -0.10142397633523692, -0.12028694415627522, -0.9627792334178666, 0.24204792658655477
0.0001799166485770857, 0.0009823280271359948, 0.006277092646420432, -0.13310562317210775, -0.2528941308732406, -0.9582940319389623, 0.9842235388597231, -0.14744442646400346, -0.09779655750150007, -0.11656293851138098, -0.9561928151134422, 0.26853003871266007
0.00017871936092885232, 0.000980053239550096, 0.006268472773116261, -0.13147616743242466, -0.2709426170675768, -0.9535743891557981, 0.9847307087072663, -0.146415000558166, -0.0941704780726813, -0.11410279894098188, -0.951395157580763, 0.2860555984519604
0.00017753503707846862, 0.0009776126162056146, 0.006259883072684259, -0.12875007356719476, -0.2802328114764126, -0.9512586346144077, 0.9852305992458917, -0.14534372120907874, -0.09053103895724843, -0.112889702214255, -0.948864992544842, 0.2948069555774658
0.0001763742525516676, 0.0009750860940650739, 0.006251306717941673, -0.12495706524608523, -0.2808735972104089, -0.9515754064892443, 0.9857201224145903, -0.14426096029870833, -0.08685974672228683, -0.11287857242209841, -0.9488407652097266, 0.29488918285377913
0.00017524758287418247, 0.000972553610090999, 0.0062427268817057575, -0.12008846239973377, -0.27286894152015784, -0.9545267423975803, 0.9861960508467366, -0.1431976772479434, -0.08313708273144335, -0.11400048461637677, -0.9513343082137123, 0.2862986614058276
0.00017416560357174648, 0.0009700951012459138, 0.006234126736793767, -0.11410186004437131, -0.2561170194244427, -0.9598879298624159, 0.986654549571263, -0.14218690940224404, -0.07934533763849193, -0.1161618067384583, -0.9561312436876945, 0.2689228132745145
0.00017313889017009276, 0.0009677905044923427, 0.006225489456022953, -0.1069293624597544, -0.23044040939399218, -0.9671935324237231, 0.9870907808346361, -0.1412649986232612, -0.07547178648500681, -0.11923884365096347, -0.9627779691508834, 0.2425709798852324
0.00017217801819495443, 0.0009657197567928095, 0.006216798212210564, -0.09849045839638568, -0.19565054088835074, -0.9757153762521965, 0.9874986404734051, -0.1404721014646061, -0.07151240293329626, -0.12306934901934978, -0.9705608968839684, 0.2070398048002854
0.0001712935628247603, 0.0009639627929773539, 0.006208036178625198, -0.0899664748970016, -0.1592455583683171, -0.983131163952486, 0.9878508191844629, -0.13986260441139992, -0.06774371501361522, -0.1267153993451184, -0.97728158891244, 0.16989380077443678
0.00017048504470191467, 0.0009625316718839593, 0.0061992008945474355, -0.08597542807980171, -0.14894809940145862, -0.9851003448640083, 0.9880808592576977, -0.1394705020324877, -0.0651474836918183, -0.12768884577387615, -0.9789598780070097, 0.1591638021581422
0.000169711879138216, 0.0009611922014816871, 0.00619034201846566, -0.08700242612643197, -0.16804604324761788, -0.9819323322902319, 0.9882073843823101, -0.1392282480794297, -0.06373115712903706, -0.12600294957019054, -0.9758975470230227, 0.17817753622176818
0.0001689297983304326, 0.0009596816046960651, 0.006181515248158012, -0.08817092679570653, -0.1923763449548988, -0.9773521522817556, 0.9883803719620007, -0.13885513710675548, -0.06183438541233559, -0.12381489404850812, -0.9714476788797521, 0.20238398951226055
0.00016813730029867615, 0.0009579524873977236, 0.006172730610350916, -0.0872123857805227, -0.2105186946108332, -0.9736918809283663, 0.9886681503079646, -0.13817373326967827, -0.05867970689214296, -0.12218546694716718, -0.9677757481222965, 0.22018358933679
0.00016735319957343308, 0.0009560597761773588, 0.0061639764350905285, -0.08414486411975332, -0.22246452297542393, -0.9713028250033998, 0.9890606422223622, -0.13716445434665717, -0.05426747156881658, -0.12115563482131883, -0.9652437249115381, 0.23157258833882385
0.00016659643387800308, 0.0009540590180657478, 0.006155240920861274, -0.07898751458229061, -0.22826650956143116, -0.97038928948786, 0.989539412730796, -0.13583206044285626, -0.04859425900494427, -0.12071753473503255, -0.96407678738184, 0.23660774467249993
0.00016588594093568606, 0.0009520057600936696, 0.006146512266147586, -0.07176840280031037, -0.2279848321501687, -0.9710160723020766, 0.9900767446337558, -0.13420862487042082, -0.04166635028191494, -0.12081943591540631, -0.9643707592621471, 0.23535441909008842
0.00016524044099940234, 0.0009499552171125744, 0.006137778745707603, -0.06380535969056667, -0.22362244879670126, -0.9725851512689899, 0.9905734614950389, -0.1325654787321922, -0.03450523482374166, -0.12121507107820494, -0.9656186588103357, 0.22997285122560518
0.00016466667536728884, 0.0009479443064882812, 0.006129032835696151, -0.05708564221585678, -0.2181938767738207, -0.9742343976637317, 0.990933411462547, -0.1312600608405823, -0.028666539298025047, -0.1216232029672043, -0.9670378630470151, 0.2237086675420978
0.00016415340800191933, 0.0009459824857585084, 0.006120273317485768, -0.051775590514305164, -0.2119513771123147, -0.9759077323021313, 0.9911759023134339, -0.13030961007822517, -0.024284484643719982, -0.12202302610591637, -0.9685535706719863, 0.21682795446736242
0.00016368792339269163, 0.0009440769526111243, 0.006111499491346838, -0.04787678610613669, -0.20489724544290297, -0.9776118514840427, 0.991323310469101, -0.1296982498736418, -0.021364880067457803, -0.12241694111817089, -0.9701522987601613, 0.20932895102599913
0.00016325750602900335, 0.0009422349047339962, 0.006102710657549737, -0.045389909552187524, -0.19703226097130924, -0.9793457225348862, 0.9913916795790519, -0.12940633743379967, -0.01991324919233721, -0.12280999052304653, -0.9718190613321513, 0.2012098860872044
0.00016284944040025222, 0.0009404635398149921, 0.006093906116364841, -0.04431488317892732, -0.18835597195404963, -0.9811005141972372, 0.9913907026335317, -0.1294104908988085, -0.01993488342383231, -0.12320984482025128, -0.9735373401542309, 0.1924691701670554
0.00016245101099583592, 0.0009387700555419794, 0.006085085168062533, -0.04465084672881502, -0.17886707992434583, -0.9828595370681091, 0.9913237210842953, -0.12968358722079285, -0.021434719991953562, -0.12362678472720348, -0.9752890519865816, 0.18310566122632313
0.00016204950230515206, 0.0009371616496028257, 0.006076247112913185, -0.046796533401259645, -0.1699781969737368, -0.9843360691426389, 0.9911769470552505, -0.13023639119283092, -0.024632134201101222, -0.12400945160695592, -0.9768039183800532, 0.17457308197289934
0.0001616286218198952, 0.0009356328930726792, 0.006067394152825645, -0.055798005905120567, -0.17949413701059996, -0.9821753597580384, 0.9907749431843699, -0.1316288881642674, -0.032231161298462756, -0.12349734610517292, -0.974913170789819, 0.18518292287767893
0.0001611270336663223, 0.0009340193563288501, 0.006058565028608849, -0.07440928935475442, -0.21595875693844097, -0.9735630811402638, 0.9898352277996647, -0.13464750897885164, -0.04578504267308198, -0.12120016280725988, -0.9670738666861977, 0.2237826108259984
0.00016045840576245325, 0.0009320787914850509, 0.006049816773547258, -0.09633381773291338, -0.24603259983108497, -0.9644624178169717, 0.9882559142645891, -0.13911577797420838, -0.06322221318248566, -0.118617214105132, -0.9592261256549407, 0.25654472588410254
0.00015959195412838833, 0.000929865909724796, 0.006041142145492668, -0.11809145987962408, -0.2561448890411172, -0.9593978334984987, 0.9860505254733983, -0.14437520310554391, -0.08282609457090265, -0.11729777626679158, -0.9557957922832401, 0.2696212809414698
0.00015852902017399342, 0.000927560365360419, 0.006032506664704828, -0.13944246018357934, -0.260906112190886, -0.9552401797031926, 0.9833735663649469, -0.1498107322848222, -0.10263124995327104, -0.11632811041462145, -0.9536690962350213, 0.2774581511032637
0.00015727318996611032, 0.0009252106235624094, 0.0060239036934729975, -0.16034953628316878, -0.2631663531256477, -0.9513314337266059, 0.9802752973042711, -0.15527077264947187, -0.12227562576351456, -0.11553513625211931, -0.9521735439211608, 0.2828730714433972
0.00015582841565626678, 0.0009228394537104448, 0.006015332049005204, -0.18082919555357796, -0.2629421141211155, -0.9477142220400431, 0.9767650711769089, -0.16070892102500234, -0.1417837735135717, -0.11502520490837685, -0.9513327952533215, 0.2858935377221529
0.00015419864939599063, 0.0009204696251842027, 0.006006790548509467, -0.20089740287005303, -0.26024245704490023, -0.9444120377628086, 0.9728503960845829, -0.1660798416631152, -0.16118186322047812, -0.11490143758081497, -0.9511526427153466, 0.2865419862733457
0.0001523878433368095, 0.0009181239073633611, 0.005998278009193811, -0.2205674878811395, -0.255068398652714, -0.9414298143242243, 0.968537107655593, -0.17133855382310795, -0.18049645721715538, -0.11526428060740171, -0.9516213595661598, 0.2848349234793937
0.00015039994963025137, 0.0009158250696275982, 0.005989793248266263, -0.23984817088733196, -0.24741300523327753, -0.9387543127802074, 0.9638296686008473, -0.17643972636988886, -0.19975333009314172, -0.11621198237179375, -0.9527097290360569, 0.2807827404832088
