9.791972160339355, 21.042619705200195, 37.55344772338867, -0.15379203801956284, -0.2383366140614947, -0.9589283953661459, -0.8402391197022353, 0.5422160285855369, -8.181737255019658e-06, 0.5199482962408878, 0.8057278924938807, -0.283648254874885
9.783195746700537, 21.031298359336034, 37.50478602082346, -0.15541040047065036, -0.23967663358900346, -0.9583333025294459, -0.8401311331510131, 0.5423830077550676, 0.0005933034308069262, 0.5196414980887755, 0.8052178489141985, -0.2856517622106406
9.77663121377323, 21.01853484530197, 37.45613132165106, -0.16062836639092282, -0.23939310038330303, -0.9575434566636928, -0.8394028425981346, 0.5434873694823372, 0.004934273131952729, 0.5192315434839786, 0.8045572836672596, -0.2882467372741729
9.771044857691539, 21.00500693724883, 37.407512996982696, -0.16830520580121067, -0.23801084112627224, -0.9565689714843235, -0.8382017285348206, 0.5452322916506024, 0.011815685450762958, 0.5187400312116378, 0.8037864067324085, -0.2912665314977883
9.76520297458955, 20.991392409327435, 37.3589604179296, -0.17768466221576137, -0.2357976512290941, -0.9554201319252767, -0.8366090326359004, 0.5474172482317424, 0.02048616241295277, 0.5181828705440713, 0.8029531891793128, -0.2945380937357286
9.757872710343435, 20.978368591160457, 37.31050294479922, -0.18809500880330907, -0.2329694528674943, -0.9541202763246903, -0.8347083733826034, 0.5498583405330568, 0.03029417025107402, 0.5175733755403685, 0.8021103660824072, -0.29788716245399954
9.748279400178891, 20.966373118414914, 37.26216411240812, -0.1988690607819483, -0.22974694348563313, -0.95271582259492, -0.8326077215731779, 0.5523735828210329, 0.04059318881508564, 0.5169288912804424, 0.8013112796912726, -0.3011390947703532
9.73686171237325, 20.955208893076772, 37.21395202758376, -0.21365173136014776, -0.2234406481236974, -0.9510137824726166, -0.8293374547191967, 0.5559656132757633, 0.05569221718327106, 0.5162870557032159, 0.800610088383207, -0.30409071424878814
9.724198181608593, 20.944611079975612, 37.165863464104824, -0.22931375533839576, -0.2156347510097079, -0.9491664004638932, -0.825479369936995, 0.559788104727447, 0.07225709386679331, 0.5157509199420047, 0.8000868277647334, -0.30636915088882855
9.710669226620361, 20.93443681860806, 37.11786546354714, -0.2427932629462919, -0.20795388176123478, -0.9475265772147645, -0.8218079754054454, 0.5630832843176309, 0.08699923265220809, 0.5154445489360575, 0.7998077256331703, -0.307610986457896
9.696613508341551, 20.924568957628136, 37.06991880069442, -0.2510981600441329, -0.20205349994531682, -0.9466383138148904, -0.8192753427580073, 0.5651912621105446, 0.09667859112874613, 0.5154974556398904, 0.7998332453666437, -0.3074559364121335
9.682369687705158, 20.91489034568984, 37.0219842503304, -0.2521224479854272, -0.19910726116539743, -0.9469902691015625, -0.8186413135397865, 0.5657060963688456, 0.09901016259442864, 0.5160045261310103, 0.8002080423754416, -0.30562463567254367
9.668276425644189, 20.905283831447193, 36.9740225872388, -0.24605143181814487, -0.19894255953127005, -0.9486203407619868, -0.8198745578019788, 0.5647370087008348, 0.09422218673244138, 0.5169762106415058, 0.8009331863587502, -0.30206229261523043
9.654672383091633, 20.895632263554194, 36.92599458620335, -0.23340092578484375, -0.20117290541412308, -0.9513429822992433, -0.8226908727743576, 0.5624107081916434, 0.08290912594606045, 0.5183664106561531, 0.8020122551673474, -0.29677029309693737
9.641896220980497, 20.885818490664867, 36.877861022007785, -0.21706789124900433, -0.20459172590874852, -0.9544756446753316, -0.8261697567940213, 0.5593024751927117, 0.06800201616286099, 0.5199279407260378, 0.8033199654763882, -0.29043410529653024
9.630286600243773, 20.875725361433215, 36.82958266943583, -0.1993606239484568, -0.2101421609054122, -0.9571288386778898, -0.8298705382465469, 0.5556329129191222, 0.050862125706634786, 0.5211240076692577, 0.8044329296411323, -0.2851621123847217
9.620182181814462, 20.865235724513248, 36.7811203032712, -0.18040511093782585, -0.21835622620227227, -0.9590487758327065, -0.8337409197746907, 0.5512667766682796, 0.03132123297410005, 0.5218525410887289, 0.8052487189809538, -0.2815038648735915
9.611921626625564, 20.85423242855898, 36.73243469829764, -0.1608198979890966, -0.2286586238982764, -0.9601313421234218, -0.8375273421035458, 0.5463005640939165, 0.010180613912661802, 0.5221924086385655, 0.8057734963298404, -0.27936385051154733
9.605795433741413, 20.84261741332257, 36.683491227835766, -0.14123404479922227, -0.24048241890033617, -0.9603234615427734, -0.8410245625371566, 0.5408692208908793, -0.011754620456554381, 0.5222361820085197, 0.8059954665460201, -0.2786407689273554
9.600663556139594, 20.830817272560395, 36.63440412794198, -0.12228843688210825, -0.2532750778975262, -0.9596339266204237, -0.8440875311600089, 0.5351468268074112, -0.03367660164208484, 0.5220744946318788, 0.8058967729641067, -0.27922860415958045
9.595671727128261, 20.818228750580673, 36.58552869434576, -0.1046350021060305, -0.26650258491017004, -0.9581377189999717, -0.8466393852153, 0.5293405258878703, -0.05477553336127089, 0.5217789452790614, 0.8054656913171104, -0.28101913168771925
9.591096220696931, 20.804459832259713, 36.53693001940712, -0.08893370571039882, -0.2796510592999668, -0.9559738913908803, -0.8486601231719868, 0.5237014656249863, -0.07424803189276867, 0.5214084687903761, 0.8046937677990602, -0.2839034144546835
9.586956467748411, 20.78967026309084, 36.4885689459517, -0.07584660031287259, -0.29222540908464345, -0.9533370880786565, -0.8501716089426347, 0.518528318253936, -0.09130508483450825, 0.5210139427778024, 0.8035749457605418, -0.2877703563209233
9.58327189918551, 20.77401978856735, 36.44040631680512, -0.06593091205542988, -0.3037789506914217, -0.9504585545684556, -0.851228785420821, 0.5141273160838291, -0.10527420257324363, 0.5206367925017719, 0.8021168568065736, -0.2924822700954875
9.580061945911027, 20.75766815418257, 36.392402974793015, -0.05686799107788453, -0.3147890169022161, -0.9474565459315282, -0.8520544862171802, 0.5099156572571667, -0.11827584284700207, 0.520354863634369, 0.8005584908810399, -0.2972152731108032
9.577346038827768, 20.7407751054298, 36.344519762741015, -0.04691576803640229, -0.32372704203285735, -0.9449866205223284, -0.8526989566375692, 0.5057325184211614, -0.13091642051549718, 0.5202916490380711, 0.7996470609387909, -0.29976854049949675
9.57514360883854, 20.723500387802364, 36.296717523474754, -0.03659091977997848, -0.32955954669479587, -0.9434254659335712, -0.8531377923787103, 0.501919294201773, -0.1422425018170538, 0.5204008184129189, 0.7996671353071318, -0.29952539275468715
9.573474086846142, 20.706003746793566, 36.248957099819854, -0.025892903062208202, -0.3323029796397072, -0.9428172077839815, -0.8534202682355747, 0.4984889441600725, -0.15225839324942284, 0.5205798721961221, 0.8006769025473063, -0.29650142392831896
9.572356903753386, 20.688444927896725, 36.20119933460195, -0.014818683610502937, -0.33196371562887633, -0.9431757514492844, -0.8535855060585342, 0.495459003901268, -0.16097254206838907, 0.5207419614961406, 0.802695749932086, -0.29070146641893363
9.571811490463071, 20.670983676605147, 36.15340507064667, -0.003364401924578089, -0.32853715641370324, -0.9444850542254694, -0.8536543462040387, 0.49286443808432734, -0.1684010180455434, 0.5208290871357371, 0.8056972027551158, -0.2821153655261209
9.571857277878005, 20.65377973841215, 36.10553515077964, 0.006964909892148338, -0.32222060765062255, -0.9466389861163853, -0.8536449258969245, 0.49112597908816646, -0.17345204857574964, 0.5208088233897623, 0.8093016450434001, -0.27164133855033545
9.572513696900991, 20.63699285881105, 36.0575504178265, 0.010886167966266444, -0.3139707064650052, -0.9493702580283816, -0.853669000018577, 0.491479592176146, -0.17232831712069832, 0.5207021507102626, 0.8123239538239869, -0.2626767296306855
9.57380017843483, 20.620782783295148, 36.00941171461287, 0.008509415258147097, -0.3047057512167417, -0.952408523180786, -0.8537620954057688, 0.49363999684635806, -0.16555916755612893, 0.5205937709004165, 0.8145391081396698, -0.25594563291979816
9.57573615338233, 20.60530925735776, 35.96107988396437, 0.0014171215385267862, -0.2952488767179896, -0.95541932812944, -0.8538396852500455, 0.49697212014361614, -0.15484348127080622, 0.5205341330389857, 0.8159943704442604, -0.2513909380718149
9.578341047676396, 20.590732025783975, 35.912515768925864, -0.008828862138541414, -0.2864130139282682, -0.9580655701181753, -0.8537963084631822, 0.5009021514360774, -0.14187634877368302, 0.5205323379464348, 0.8167402403085298, -0.24896077002769731
9.580867277826243, 20.57710151909279, 35.86371404175308, -0.020681236923547362, -0.2790307858258289, -0.9600594288900726, -0.8535719437505733, 0.5049143627117374, -0.1283605202905784, 0.520564331549118, 0.8168251385020054, -0.24861510378494614
9.58065878154513, 20.564090283274155, 35.814780834806434, -0.03265075559684411, -0.27393925594941626, -0.9611925989149289, -0.853191486645489, 0.5085460981933381, -0.11595323681550333, 0.5205748892086667, 0.8162953816249435, -0.25032705539588096
9.57779146537632, 20.551394699151146, 35.765795977444085, -0.04417177132537337, -0.27157837724281736, -0.9614021217118969, -0.8527342514604318, 0.5116124907743463, -0.10534208878642211, 0.5204739676527501, 0.8151673719536543, -0.2541830141806818
9.573077630120782, 20.538737309785695, 35.71682712298533, -0.05539073250211676, -0.27206247127441413, -0.9606840679832979, -0.8522611058742924, 0.5141454336193826, -0.09646491850546075, 0.5201758108243857, 0.8134104036784849, -0.2603471548160211
9.567329576579494, 20.52584065823974, 35.66794192474942, -0.066473361407179, -0.275483390077079, -0.9590047935307052, -0.8518068540812967, 0.5161988720265864, -0.08924016953482511, 0.5196213771231464, 0.8109547621847472, -0.2689721140314088
9.561359605553433, 20.512427287575207, 35.61920803605561, -0.07608872887330662, -0.2817344834270748, -0.9564706928006335, -0.8514757436360854, 0.5175085547651062, -0.08469919565324537, 0.5188444500404915, 0.8079669402846942, -0.27926664689713576
9.555947295006506, 20.4982340993972, 35.57068944296353, -0.07917392149307434, -0.290067354845853, -0.9537255474234391, -0.8516450578405055, 0.5169284732526723, -0.08651964514781232, 0.5181044157418953, 0.8053855494068609, -0.2879616835541808
9.551394190651564, 20.483207752389657, 35.522396558293146, -0.07599833499245709, -0.2996723881321864, -0.9510103642282383, -0.8522888067668931, 0.5145503388953652, -0.09403051952706869, 0.5175210555506314, 0.8033893256285006, -0.2945123911280187
9.54763969121336, 20.467453812703845, 35.47429920892631, -0.06830076245436055, -0.3097336793923442, -0.948367045873186, -0.8531826516028412, 0.5108529801937114, -0.1053973226944046, 0.5171212322580634, 0.8019315933901621, -0.29915104992397734
9.544614211080942, 20.451081788752287, 35.426366214867265, -0.057820608105999274, -0.3194407120824979, -0.9458405831547297, -0.8540936290477573, 0.5063688745981115, -0.11880503212521817, 0.5168953957023457, 0.8009670369637371, -0.3021108333033537
9.54224816464337, 20.434201188947508, 35.37856639612027, -0.046288952510853, -0.3280094995462629, -0.9435396658767761, -0.8548471319625611, 0.5016860482964101, -0.13246693897012798, 0.5168111007426519, 0.8004504214204289, -0.30362050160854787
9.540471966289687, 20.416921521702008, 35.33086857268954, -0.03537058587777897, -0.33471491285909155, -0.9416553768573689, -0.8553617220493385, 0.49741744703513185, -0.14467967320201555, 0.5168222577515919, 0.800338559919977, -0.3038962707862085
9.539216030408943, 20.399352295428308, 35.28324156457933, -0.025799830043654402, -0.3392592040490055, -0.9403390671655378, -0.8556678322078253, 0.49386251723281493, -0.1547009211259858, 0.5168819301295795, 0.8006266336692172, -0.3030347566947028
9.538410771390192, 20.38160301853893, 35.23565419179388, -0.01759988563214532, -0.34165534173617723, -0.9396605086353642, -0.8558318916381299, 0.49106009216548063, -0.16251695030836055, 0.5169545601702686, 0.8013311508643389, -0.30104213886696746
9.537986603622484, 20.363783199446377, 35.188075274337415, -0.010772899170496468, -0.3419190940031512, -0.9396676422009681, -0.8559092659307994, 0.48903060393714376, -0.16813208172943206, 0.5170138036235227, 0.802458971891359, -0.29791999814346304
9.537873941494873, 20.34600234656318, 35.14047363221421, -0.00531907462634055, -0.3400599463606485, -0.9403887176728102, -0.8559431377089631, 0.48778306383165887, -0.17154890745188384, 0.5170426021654837, 0.8040067882301696, -0.2936665320150608
9.538003199396405, 20.32836996830184, 35.092818085428476, -0.0012377879732359373, -0.33608043215086153, -0.9418324750220836, -0.85596378693208, 0.4873165151752636, -0.17276750127940652, 0.5170342960982627, 0.8059606424402666, -0.2882758739392646
9.538304791716135, 20.310995573074877, 35.04507745398446, 0.0014990746244568616, -0.3299635861143431, -0.9439924706340792, -0.8559888466374661, 0.4876143535746633, -0.17180028119948934, 0.5169921152276219, 0.8083045676145383, -0.28171417920641406
9.538709132843113, 20.293988669294812, 34.99722055788643, 0.00311084808990302, -0.32159780984981146, -0.946871253827027, -0.8560239441341461, 0.48861146551050283, -0.16876564472871544, 0.5169268127048372, 0.8110694695718014, -0.27377542956835066
9.53914663716639, 20.277458765374153, 34.9492162171386, 0.0039085934941605885, -0.3109479152939559, -0.950418916515891, -0.8560666447114333, 0.49019171264564093, -0.16389626190380904, 0.5168506773812007, 0.8142625367950292, -0.2642761783867736
9.539547719075014, 20.261515369725416, 34.901033251745204, 0.004286684197890946, -0.2989596084399038, -0.9542561379734724, -0.8561107527059021, 0.49204724585950727, -0.15799964222556737, 0.5167746157077777, 0.8176262351242974, -0.25383328425670615
9.53984279295804, 20.246267990761126, 34.852640481710516, 0.0046800909881855, -0.28707294934232763, -0.9578972901643681, -0.8561513332154986, 0.49380988470010817, -0.15217323156780957, 0.5167039688077368, 0.8208172266274407, -0.24346681311827725
9.539976144791716, 20.231832653607007, 34.80400498865355, 0.005525342847797589, -0.27675698194786674, -0.9609240571083245, -0.8561863623964513, 0.4951553303156299, -0.1475334257256714, 0.5166375745459743, 0.8235452457534606, -0.23421965067885606
9.539989102575579, 20.218370972622928, 34.75508169290184, 0.007260173356657849, -0.26950231298042204, -0.9629723740487232, -0.8562028716271313, 0.495811550201456, -0.14521552707711102, 0.5165887460062263, 0.825554001858771, -0.2271489764772954
9.539969661410007, 20.20600212314578, 34.70583869400093, 0.010317881844510705, -0.26679893796739507, -0.963696979352801, -0.856176521094969, 0.495522837745175, -0.14635191149651983, 0.516580396492123, 0.8266047689025506, -0.22331424044964537
9.540048558295842, 20.194340990455537, 34.656393754415674, 0.013783976103258735, -0.26876973264433446, -0.9631058263851787, -0.8561017863763102, 0.49448534040622844, -0.150246395918927, 0.5166233960692019, 0.8265876111687311, -0.2232782741251268
9.540377282853001, 20.182756681926517, 34.60693757737225, 0.01400871242654671, -0.2725750402369965, -0.9620325376077205, -0.8560503892966184, 0.4939127927126376, -0.1524069689348598, 0.5167025130200729, 0.8256833537347128, -0.22641888703051838
9.541107464073303, 20.17061665432039, 34.557661355957535, 0.01065416594015941, -0.27750448806180905, -0.9606652631659338, -0.8560383481526215, 0.49399934970542786, -0.15219391900711954, 0.5168025108687562, 0.8239878042763544, -0.23229133251927744
9.542390730948572, 20.157288364398838, 34.50875628325845, 0.0044520677200092585, -0.2837888974444407, -0.9588764470880934, -0.8560323488780515, 0.49457444237820614, -0.1503487233753997, 0.5169030825670732, 0.8214986199827454, -0.24073059755482346
9.544377301140946, 20.142140679173895, 34.460413139740936, -0.003954391254819481, -0.29157180330303617, -0.9565407708552831, -0.8559993498472526, 0.49548971977479705, -0.14749593437981293, 0.516961774071241, 0.8182150213214793, -0.25154463427592044
9.546534889967663, 20.125224446051885, 34.4126231672504, -0.014007142285004317, -0.3000038050226787, -0.9538351623508762, -0.8559253597341016, 0.496740819467365, -0.14366745226020977, 0.5169096425189382, 0.8143993340166759, -0.26373878407268453
9.546941962533884, 20.108097539840326, 34.36493394873452, -0.025192389385780334, -0.3077686080369755, -0.9511276609498946, -0.8558017651948537, 0.49838996981338735, -0.13860294614034394, 0.5166901220329334, 0.8104849917773884, -0.2759445522151129
9.545376026744677, 20.091228145667113, 34.31719796772075, -0.03700181343362377, -0.31356432691641833, -0.948845761274232, -0.8555878560662414, 0.500533066924714, -0.13204570976337024, 0.5163335030332583, 0.8069349799087863, -0.2868024613649802
9.5422476460337, 20.074645835201384, 34.26939159741568, -0.0486862545416267, -0.31629217083886463, -0.9474116904940251, -0.8552197456585968, 0.5032018569546006, -0.12404466047793605, 0.5159736769006272, 0.804205915063723, -0.29499832359213024
9.537967657530178, 20.058379990481892, 34.221491264588366, -0.05794184774080195, -0.31609456491088833, -0.9469566876653747, -0.8547669427023508, 0.5057626973852304, -0.1165228200692562, 0.5157675987726043, 0.8026757252884955, -0.2994920100585821
9.532946898363349, 20.042459993547393, 34.173473396007935, -0.06055081288592878, -0.31494840265902424, -0.9471753283956368, -0.8545589294757103, 0.5067195680066612, -0.11386094788148643, 0.5158125968917211, 0.8025227617093934, -0.29982425156439074
9.527596205662434, 20.026915226436646, 34.12531441844344, -0.052556231837946915, -0.31544158152523544, -0.947488496573892, -0.8549113668601591, 0.5045703579146271, -0.12056246815323406, 0.5161050254631226, 0.8036823766630468, -0.2961929103353863
9.522326416556679, 20.01177507118841, 34.076990758664, -0.03737816276830879, -0.3147035325102121, -0.9484537730293763, -0.855408744276058, 0.5007359492870208, -0.1324363594625125, 0.5166030905483663, 0.8063654231905161, -0.2879167433801941
9.51767340476317, 19.99697329405479, 34.02851719841634, -0.01847655349776525, -0.31166809292140407, -0.9500113772084938, -0.8557082504448268, 0.4963751648337644, -0.14620220879626553, 0.5171286175522467, 0.810231260561445, -0.27586826080126353
9.514960166723792, 19.981841746602175, 33.98014996937025, 0.0017990950542931393, -0.30758781509395083, -0.9515179973404155, -0.8557271206609764, 0.49186653958268456, -0.16061881024409963, 0.5174242536084488, 0.8145287246283491, -0.26232632070201195
9.51578630702691, 19.965501274111705, 33.93223137989426, 0.021378106868773807, -0.3037907863498883, -0.9524988895928561, -0.8555243993842748, 0.4874142232415564, -0.17465788570804935, 0.5173209628508042, 0.8186198953792577, -0.24948043667664638
9.520270438565746, 19.948231718569726, 33.884712336525595, 0.04073683764847684, -0.3011606339432259, -0.9527028826561386, -0.8551014713391317, 0.4827223186794572, -0.1891577034180227, 0.5168577984049905, 0.822363323362395, -0.23785832046893676
9.526421692363003, 19.931904338691055, 33.83700164893174, 0.06115809142245755, -0.30000873097730757, -0.9519739750596904, -0.8542868076777007, 0.4775125665222753, -0.2053674731819835, 0.5161915711065084, 0.8258186908460567, -0.22708974386330052
9.532863562190773, 19.91701904439426, 33.788902043358604, 0.07485183564288661, -0.2960574342956166, -0.9522327437655077, -0.8536161385470352, 0.4746153543834231, -0.21466195143887623, 0.5154965477216498, 0.8289090788390452, -0.21719357335166845
9.5388249141985, 19.902915593079843, 33.7405547065544, 0.07050503586114534, -0.28388469363855173, -0.9562627884823105, -0.8543180902516145, 0.4776991271157393, -0.20480269681255445, 0.5149462501922438, 0.8313922207181196, -0.2088476352328192
9.543693997507289, 19.888931051118767, 33.692102456632576, 0.05236539803977121, -0.268466180167574, -0.9618647385128368, -0.8557516331283391, 0.48439850920162547, -0.1817889619350507, 0.5147300335965611, 0.8326367721818888, -0.2043746513739135
9.548149911697323, 19.874647018826355, 33.643624370488325, 0.027269130365839337, -0.255689311363902, -0.9663743428834111, -0.8568297619412845, 0.49195634003391747, -0.15434286038581285, 0.5148778045135882, 0.8322270937398554, -0.20566699021617696
9.553270431170604, 19.859924144981875, 33.595140380953055, -0.000601414779844919, -0.24693730851022483, -0.9690312708917028, -0.8570888572697276, 0.499341615439555, -0.12671480511087851, 0.5151682531409859, 0.8304696964705827, -0.21194752699600777
9.555596917986318, 19.84702906705921, 33.54626137735105, -0.028929570413138834, -0.24136828351278367, -0.9700022843631884, -0.8565154139282662, 0.5062563747790445, -0.10042822660422891, 0.5153100286807952, 0.8279165626496864, -0.2213814347033778
9.550643597753371, 19.838282422053844, 33.496632819032214, -0.05617973754439084, -0.2375835136913954, -0.969741156758593, -0.8553099468163582, 0.5125104082794155, -0.07601300074503833, 0.5150618719789322, 0.825158866781008, -0.2320002426857371
9.542177451154283, 19.830084741530364, 33.447044850343076, -0.08113823310667868, -0.2342756404470937, -0.9687783603185149, -0.8537075526687692, 0.5179705540498736, -0.05375797293023416, 0.5143928475830775, 0.8226915761270266, -0.24203009921289104
9.53398013373782, 19.819483932768183, 33.39809798032545, -0.10512182972803576, -0.23059332398081364, -0.9673552190638708, -0.8516726608328158, 0.5230876380942833, -0.032140343229274934, 0.513422905317421, 0.8204913417022899, -0.2513779594296108
9.526103834031726, 19.80766807346702, 33.3494483445503, -0.1301772606806676, -0.22619176920016573, -0.9653451011673372, -0.848935898918126, 0.5284133935068636, -0.009334082206293948, 0.5122125733811607, 0.8183010259731193, -0.2608097209875232
9.518296482225411, 19.795581528525084, 33.300843413526195, -0.14978389752095084, -0.22559130748104375, -0.9626387411861349, -0.8465655060308127, 0.5322385898607737, 0.0069948167816676525, 0.510775516290892, 0.8159844639771081, -0.27069858977424405
9.510533334421018, 19.783293691109357, 33.25226851153634, -0.1552252831322852, -0.23365397078097544, -0.9598494326793057, -0.8465214193253024, 0.5323043283523057, 0.007320426276946343, 0.5092215609142816, 0.8136694193317603, -0.2804201810575317
9.502800687926177, 19.770831457064126, 33.20372051540703, -0.15390713095300193, -0.24297665893509465, -0.9577447145531811, -0.847524689138174, 0.5307537239912701, 0.0015445940049099174, 0.5079512735913327, 0.811950015507197, -0.28761550023391613
9.49508484004852, 19.75822172223367, 33.15519630196452, -0.15318395929241516, -0.24757145479632678, -0.9566833589989584, -0.8480776197649273, 0.5298703536507322, -0.0013263392866002205, 0.5072465135112857, 0.8111385720652657, -0.2911274487893005
9.487372088095672, 19.745491382462255, 33.10669274803512, -0.15320946041837286, -0.24972590216071242, -0.9561191531542129, -0.848305326631906, 0.5295021017789859, -0.002365802099019259, 0.5068579032098112, 0.8107185072524588, -0.29296854430484337
9.479648729375269, 19.732667333594154, 33.05820673044509, -0.15353059326283175, -0.2512716841793436, -0.9556625438207983, -0.8484091371736184, 0.5293332195549192, -0.0028772618823926202, 0.5065869055677211, 0.8103510865083726, -0.2944500360027504
9.471901061194936, 19.719776471473647, 33.009735126020736, -0.1541265238955782, -0.25229456360471164, -0.9552970573635061, -0.8484132414670313, 0.5293264432966404, -0.002913439605213365, 0.5063990386397573, 0.8100376346827576, -0.2956332932237046
9.464115380862305, 19.706845691944995, 32.96127481158832, -0.15499740149236355, -0.2527951008175529, -0.9550237916058733, -0.8483370365871669, 0.5294508516630836, -0.0024633367085124054, 0.5062608792758128, 0.8098002424523462, -0.29651895291701363
9.456277985685004, 19.693901890852484, 32.91282266397414, -0.15614325461642495, -0.2527735070871417, -0.954842834267848, -0.8481833321489336, 0.5297005846077603, -0.0015250347303393571, 0.5061662958974275, 0.8096436529616371, -0.29710744877302264
9.448375172970668, 19.680971964040378, 32.86437556000447, -0.1575639870815782, -0.2522296414574593, -0.9547532654802484, -0.8479494849801488, 0.5300770331328226, -9.933279949020186e-05, 0.5061178330160446, 0.8095668884751562, -0.2973990453713615
9.440393240026921, 19.668082807352963, 32.8159303765056, -0.15925936928123394, -0.25116301580427, -0.9547531580404683, -0.8476332682134345, 0.5305794504388387, 0.001813667508600423, 0.5061168796967311, 0.8095693832304456, -0.2973938765709891
9.432318484161396, 19.6552613166345, 32.76748399030381, -0.16122902499304118, -0.2495728080844644, -0.9548395755123624, -0.847232319293071, 0.5312058334100807, 0.004214225478718296, 0.5061645963963474, 0.8096504035791847, -0.2970919476172084
9.424137202681724, 19.64253438772927, 32.71903327822538, -0.16347241368277754, -0.2474578838428065, -0.9550085683849998, -0.8467437139033892, 0.5319536021276182, 0.007102686009318719, 0.5062626323656746, 0.8098085952294479, -0.2964931469067812
9.415835692895529, 19.62992891648154, 32.67057511709659, -0.16598781856258646, -0.24481852871125806, -0.9552549042472847, -0.8461642594337803, 0.5328191645158683, 0.010477785142584321, 0.5064129640379638, 0.8100417433220753, -0.2955981798489582
9.40740025211045, 19.617471798735593, 32.622106383743755, -0.16871877878540048, -0.24174884123858778, -0.9555581988790443, -0.8455065159730561, 0.5337750176165378, 0.014246473794204914, 0.5066090259088041, 0.8103343312042659, -0.29445808961457975
9.39881717763411, 19.60518993033569, 32.57362395499311, -0.17152713918856266, -0.238484638169952, -0.9558784011989885, -0.8448085319634059, 0.5347598705351296, 0.018177601246766248, 0.5068303314163651, 0.8106521807916134, -0.29319968781391814
9.390072766774141, 19.59311020712612, 32.52512470767097, -0.17426867748784602, -0.23527452390721315, -0.9561779784364788, -0.8441130230763098, 0.5357125721030858, 0.022028262838217332, 0.5070538751647704, 0.8109611202091814, -0.2919562110821743
9.381153316838176, 19.58125952495115, 32.47660551860361, -0.1767999628437923, -0.23236823866213785, -0.9564239513936742, -0.8434654990557493, 0.536575140446477, 0.02555524520483243, 0.5072550887286094, 0.8112287718738156, -0.29086105728170536
9.372045619124007, 19.569663904893606, 32.42806335398908, -0.1789906711647933, -0.22999555600630486, -0.9565899768727077, -0.8429101440563572, 0.5372971195110806, 0.0285358443363194, 0.507409921742636, 0.8114270451386534, -0.2900367592817949
9.362763716190921, 19.558301111301116, 32.37950011027186, -0.1807790925194546, -0.22827160333042318, -0.9566666058877568, -0.842471500376584, 0.5378562582948548, 0.030861245378076302, 0.5075043751152003, 0.8115434187559015, -0.28954548643160327
9.35336257126347, 19.54707644590481, 32.330925087185484, -0.18212684274012886, -0.2272719142195211, -0.956648990048339, -0.8421668901172022, 0.5382389404795596, 0.03246185672079528, 0.5075280704984036, 0.8115702803568129, -0.28942864007857194
9.343900517875037, 19.53588924226807, 32.282348194213284, -0.18299527213067726, -0.2270716858704778, -0.9565308044458152, -0.8420129740765067, 0.5384304755539797, 0.033268220294319494, 0.5074710650516495, 0.8114992744732766, -0.2897275369458178
9.334435889559016, 19.52463883395426, 32.23377934083867, -0.18334527595825315, -0.22774568178316007, -0.9563035157380295, -0.8420253019555383, 0.5384147331508027, 0.033210931827256956, 0.5073242559256128, 0.8113208240611562, -0.2904834243020584
9.325020881411184, 19.51323529103581, 32.18522774632567, -0.18313811245317924, -0.22936633425028477, -0.955955813037231, -0.8422176036855022, 0.5381739753053704, 0.032222357863215235, 0.5070798160145374, 0.8110239558833028, -0.2917365304072522
9.31567381199849, 19.50164793574071, 32.13669882078745, -0.18238854511310884, -0.23191074533034406, -0.9554851253744602, -0.8425843352691715, 0.5377098741393823, 0.030327037639999034, 0.5067406206043993, 0.8106081034959705, -0.29347648283318084
9.306401377230163, 19.489866419047974, 32.088196667460124, -0.18119237329529694, -0.23521350215241335, -0.9549051954329364, -0.843092265793528, 0.5370556974220473, 0.02768770892748684, 0.5063247527217613, 0.8100899865272468, -0.29561708088257077
9.297210262591578, 19.477880410168662, 32.0397253884078, -0.17965214850719471, -0.23909748727932084, -0.9542313645617942, -0.8437055088654299, 0.5362479149425894, 0.0244783175453565, 0.505851875401164, 0.8094878413518269, -0.2980659572253847
9.288107153568095, 19.465679578313797, 31.991289085694486, -0.17787071792951217, -0.2433860288464335, -0.9534805969004314, -0.8443884993336986, 0.5353245776987707, 0.020872438875637434, 0.505341537869414, 0.8088206460483041, -0.30073093061702155
9.279098735645082, 19.453253592694416, 31.942891861384258, -0.17593896787307128, -0.2479239912172136, -0.9526694989148574, -0.845110437727997, 0.5343206695802432, 0.017022635005012134, 0.5048106849373848, 0.8081058820713086, -0.3035309798600478
9.270191694307906, 19.44059212252155, 31.894537817541167, -0.17387958888783048, -0.25267135584900374, -0.9517999130603161, -0.8458624966062342, 0.5332433486191344, 0.01296796007553752, 0.5042643408008021, 0.807346714297444, -0.30644535811438567
9.261392715041936, 19.427684837006236, 31.846231056229264, -0.17169178995480083, -0.25762739643018423, -0.9508680528184346, -0.8466433376112076, 0.5320894815407786, 0.008708760659265518, 0.5037032739030703, 0.8065413245719467, -0.3094739142755951
9.252708483332537, 19.414521405359512, 31.79797567951262, -0.16937474509505668, -0.26279131750171314, -0.9498699485559581, -0.8474514429487564, 0.5308559397413164, 0.004245360459906617, 0.5031284603041805, 0.8056877153631411, -0.31261647068711385
9.244145684665076, 19.401091496792407, 31.74977578945529, -0.1669276216349039, -0.2681622054533766, -0.9488014548374678, -0.8482835619178514, 0.5295420849793383, -0.0004228660521771635, 0.5025436973192254, 0.8047820896380065, -0.3158727916149261
9.235711004524921, 19.387384780515962, 31.701635488121322, -0.16434958787930587, -0.27373901423834446, -0.9476582533000606, -0.8491370426660415, 0.52814603525302, -0.005296056918575668, 0.5019516866554702, 0.8038213218933269, -0.31924252024658845
9.227411128397437, 19.373390925741212, 31.65355887757477, -0.1616398212748569, -0.2795205505776105, -0.9464358562433177, -0.8500109094930876, 0.5266629395459658, -0.010373131231036064, 0.5013521934937218, 0.8028040918640063, -0.32272522083878397
9.219252741767994, 19.35909960167919, 31.605550059879704, -0.15888977822984518, -0.28526237592648473, -0.9451875026971356, -0.8508727785992826, 0.5251443825080684, -0.015456136611581113, 0.5007689617106944, 0.8017784945987243, -0.32616206490975713
9.211242530121956, 19.344500477540933, 31.557613137100176, -0.15694959599444477, -0.2886941234589123, -0.9444694422782935, -0.8514189367967803, 0.5241516874247582, -0.018729725935498934, 0.5004524137028624, 0.8011995454629696, -0.3280650392359879
9.20338717894469, 19.329583222537472, 31.509752211300224, -0.15592168567647827, -0.2894431349158139, -0.9444104508029925, -0.8516162031153943, 0.5237868658284419, -0.01992891810754089, 0.5004380786142526, 0.8011678917903062, -0.32816419462999236
9.195693373721564, 19.314337505879845, 31.461971384543933, -0.15565347988717462, -0.2877811609857643, -0.9449624318356251, -0.8515168261583038, 0.5239715677194996, -0.019310385569910608, 0.500690612023335, 0.8016456820835846, -0.32660849870822845
9.188167799937943, 19.298752996779083, 31.414274758895345, -0.15598910620162962, -0.28397448990167345, -0.946058078466381, -0.8511676431700044, 0.5246144008830405, -0.01712815245578252, 0.5011796503917899, 0.8025822197577098, -0.3235440287842605
9.180770272125853, 19.282942762881287, 31.366636961860113, -0.1567711232207864, -0.2782847495052832, -0.9476182844990249, -0.8506103647367559, 0.5256197229564513, -0.013635037278516844, 0.5018812831003924, 0.8039163544996241, -0.31911388663224716
9.17307689750386, 19.268049562836676, 31.31878453662939, -0.1578415081594398, -0.2709709298461099, -0.9495582201636127, -0.8498819638385354, 0.5268947850182548, -0.009084770911882973, 0.5027789830968553, 0.805578450989661, -0.31345917350939106
9.165044931432066, 19.254254870472078, 31.270669015668627, -0.15904223036283216, -0.26229185400426946, -0.9517922842113288, -0.8490149407110814, 0.5283556439027426, -0.0037341673070578015, 0.5038642668522691, 0.8074919794518837, -0.30672056290751704
9.156758449449175, 19.241411457817467, 31.22231987651989, -0.16021565349158842, -0.2525085256656983, -0.9542381195710004, -0.8480446568316873, 0.5299203684019721, 0.002159437876847066, 0.5051249393917203, 0.8095825143979172, -0.2990400441172677
9.148301527093896, 19.229372096902832, 31.173766596725276, -0.16120492303523437, -0.24188594730998006, -0.9568198165188457, -0.8470129477783772, 0.5315068509725658, 0.008338684848987617, 0.5065392769420632, 0.8117830103316898, -0.29056205026092374
9.13975823990493, 19.21798955975815, 31.125038653826863, -0.16176447745204053, -0.23094016204517193, -0.9594263366143427, -0.8460022939306249, 0.5329861845095976, 0.01434732679009616, 0.5080476084962795, 0.8139977694542234, -0.2815941384772776
9.131212663420984, 19.207116618413384, 31.07616552536671, -0.16091958667746792, -0.22225168445765464, -0.9616179466811587, -0.8453708518245361, 0.5338739324954828, 0.0180761469142937, 0.5093653006526959, 0.8158325888057819, -0.273795868364453
9.12274887318076, 19.19660604489852, 31.02717668888691, -0.15843633955746905, -0.21649407332487275, -0.9633422250284864, -0.8452096466436158, 0.5340978046358532, 0.018978627551437133, 0.5104102071160065, 0.817233045892276, -0.26760338034753756
9.114450944722964, 19.18631061124354, 30.978101621929543, -0.15432056745549352, -0.2136761689317569, -0.9646386148661382, -0.8455090651865865, 0.5336889249043841, 0.017045589508940334, 0.5111747090257098, 0.8182411785439854, -0.2630243155820977
9.106402953586302, 19.17608308947841, 30.928969802036676, -0.14857273219660824, -0.21379820332168267, -0.965513579140167, -0.8462455065699206, 0.5326517951164716, 0.012272235713947501, 0.5116587591919574, 0.8188848474697897, -0.2600633013835784
9.098688975309475, 19.165776251633126, 30.87981070675039, -0.14173656599997408, -0.21636794676678692, -0.9659687663017162, -0.8472787325573721, 0.5311215246813619, 0.005354939413149817, 0.511888166706858, 0.8192037827256844, -0.2586033007396109
9.09139308543119, 19.15524286973764, 30.83065381361277, -0.13536289710959584, -0.2201471397553307, -0.9660290487059091, -0.8483074752006996, 0.5295008856529634, -0.0017998920362179687, 0.5119094779399104, 0.8192460246777366, -0.2584272382025822
9.084599359490149, 19.144335715821946, 30.781528600165885, -0.1298110431349037, -0.22474061804396858, -0.9657332694286985, -0.8492626916049146, 0.5278989341876327, -0.00869459208571963, 0.5117635916399328, 0.819032581699151, -0.2593909335096733
9.078391873025058, 19.13290756191602, 30.73246454395182, -0.1252650282481383, -0.22984989655741858, -0.9651309225957571, -0.8501093039130913, 0.5263918577408613, -0.015026094120704082, 0.5114908054876378, 0.8185845326883894, -0.2613360264964221
9.072854701574622, 19.120811180049834, 30.68349112251265, -0.12190862181172811, -0.2351783872081186, -0.964276627383529, -0.8508167657007639, 0.5250627043613435, -0.020493601226820927, 0.5111253458110413, 0.8179243746697739, -0.26410338542056355
9.067792955260813, 19.10814577772425, 30.634622985241453, -0.1199255827219242, -0.24043113736266356, -0.9632293199416756, -0.8513578480541893, 0.5239989296624141, -0.024797908564719418, 0.5106933220293239, 0.8170789373733363, -0.26753381269572807
9.062495610930487, 19.095379738211324, 30.58582175344857, -0.11949991107575918, -0.24531401741220446, -0.9620503126728718, -0.8517066877831475, 0.5232893397487373, -0.02764027660481528, 0.5102112202199651, 0.8160816746909683, -0.27146861880379286
9.05686246868593, 19.082560864516655, 30.537077162737372, -0.120815909285713, -0.24953244485213394, -0.9608002263892235, -0.8518342679756596, 0.5230233485072809, -0.028722061531221147, 0.5096880378877243, 0.8149724755366577, -0.27574982892435973
9.050883388959853, 19.06969113358461, 30.488386106695202, -0.12405669384139015, -0.2527922380181742, -0.9595342730256727, -0.8517016207373329, 0.5232919030773496, -0.027747673904059977, 0.5091309123855513, 0.8137946108026574, -0.2802214222396418
9.044548232184983, 19.056772522359587, 30.439745478909437, -0.1293071115222594, -0.25501858588883225, -0.9582511110147645, -0.8512806023239062, 0.5241330500931605, -0.02461466853500089, 0.5085282755332465, 0.8125577312728621, -0.2848665061601342
9.037846858794047, 19.043807007785976, 30.391152172967473, -0.13592382866408045, -0.2570137713114507, -0.956801251126671, -0.8506749792783166, 0.5253015319843545, -0.020257841067736468, 0.5078157071528344, 0.8111733611572532, -0.29003618001503073
9.030769129219763, 19.030796566808156, 30.342603082456648, -0.14223474478656994, -0.2603662457822634, -0.954975756463351, -0.8501834097673096, 0.5262171808138084, -0.01684186369730732, 0.5069097031345231, 0.8095090466904108, -0.2962054290428385
9.023304903894854, 19.017743176370523, 30.294095100964338, -0.14777085920459515, -0.2658397393059227, -0.9526242733500416, -0.849929170827236, 0.5266795499744482, -0.015134603253470153, 0.5057511025661368, 0.8074267054318132, -0.30377283882642514
9.015444599727937, 19.004647631209007, 30.245625524461463, -0.1522351633957505, -0.27410025978187796, -0.9495754328189921, -0.8500234269062601, 0.5265107032431711, -0.015705192801091485, 0.5042664263426697, 0.8047704809185589, -0.3131450850735237
9.00723020273837, 18.99140116976147, 30.197228938156186, -0.15532356243272108, -0.28579916705590447, -0.9456180132925556, -0.850584892634246, 0.5254904614752003, -0.019107991023898038, 0.5023742941031089, 0.8013604750726931, -0.3247175043259461
8.99879632912282, 18.977698241745422, 30.149006907443283, -0.15720162922213643, -0.2994850089671234, -0.9410613036215377, -0.8514961902340106, 0.5237903595629122, -0.024451937467632814, 0.5002418273064256, 0.7974662304028411, -0.3373510420618425
8.990287257662429, 18.96321276914441, 30.10106798465987, -0.1593460178651182, -0.30950346976913135, -0.9374521047986387, -0.8520766226605341, 0.5226819289880098, -0.027731394209286813, 0.49857223719933225, 0.7943621361257355, -0.347007955216896
8.981847267138342, 18.947618673941975, 30.053520722143084, -0.16238142750808823, -0.31930290313005855, -0.9336369358873673, -0.8525132011745455, 0.5218328762412121, -0.030194222906917784, 0.49684355065107194, 0.7910348319300108, -0.3569459074564316
8.973620636331706, 18.93058987812168, 30.006473672230072, -0.16623911803905256, -0.3291335901919988, -0.9295351717073019, -0.8528309292157539, 0.5212039563263912, -0.0320287696097002, 0.4950191529694501, 0.787411909814071, -0.36733979157772356
8.96575202562917, 18.911800806403903, 29.960035822434655, -0.17076695439890408, -0.33851557510792646, -0.92533553519503, -0.8530080979907723, 0.5208455943012711, -0.03312177016889196, 0.4931691718340551, 0.7836626010639436, -0.37769974271398
8.958135881781212, 18.891970102195952, 29.913975793201523, -0.17599716386925676, -0.346588112143025, -0.9213586049042534, -0.8529656563371407, 0.5209213944319306, -0.03302256701778003, 0.49140063839939085, 0.780075369015217, -0.38730844457156405
8.949976521843361, 18.873893023032807, 29.86728713129515, -0.18198723603233966, -0.3524586057434124, -0.9179616425312765, -0.8526112119301911, 0.5216108324732084, -0.03124517142755408, 0.48983136609678257, 0.7769781661565635, -0.3954366726844433
8.940976965886138, 18.855878132439358, 29.820731860409687, -0.18879911859505102, -0.35523353346914094, -0.9155129870825212, -0.8518236109477976, 0.5231162086212228, -0.027312416766235956, 0.48862196906155075, 0.7746990183140714, -0.40136019031990056
8.931156058825083, 18.837786499253202, 29.774321609045465, -0.1964929666658906, -0.3540070988850661, -0.9143683546524431, -0.8504603399488878, 0.5256300159508238, -0.020743589505164972, 0.48796283078207847, 0.7735580522950528, -0.4043515988649297
8.920632655466402, 18.81975450606035, 29.727999788680805, -0.20511565361605974, -0.34785411593379095, -0.9148360960683489, -0.8483600879928038, 0.5293043199399502, -0.011049796095355079, 0.48807041473797474, 0.7738439448111146, -0.4036741499485368
