0.003044010140001774, 0.012459225952625275, 0.07277987897396088, 0.10778155723810326, 0.39084418508384583, -0.9141246954904313, 0.9632591570605317, -0.2685706982313324, -0.0012555439333821357, -0.24599782978384896, -0.8804036591460073, -0.40543120834977353
0.003058221364219795, 0.01250748394902642, 0.0727296475758097, 0.06565377276122644, 0.28710117753597264, -0.9556476840236025, 0.9642079429794502, -0.26481269209764, -0.013314683598863536, -0.2568902972429177, -0.920568928414086, -0.2942111881302053
0.0030623978898574396, 0.012515518213145956, 0.072671975738466, 0.021267686330050408, 0.1793956895991519, -0.9835470868603147, 0.9645184995175486, -0.26262631515138113, -0.027045936449379197, -0.26315727162019104, -0.948074155930459, -0.17861591544474642
0.003059668550220567, 0.012503485968784435, 0.07261174035073947, -0.02128332016171252, 0.07439367476647459, -0.9970018061355927, 0.9641327002838007, -0.2623650494883237, -0.040158648513817924, -0.2645659776433111, -0.9620967529109168, -0.06614137518913246
0.0030527251299287184, 0.012487143493781681, 0.07255254409321718, -0.06063950592327334, -0.024544848077853718, -0.997857906093957, 0.9633408890735498, -0.2631790592702354, -0.05206836084050062, -0.26133729500468156, -0.964434722101226, 0.039604103892993764
0.0030430216272831195, 0.012469782938139117, 0.0724943809009301, -0.09679730446052029, -0.11614085176075645, -0.9885047214866823, 0.9623724449824509, -0.2642852002489304, -0.06318710365163416, -0.25390856422672503, -0.9574260470039808, 0.13735285046424886
0.0030317944312391655, 0.012452505192619714, 0.07243661027245758, -0.12945350972627956, -0.19899562578990268, -0.9714126464773007, 0.9613507987643187, -0.2652584466688014, -0.07377396685864776, -0.24299471297695813, -0.943418622556996, 0.2256432407095459
0.0030202799307522525, 0.012436411147986442, 0.07237859170637889, -0.15252138264639262, -0.23005428100348602, -0.9611515258415823, 0.959527733903132, -0.26742802161389323, -0.08825407144375451, -0.23673562407536589, -0.9357121785290861, 0.2615319545409297
0.0030095708293815006, 0.012422421996140473, 0.07231977642326398, -0.16559832586981946, -0.2291837804680251, -0.9591934055442088, 0.957680945936402, -0.2695553289920976, -0.1009313152709326, -0.2354238735971173, -0.9353153047942422, 0.26412285088227877
0.0029994734877142964, 0.012409855123158424, 0.07226043488386925, -0.17279365448688358, -0.2216657810906003, -0.9596909056892025, 0.9563055962322383, -0.27105846763240377, -0.10957606371683654, -0.23584308254424297, -0.9366918322576894, 0.25881741015194903
0.002989419903099592, 0.012397760604334248, 0.07220099935613032, -0.1764960342029436, -0.21266539017655542, -0.961052850644379, 0.9553435975932539, -0.27210164785934254, -0.11523586147466895, -0.23699738489741218, -0.938474360360092, 0.25119338068210334
0.0029792473358596335, 0.012385961362968819, 0.07214154122047203, -0.1789488164150295, -0.20424778028119045, -0.9624241088802102, 0.9545680618879222, -0.2729561201800046, -0.11956074472758527, -0.23827953400826513, -0.9400945700866936, 0.24381358240737647
0.002968821349371909, 0.01237433401494773, 0.07208210676177594, -0.18050331874487863, -0.19885603298906204, -0.9632625966297756, 0.9540651917236501, -0.27349104004969776, -0.12232032109935452, -0.23911955558548398, -0.9410945378421808, 0.23908765961507294
0.0029580075070139078, 0.012362755176156563, 0.0720227422649235, -0.16827936641106417, -0.201381582031949, -0.9649494874129941, 0.9562652016019032, -0.27093956663571156, -0.11022075773884114, -0.23924656537882066, -0.9412954953942797, 0.2381677377498378
0.002946671372163119, 0.012351101462480902, 0.07196349401479621, -0.15531846629385673, -0.20887572699077153, -0.9655294426904861, 0.9586284010497474, -0.267893084043603, -0.09625426859319873, -0.2385534798088862, -0.940534011184967, 0.2418429471276506
0.002934678508197032, 0.012339249489806334, 0.07190440829627559, -0.14351207770010216, -0.2189855461453962, -0.965116373363131, 0.9607547212591502, -0.26475683405122463, -0.08279000182041889, -0.23739134173859944, -0.9391214774471804, 0.2483872006866953
0.0029218944784931344, 0.01232707587401844, 0.07184553139424311, -0.13225153126782593, -0.23106599003884262, -0.9639076930519254, 0.9627214306905577, -0.2614356418468126, -0.06941795201005813, -0.23595969860643762, -0.9371552237593912, 0.2570274444763526
0.0029093836374953505, 0.012314239451996618, 0.07178678146808844, -0.12096837597744074, -0.24455398913323886, -0.962060288346006, 0.9645745907010121, -0.2578548069200059, -0.055738294934643176, -0.23444084752311262, -0.934721479879042, 0.26708284120358333
0.0029062577410722897, 0.012298761931261764, 0.0717272689691609, -0.10909246349599137, -0.2588807549492011, -0.9597289143947406, 0.9663347430711408, -0.2539446550847452, -0.041343397145397864, -0.2330150182756641, -0.9319296469534712, 0.27786891583473394
0.0029042190557040334, 0.012281674448943047, 0.07166801984578826, -0.09605637321859105, -0.2734727280718556, -0.9570714916687403, 0.968005994123901, -0.2495935469403926, -0.02583518271489476, -0.23181365038385618, -0.9289325746934763, 0.28869829090083016
0.0029014780596230243, 0.012263447674487298, 0.07160920148153577, -0.08129910628168267, -0.2877514288091951, -0.9542481703079478, 0.9695809090556199, -0.24461123130804746, -0.00884343331736528, -0.2308751093398278, -0.9259397716570056, 0.2988849664186791
0.0028982517638735214, 0.01224429482690331, 0.07155073840251197, -0.06427024127374195, -0.30113238339058335, -0.9514140128041638, 0.9710150257135047, -0.2388095322545519, 0.009991353410016028, -0.2302154554438444, -0.923195155412911, 0.30775241525764585
0.002894757179499791, 0.012224429125199896, 0.07149255513482551, -0.04637249545462406, -0.31275206190920124, -0.9487021342006425, 0.9721265118097775, -0.23263478848170668, 0.02917362206902418, -0.22982523077735728, -0.9209056428101713, 0.31482242667656274
0.002891211317546093, 0.01220406378838585, 0.07143457620458497, -0.04217866858954136, -0.3196291658608711, -0.9466034841722787, 0.97236621836166, -0.2308778984286469, 0.03463139336232469, -0.22961902644393012, -0.9189845441291464, 0.32053472564869867
0.002887831189056691, 0.012183412035469982, 0.07137672613789899, -0.03772665075567741, -0.3227419838550775, -0.9457347998673031, 0.9725410736130468, -0.22935903830127383, 0.039475203420592214, -0.229653129650657, -0.9182766704032089, 0.32253278381407197
0.002884833805075847, 0.012162687085461095, 0.07131892946087613, -0.029745928687010866, -0.32240719612303725, -0.9461335950142711, 0.9727779223357387, -0.22697267062914941, 0.04676024597492166, -0.22982230862714523, -0.9189869458678687, 0.3203821152650943
0.0028824361766478226, 0.012142102157367983, 0.071261110699625, -0.019246778547241078, -0.318665455930212, -0.9476718254292166, 0.9729939748901341, -0.22404047123069776, 0.05557510304285539, -0.2300267078907373, -0.9210093346147568, 0.3143716259611107
0.0028808553148168816, 0.012121870470199463, 0.07120319438025419, -0.013761809360117044, -0.31221980765484253, -0.9499102085518973, 0.9730517424371161, -0.22286951325559168, 0.059156458660976526, -0.23017584396115068, -0.923497683683716, 0.3068731156155313
0.0028803082306272853, 0.012102205242964329, 0.07114510502887232, -0.014325978661684965, -0.3042169376106927, -0.95249505048906, 0.9730158965704717, -0.22363937275227355, 0.056793450116458456, -0.23029292511179314, -0.9259792037760576, 0.29921176918315306
0.0028810119351232975, 0.012083319694671388, 0.07108676717158802, -0.018999227748640626, -0.2957781626420836, -0.9550676980450278, 0.9729120682923141, -0.22559009730571522, 0.05050955720227102, -0.2303934389606762, -0.9282372468833984, 0.29205218160835933
0.0028831834393491787, 0.01206542704432944, 0.0710281053345098, -0.02587148360861445, -0.2880102887691411, -0.9572777757260456, 0.9727314636257013, -0.22804059732341392, 0.042320038338612545, -0.23048680224362142, -0.9300793297001588, 0.28605641830941886
0.0028864174924782336, 0.01204869575931931, 0.07096906954674881, -0.03307100905931342, -0.2820358910715257, -0.9588337001312006, 0.9724906844250893, -0.23041266500527963, 0.0342326234984415, -0.2305822566162021, -0.9313247338885913, 0.2818972560723582
0.002886298706853529, 0.01203288045420432, 0.07090981305825773, -0.0396599512947299, -0.27857937798004434, -0.9595939862397801, 0.9722234042581923, -0.23245692589632938, 0.027302560602260485, -0.23067019849974407, -0.9318569137840209, 0.28006062157505945
0.002882416571200619, 0.012017504547710604, 0.07085048584594915, -0.04606814655094017, -0.27774068999293355, -0.9595508506564987, 0.9719384251765066, -0.23428268845191855, 0.021149930429043062, -0.23068034926879488, -0.9316500045693074, 0.2807398180651195
0.002876163814696817, 0.012002086838039666, 0.07079120559267325, -0.052836171841454095, -0.2795564727399698, -0.958674354248786, 0.9716315651992532, -0.23600615078390927, 0.015270831693531686, -0.2305221040455553, -0.93067141104761, 0.28409555470837794
0.002868933169120197, 0.011986146123389496, 0.07073208998123276, -0.060498427224405925, -0.28404880833451585, -0.9568992709721932, 0.9712769364698375, -0.2377749842188123, 0.009174397065250398, -0.23013268560797828, -0.9288591558269128, 0.2902750689456027
0.002862105704355955, 0.011969206411431682, 0.07067325535941955, -0.06857038898196867, -0.2911618563075399, -0.9542132231248994, 0.9708872333882793, -0.23951407184630677, 0.0033150311092182256, -0.22951270509171035, -0.9262061232896001, 0.29910890221177955
0.0028564772930865265, 0.011951053122749937, 0.07061475108379157, -0.07009677945213223, -0.3002820174679856, -0.9512713343183403, 0.9709397558057781, -0.23929077620102157, 0.003989363474110814, -0.22882839007923622, -0.923347515516487, 0.3083292614775249
0.0028519971048389325, 0.011931849907927228, 0.07055652958342848, -0.06457971226921963, -0.3103221039644079, -0.9484353707840762, 0.9714691533846265, -0.23689362342872672, 0.011362006907486349, -0.22820417346179706, -0.9206419515587545, 0.3167668736542794
0.0028485480984561354, 0.011911789994461188, 0.07049853570785311, -0.05448493685158612, -0.32011734506720896, -0.9458098524774418, 0.9722034205474931, -0.23301897845611622, 0.022861862457427322, -0.2277101243511868, -0.9182739466337861, 0.32391520217732533
0.0028460132327810983, 0.011891066609849456, 0.0704407143065884, -0.04227234882810177, -0.32853241236029507, -0.9435462376340019, 0.972885891672501, -0.2284722755890744, 0.03596471982030095, -0.22738973219817557, -0.9164425095530407, 0.329282608673715
0.0028442754666567873, 0.011869872981589681, 0.07038301022915723, -0.030366777162244115, -0.3344884189480339, -0.9419104821767423, 0.9733616097898743, -0.22414773801805293, 0.048217923313377216, -0.22725544092945943, -0.9153552802770272, 0.33238483033514343
0.002843217758926165, 0.01184840233717949, 0.07032536832508246, -0.020250616821777683, -0.3373551707398979, -0.9411596045801115, 0.973620160560846, -0.22064348817295895, 0.05813978049788069, -0.2272744936586813, -0.9151545989077057, 0.33292396223502213
0.002842723068432194, 0.011826847904116524, 0.070267733443887, -0.012038217191192316, -0.3371084722554257, -0.9413888459401197, 0.9737355246930501, -0.21802075673068472, 0.0656207100337237, -0.22736360587747578, -0.9158738054820613, 0.3308790763318216
0.00284267435401784, 0.011805402909898429, 0.07021005043509373, -0.005731407773287741, -0.333757889646983, -0.942641406932312, 0.9737722295523903, -0.2162763040647058, 0.07065553943377711, -0.22745284328296142, -0.9175130687889429, 0.32624373202253765
0.0028429545745260647, 0.011784260582022834, 0.07015226414822551, -0.0013004583550617192, -0.3271628425435587, -0.9449670805202081, 0.9737751882647151, -0.21540286491588267, 0.07323584167638712, -0.22750866253416724, -0.9200902565753257, 0.31886318104645733
0.002843446688799834, 0.011763614147987381, 0.07009431943280525, 0.0013766953260973573, -0.3171422219058239, -0.9483769903338103, 0.9737716211231702, -0.21535328602332598, 0.07342882331965186, -0.22752348143682272, -0.9236036884311326, 0.30852761968951037
0.0028440336556821103, 0.011743656835289712, 0.07003616113835583, 0.0028671604514739846, -0.30501504374765753, -0.9523432167441317, 0.9737768488373282, -0.21579607554404168, 0.07204652974456, -0.22748720416627616, -0.9275763455734547, 0.29639786617519054
0.0028445984340158582, 0.011724581871427463, 0.06997773411440014, 0.003969075343235316, -0.2929202181446713, -0.9561286483747875, 0.9737935849505092, -0.21629394146335, 0.07030636383347137, -0.22739898933406727, -0.931350995429933, 0.28438534238163127
0.002845024346311919, 0.011706584248255587, 0.06991898273292686, 0.005484826383496381, -0.28304665123298056, -0.9590904597092696, 0.9738090445320395, -0.21649717880887834, 0.0694616178575816, -0.22730125707338059, -0.9343519491035442, 0.2744459395568989
0.002845212556252541, 0.011689945515180971, 0.06985982793859065, 0.008217691621019565, -0.2776142709006353, -0.9606574759698331, 0.973801195040097, -0.21610483388274263, 0.07078088238353082, -0.22725250731928315, -0.9360710535877184, 0.26856522588056386
0.0028451202186033607, 0.011674964862087689, 0.06980018846253402, 0.011363283678458019, -0.27729947535593985, -0.9607163352162611, 0.9737642610109329, -0.21530648466824934, 0.07366329912264688, -0.22727525109847427, -0.936348289167616, 0.2675777300355993
0.0028449782572854097, 0.011660999532879121, 0.06974026086819415, 0.010148053428482283, -0.2785198827484805, -0.9603768489116059, 0.9737642345783951, -0.2155951442249588, 0.07281448511506168, -0.2273328671080471, -0.935919552472536, 0.26902482939692224
0.002845160613224705, 0.011646906082179519, 0.06968038927763909, 0.004606957209433996, -0.28057286985935126, -0.9598216712724078, 0.9737906787791123, -0.21700877438725244, 0.06810951300558767, -0.22739940604185008, -0.9349791743872321, 0.27221949524966743
0.0028460425041164977, 0.011631536594762399, 0.06962091913025106, -0.0038784653767733697, -0.2836550606177348, -0.9589185388197844, 0.9737826571840026, -0.21917807470879813, 0.06089587945508103, -0.22744734351929552, -0.9335420601948762, 0.27706845322613305
0.0028479990979593107, 0.011613743202817177, 0.06956219585164018, -0.013958271936494642, -0.2881111470509727, -0.9574952394604996, 0.9736945496180218, -0.2217214250958829, 0.052521744997746034, -0.227429309212125, -0.9315747831486335, 0.28362710151336407
0.002850421891049658, 0.011593316586909295, 0.06950429226183127, -0.02437784892732795, -0.294317617414987, -0.9553967032394668, 0.9735217949736598, -0.22427086183526568, 0.04424811004925163, -0.22729064035489868, -0.9290208397075023, 0.29199185638683084
0.002850262076464754, 0.011572667135136154, 0.0694465127004398, -0.034325939204965086, -0.3011270058279808, -0.9529660310099055, 0.9732809849608016, -0.22668604834357206, 0.03657266465692257, -0.22703712077858337, -0.9262483262319297, 0.3008624003446095
0.0028474280061313206, 0.011552404478342675, 0.06938865800703627, -0.04226244163038067, -0.30737663305526486, -0.9506489843675466, 0.9730382768221707, -0.228597372634278, 0.030655392081094, -0.2267386113267417, -0.9237222778932606, 0.30875031248131013
0.0028426461208061866, 0.011532581051686676, 0.0693306850539875, -0.044409260845783054, -0.3136941455719046, -0.9484850028255818, 0.9730039660395412, -0.22881461494429378, 0.03011899831033647, -0.22647538414241553, -0.9215421070259391, 0.31538713568523696
0.0028366428612461763, 0.011513249290325964, 0.06927255071366031, -0.039361620257992815, -0.3188130011599245, -0.9469999647001406, 0.9732476092506306, -0.22692967490564944, 0.03594459257173439, -0.2263619975583298, -0.9202506142017066, 0.31921631086582103
0.002830144668208118, 0.011494461629418353, 0.06921421185842155, -0.031084829437870824, -0.3176368105387233, -0.9477027962233759, 0.9735074629687314, -0.2245144884665716, 0.04331817185406002, -0.22653245445852271, -0.9212492068161475, 0.3162008001533463
0.002823880507102524, 0.01147626857508018, 0.06915562613798967, -0.018290618756096392, -0.3130144015457778, -0.9495722393217156, 0.9737712140814433, -0.2210053579396203, 0.054094864713133954, -0.22679302434570403, -0.9236766837952114, 0.3088467385633367
0.002819178964304027, 0.011458262474070967, 0.06909693582792834, -0.002982748498725876, -0.30775610830863004, -0.9514606040242128, 0.9739091596356532, -0.21680004781034684, 0.06707225989339508, -0.22691860212236714, -0.926436137609149, 0.300373152832727
0.0028187369671232067, 0.011438990197862773, 0.06903870463339222, 0.013672304772256132, -0.303465003259847, -0.9527444882436821, 0.973832246176638, -0.21213534146736898, 0.08154356631327048, -0.22685639596180338, -0.9289281935096081, 0.2926236267190291
0.0028238046381776523, 0.011418134985914987, 0.06898112132383466, 0.033410281993645125, -0.3007413836964085, -0.9531203351043742, 0.9734080120693004, -0.2064542721119455, 0.09926467431075164, -0.22662876052345599, -0.931091431417504, 0.2858463770008389
0.0028313298983742782, 0.011398593350994274, 0.06892327567602687, 0.04603484352453906, -0.29395557603688005, -0.9547098577570555, 0.972985613237132, -0.20324762885042919, 0.1094961086077509, -0.22622950650884024, -0.9339595926395875, 0.276658073623855
0.002839022338689748, 0.011380956077836547, 0.06886490376590719, 0.04277333811134669, -0.28065025458269854, -0.958856546178561, 0.9732561411196803, -0.20511105250175812, 0.10345018083333618, -0.2257053949723873, -0.9376379315835551, 0.26437129938038123
0.0028455465043302113, 0.011364026765144598, 0.06880626364622097, 0.03382273890695151, -0.2707509554652625, -0.9620550620663454, 0.9737018193073446, -0.20807381829474586, 0.09279037244139322, -0.22530155217041797, -0.9398931887480048, 0.2565930714861723
0.0028509473054660686, 0.011346842033093558, 0.06874755326102941, 0.0188550818281235, -0.262731791161636, -0.9646846592551648, 0.9741615166977134, -0.21236550248924058, 0.0768780380713681, -0.2250640470498679, -0.9412082124936495, 0.25193903123582106
0.0028570558488923868, 0.011329065693876117, 0.06868882595399058, -0.004994771434805756, -0.2527349136082491, -0.9675226693477238, 0.9743459541503893, -0.21892806088823974, 0.05215808457451785, -0.22500003086462328, -0.9424412807168127, 0.2473447361715477
0.0028583198938284104, 0.011314395670031046, 0.06862944800129712, -0.03275785875854426, -0.2451320440925379, -0.9689361194880545, 0.9737888424951873, -0.226152943559342, 0.024292722188516164, -0.225082680189833, -0.942743404685739, 0.24611513565829762
0.0028500293898029577, 0.011304635363591586, 0.06856923712820163, -0.06067781557397853, -0.24085707802626827, -0.9686620002156677, 0.972443627986408, -0.2331194748479041, -0.0029497178288498713, -0.22510351637813808, -0.9421481722167091, 0.24836511128359356
0.0028398060898501276, 0.011292993065052477, 0.06850964666429522, -0.08658322204214285, -0.2379428217235679, -0.9674123005477175, 0.970516587763127, -0.23940512865243851, -0.0279774418331242, -0.2249464348181973, -0.9413120619460561, 0.2516559228340291
0.0028302188513812145, 0.01127884670123471, 0.06845068801732514, -0.11055382869522476, -0.2347937373038799, -0.9657379312648455, 0.9681376879784057, -0.24512144527194218, -0.05123372115727621, -0.22469372059907278, -0.9406313720000365, 0.25441178025530764
0.0028207613905010267, 0.011264200641947773, 0.06839182221031441, -0.13549333448524167, -0.2307601480058706, -0.9635306483980565, 0.9650332751534757, -0.25099075703527274, -0.075593767794818, -0.22439325782346178, -0.9400815889991514, 0.25669879600069034
0.0028113671953147934, 0.011249265756895145, 0.06833299936864999, -0.15275220425181385, -0.23195683018471952, -0.960657479555991, 0.9626269369487592, -0.25489956916754625, -0.09151824899356953, -0.22364289471579868, -0.9387343812649329, 0.2622243639982404
0.002802011795328319, 0.011234089609644041, 0.06827421401632605, -0.15473404635971852, -0.2415148447353826, -0.9579811870123508, 0.962643273110544, -0.2549473667316578, -0.09121276737174648, -0.22220554365759465, -0.9363078660189914, 0.27194167830399796
0.0027926707200474133, 0.011218719763761684, 0.06821546067733682, -0.1537792090275013, -0.24798189353299183, -0.9564815394719691, 0.9630358057088516, -0.25427835020100176, -0.08890757865198941, -0.22116507815109293, -0.9347981071326839, 0.27791816620647947
0.0027833194989778823, 0.011203203782815285, 0.0681567338756765, -0.15404864073000596, -0.2501986808998746, -0.9558606783235726, 0.9631030123919325, -0.2540940965827636, -0.08870613058506381, -0.22068439865750078, -0.9342573575614762, 0.2801099534672507
0.0027739336616255327, 0.011187589230372068, 0.06809802813533926, -0.15478952294573337, -0.25138231108974635, -0.9554303413946044, 0.9630536165260736, -0.25412143167409795, -0.08916293882525997, -0.22038134059462153, -0.9339321343840166, 0.28142997900478317
0.002764488737496172, 0.011171923669999244, 0.06803933798031933, -0.15593574987060616, -0.25180286251756556, -0.9551331636689471, 0.962902296092489, -0.25434631950127806, -0.09015052931606321, -0.22023444347355012, -0.9337576067610447, 0.28212323853908583
0.0027549602560956073, 0.011156254665264032, 0.06798065793461089, -0.1574872933575884, -0.25146052349677306, -0.9549687730777534, 0.9626528295460899, -0.2547452389213309, -0.09167547662172734, -0.22022098491698677, -0.9337411142118799, 0.2821883226367622
0.002745323746929645, 0.011140629779733648, 0.06792198252220814, -0.1594438384937523, -0.2503547570831344, -0.954934635444868, 0.9623103561354465, -0.25528450486107124, -0.0937475335798647, -0.2203098745877007, -0.9338909557243193, 0.2816225168119005
0.0027355547395040924, 0.011125096576975312, 0.0678633062671053, -0.1618047551996586, -0.24848432495142378, -0.9550260527588835, 0.961871835676032, -0.2559608056732888, -0.09636720236834478, -0.22050349867518926, -0.9342053340741082, 0.2804257492804195
0.0027256287633247566, 0.011109702620556237, 0.06780462369329654, -0.1645638346520463, -0.24585622556552533, -0.9552347673086902, 0.9613341104248552, -0.2567702835379202, -0.09952763247213539, -0.22080641398805959, -0.9346784141310474, 0.2786050783801402
0.0027155213478974446, 0.011094495474043644, 0.06774592932477605, -0.16760901372417386, -0.2426569685472107, -0.9555233195133899, 0.960717884638233, -0.25767199142026687, -0.10308390259275485, -0.2211975692783453, -0.9352661334898169, 0.27631303786169725
0.0027052080227279634, 0.011079522701004749, 0.06768721768553806, -0.17073061163644707, -0.23924123022396945, -0.9558319371161262, 0.9600682364286427, -0.25859392214866084, -0.10676218819679631, -0.22163041228820674, -0.9358914558797372, 0.2738378044760539
0.002694664317322121, 0.01106483186500677, 0.0676284832995768, -0.17371631789581393, -0.23597181256245325, -0.9561066596215669, 0.9594345420373959, -0.25946666206439667, -0.11028332069108542, -0.22205404847066654, -0.9364797675087011, 0.271473101070136
0.0026838657611857218, 0.01105047052961692, 0.06756972069088639, -0.17637085523215976, -0.2331869067150668, -0.9563039202896405, 0.9588658340685425, -0.2602294263830189, -0.1133885263172745, -0.2224177009159002, -0.9369655875116352, 0.2694918442889534
0.0026727910387406824, 0.011036480725070262, 0.06751092494378363, -0.17859903975858374, -0.23106080094473613, -0.9564064456412288, 0.9583897127618036, -0.26085439525678833, -0.1159488807516609, -0.22269158374231263, -0.9373184574849639, 0.2680346391576064
0.0026614826501322915, 0.011022792556725705, 0.06745210247644877, -0.18034422305674855, -0.22970401169022103, -0.9564057863812183, 0.9580250994185853, -0.26132507443697606, -0.11788602272754307, -0.2228539209753053, -0.9375208117604259, 0.2671906761509553
0.0026500423995957697, 0.011009232117912411, 0.06739327023964606, -0.18154960766288272, -0.22922667344745695, -0.9562922524718405, 0.957790652030807, -0.2616238508280125, -0.11912190210168526, -0.22288294425517388, -0.9375543146176305, 0.2670488724971709
0.002638574342434809, 0.010995621553864191, 0.06733444558393618, -0.18215788635363372, -0.22973848319848703, -0.956053729544964, 0.9577041966442887, -0.26173203666974976, -0.1195784792954909, -0.22275811134298582, -0.9373988320444843, 0.26769806408067787
0.002627173034332634, 0.010981799407460946, 0.06727564482627542, -0.18211095342164008, -0.2313484319742604, -0.9556743711468422, 0.9577821779594252, -0.2616294693792428, -0.11917768388266214, -0.2224610083299119, -0.9370314422554811, 0.2692269971556568
0.0026158733896527162, 0.010967707170669609, 0.06721687779435742, -0.18135482123627983, -0.23415547735785106, -0.9551343576888405, 0.9580378661028531, -0.26129522866282917, -0.11784842209860695, -0.2219771968636612, -0.9364272614044066, 0.27171696334825085
0.00260468723029749, 0.010953326196207851, 0.06715815180330488, -0.17993940913156561, -0.23807639466868244, -0.9544325221527946, 0.9584562537233716, -0.26073876459687234, -0.11565857657370958, -0.2213219797940162, -0.9355933555439877, 0.2751029885733679
0.0025936263279204095, 0.010938637923529972, 0.06709947416277322, -0.17801196815830658, -0.24285936290455182, -0.9535885218698897, 0.9589968229687825, -0.26000031004517504, -0.11280484170546257, -0.22053759935255407, -0.9345689747824972, 0.27918452436659935
0.0025827024541749282, 0.010923623792090262, 0.06704085218241779, -0.17572391153744316, -0.24824673728007293, -0.952625143665534, 0.9596183039465226, -0.2591235696282033, -0.10948829341046958, -0.21966751613468083, -0.9333962358467791, 0.2837563202155745
0.002571927380714499, 0.010908265241343019, 0.066982293171894, -0.17321156629873385, -0.2540083157309609, -0.9515658300085497, 0.9602842368081428, -0.25815074059031706, -0.10588852473461635, -0.21875085791407076, -0.9321147840648122, 0.2886348757334545
0.002561312879192577, 0.01089254371074254, 0.0669238044408572, -0.1705121165066537, -0.26007896911649825, -0.9504128302730982, 0.9609820074700378, -0.25709627722944656, -0.10205432648161354, -0.21780541646909882, -0.9307311287681632, 0.29376924021868484
0.002550870721262615, 0.010876440639743117, 0.06686539329896282, -0.16762419280793217, -0.2664570233343127, -0.949158988105421, 0.9617088452588427, -0.25595894521863594, -0.09798528110622938, -0.2168368671061096, -0.9292392980704061, 0.299158987806194
0.002540612678578067, 0.010859937467799048, 0.06680706705586623, -0.1645463363562466, -0.27314067105254214, -0.9477967487856791, 0.9624629881210726, -0.254732373456581, -0.09368251923509077, -0.21584600920284155, -0.9276344062884602, 0.3048030652422363
0.002530550522792387, 0.010843015634364628, 0.0667488330212228, -0.16139125288404962, -0.27982210483311526, -0.946389165797708, 0.963214072107022, -0.2534573146524489, -0.08931987989343788, -0.2148755797840355, -0.9259908095094328, 0.31043438262624845
0.002520696025559028, 0.01082565657889415, 0.06669069850468791, -0.1591576947066457, -0.28377815644543386, -0.9455891212043935, 0.9637069399672884, -0.2525938087492224, -0.08640197706329637, -0.21433096387258493, -0.9250223379497342, 0.31368122707528506
0.002511060958531445, 0.010807841740841918, 0.06663267081591699, -0.15792059168181025, -0.284654496344979, -0.9455331323827069, 0.9639279010167683, -0.25220368757971606, -0.0850664540967851, -0.21425239406894486, -0.9248595124027106, 0.31421456674372417
0.0025016570933630916, 0.01078955255966222, 0.0665747572645654, -0.15746245238525342, -0.28284295262458464, -0.9461529687314989, 0.9639320879301919, -0.2522004785657317, -0.08502851562715034, -0.21457051509320296, -0.9254160052440323, 0.31235350372745085
0.0024924962017074206, 0.010770770474809354, 0.06651696516028852, -0.15756194488758338, -0.2787278732284967, -0.9473568526214191, 0.9637700799500744, -0.25248815507036904, -0.08600560762060025, -0.21522422381383913, -0.926585400400136, 0.30841210943970754
0.0024835195898008726, 0.0107516645034945, 0.06645925674288693, -0.1579964323048625, -0.2726875799613853, -0.9490408901168264, 0.9634891414853398, -0.2529716614540011, -0.08771552166546656, -0.21616151743263115, -0.9282493319340475, 0.30270014229467584
0.002474124563584308, 0.01073388775535282, 0.06640123389899444, -0.15854321341653263, -0.26509776656276485, -0.9510979043416055, 0.9631343395665932, -0.25356437211192506, -0.08987409606281181, -0.21733912079324816, -0.9302839799539273, 0.2955256726815774
0.0024642806492043007, 0.010717643638080246, 0.06634283914067685, -0.15898012851917334, -0.25633531300575213, -0.9534241060736142, 0.9627497914698643, -0.25419110012199536, -0.09219394580720977, -0.21871935844995552, -0.9325658646578336, 0.28719810290847514
0.0024541333450197648, 0.010702675424503136, 0.06628412466900774, -0.15908597394832763, -0.2467814487674829, -0.95592393496404, 0.9623825073497808, -0.2547760877293761, -0.09438778876773378, -0.2202534050589482, -0.9349802466713056, 0.278029451487434
0.0024438281493896134, 0.010688726387447839, 0.06622514268506068, -0.15864098090002146, -0.23682356157868983, -0.9585132444887048, 0.9620841637333546, -0.25523601244258737, -0.09616984894393513, -0.22187181225331648, -0.9374268924207326, 0.2683350895686905
0.0024335105606727585, 0.010675539799740712, 0.06616594538990922, -0.1573158838329587, -0.22716414740027738, -0.9610661594446869, 0.9619358203908324, -0.2554512298157634, -0.09707804403999043, -0.2234528812588268, -0.9397558828342173, 0.25870386648755284
0.002423326077228115, 0.010662858934208106, 0.06610658498462696, -0.1539268031674695, -0.22096064101249357, -0.9630591541488981, 0.9622278500119233, -0.2550274897117594, -0.09528139457811333, -0.2245531205039796, -0.9413486997997429, 0.25187004874986396
0.0024134201974145937, 0.010650427063676372, 0.0660471136702874, -0.14826460526369273, -0.21893708896857256, -0.9644087089507066, 0.9629919571285215, -0.25391674884907656, -0.09040340236791299, -0.22508686619121335, -0.9421214548708051, 0.2484815223318155
0.00240393841959111, 0.010637987460971866, 0.06598758364796414, -0.14197213794582614, -0.2197986586164749, -0.965159293442015, 0.9639130089825845, -0.25252420320665436, -0.08428070899668759, -0.22520129475922496, -0.9422951111330476, 0.24771818740965715
0.0023950262421165757, 0.010625283398920939, 0.06592804711873076, -0.1362610971423269, -0.22243173628948507, -0.9653792188030641, 0.964776322920282, -0.2511458089537379, -0.07830982937915539, -0.2250323535360842, -0.9420455962087066, 0.2488182761088768
0.002386829163349905, 0.010612058150349945, 0.06586855628366083, -0.1313867593582703, -0.22640382928414993, -0.9651315068687818, 0.965540436129035, -0.24985467751015134, -0.07283066885626699, -0.22465347908520117, -0.9414424816268765, 0.25142964845686616
0.0023794926816500103, 0.010598054988085234, 0.06580916334382786, -0.12760082581347923, -0.23128537867844065, -0.9644817794345771, 0.9661687217782811, -0.2487368120668968, -0.06817623765007814, -0.22413395617139495, -0.9405514722397534, 0.25519972131370294
0.0023731230059744063, 0.010583046910967913, 0.06574991773938033, -0.12515409793699303, -0.23664933734687385, -0.963500670940536, 0.9666279672599063, -0.24788581828304754, -0.06467606980271413, -0.22353260317134765, -0.9394411701790749, 0.25977579389160066
0.0023668480428038446, 0.01056756153418927, 0.0656907951362041, -0.12429712121354043, -0.24207107722557755, -0.9622639031101993, 0.9668860612738167, -0.24739710496387657, -0.06265793620841512, -0.22289362972600096, -0.9381877562760779, 0.2648058983505226
0.002360062393304699, 0.010552014699717704, 0.06563175860741084, -0.12527868801865039, -0.2471323949910467, -0.9608490150248972, 0.9669077372185055, -0.24736608304783295, -0.06244556561167574, -0.22224913506089322, -0.9368754454587664, 0.2699439231787279
0.0023527527536388814, 0.010536408890610534, 0.06557280078295696, -0.12820381196553238, -0.25177224762461137, -0.9592572741051056, 0.9666767155963251, -0.2478330031727705, -0.06414772063189121, -0.2215849952533069, -0.9355156534577158, 0.275155505149679
0.0023449072375758546, 0.010520745589590763, 0.06551391436727591, -0.13294423895132823, -0.2565056725507809, -0.9573560828024877, 0.9662108060127316, -0.2487507859935054, -0.06752573444132982, -0.2208223441454235, -0.9339849497807151, 0.2809085365545791
0.0023365139588850817, 0.010505026279381395, 0.06545509206480102, -0.1392829654381362, -0.2619475026119423, -0.9549784088732715, 0.9655322801939638, -0.2500600218011504, -0.07223158173716922, -0.21988103929671632, -0.9321231095580533, 0.28774787086201215
0.002327561031336028, 0.010489252442705441, 0.06539632657996573, -0.14540678118719566, -0.2699456834299103, -0.9518330714901314, 0.9649308997977223, -0.2512123851892625, -0.07616230132473338, -0.21855257170835782, -0.9295276572136412, 0.2970069155332631
0.002318037956116979, 0.010473422416630917, 0.06533761172164083, -0.14993634261982272, -0.2821282239320851, -0.9475878631676952, 0.9646752908590904, -0.2517247162110392, -0.07769331022939481, -0.21661181031448945, -0.9257636482976631, 0.3099048097769388
0.002308028102067107, 0.010457321714787141, 0.06527901602086486, -0.15331934663891994, -0.2950514086222555, -0.9431001241735882, 0.9646140237345322, -0.2518576445383186, -0.07802251022804456, -0.21450632429112682, -0.9216899658549141, 0.32322537598628787
0.002297766793671605, 0.010440391326115668, 0.06522072897106498, -0.15751969574452396, -0.30490960269949907, -0.9392644354143226, 0.9643232813988097, -0.2524197466955666, -0.07978020074165092, -0.21276314155601464, -0.9183215154072019, 0.33379251030458384
0.0022875032122833578, 0.010422040822278465, 0.06516295109625439, -0.16282389830763327, -0.3149543009965911, -0.9350359171837487, 0.9638556151096821, -0.25332577020333485, -0.0825130739484568, -0.21088084635983853, -0.9146747194684216, 0.3448179609648
0.0022774865392552494, 0.010401679774937497, 0.06510588292044625, -0.16888023442662936, -0.3248001433193775, -0.930582792297235, 0.963236302602069, -0.2545296326111105, -0.08596796771093446, -0.20893848800424944, -0.9108894186577012, 0.3558443131594675
0.002267962380258651, 0.010378734373638048, 0.06504971899535639, -0.1753450710881131, -0.3340613331411047, -0.9260977981536791, 0.9624979902805155, -0.2559572643408112, -0.08990827290709577, -0.20700658141970574, -0.9071322420304309, 0.36641420649010153
0.0022586084418759742, 0.010355257343057901, 0.06499371034668726, -0.1820309369133845, -0.34201144937825784, -0.9218963642951516, 0.961643580367155, -0.2575751537225143, -0.09432213167365391, -0.20519834878739748, -0.9037052664884755, 0.37577976126438617
0.0022481823166139257, 0.010333538012816059, 0.06493715916600964, -0.18899918062811058, -0.347369565409576, -0.9184844553660476, 0.9606079087060931, -0.25947085734568953, -0.09953552089379394, -0.20374433845682416, -0.9011155637405533, 0.38272573121144604
0.0022365216365786977, 0.010311631210502397, 0.06488087347559118, -0.1963374358907553, -0.348802197561611, -0.9163998244456589, 0.9593018175201213, -0.2617768367005964, -0.10589103205475474, -0.20295722251360104, -0.899894390883297, 0.3860031749692539
0.00222383018799695, 0.010289776095374514, 0.06482475032213506, -0.204127009058744, -0.34495209912938285, -0.9161551252265981, 0.9576220372786812, -0.264623458624418, -0.11372976243657092, -0.20320481758796807, -0.9005456537299391, 0.38435052706762
0.002210311865774362, 0.010268213949310045, 0.06476868590319512, -0.2124157865426342, -0.3344514320412486, -0.9181621715323672, 0.9554591527376534, -0.26809135249876387, -0.12338895479429692, -0.20488372575028888, -0.9034762123713838, 0.3765015173963298
0.002196170564816611, 0.010247186054186636, 0.06471257641632525, -0.22034159354673424, -0.32030410505709195, -0.9213331983798594, 0.9531032846490819, -0.27160169415159124, -0.13351647286053012, -0.20746978320810233, -0.9075449300269166, 0.36512804471585325
0.002181610180029376, 0.01022693369188192, 0.06465631805907927, -0.22569778294145643, -0.3068892861081141, -0.924596926691498, 0.9512603478793196, -0.2741606919078899, -0.14120788067633822, -0.21015294746404847, -0.9114026997352155, 0.3538090693969472
0.0021668346063183344, 0.010207698144273537, 0.06459980702901104, -0.22802865242727252, -0.2923179874198279, -0.9287373837113608, 0.9499890914998642, -0.27582326103760413, -0.14643174075945517, -0.2133627420696143, -0.9156810159118748, 0.3405945058205318
0.0021520477385891645, 0.010189720693239127, 0.06454293952367439, -0.22750503824144602, -0.27831686606878037, -0.9331565675900324, 0.9493655040986897, -0.27661830869514004, -0.14895452635647177, -0.21667163451222418, -0.9197945604080798, 0.32715649075252723
0.0021374534717475443, 0.010173242620656326, 0.06448561174062321, -0.22454816609258996, -0.2659943722040071, -0.9374567270334406, 0.9493599015040357, -0.2766683234547545, -0.14889733447239026, -0.21975872797388996, -0.9234184494326131, 0.31464975564390063
0.002123251979773232, 0.010158471316537613, 0.06442772933548468, -0.22002598282180044, -0.25522781473248884, -0.9415133187959579, 0.9497692024395654, -0.27623978861196974, -0.1470715515826431, -0.22254668943979503, -0.9265799165611635, 0.30318744902270417
0.0021095811251227396, 0.010145046609543988, 0.06436935635106389, -0.2148511149840268, -0.24575010987924928, -0.9452226625956751, 0.9503741004381513, -0.27558214349190163, -0.14437295939608463, -0.2250068168000585, -0.9293338289779114, 0.29276367040799156
0.0020965271650233382, 0.010132138284721358, 0.06431068800344178, -0.20993505619259079, -0.23729415513550725, -0.948482343599468, 0.950963609760486, -0.2749350297297556, -0.14170018468161819, -0.22714639572909812, -0.9317200294970718, 0.2833766072583546
0.0020841735729941195, 0.010118905506086294, 0.06425192287220846, -0.2061912089439615, -0.22959455308004045, -0.9511947889629148, 0.9513411637640464, -0.2745195063932752, -0.13996081858028045, -0.22898728235929888, -0.9337694478861306, 0.2750262582229809
0.002072464897914014, 0.01010490904645489, 0.06419319266444094, -0.20453294281808126, -0.22238826453592442, -0.9532626789604611, 0.9513196989101516, -0.27453903082336056, -0.1400683798009684, -0.23055824810158923, -0.9355061626474033, 0.26771461275219266
0.0020610809191140274, 0.010090475084838797, 0.06413450163822612, -0.20547575388841785, -0.21577915794848937, -0.9545779536313559, 0.9508061569176551, -0.27507434888899246, -0.14248422562085977, -0.2318347828335204, -0.9368956492472029, 0.26168526112526236
0.002049671687756858, 0.010076015739604777, 0.0640758397417537, -0.20848420377977106, -0.20996285909589346, -0.955222452926329, 0.9499077832152691, -0.27598078618648475, -0.14666222773073856, -0.23282942288587183, -0.9379500005097114, 0.2569829885079246
0.0020378872550052014, 0.010061943129119608, 0.06401719692321334, -0.21279403591431953, -0.2045107377836996, -0.9554548950162233, 0.9487406492294802, -0.2771139358976908, -0.1519837064652493, -0.23368756659035123, -0.9388201236991341, 0.2529958429670788
0.0020253776720217547, 0.01004866937175006, 0.06395856313079472, -0.21763519537580522, -0.1989772577270868, -0.9555328213311899, 0.947428173534442, -0.27833356458676245, -0.157829917371891, -0.23455229209480452, -0.9396480605694002, 0.24909183957175013
0.0020117937208326067, 0.010036605777842926, 0.06389992831413652, -0.2220136644592552, -0.19358218989380732, -0.9556337523074889, 0.9461918870536242, -0.2794305643609191, -0.1632160303856205, -0.23543756214180184, -0.9404490924323635, 0.24520330111128003
0.001997022496315824, 0.01002590239756182, 0.06384128289139329, -0.2246532749315201, -0.18971398716561003, -0.9557926078058302, 0.9453985333051335, -0.2801111965707366, -0.16661131648304245, -0.23611971388904657, -0.9410347074520881, 0.24228322286843942
0.001981525354052982, 0.010016074396190629, 0.06378261841925358, -0.22583367921867442, -0.1877174386098195, -0.955908631916422, 0.945023768555973, -0.28043080696366, -0.16819226905531975, -0.23649360709081227, -0.9413398566657417, 0.24072816216159135
0.00196584920203747, 0.010006542354911717, 0.06372392662402283, -0.22583221414435836, -0.18729620311739698, -0.9559916021349055, 0.9449982808086588, -0.28045913216493834, -0.1682882184051187, -0.2365968307550546, -0.9414153214618384, 0.24033129674174275
0.0019505409482626801, 0.009996726854907457, 0.0636651992320066, -0.22397629863692825, -0.18828786064921035, -0.9562333915844212, 0.9454614962743484, -0.2800815755712121, -0.16630354803255923, -0.23651041565134479, -0.9413299063334231, 0.24075055707253765
