0.0003044010081794113, 0.0012459225254133344, 0.007277987897396088, 0.1387293762071698, 0.42811360546251354, -0.893013382315773, 0.951299917277788, -0.30826687688961, 2.478610045863397e-17, -0.27528644638711064, -0.8495235567249525, -0.45003010899821266
0.00030626913798248754, 0.0012516875032956873, 0.007265962579041317, -0.08145863914420073, -0.14352749564702777, -0.9862881668671014, 0.9491163747928351, -0.3132118626857786, -0.03280908674455511, -0.3042081478344748, -0.9387748329957496, 0.16173810844980524
0.0003052101307557689, 0.001249821566708483, 0.007253140289013977, -0.18384685616466892, -0.3578533134817988, -0.915500595034468, 0.9436595551373611, -0.3249663949198093, -0.06247788545381761, -0.27514900958630645, -0.8754072470587162, 0.3974357486698381
0.0003025528193010468, 0.0012446491763349772, 0.007239907698211276, -0.20955806057829549, -0.3130132395292756, -0.9263412606194609, 0.9363453636149426, -0.3371555199583966, -0.09789543093722156, -0.28167850341029665, -0.8878901211529339, 0.36374215245907904
0.00029954823092495815, 0.0012401612748032672, 0.00722662606076785, -0.20426249184390663, -0.20993207148382872, -0.9561408681717494, 0.9311914980584084, -0.3429221088668847, -0.1236398851262235, -0.3019258656846996, -0.9156052384148953, 0.26553308460104863
0.0002967272887076928, 0.0012372620335482489, 0.007213421393986738, -0.18456343554586535, -0.15359001536722214, -0.9707453041035037, 0.9313447003044899, -0.3427950005180097, -0.12283581250839509, -0.3139002826922064, -0.9267694938868857, 0.20631266981549806
0.0002942311290031029, 0.001235184779154641, 0.007200292383333266, -0.15214037940056396, -0.15246207751031887, -0.9765288627977619, 0.9364243999689587, -0.33829933623864883, -0.09307471323224961, -0.31616870195929947, -0.9286058765815168, 0.19423819881692822
0.0002921970540956559, 0.0012331464032322012, 0.00718723646179527, -0.10809238736013185, -0.20609672161656867, -0.972543149240017, 0.9444505768488495, -0.32670479340450714, -0.03573633803838682, -0.3103693665371355, -0.9223817644042087, 0.22996246869851683
0.0002907537180423578, 0.0012303944348832677, 0.007174250287421959, -0.06530065343565998, -0.272128598421054, -0.9600426295650982, 0.9502704142605615, -0.3105463794309492, 0.02338986967449495, -0.30450281516258065, -0.9107727335311053, 0.2788746374526404
0.0002898739852832149, 0.0012267283085868972, 0.0071613165584779705, -0.03512533223471743, -0.3159592014404501, -0.9481223518410026, 0.9526288891366439, -0.2973670908862767, 0.0638044891846702, -0.3021000010223181, -0.9009675889192384, 0.3114369809437689
0.0002893956797920846, 0.001222425857580534, 0.007148405872705135, -0.017737548429707598, -0.3383321613239786, -0.9408595686868201, 0.9533162537532072, -0.28943638543497324, 0.08610864716326988, -0.3014523174660541, -0.8954093630291025, 0.3276714404615733
0.00028915215374006895, 0.001217780757055866, 0.007135488427142042, -0.012728757484191094, -0.3406592579663125, -0.940100658809869, 0.9534009313539075, -0.28756241037160823, 0.09129361552032296, -0.3014376267595179, -0.8951307893839381, 0.32844516600260304
0.00028897675929827007, 0.0012130866822045831, 0.007122534418827287, -0.019902908436656614, -0.3233006079162392, -0.9460869892122776, 0.9532275998638357, -0.2915865805903318, 0.07958899972652823, -0.3015974421204422, -0.9002521774150998, 0.31398248353336283
0.00028870284863778987, 0.0012086373082183727, 0.00710951404479946, -0.03911605173362812, -0.28604185011901617, -0.957418400949795, 0.9524819871328396, -0.30032676887539617, 0.050812361530848046, -0.30207283672030055, -0.9099362020918581, 0.28419730723283776
0.0002881670155483149, 0.0012047189503710074, 0.007096398803435259, -0.05920952776966806, -0.2527664749445044, -0.965713902232655, 0.9511475942913521, -0.30793145291548313, 0.02228170054401429, -0.3030057519174619, -0.9172171659151878, 0.2586507004735243
0.000287359106363957, 0.0012012699724058419, 0.007083221715887609, -0.06417408225702542, -0.25948025353361365, -0.9636138672687312, 0.9509834717959424, -0.3086091874122198, 0.019768809162548473, -0.3025097081705055, -0.9151122157806119, 0.2665661437461529
0.00028648541502493755, 0.0011977373056004032, 0.007070102695554451, -0.05499284113580016, -0.3003169884451739, -0.9522528518597537, 0.9523903733917871, -0.30220507071924985, 0.04030721898401718, -0.2998805830567644, -0.904699840655891, 0.30263812420569314
0.0002857368376259977, 0.0011936493096826692, 0.00705714037267286, -0.04258628913459425, -0.33455144584028634, -0.9414147534768714, 0.9535962917451479, -0.29471995509875154, 0.06159756843003471, -0.2980612694525198, -0.8951064060505677, 0.33157804737284485
0.00028515614090236194, 0.0011890874440579596, 0.007044303460276042, -0.030258287534935445, -0.35098669261950405, -0.9358914347505671, 0.9542457917656352, -0.28881569893680553, 0.07746264225561032, -0.2974884954633193, -0.8907265762576451, 0.3436666428609335
0.00028474293016242104, 0.00118429432842644, 0.007031522816566079, -0.0180176973783983, -0.3500494190718748, -0.9365579356284497, 0.9545120126407607, -0.28485814162480766, 0.08810594119890777, -0.2976275866005449, -0.8923683339056268, 0.33925886331359306
0.00028449680572682957, 0.0011795126011119675, 0.0070187292953705445, -0.005820189320032633, -0.33173214253714717, -0.9433556651676994, 0.9545621203218089, -0.2829302975150766, 0.0936034464897679, -0.2979551708613421, -0.8999467941804917, 0.3183056452550667
0.0002844173679162422, 0.001174984900438399, 0.007005853750517015, 0.006366908262179745, -0.2956152211848416, -0.955285875266152, 0.9545602649927184, -0.2828421985265548, 0.09388818471829333, -0.29794993367378414, -0.9124757156968629, 0.2803817135393917
0.0002845041897864855, 0.0011709537654952251, 0.006992827065838631, 0.015177397467090126, -0.2534407136000851, -0.9672318498147203, 0.9546409680912746, -0.28402126506186937, 0.08940102367651794, -0.2973722728296637, -0.9247160243461422, 0.23763418455597893
0.0002847112681834916, 0.0011674958540303525, 0.0069796302828310595, 0.010457737842716624, -0.24282650900906885, -0.9700133618882173, 0.9547510262136708, -0.2859163909331016, 0.0818675475370574, -0.2972223303575213, -0.926977402053717, 0.2288488200069776
0.00028485393603639223, 0.0011641831360038805, 0.006966397045805337, -0.009689591198763566, -0.2708932348310052, -0.9625606303735857, 0.9547019535583735, -0.28880430640855276, 0.07166765289654745, -0.29740593755711414, -0.9182640839772994, 0.26142069616444924
0.0002847219862152254, 0.0011604941966917852, 0.00695328919631668, -0.03821485161519551, -0.3151478387406641, -0.9482728852250901, 0.9542748357168186, -0.29306260819743324, 0.05893933825685963, -0.2964779300954245, -0.9026605936971028, 0.31193699612698483
0.0002842015254464278, 0.001156202093504064, 0.00694037435263643, -0.06095334139465467, -0.3325610015899563, -0.9411099140877817, 0.9534137156785344, -0.2984803047224803, 0.043724071732013765, -0.29544369502305795, -0.8946019717808924, 0.3352615921289851
0.00028336983036555963, 0.0011516643709972678, 0.006927533112629008, -0.07619107056039229, -0.3189192625576377, -0.9447144673056267, 0.9521520950409047, -0.30451592936289223, 0.026008396211033683, -0.2959751825340723, -0.8975302517096272, 0.3268610386540067
0.00028232874362031765, 0.0011473066081438383, 0.006914624385888246, -0.028279091165518876, -0.3010704357753674, -0.9531825038810158, 0.9540444073624919, -0.2927177969529801, 0.06415263149198032, -0.2983279433496034, -0.9075642589089902, 0.29551235873948073
0.00028194377560537473, 0.0011432080857641741, 0.006901648552462425, 0.10992811054130125, -0.31060049537050893, -0.9441626675464424, 0.9478857702324203, -0.2530413065704499, 0.1936044001566362, -0.2990457776055545, -0.9162409232536571, 0.2665974370686544
0.0002834427112163885, 0.001138972862025525, 0.006888774329135868, 0.12319825098262836, -0.2973865316966697, -0.946775285756999, 0.9468464363912454, -0.25045493660008167, 0.20187657275139279, -0.2971599179701405, -0.9213216460596565, 0.2507237676286487
0.0002851264287182317, 0.0011349085599413927, 0.006875835004866025, 0.009479192835467989, -0.2359588795723132, -0.9717168065100894, 0.9559356923665737, -0.2830114157278159, 0.07804800207165243, -0.29342306821861724, -0.9296386102775186, 0.22287879512967745
0.00028525544807798974, 0.001131696971771382, 0.006862609165660292, -0.08050266388370507, -0.20523292781292382, -0.9753967225949463, 0.9525962713670993, -0.30388289381884165, -0.014680961201033444, -0.2933933620331701, -0.9303411375326913, 0.21996750425745015
0.00028415527833393936, 0.0011288922067267267, 0.0068492791476102675, -0.1121272120742314, -0.22521833859354826, -0.96783479389492, 0.950164339543814, -0.3094152347225913, -0.038078082683239124, -0.2908869474069406, -0.9238716969810936, 0.24868830158563193
0.00028262510539646553, 0.0011258187065445362, 0.006836071340315611, -0.1364720570610019, -0.2421300232991527, -0.9605979541195632, 0.9478405905191872, -0.31386765236050373, -0.05554558277617146, -0.2880513714700508, -0.9180741520263261, 0.2723348284288388
0.0002807638762241032, 0.0011225164960219256, 0.006822970541708027, -0.1562358018088502, -0.25313596414665407, -0.9547316680034709, 0.9455177588410415, -0.3178563667060323, -0.07045209621192614, -0.28563357987001436, -0.9137228867659956, 0.28900509381437545
0.0002786329251456534, 0.0011190638920121692, 0.006809948644972403, -0.17146164748422593, -0.25834119764147745, -0.9507159034344393, 0.9433645416442655, -0.32124843580262186, -0.0828419221329014, -0.28401451549225437, -0.9110758849270109, 0.29879171155533113
0.0002762935864899172, 0.0011155392113685431, 0.006796977543293633, -0.1822019199507057, -0.25783007072888847, -0.948855160176838, 0.9415118823684617, -0.3239605375917121, -0.09276284516057523, -0.2834745768587945, -0.9102599764414699, 0.3017763071606222
0.0002738071945856957, 0.0011120207709443225, 0.0067840291298566025, -0.18849040964643865, -0.25164315378409263, -0.9492876743247608, 0.9400548801659369, -0.3259548472246404, -0.10025098426931965, -0.2841974450052706, -0.9112788600227467, 0.2979977374546985
0.00027123508376178997, 0.0011085868875927826, 0.006771075297846205, -0.190326606677754, -0.23976939101695327, -0.9519907677713534, 0.9390546216587679, -0.32723636713433474, -0.10532225579634759, -0.28627294725810176, -0.9140169578055334, 0.28743834210501185
0.00026863858834700114, 0.0011053158781671993, 0.006758087940447327, -0.1878760476955702, -0.2239875476513868, -0.956311753142985, 0.9386049209601736, -0.32777669932708153, -0.10762545111445755, -0.2893499491129008, -0.9178191618588935, 0.27181720525566433
0.0002660762584729808, 0.0011022610449843888, 0.006745045372200812, -0.18323267673966037, -0.22314561159174126, -0.9574089106552993, 0.9393828595675092, -0.3268422805071934, -0.10360485907343592, -0.2898027420946678, -0.91835731591805, 0.2695073486460186
0.00026357803257705465, 0.0010992186392554542, 0.006731991894097734, -0.17795918425748888, -0.24214728131035324, -0.9537794414288944, 0.9413575281305311, -0.3242487815962256, -0.09332058650340552, -0.2866644954827604, -0.9144547128137992, 0.2856502148471915
0.0002611522794663466, 0.0010959179412704703, 0.0067189909722479915, -0.17323213606170573, -0.25943845452534103, -0.9500959506013071, 0.9430845716796038, -0.3217441002632252, -0.08409651958140779, -0.2838698957187907, -0.9105890523498019, 0.3004088215170997
0.00025879052192726135, 0.0010923808912759727, 0.006706037854395841, -0.16937393621794986, -0.27035485355842664, -0.9477450727318183, 0.9442850886151167, -0.31987200273099503, -0.07750853687177699, -0.28220230535766205, -0.9080694659695723, 0.30947003703841325
0.0002564806451805851, 0.0010886938636049497, 0.006693112758869554, -0.16642317125002293, -0.27496099570199145, -0.9469423313558514, 0.9449919782242165, -0.3187206562724531, -0.0735343753433635, -0.2815909962391685, -0.9070907309127496, 0.31287843762267536
0.0002542105344471041, 0.00108494323259039, 0.006680195903997411, -0.16439462486770373, -0.2732892837189902, -0.947780235454912, 0.9452306422088675, -0.3183258766959239, -0.07216418263365501, -0.281981276584136, -0.9077343243648622, 0.3106524682436118
0.00025196807494760464, 0.0010812153725652813, 0.0066672675081076785, -0.16328215045299038, -0.2653309102554917, -0.9502307337728239, 0.9450183680575497, -0.3186723977378612, -0.07340427067853728, -0.28333588437981627, -0.909971104476947, 0.30277609819751766
0.00024974115190287303, 0.0010775966578626128, 0.00665430778952864, -0.16295269832716017, -0.25140504402742553, -0.9540659945441226, 0.9443988076998818, -0.31964139432791455, -0.07707315386792238, -0.28558240513543426, -0.9135780661058337, 0.28951305153202644
0.0002475191060125649, 0.0010741684633582033, 0.00664129801157453, -0.16163108150744118, -0.2374601819820309, -0.957855968015962, 0.9439313272234845, -0.3203354563256408, -0.07986767122406002, -0.2878698368652853, -0.9170593532556681, 0.27592227099212163
0.0002453150770683395, 0.001070930415890425, 0.006628236524525029, -0.15791031250266835, -0.228415389954531, -0.9606720266757168, 0.9440642565300906, -0.3201437699544562, -0.07906102770414408, -0.28949440883650385, -0.9194206742244095, 0.2661928080567456
0.00024316161732923145, 0.0010678154619759906, 0.006615135616173027, -0.15176806378815452, -0.22444064911333186, -0.9625969301008501, 0.9447846236548871, -0.3190972447926084, -0.07455845539614848, -0.29042808011500537, -0.9207623707511904, 0.26047684520770675
0.00024109184577719475, 0.0010647546014822846, 0.0066020079811998245, -0.14320683385360994, -0.22553963964495297, -0.9636512199371977, 0.9460387518153488, -0.3171876477920696, -0.06635266499388716, -0.2906931075916344, -0.9211535523662485, 0.2587926779523711
0.0002391388813941838, 0.0010616788342766917, 0.006588866314286734, -0.13222069995087332, -0.2316937305256636, -0.9637612265180636, 0.947744331925383, -0.3143496094141432, -0.054451853636814956, -0.29034181202129783, -0.9205989019634321, 0.2611499452343664
0.00023733576230785668, 0.001058519182362518, 0.006575723317291238, -0.12199541579322648, -0.24201080536353187, -0.9625735756879744, 0.949392970123394, -0.31126083956478773, -0.0420675413318145, -0.28943065975414256, -0.918992633180875, 0.26773575284889317
0.00023567196593956506, 0.001055218593595038, 0.006562595558276443, -0.12101509459172803, -0.2542267189926883, -0.9595437052220018, 0.9499603906565154, -0.3100932652258461, -0.037648679197201045, -0.2879767404924846, -0.916084571538996, 0.27903127911318193
0.00023402163030445989, 0.001051751592927353, 0.006549509842188618, -0.13066236495794145, -0.267962116365811, -0.954527972652637, 0.9493070999922036, -0.3114623339445694, -0.04251169766304117, -0.2859079857016764, -0.9116948605353422, 0.295074744743519
0.00023224002099279166, 0.001048097872119182, 0.006536494648985333, -0.1492749538475794, -0.28410181409330953, -0.9471025009906233, 0.9474523658062604, -0.31517013578961495, -0.054788685277855555, -0.2829328589646725, -0.9055130836908136, 0.3162199433666866
0.00023020458685326007, 0.0010442240103854927, 0.006523580461343912, -0.16886829750624452, -0.3073276911297548, -0.936500500994098, 0.9455216815882113, -0.3188264301000457, -0.06586696528808608, -0.2783383691551414, -0.896604370798244, 0.34442467176661656
0.0002279013988898839, 0.001040032380283957, 0.006510807568424176, -0.18680425310831772, -0.33757387391316696, -0.9225768535314014, 0.9440157772128799, -0.321616460543862, -0.0734647172484915, -0.27191613301495354, -0.8846506270604774, 0.3787543856481379
0.00022535122779134752, 0.0010354239673460827, 0.006498212947108514, -0.20172688954015908, -0.357681395147166, -0.9117950875070722, 0.942352120003099, -0.3246368973060629, -0.08113794940197705, -0.2669807932457267, -0.8755997398772282, 0.4025498125261182
0.0002225943334420918, 0.001030535725528827, 0.006485751927508413, -0.2129944283816958, -0.35623603636336043, -0.9097962738297389, 0.940015544301296, -0.3286651305518296, -0.0913783805464246, -0.2664660390186581, -0.8746857254782836, 0.40487125323272277
0.00021968455371704026, 0.0010256690799371158, 0.00647332293219792, -0.22065213794044614, -0.332991500213045, -0.9167493085943267, 0.9369761994867011, -0.33342813202833516, -0.10440920633523162, -0.270902631249252, -0.8820103976473072, 0.38557674051253543
0.00021667600280533955, 0.0010211288026893833, 0.006460823225673812, -0.22434765491798092, -0.2872407306087998, -0.9312147402248986, 0.9332540437556991, -0.3384207520263688, -0.12045034002252916, -0.28054414901480024, -0.8960826732379273, 0.34399247546469924
0.00021362279489613688, 0.0010172196659040643, 0.006448150072432874, -0.22196717624574777, -0.2275304770354517, -0.948135251264032, 0.9298324651402013, -0.3420928018562653, -0.13558798504818312, -0.293499845725318, -0.9117030201431549, 0.2874985975984313
0.00021059856583216814, 0.0010141196387143349, 0.006435232044497647, -0.2050634403837786, -0.21471494433598862, -0.9549065284606456, 0.9324148112212942, -0.33948767062106516, -0.12389810858702234, -0.29757621751935565, -0.9157759628725121, 0.26981990399486216
0.00020780004508210857, 0.0010111894029495023, 0.006422200342068081, -0.18751647493975993, -0.2336752045204293, -0.9540615653187701, 0.9369114236769439, -0.3342709297345217, -0.10227379780794567, -0.2950161958432257, -0.9130492014819103, 0.2816142749638902
0.00020524104403751406, 0.001008000482655135, 0.006409180448519834, -0.19490774122071738, -0.22468452119918705, -0.9547396704577275, 0.9350349129743757, -0.3365028896896272, -0.11169385278309794, -0.29617677817688487, -0.9144849212338183, 0.2756748898698206
0.0002025842924461196, 0.0010049378492496118, 0.006396166567578165, -0.22691024093449252, -0.18524288539700837, -0.956136400294875, 0.9261269530624635, -0.34479518251365554, -0.15298741427520302, -0.30133139459785496, -0.9202181021503358, 0.24979598696645638
0.00019949360366271793, 0.001002414701304664, 0.006383143267987881, -0.25042019682495276, -0.15733132350515636, -0.9552678052076641, 0.9186880014652224, -0.3499297985875316, -0.18319795857029927, -0.30545389338816326, -0.9234695396734022, 0.23216788819603618
0.00019607770368834348, 0.0010002685961951578, 0.006370112772394067, -0.24136029366978892, -0.17388929417842616, -0.9547291354147321, 0.9221621689218722, -0.34752625236391765, -0.1698306159889874, -0.3022617125091128, -0.9214054575961765, 0.24423316700038736
0.0001927856817095168, 0.0009978968416301704, 0.006357090790816967, -0.20788470558229444, -0.21508572078280794, -0.9542128074493147, 0.9324863632722029, -0.3381701675286874, -0.12692564794004715, -0.2953864104801439, -0.9161763315590289, 0.2708649072779574
0.00018994932079486457, 0.0009949622306879206, 0.00634407159393219, -0.17644840932547234, -0.22314037904745093, -0.9586836444234721, 0.9387386232188445, -0.33107065244345174, -0.0957184431959457, -0.2960333699495698, -0.9168427315135498, 0.26788738220952857
0.0001875411229823791, 0.0009919167729546745, 0.006330987316980122, -0.15192632726022648, -0.18811237698790037, -0.9703257827704984, 0.9407173293353592, -0.32873804082536995, -0.08355960030090362, -0.30326440175755537, -0.9254971821341541, 0.22690453606830482
0.00018546994629217438, 0.0009893522801680556, 0.006317759088670907, -0.13514371807094022, -0.13410487359919473, -0.9817087441511898, 0.9405805793804412, -0.3288743903838825, -0.08455654346047575, -0.31151942019449747, -0.9348034650270471, 0.17058174760246317
0.000183626718793101, 0.00098752322148663, 0.006304369546196203, -0.13129336006410067, -0.1536086329593059, -0.979370431187021, 0.9419178464812584, -0.3273790109836836, -0.07492498680316026, -0.30911619835134324, -0.9323236407212456, 0.1876694031244694
0.00018183832253798948, 0.0009854308605035376, 0.006291029173075683, -0.13337737201085734, -0.21396452202091568, -0.9676929574776488, 0.9443099742761404, -0.32380480386980787, -0.058558701090703116, -0.3008141438132064, -0.9216125174427681, 0.2452370660702236
0.00018002197779068874, 0.0009825170728810782, 0.006277851045528146, -0.13284863354428345, -0.25612889292267166, -0.9574702244851394, 0.9461974767294449, -0.3203627396056286, -0.04558563483387919, -0.2950619860236969, -0.9120118997483437, 0.284908264396049
0.0001782089945297619, 0.0009790216858144604, 0.006264784464084921, -0.12965960381148173, -0.2777940244237931, -0.951850233562971, 0.9475000234887233, -0.31768254433415755, -0.03635253105692772, -0.2922876881230519, -0.9065915734330476, 0.3044004375027613
0.0001764362786982099, 0.0009752236650699069, 0.006251770696275197, -0.12399286118117289, -0.27947522544760983, -0.9521131071133903, 0.9482497553711217, -0.3160355646886022, -0.030723334626375574, -0.29231519258279126, -0.9066504950712618, 0.3041984680637325
0.00017474073623903374, 0.0009714019764136393, 0.006238751009628156, -0.11582778283004583, -0.2612056695047386, -0.9583086783199122, 0.948502044389383, -0.31547234316483386, -0.02865436244710913, -0.29483520229754917, -0.9122767118131815, 0.28429457358432414
0.00017315927309523435, 0.0009678355856118805, 0.006225666671672988, -0.10497694625519895, -0.22251546519217708, -0.9692609083756769, 0.9483353138128122, -0.3158287319300523, -0.030205043668403576, -0.29939935425863573, -0.9223551809567527, 0.24417400932889582
0.00017172879520981266, 0.0009648034584308523, 0.00621245894993888, -0.09202664665423424, -0.16800266015010262, -0.9814816363478565, 0.9479249703109206, -0.31659919270891135, -0.03468719990293361, -0.3049087518695014, -0.9335630976846476, 0.18838947867338052
0.00017047472379157856, 0.0009625140418114122, 0.0061990840404706465, -0.08614633507764598, -0.1533902658179051, -0.9844034921235307, 0.9480158744840248, -0.3164384339574141, -0.03365440893655592, -0.3063408406970569, -0.9361293414197056, 0.17267641834983932
0.0001692997705337221, 0.0009604219459331166, 0.006185657722461026, -0.08798666842831224, -0.1874034408246533, -0.9783344502499985, 0.9488282607866535, -0.3147988584447131, -0.02503218437291792, -0.3032874506329936, -0.9304738734048292, 0.20551178360267652
0.00016810023378140785, 0.0009578670439372253, 0.006172319927655371, -0.08638540454581144, -0.21448731394257936, -0.9728991489559202, 0.9497309040515562, -0.3126888046304182, -0.015392249615110964, -0.30091322963749906, -0.9253220539987673, 0.23071697946322076
0.00016692206066810968, 0.0009549417443711779, 0.006159050977590517, -0.0799447946299622, -0.22735111633107596, -0.9705257851878983, 0.9505870725615363, -0.3104077897936833, -0.005587621523443844, -0.29998841192696407, -0.9230159662424124, 0.2409325191233513
0.00016583133963037636, 0.0009518398958182826, 0.006145809679061115, -0.06902437308011466, -0.22660887311716077, -0.9715369548017552, 0.9513371528765804, -0.30812222682619805, 0.004279590207823006, -0.3003219230718582, -0.92396380446435, 0.2368493837065772
0.00016488973875298276, 0.0009487485948150177, 0.0061325563888356485, -0.05804487184282336, -0.21898436493861742, -0.9740003289348421, 0.9518375809600718, -0.3063616680983582, 0.012155154958716738, -0.3010581543901929, -0.9263845725358459, 0.22622027195357394
0.00016409811179951732, 0.0009457620445794975, 0.0061192727879146765, -0.050234815298917226, -0.2093750915659569, -0.9765441794223295, 0.952071046801498, -0.30543108612007797, 0.01650979932674238, -0.3017236901109746, -0.9289100724307261, 0.21468323679914988
0.00016341308081639175, 0.0009429068847871507, 0.006105956066925167, -0.04567230162691278, -0.19789910640675606, -0.9791577934876011, 0.9521076833600153, -0.30527374126087303, 0.017288787794822985, -0.3023325985581528, -0.9314740396704553, 0.2023638141295964
0.00016279026976592987, 0.0009402082305491075, 0.006092603766467189, -0.04435803034665071, -0.18455655085911155, -0.9818203729189744, 0.9519843865667674, -0.3058042768803122, 0.01447314667945023, -0.3029159831980827, -0.9340356651524061, 0.18925983025048218
0.00016218530261045573, 0.0009376911969764979, 0.006079213427140812, -0.04684380910300765, -0.17130408346762624, -0.9841039419370484, 0.951701953923288, -0.3069159423434082, 0.008123745075608963, -0.30342881940797367, -0.9361930972415756, 0.17740754276498225
0.0001615462793687281, 0.0009353543398157587, 0.006065788701372019, -0.06348344384561883, -0.1945236090698483, -0.9788413650188375, 0.9511874809450592, -0.3086134260382888, -0.00035966971302432563, -0.302013622955808, -0.931084485309121, 0.20462026479739626
0.0001606809832772695, 0.0009327029316937625, 0.006052446835272749, -0.09538507379258815, -0.24396937928960213, -0.965080633764158, 0.9498562914413776, -0.31233042435571545, -0.01492419615964207, -0.29778299700757815, -0.9181114572811, 0.26152751041211664
0.000159379834840647, 0.0009293749437410909, 0.006039282163821455, -0.12823749820543573, -0.25858373108808413, -0.9574390832165648, 0.9467642581530233, -0.3193630556840243, -0.040554631648162774, -0.29528390328286813, -0.9116697278514452, 0.28577215361421343
0.00015762860375746345, 0.0009258436843682545, 0.006026207227814067, -0.1601303881661243, -0.2630283071939752, -0.9514065211046423, 0.9425141969996185, -0.3271339875552302, -0.06819342079980213, -0.29330060900027255, -0.9076339922021907, 0.30029200615264956
0.00015544021796538155, 0.0009222490674003528, 0.006013205045423055, -0.19103926574403593, -0.261754086440641, -0.9460384755260248, 0.9372187192859263, -0.3351143324689967, -0.09653733160755494, -0.2917620111735382, -0.9050873893749067, 0.30934082567693505
0.00015282846831213832, 0.0009186705562401795, 0.006000271496653451, -0.22101703988936605, -0.2547856037725227, -0.9414009582472356, 0.9308378875776127, -0.34314540346300076, -0.1256664598541004, -0.2910194067903207, -0.9040661083087261, 0.31300507452583626
0.0001498071456454708, 0.0009151876142905279, 0.005987402461510284, -0.25009742038457566, -0.24210541744296965, -0.9374626644094933, 0.9233263436836774, -0.35105107332440133, -0.15566504738545972, -0.2914099232639693, -0.9045154010643219, 0.3113392777352969
0.00014639004081311597, 0.000911879704954192, 0.005974593819998588, -0.27827961106960925, -0.22365916459340685, -0.9340969094030482, 0.9146360952020197, -0.3586320682247564, -0.18661150284598152, -0.29325973371151565, -0.9062889261897736, 0.3043667374225342
0.00014259094466281098, 0.0009088262916339661, 0.005961841452123397, -0.30280633622282277, -0.20192231402381175, -0.931415966065957, 0.9057589414083005, -0.36500928265725263, -0.21533453887603105, -0.29649462525014825, -0.9088430022139727, 0.29342006496568557
0.00013846049287731378, 0.0009060719556682957, 0.005949136405102033, -0.26328694205248987, -0.23931959873976302, -0.9345619914182728, 0.9201121586553281, -0.35345817833544024, -0.16870368005003472, -0.28995448201274837, -0.9043193273544645, 0.313261795522352
0.0001348677504704278, 0.0009028062651464321, 0.005936383624913782, -0.26653218153159514, -0.3091810432809639, -0.9128897407045954, 0.9250740348468472, -0.34793386344602617, -0.15224998101706308, -0.27055244641322845, -0.8850701153825141, 0.3787509268590646
0.00013123515104764726, 0.0008985923992151094, 0.005923941739937304, -0.39503892509175875, -0.3475767989333018, -0.8503732218888521, 0.8855085892361665, -0.39051065616495545, -0.25174583573634385, -0.24457879313489567, -0.8524621963846228, 0.4620491507229322
0.00012586119012691357, 0.0008938640952030746, 0.005912373582542669, -0.4900095620910551, -0.36439218926846473, -0.7919021160847265, 0.8439034749064346, -0.42594234147415194, -0.32619020031319446, -0.2184434803334201, -0.8281252647635213, 0.5162276549742084
0.00011914030082009763, 0.0008888661527998882, 0.005901511985390714, -0.5318935504848473, -0.37005741936885117, -0.7616736553949398, 0.8218949387141026, -0.4421833477927023, -0.35911362637886585, -0.20390674503008666, -0.8170259440831145, 0.5393427908355974
0.00011183517855197971, 0.00088378371724065, 0.005891051021583215, -0.5562558177341099, -0.3661641623352137, -0.7459914687570548, 0.8069690883242984, -0.4523771739270753, -0.37967852585944784, -0.19844484303203105, -0.8131904443186134, 0.5471205950637288
0.00010420407592721865, 0.0008787604236206894, 0.005880816993868286, -0.5710605669532395, -0.3527833647554208, -0.741237968821679, 0.7958153545979549, -0.45945414481182084, -0.3944360660504686, -0.20141437450483995, -0.8151354405048783, 0.5431265629443491
9.638494242907207e-05, 0.0008739300074011541, 0.005870667740063153, -0.5764036288692654, -0.3298942316482833, -0.7476153105384686, 0.7888118159547783, -0.4635311848932502, -0.40362700559004305, -0.21338878985660698, -0.8223798614731811, 0.5274055250060286
8.851572754079757e-05, 0.0008694262040431927, 0.0058604610979850445, -0.571805946513686, -0.29713000775828236, -0.7646906028068808, 0.7861509159165289, -0.4649233981305283, -0.40720138908697884, -0.23453080167685977, -0.8340023934979596, 0.49943499146984505
8.073438074565266e-05, 0.0008653827490079521, 0.005850054905451182, -0.5562432615972114, -0.25394508574712243, -0.7912681766332973, 0.7878116632262885, -0.46416886359029924, -0.4048457105588737, -0.2644734716608179, -0.8485629967764191, 0.4582517029859221
7.317885152689495e-05, 0.000861933377756581, 0.005839307000278795, -0.5286821121142183, -0.20223448696825308, -0.8243763925605443, 0.7937366013892684, -0.46194970852461, -0.3957078144402023, -0.3007946674152699, -0.8635413592148992, 0.4047454619632218
6.598343372482376e-05, 0.0008591809456345542, 0.005828087152974115, -0.5007289021728248, -0.21558881794998672, -0.8383269219724039, 0.8111653154897335, -0.4549073488357026, -0.36751889056443554, -0.302128114340984, -0.8640490527453866, 0.4026634289013114
5.9154817256814784e-05, 0.0008562408849626345, 0.0058166545933592915, -0.48872701554894493, -0.28777610686480043, -0.8236084121658547, 0.8299020492182472, -0.44451932735125954, -0.33714263497003427, -0.26908826242698763, -0.8482850228130417, 0.45607458501335274
5.24799819707177e-05, 0.0008523105556550981, 0.005805406083830355, -0.4977229500037577, -0.32812332843598163, -0.8028741784212828, 0.8316386507875493, -0.44338047566858446, -0.33435147421861994, -0.24627021654236148, -0.8341156005806346, 0.49356068047625684
4.5671725530884934e-05, 0.0008478222197970334, 0.00579442372246733, -0.5295586687391519, -0.3340016191227856, -0.7797503028448112, 0.8153112649940338, -0.45416208473988773, -0.3591717443766247, -0.23416907895161035, -0.8259417165926883, 0.5128207515837067
3.844022288045281e-05, 0.0008432611886280303, 0.005783775673979854, -0.5833255152277393, -0.30505097646884616, -0.7527783505386536, 0.7781509143009417, -0.47555877666829677, -0.4102743039801074, -0.2328357744353324, -0.8250986314915064, 0.5147812646687353
3.049961861248082e-05, 0.0008391086373981191, 0.0057735283680981795, -0.6360366643222226, -0.2601265925359286, -0.7264926135161369, 0.733580946859377, -0.4959203099423193, -0.4646741230062352, -0.2394083458084953, -0.8284909185032513, 0.5062474117611655
2.183394412986716e-05, 0.0008355645455216076, 0.0057636302775384745, -0.6567476799542832, -0.23370402926897701, -0.716983201740537, 0.7124765225570507, -0.503835747433537, -0.4883919987193703, -0.247102589382788, -0.8315840103751, 0.49740159228613967
1.2864883911963613e-05, 0.0008323729004261486, 0.005753838593901185, -0.645370653460091, -0.22977079280395254, -0.7284930352630272, 0.7201063772696334, -0.5011715525584806, -0.47986860735176945, -0.2548401951578666, -0.8342855971910131, 0.4889008255787008
4.05412336432306e-06, 0.0008292360124604761, 0.005743893025939714, -0.6027317079207588, -0.24628416674871825, -0.7589852419354507, 0.7535042421325505, -0.4886703609007228, -0.43980977190759213, -0.26257540889271397, -0.8369858944964647, 0.48011328565118594
-4.162408621298124e-06, 0.00082587862855807, 0.00573354642157989, -0.562696834126461, -0.25113570078788516, -0.7875932533064487, 0.7796867764604334, -0.4778259018582576, -0.4046862218139891, -0.27470129864417525, -0.841791700661821, 0.4646783072407007
-1.183898835921235e-05, 0.0008224525150361626, 0.005722801697168145, -0.5592695014381827, -0.2169815398548009, -0.8000853930195989, 0.7749100810833923, -0.479707936286051, -0.4115758278853467, -0.29450295583646885, -0.8501760448439003, 0.43642720100512233
-1.9469261317709597e-05, 0.0008194921741418537, 0.005711885904472231, -0.5931454223024397, -0.15323145798974086, -0.7903787878504831, 0.7402013188901952, -0.48993578838040014, -0.46050508224914455, -0.3166709893799495, -0.8581859026728499, 0.40402529739944487
-2.7567004371973793e-05, 0.0008174002268250986, 0.005701095491027397, -0.6697544790642472, -0.1639481829169741, -0.724258193665492, 0.6876558190864316, -0.505060791960451, -0.5215774831229306, -0.2802827362681259, -0.847369216895743, 0.4510066496267519
-3.664528852941291e-05, 0.0008151779674178967, 0.005691278428370892, -0.7406019904993976, -0.22072371968106816, -0.6346571761498356, 0.6396280032617068, -0.520963010737222, -0.5652199208158283, -0.20587546991269334, -0.824547500762547, 0.5270073148206439
-4.669405552377977e-05, 0.0008121831047822868, 0.005682667160556, -0.7781951085618619, -0.2646182560038989, -0.5695520622382532, 0.6105149889980213, -0.531395728195273, -0.5872733846042757, -0.1472542740267256, -0.8047333462988039, 0.575082968045126
-5.7352648653133785e-05, 0.0008085587459366534, 0.005674866258660586, -0.7901910903736575, -0.29702048113397533, -0.5360754373043332, 0.6028273162194335, -0.5343216856053647, -0.5925365500216143, -0.11044124009519857, -0.791378019709155, 0.601268294862993
-6.82547709474266e-05, 0.0008044608085533034, 0.005667470123665322, -0.7811794683954314, -0.31998406051743444, -0.5360679426828339, 0.6167491868582461, -0.5287414358603199, -0.5831405786892724, -0.09684564351132935, -0.7861569150107007, 0.6103918629157292
-7.903410847277597e-05, 0.0008000454132048644, 0.005660073030520302, -0.7507157775675979, -0.3284303650826481, -0.5732009391153816, 0.65111932512365, -0.5145113235870807, -0.557962115516092, -0.11166667256437587, -0.7920931720399745, 0.6000991260167371
-8.931785087459879e-05, 0.0007955463825831955, 0.005652220989869918, -0.6920012385362205, -0.3058510259883286, -0.6539032311942063, 0.7025005686857193, -0.49386867416702257, -0.5124321259179098, -0.1662144303620416, -0.8139710575803012, 0.5566182538877321
-9.871704584063393e-05, 0.0007913921220649527, 0.005643339265941337, -0.6238415993107593, -0.2597500281133252, -0.7371238578858513, 0.7464872715771672, -0.47736533098891404, -0.4635505303018446, -0.23147011112165372, -0.839435681672498, 0.49170044131804275
-0.00010722063388375268, 0.0007878514680981371, 0.00563329152684997, -0.6430057162912733, -0.23869663965048718, -0.7277139293955504, 0.7283218868760789, -0.48441999444480605, -0.48464883996494035, -0.2368351281250624, -0.8416419566547639, 0.48533281249501936
-0.00011599450921339888, 0.0007845944293116418, 0.005623361799741182, -0.7047286804258602, -0.24052817692867415, -0.6674606228749334, 0.6785110440069845, -0.5033961764575965, -0.5349907033663522, -0.20731678693674946, -0.8299026964838956, 0.5179587476073569
-0.00012560737212512918, 0.0007813135008416574, 0.005614257292368504, -0.7456447638332134, -0.25389343199479125, -0.6160779263680998, 0.6430874515033344, -0.5163241163087143, -0.5655510026840832, -0.174506205869757, -0.8178921274275304, 0.5482700539013694
-0.00013580348000178283, 0.0007778417071037324, 0.005605832909468821, -0.7661082247435193, -0.2792841237356146, -0.5788597120283662, 0.6270630992609764, -0.522332940206555, -0.577892869933861, -0.14096119155835837, -0.8057100457387915, 0.5752923297507473
-0.00014629237089168286, 0.0007740179905496843, 0.005597907663186474, -0.768171564675202, -0.3166348501451518, -0.5564663681643388, 0.6311237664345339, -0.5206700243443084, -0.5749656660973639, -0.10768118993556894, -0.7928714255305551, 0.5997996864880852
-0.00015679110109481385, 0.0007696904887031556, 0.005590302343574124, -0.7626688632851305, -0.34951090177230765, -0.5442226883525486, 0.6415174142041717, -0.5159812595971615, -0.5676431511234148, -0.08241123860348246, -0.7820520886020541, 0.617740170674536
-0.00016719338513078688, 0.0007649233979657101, 0.005582879516636259, -0.7614596902782351, -0.36126448071871303, -0.5382073160524787, 0.644129762229038, -0.5147466793181417, -0.565802709026485, -0.07263600685704882, -0.7775113060927056, 0.6246600510724838
-0.00017757169794858392, 0.0007599995446892644, 0.005575544021457547, -0.7655590290998373, -0.3519855826946292, -0.5385401772744878, 0.6386126379187039, -0.5173045059180902, -0.5697104061252131, -0.07805941105484261, -0.7800655086157591, 0.6208095767735934
-0.0001880041479251395, 0.0007552029557335464, 0.0055682052098881924, -0.7711056606139979, -0.33605315020073734, -0.5407997230114032, 0.6305532492744801, -0.5208606780040143, -0.5754187639785427, -0.08831002207249877, -0.7847116886789436, 0.6135380229881402
-0.00019851580745738824, 0.0007506219022150999, 0.005560833065117651, -0.7745689879944905, -0.3280039530172137, -0.5407922795697738, 0.6256237653177764, -0.5229641875077898, -0.578881130158796, -0.09293969607653499, -0.7867158733554311, 0.610278909601014
-0.00020907870493567043, 0.0007461488698811268, 0.005553458210850722, -0.7759698429232014, -0.3285335420986029, -0.5384575327636226, 0.6241110414790524, -0.5236061506308504, -0.5799327606934065, -0.09141231195891913, -0.7860676247866266, 0.6113439935786043
-0.00021966256186090383, 0.0007416678297525404, 0.005546113908054604, -0.7752937037239149, -0.3376305584558275, -0.5337839253507553, 0.6260317033072068, -0.5227721627007054, -0.578613491338998, -0.08368978085962422, -0.7827610567101774, 0.616669399822656
-0.00023023709973400634, 0.000737062752850253, 0.0055388334176964815, -0.7723740060731284, -0.3550785587911507, -0.5266475214309343, 0.6313139237953095, -0.5203626524299543, -0.5750351637754275, -0.06986504393985007, -0.7766221262897819, 0.6260806246741876
-0.00024077260835078567, 0.0007322193308987592, 0.005531649722418788, -0.769054271958387, -0.3745908295774498, -0.5179162453322286, 0.636889641439971, -0.5176684618199895, -0.5713063523744433, -0.054102785593909505, -0.7692210826761081, 0.6366881611570733
-0.0002512672367990555, 0.0007271076089827834, 0.005524582160661093, -0.7685175030751754, -0.3874196906920499, -0.5092021511454702, 0.6384314497056442, -0.5168929012746662, -0.5702867810484542, -0.04226264892132631, -0.7633660405571724, 0.6445821566179274
-0.0002617590665394199, 0.0007218185408528569, 0.00551763051381913, -0.771217858533561, -0.3930084924793977, -0.500766751609948, 0.6356239858570606, -0.5183291672364674, -0.5721162670254477, -0.03471546171508352, -0.7595256409305886, 0.649550334837022
-0.00027228926048312194, 0.0007164524103859106, 0.005510793054135511, -0.7772356012493071, -0.39140510947577706, -0.4926528802583854, 0.6284242758201251, -0.5219910873874902, -0.5767219730927347, -0.031428485655205646, -0.757843879017493, 0.6516785291270075
-0.00028289898154140497, 0.0007111095014588751, 0.005504068053852843, -0.7865119390395875, -0.3825690500816296, -0.48480912910941326, 0.6167228104248542, -0.5277755234070415, -0.5840427826744311, -0.03243369929344375, -0.7583494701073266, 0.6510408100404148
-0.0002936293926255122, 0.0007058900979486816, 0.005497453785213737, -0.7988398512519891, -0.36637890063995265, -0.47709683840658557, 0.6003532284288484, -0.5354561713492091, -0.5940224656350174, -0.03782714854121089, -0.7609554452988074, 0.6477004840999697
-0.00030452165664668715, 0.0007008944837322605, 0.005490948520460798, -0.8138456301007947, -0.3426604205226237, -0.4692964165355399, 0.5791153867890646, -0.5446717533340878, -0.6065954581960888, -0.04775624723523149, -0.7654518386725773, 0.6417186482585481
-0.00031561693651617294, 0.0006962229426865424, 0.005484550531836637, -0.8305609345597204, -0.311555744900632, -0.46162923629542396, 0.5534120981869137, -0.5546862800710879, -0.6213358031541854, -0.06247866486763125, -0.7715284495858277, 0.633119473650943
-0.0003269503217105496, 0.0006919716215377195, 0.005478251389011318, -0.8134860209946149, -0.30039516069659633, -0.4979992380279461, 0.5746383905720298, -0.5471019349838251, -0.6086626264341698, -0.089617039267855, -0.7813080187525407, 0.6176783678467649
