0.0003044010081794113, 0.0012459225254133344, 0.007277987897396088, 0.17319075351754587, 0.5191306138503964, -0.8369637797774377, 0.9486025654646651, -0.3164698607985533, 2.323041147715526e-17, -0.26487381087959677, -0.7939459886978805, -0.5472582857670267
0.0003060369449129473, 0.001250826163878161, 0.00727008204928256, 0.016643291785218308, 0.10452870211456053, -0.9943825980339748, 0.9490322688895068, -0.31470937397317306, -0.01719774810399641, -0.3147391832056935, -0.9434149460166821, -0.10443891127043568
0.0003061761499346927, 0.0012517004452666423, 0.007261765001611406, -0.10873583975559281, -0.21146967905130473, -0.9713171943266443, 0.9470525628172933, -0.31898903554237856, -0.036571005796122, -0.30210587616569606, -0.9238650172214994, 0.2349584421562158
0.0003052118603451775, 0.001249825092940623, 0.0072531511806236655, -0.17518688260198656, -0.3499729210816118, -0.9202328567671346, 0.9436408692771224, -0.3262747839743432, -0.05555785428193263, -0.28080503199571505, -0.8781023401928159, 0.38740781374900773
0.0003035373132449312, 0.0012464798302619475, 0.007244355012560376, -0.2042929083426877, -0.3626759322011991, -0.9092472577923332, 0.9390208049456519, -0.3350500468505092, -0.07733947235850326, -0.2765941710884492, -0.8696019976445909, 0.4090085943014289
0.00030154569445543013, 0.001242944160781634, 0.007235490906911227, -0.2101794996688353, -0.2929154711752742, -0.9327513627248823, 0.9336709797820925, -0.34310895784150935, -0.10263890374346868, -0.2899708251388503, -0.8924554721637827, 0.34560114405657555
0.0002995531189814568, 0.0012401672192400906, 0.007226648096401119, -0.20651584555510807, -0.22318909280783528, -0.9526478018587322, 0.9300169928168033, -0.34728842439585056, -0.1202461781207107, -0.3040059187033187, -0.9108113850475648, 0.2792902115382637
0.0002976436972944723, 0.0012381036386322193, 0.00721784002471036, -0.19638297889655923, -0.17398304823522395, -0.964968198712524, 0.9288204214250668, -0.3483709036065453, -0.12621544384155392, -0.31420749568314715, -0.92106873383431, 0.23001312399379792
0.0002958580608058682, 0.0012365216762795094, 0.007209065932191521, -0.18035201674623924, -0.14818750971407574, -0.9723752423937505, 0.9300754790762659, -0.34736566710442135, -0.11956879416534555, -0.32005117290305113, -0.9259468425789037, 0.200473667701123
0.0002942368409270359, 0.001235189589503451, 0.0072003250591971745, -0.15876158948614483, -0.14730232424821804, -0.9762667581019572, 0.9334797787769715, -0.344455033389412, -0.09983102016505453, -0.32157465745659947, -0.9271746088217537, 0.1921899696599665
0.0002928206690693668, 0.0012338756356255341, 0.0071916166460798915, -0.13169998108949543, -0.17187646890548086, -0.9762753681301245, 0.9384555293281278, -0.33885093195260024, -0.06694225413233176, -0.31930602007242204, -0.925007310971885, 0.2059250839360579
0.00029165017664425235, 0.001232348071967248, 0.007182939933192244, -0.10022216747072916, -0.21812448984943986, -0.9707611570697452, 0.9438992505889515, -0.329401022998346, -0.023434393212942897, -0.31465810316132786, -0.9186493743401586, 0.23890082699595344
0.0002907575015405059, 0.0012304052452800996, 0.007174293399810761, -0.07143931662834853, -0.2628856979875529, -0.9621785353214193, 0.9477038671074454, -0.3187130755637839, 0.016713938323071942, -0.3110527355759281, -0.9106662864399182, 0.27190643690883975
0.0002901172635304795, 0.0012280492678703554, 0.007165670371206651, -0.04841365454556861, -0.2971570654229395, -0.9536004386129283, 0.9498098706694432, -0.3091074980233925, 0.04810160334764226, -0.3090587769865756, -0.9034103348617091, 0.29720773750462304
0.0002896802240653592, 0.0012253667733107489, 0.007157062034787065, -0.031151615284142384, -0.3214770452673132, -0.9464048215385351, 0.9508454190296445, -0.30139740250490266, 0.07108160714022675, -0.3080950599661225, -0.8976703822280735, 0.31506399174608296
0.00028939706760374844, 0.001222444667930444, 0.0071484595710601, -0.019539296543618734, -0.3364127805756223, -0.9415118995296653, 0.9512760323669601, -0.2960888844227256, 0.08605395264298013, -0.3077208574906078, -0.8939562705114183, 0.32580678365951965
0.0002892184786042512, 0.0012193698580586067, 0.007139854160533862, -0.013446428342564314, -0.3423946902401133, -0.9394599883231884, 0.9514086845324532, -0.29344626350611164, 0.09333169574441848, -0.30763730034092956, -0.892555413702521, 0.32970308598687115
0.0002890951415254711, 0.0012162292500244, 0.007131236983716446, -0.01278240819420999, -0.3396463636990027, -0.9404663511613807, 0.9514052847814931, -0.293537522529843, 0.09307903607627153, -0.3076761188825069, -0.8935748824206546, 0.3268934618133418
0.0002889777408260119, 0.001213109750156989, 0.007122599221115954, -0.01752014574711035, -0.32816089104426405, -0.9444593554420618, 0.9512931121105388, -0.29625512728101866, 0.08528959145612872, -0.3077896348872812, -0.8969633934273695, 0.3173676283227575
0.00028881696096447754, 0.0012100982647855391, 0.007113932053240489, -0.027692440896638353, -0.3077135065952979, -0.9510759835975312, 0.9509680796221671, -0.3013105145135374, 0.06979745971964187, -0.30804681504101594, -0.9025100396684865, 0.30096974605543536
0.0002885634863994716, 0.0012072817002392136, 0.007105226660598152, -0.04301963448688879, -0.2786616603788846, -0.9594253436737522, 0.9502110893204244, -0.3080619750811698, 0.04686902219570216, -0.3086230658604554, -0.9096403127302418, 0.27804011342775914
0.0002881710918587512, 0.0012047399465598772, 0.007096475464276363, -0.057076491084010916, -0.2549622227739197, -0.9652650097893941, 0.9492243534380373, -0.3134674136279786, 0.026670347457913014, -0.309379057154289, -0.9147308049648092, 0.25990797110276403
0.0002876518577671209, 0.0012024205138893016, 0.007087694292010485, -0.06408779282023874, -0.24970076133170507, -0.9661999195827937, 0.9487234445715161, -0.31555825054276193, 0.018623002839200865, -0.30954253428533457, -0.9154630087036605, 0.25712039818624677
0.00028706985069694435, 0.001200152880661065, 0.007078919841219544, -0.06382386345231157, -0.2635556015750561, -0.9625304978713304, 0.9490332666406623, -0.3143254376130178, 0.0231382384536599, -0.30864603231432325, -0.9119966908644983, 0.2701844973140217
0.00028649095836293933, 0.0011977623905045128, 0.007070189540414735, -0.05714451157829527, -0.2929320320601559, -0.9544240825699999, 0.9500518756390152, -0.3097472249563212, 0.038184947644949646, -0.30681580531528596, -0.9045703296178612, 0.2960009803763606
0.0002859726909687319, 0.001195105667807221, 0.007061533470591395, -0.048870328680826414, -0.3198611277879689, -0.9462032286484953, 0.9509887332003549, -0.3045059237176475, 0.053819808127179604, -0.3053393526891222, -0.897198418049804, 0.31906563329245746
0.0002855290305573417, 0.0011922018665975144, 0.007052943536269025, -0.04061379165322855, -0.3387488855457495, -0.9399998470579985, 0.9516472053653853, -0.2998138420766572, 0.06692724870697592, -0.30449649661006006, -0.8918300581617251, 0.3345460071671067
0.00028515986604990535, 0.0011891227631603163, 0.007044399281561356, -0.03239810362190922, -0.3497790881014679, -0.9362718368126907, 0.9520773285409356, -0.29585426347045607, 0.07758231283423694, -0.3041366853243118, -0.8888896693703103, 0.3426018568640296
0.0002848650791706349, 0.0011859401606531203, 0.007035880244270045, -0.024224530594264538, -0.3530845854220989, -0.9352777382439892, 0.9523285844929089, -0.2927455056347039, 0.08585066154907711, -0.30411089963238763, -0.8886120325923941, 0.34334416589887434
0.00028464455164374215, 0.0011827258622334213, 0.007027365962196747, -0.01608179869357348, -0.3487119428120195, -0.9370919681072108, 0.9524492151814208, -0.29054788862906133, 0.09177372670590582, -0.3042726873235176, -0.8910566229782828, 0.3368029489114719
0.000284498165193439, 0.0011795516710587136, 0.00701883597314312, -0.007954361458541722, -0.3366122123131308, -0.9416097634665046, 0.9524864438445506, -0.2892672254879294, 0.09536271048411535, -0.3044770967185359, -0.8961119856246625, 0.32291950513042134
0.0002844258015439374, 0.001176489390286492, 0.007010269814910818, 0.00016950243459363092, -0.3166538418853599, -0.9485411512887388, 0.9524870321667049, -0.2888546898754656, 0.09659928411334628, -0.30457909452749227, -0.9034895198928375, 0.3015597165083938
0.000284427342419449, 0.0011736108230742503, 0.007001647025301493, 0.008287334391287706, -0.28866684293754064, -0.9573937402537998, 0.9524977306895771, -0.28920337921813105, 0.09544358794607317, -0.3044329041347089, -0.912706337896964, 0.27255778771266104
0.00028450264963792365, 0.0011709877001277041, 0.006992947164024101, 0.014768383959195308, -0.25842528974513923, -0.9659183528929215, 0.9525532040520145, -0.29008017234099726, 0.09217313635142593, -0.3040136317428464, -0.921449870169158, 0.24187982239072123
0.0002846369099218133, 0.001168638339976904, 0.006984165941066197, 0.015147968715651194, -0.2424702425110289, -0.970040576749464, 0.9526338752845841, -0.29120998478413374, 0.08766666654036889, -0.3037420594913804, -0.9254214857342936, 0.22657412702527896
0.0002847746750112041, 0.0011664331641370815, 0.0069753437861438325, 0.008674379910997603, -0.24379075313697834, -0.9697890615067097, 0.9526996491515455, -0.29261916326581544, 0.08208168977388436, -0.30378962069116483, -0.9246297064092841, 0.22972107518858434
0.0002848535215318031, 0.001164217207165369, 0.006966528805246141, -0.004681240458238866, -0.2623653642931187, -0.9649572537719538, 0.9526900125476445, -0.2944343794550679, 0.07543299136901592, -0.30390759447526333, -0.9189520182328609, 0.2513311803298802
0.00028481102610931734, 0.001161835503618899, 0.0069577691043622505, -0.023913552780465988, -0.2947649137288019, -0.9552705311208274, 0.9525283364460597, -0.2968175058378413, 0.06774316567377907, -0.30350932483322135, -0.9083022700966099, 0.28786989400878155
0.00028459410153061366, 0.001159161632642292, 0.006949103655969292, -0.04242017205848408, -0.3206592941726503, -0.9462442317199224, 0.9521739763902531, -0.2998225345833389, 0.058916605818701805, -0.3025975011260046, -0.8984898801971675, 0.3180419587029004
0.00028420899915526296, 0.001156250596456632, 0.006940513381964867, -0.05762287011489225, -0.33246982769441275, -0.9413519100275782, 0.9516144368159812, -0.3033793051474771, 0.048897452404361975, -0.301843615938991, -0.8929864561576965, 0.33386467413578425
0.00028368520602983495, 0.0011532284385909904, 0.006931956472909524, -0.0695544420633173, -0.3304487383690062, -0.9412575688405341, 0.9508504108131498, -0.3073543905444807, 0.03764006999854052, -0.30173776005950076, -0.8923771119450359, 0.33558518178088886
0.0002830522633663781, 0.0011502213681811833, 0.006923391066374043, -0.07806066532349866, -0.3147364339764612, -0.9459637993374975, 0.9499096852344892, -0.31150242493935043, 0.025255279737473782, -0.30261877408212207, -0.8966087309326656, 0.3232872734710548
0.0002823413171679843, 0.00114735487107532, 0.006914775595776014, -0.05429289314243272, -0.2992219236719583, -0.9526376657199089, 0.9510108310058788, -0.3062906486102708, 0.042005212574246484, -0.3043528890346408, -0.9036881536060724, 0.30119269574197055
0.00028184785789548035, 0.001144635291693447, 0.006906117227023169, 0.047441778766287135, -0.30695037996256286, -0.9505423409129805, 0.9509956596161542, -0.27720682930643153, 0.13698039705414378, -0.30554301336919265, -0.9104602341819842, 0.27875729399346705
0.00028227753927093113, 0.0011418552344340598, 0.0068975081412955925, 0.12538578876718365, -0.3109523659590884, -0.94211837370878, 0.9441764300323467, -0.25419660381491144, 0.20955895490371668, -0.30464614382362404, -0.9158016776100655, 0.2617212531300919
0.00028341854057346567, 0.001139025591154116, 0.006888934934538171, 0.1350971128497024, -0.3031879025578579, -0.9433058177718622, 0.9432607151767217, -0.2520965421423645, 0.21611699758270456, -0.3033281940472637, -0.9189801027130186, 0.25192772279682846
0.0002846501922633006, 0.00113626149142877, 0.00688033501570954, 0.08052175623445344, -0.2753085519544188, -0.9579777909710018, 0.950035901386228, -0.26959027866643087, 0.15733044119245843, -0.30157591556716984, -0.9227818175870813, 0.23984512561339671
0.00028538143772937886, 0.0011337613207941025, 0.006871635293435581, -0.012844086375239401, -0.2232836346510786, -0.9746688914406724, 0.953991750932716, -0.2947540490220483, 0.054952613563310465, -0.29955762149796156, -0.9291202662099841, 0.21679659204049406
0.00028526483373164343, 0.0011317342584037868, 0.0068627868408567, -0.07325336094620533, -0.20238695181243316, -0.9765620650251354, 0.9512550166164617, -0.30831520345094693, -0.007458463850978504, -0.29957943599669873, -0.9295059209370714, 0.2151067280928861
0.0002845975707755205, 0.00112989072093325, 0.006853891362452307, -0.09794273132832565, -0.21433821925447005, -0.9718365856185751, 0.9494990115423871, -0.312628409542361, -0.026741440257467133, -0.29809201341192837, -0.9253770071240353, 0.234133607639284
0.0002837061597357945, 0.0011279399538647052, 0.006845046337921329, -0.11624524226506473, -0.2283198627609737, -0.9666214791321093, 0.9480527111057464, -0.31565732248694417, -0.039452651690570745, -0.2961133239416636, -0.9209942969580124, 0.25315292681506957
0.00028264919929448006, 0.0011258639543811786, 0.00683625732733251, -0.13251131872508612, -0.2396436299808088, -0.9617752757371962, 0.9465261410592077, -0.3185652022770248, -0.051034068912473925, -0.2941581457333852, -0.9171080320811826, 0.269042455368808
0.0002814448399168485, 0.0011236858985302983, 0.006827516013128919, -0.14674008499911345, -0.2483361250766005, -0.9574949171856696, 0.9449804634465142, -0.32129548908797406, -0.06149091311836956, -0.2923683826251811, -0.9138371724074582, 0.28181971394399846
0.0002801112320681717, 0.0011214289623596933, 0.006818814077753628, -0.15894177187499975, -0.25442907186980507, -0.9539409628172517, 0.9434694496500241, -0.32380219070230365, -0.07083458811533795, -0.29086579505042554, -0.9112727301328942, 0.2915117503392021
0.00027866652621372104, 0.0011191163219169918, 0.006810143203649706, -0.16913192247060652, -0.25795337655296163, -0.9512383761846043, 0.9420393912684158, -0.32604942894596795, -0.07907942325688012, -0.28975192510150705, -0.909478875735404, 0.29814760856165945
0.0002771288728187683, 0.0011167711532498225, 0.006801495073260224, -0.1773266593158713, -0.25893466080240435, -0.9494778024424883, 0.940729252550251, -0.32801087019798203, -0.08624002799285711, -0.28910850781690794, -0.9084941994680574, 0.30175248174749864
0.0002755164223485849, 0.001114416632405814, 0.0067928613690282505, -0.18353903285302445, -0.2573902164098047, -0.9487168702599793, 0.9395709378051648, -0.32966916964163273, -0.09232925549206789, -0.2889980557915565, -0.9083328217588035, 0.3023435275715194
0.0002738473252684426, 0.001112075935432594, 0.0067842337733968585, -0.1877764236632512, -0.25332730761885547, -0.9489811852354192, 0.9385895742174225, -0.33101552018095537, -0.09735674896836369, -0.28946437757796145, -0.9089851487312174, 0.29992728035223815
0.0002721397320436129, 0.0011097722383777919, 0.006775603968809117, -0.19003895931220666, -0.2467427591650945, -0.9502648076947444, 0.937803737250962, -0.33204936181995975, -0.10132804011272636, -0.2905328627568011, -0.9104181633263659, 0.2944985968451872
0.00027041179313936736, 0.0011075287172890354, 0.006766963637708095, -0.19031892003712278, -0.2376238010089847, -0.9525301243897463, 0.937225570750184, -0.332778275926838, -0.10424417779019271, -0.2922104348032344, -0.912575228825111, 0.2860411046106853
0.0002686816590209777, 0.001105368548213954, 0.006758304462536865, -0.18863944227866028, -0.2262952657817763, -0.9556179223421625, 0.9368737137588995, -0.3332029283460708, -0.10603514987592971, -0.2944194376810126, -0.915295723373795, 0.2748653006278492
0.00026696713091548544, 0.0011033117694796873, 0.006749618931206957, -0.1857760250663074, -0.21977432741189337, -0.9576985504433078, 0.9370096702205556, -0.333042475513921, -0.10533559425343844, -0.2958042366561514, -0.9169416309199889, 0.2678019773303818
0.000265278905281671, 0.001101314586834302, 0.006740915917770491, -0.18247907375848454, -0.22464091072694892, -0.9572031387683664, 0.9378698079242173, -0.33199972892710505, -0.10087816104846759, -0.2951298206288842, -0.9161400772917293, 0.27126693081809095
0.0002636210538309904, 0.001099273688379152, 0.006732219574789797, -0.17889982685794464, -0.23840619049065712, -0.9545456198034382, 0.9392675232462461, -0.3301834955001981, -0.09357018261248215, -0.29286749858094535, -0.9133133896067676, 0.28299696224506865
0.0002619960052369311, 0.0010971081097339614, 0.006723548895534982, -0.17555443442055976, -0.251430696755338, -0.9518210153618182, 0.9405536618924795, -0.32838475648177007, -0.08673096800483683, -0.2907566846281008, -0.9104647474996129, 0.2941334627419012
0.00026040126423365254, 0.0010948241068096144, 0.006714902528919466, -0.17258194009750183, -0.2616067809738777, -0.9496195902047662, 0.9415965736581965, -0.3268348826992442, -0.08108546063330907, -0.28915630103341505, -0.9081524385253046, 0.3027338467585285
0.00025883324573456977, 0.0010924472400770885, 0.0067062746210184935, -0.16999921143412702, -0.2689572611430566, -0.9480307272394711, 0.942406929212, -0.32557292258055437, -0.07662539954587494, -0.28804417696767204, -0.9064569839549929, 0.3088143266660964
0.00025728836465309753, 0.0010900030700073614, 0.006697659317907313, -0.16781770612736666, -0.27350183127492717, -0.9471187706932062, 0.9429941769682904, -0.32462703071654203, -0.07334352822204557, -0.2874007649851432, -0.9054358283265703, 0.31238879792420843
0.00025576303590265086, 0.0010875171570714115, 0.006689050765661166, -0.16604407636202775, -0.27525420953483953, -0.9469236953622144, 0.9433663106434395, -0.32401481990857134, -0.07123482591121999, -0.287209624922402, -0.9051240338279428, 0.3134662896372853
0.00025425367439664445, 0.001085015061740216, 0.006680443110355301, -0.16468063226475788, -0.2742203853339495, -0.947461592690796, 0.9435297356134643, -0.32374361818531666, -0.0702972808682249, -0.2874576966617276, -0.9055347867153312, 0.31204939140840204
0.0002527566950484933, 0.0010825223444847526, 0.00667183049806496, -0.16372564578641471, -0.270397929435142, -0.9487248666863377, 0.9434892206956865, -0.32381058751998876, -0.07053221846082797, -0.2881353906462511, -0.9066596181407596, 0.30813362927467797
0.0002512685127716123, 0.0010800645657759996, 0.006663207074865392, -0.16317348873116658, -0.2637763498796743, -0.9506820971383945, 0.9432479261772992, -0.32420268868471047, -0.071944189562667, -0.28923651625879493, -0.9084683009845531, 0.301707778767329
0.00024978554247941624, 0.0010776672860849344, 0.006654566986831841, -0.16300519666604027, -0.2543706318808382, -0.953270626577998, 0.9428105445660137, -0.3248917937231454, -0.07452247598204112, -0.2907534744676361, -0.9109011494162802, 0.29278236469619795
0.00024830428425440856, 0.0010753557733333143, 0.006645904441188159, -0.1626597016613502, -0.24404718711268208, -0.9560244724471378, 0.9423551043659459, -0.32558204674051566, -0.07722168164255311, -0.29241867028438473, -0.9134753972070865, 0.28293819107089113
0.0002468262260866744, 0.0010731381623667368, 0.006637217226311815, -0.16129526661705273, -0.235706533583542, -0.9583455884976799, 0.9421541341996093, -0.3258770630002741, -0.07842019651148657, -0.2938186930362305, -0.9155580646995285, 0.27463431283460443
0.00024536051774367803, 0.0010709962704190184, 0.00662850863148448, -0.15884904320830637, -0.22960850280428852, -0.9602327410121874, 0.9422281808349608, -0.32577021507700954, -0.07797321469016968, -0.2949119134796795, -0.9171443192914908, 0.268091888872271
0.00024391696001632303, 0.0010689096785088934, 0.0066197824134012545, -0.15532688361507938, -0.22576114055430255, -0.9617200562752385, 0.942569236633015, -0.32527853778245935, -0.07587560221283648, -0.2956971311654596, -0.9182732601321492, 0.2633200074942871
0.0002425053536955131, 0.0010668579676550952, 0.006611042328757233, -0.15073123625145057, -0.22416768452492725, -0.9628234228729805, 0.9431638161430004, -0.3244073934837786, -0.07212391400661408, -0.2961791861976159, -0.9189715405102563, 0.2603251762613913
0.00024113549957215165, 0.0010648207188763577, 0.006602292134247508, -0.1450613085088551, -0.224827304126166, -0.9635402950022689, 0.9439929700945542, -0.323150448180345, -0.06671626677883348, -0.29636883976855777, -0.9192532138427382, 0.25911202143867484
0.0002398171984371424, 0.0010627775131914145, 0.00659353558656718, -0.13831353640843602, -0.2277351910214875, -0.9638495984418933, 0.9450322211121194, -0.3214897476881363, -0.05965268804767258, -0.2962827479049138, -0.9191197010737094, 0.25968347731823105
0.0002385602510813889, 0.0010607079316189993, 0.006584776442411339, -0.13048763420619022, -0.23288058519868066, -0.9637113729518769, 0.9462507276703859, -0.3193971728909172, -0.0509412046633646, -0.29594347045092373, -0.918559785200076, 0.2620408046672382
0.00023737441050417784, 0.0010585915682620173, 0.006576018462716801, -0.1231311632508966, -0.23983522370353477, -0.9629734067499249, 0.9474163487127762, -0.31721720033059225, -0.04213680109087581, -0.29536583896624236, -0.9175251022645082, 0.2662831348138134
0.00023625535576824578, 0.0010564118703216845, 0.006567266657544585, -0.11995410516204698, -0.24761071288704867, -0.9614051942434783, 0.9480792293267076, -0.3158821417741077, -0.03693572021064067, -0.29454505185802865, -0.9159188868954337, 0.27264593350017374
0.00023516516446193177, 0.0010541614842579895, 0.006558529019235388, -0.1215002109497779, -0.25606935081187615, -0.958992276462091, 0.9482155340308166, -0.3155963145561431, -0.0358645683263205, -0.2934706114107728, -0.9136889261742009, 0.2811539550225516
0.00023406100580956567, 0.0010518344003204844, 0.006549813975768957, -0.12776516319879516, -0.26520144335717255, -0.9556904611400375, 0.9478144213343331, -0.31644042682493706, -0.038900886641759676, -0.292102526150406, -0.910787379530549, 0.29179181534859294
0.00023290004903547723, 0.0010494246087587229, 0.006541129955125036, -0.13869289988763508, -0.27500246466970596, -0.9513873679770746, 0.9468109339220617, -0.31849066163307427, -0.04596470230687757, -0.29036758587416694, -0.907158940251439, 0.3045477338538157
0.00023163985194388716, 0.0010469258701323214, 0.00653248542036463, -0.15218982635376568, -0.28669167094052617, -0.9458573584678293, 0.9454349749861319, -0.32117377306321027, -0.054773310739024306, -0.2880815246199986, -0.9025825686936739, 0.3199277134962624
0.00023025692406593973, 0.0010443207426174416, 0.006523890545523612, -0.1652729114829967, -0.30203651746203164, -0.938860376653175, 0.9441707643598891, -0.3235468378630014, -0.0621209420156804, -0.2850025130731243, -0.8967114284028394, 0.3386475774514607
0.00022875488328384877, 0.00104157576061865, 0.0065153579519983415, -0.1776800717600411, -0.3211137132953434, -0.9302235082134953, 0.9431081348411106, -0.325504786911807, -0.06777668990162439, -0.28102818025220977, -0.8893439249419627, 0.36068066911460117
0.00022713943319008545, 0.0010386562256752365, 0.006506900449484532, -0.18922593094551432, -0.3420720537531644, -0.920423955087489, 0.942223426697228, -0.32712683709126733, -0.07213214704690962, -0.2764209855288433, -0.8808942856527994, 0.3842091829505215
0.00022541761276949004, 0.0010355436150276144, 0.006498525250834136, -0.19923771950845834, -0.35598276048937166, -0.9130063555964085, 0.9411578047925816, -0.32906031835348293, -0.07707978569711645, -0.2729950871409187, -0.8746402581172852, 0.4005971808156556
0.00022360327019651675, 0.0010323018861060334, 0.0064902110304925235, -0.20760197977089154, -0.3601938304309743, -0.9094843717814335, 0.9397763177685788, -0.3315020299284992, -0.08322786020687847, -0.2715177536673019, -0.8719901425318678, 0.40732210935660673
0.00022171241840408928, 0.001029021218211424, 0.006481927390054867, -0.21437856682245063, -0.3547896156824327, -0.9100363502031464, 0.9380677212264007, -0.33439181653028627, -0.09061491836713886, -0.27215947619044967, -0.8731016216005368, 0.40450312468292876
0.000219761071225407, 0.0010257918015498177, 0.00647364392734314, -0.21955219958221273, -0.33969435432482753, -0.9145515716997324, 0.9360259411917665, -0.3376313382119545, -0.09930013531346539, -0.2750495756671513, -0.877845558795534, 0.39209043067674676
0.00021776524249366935, 0.001022703826327248, 0.006465330240179324, -0.22302237830973543, -0.3146913276574409, -0.9226214755089253, 0.9336528805179862, -0.3410781189622655, -0.10935271128613853, -0.2802736474831984, -0.8857962999823152, 0.36988051782177456
0.00021574094604207543, 0.0010198474827497455, 0.006456955926385382, -0.22460096614796612, -0.27949229602783543, -0.9335086836588555, 0.9309630742905708, -0.3445387960579137, -0.12083365557001319, -0.28785788214473024, -0.8962014698002074, 0.33758075362066836
0.0002137041957038247, 0.0010173129610233423, 0.0064484905837832954, -0.22364028229584862, -0.23648165681037916, -0.9455482272876679, 0.928246519975017, -0.3475146682807128, -0.13263466169903235, -0.29722621400021865, -0.90736430463291, 0.2972315534884075
0.00021167463649592204, 0.0010151668649839684, 0.00643990963364539, -0.2164529821517183, -0.21110762527115623, -0.9531955083140086, 0.928002096830614, -0.3477538580012069, -0.1337137334878514, -0.30324942670285737, -0.9135101667730084, 0.2711806785276909
0.0002097070098791337, 0.0010132478293654185, 0.006431244782579272, -0.201714236578408, -0.21697604218086947, -0.9551087707068319, 0.931343151602591, -0.34433177859771785, -0.11847176967820462, -0.30316876607682297, -0.9134314552101093, 0.27153577279651175
0.00020787241220514234, 0.001011274425063129, 0.006422558036621872, -0.18859742055434206, -0.2323750722482496, -0.9541660435992625, 0.9347676855041687, -0.3403384038209708, -0.1018780890170862, -0.30106541996288483, -0.9111375289615804, 0.2814036535305774
0.00020615712165657053, 0.0010091609774667645, 0.006413879911589497, -0.1869997103032964, -0.23428425285854834, -0.9540136252742908, 0.9351676867531976, -0.33984068008671675, -0.0998484341933868, -0.30081972342111557, -0.9108343433471916, 0.2826451715139212
0.00020445713629437947, 0.001007031135662168, 0.006405207121692301, -0.19743736983466895, -0.2215995655208227, -0.9549408974139452, 0.9324987978500557, -0.34297196605569674, -0.11320875632251688, -0.3024309458388298, -0.9128328779469289, 0.2743568113573239
0.00020266409274553675, 0.0010050186611659964, 0.0063965347481843475, -0.21954896501194307, -0.1943446421178777, -0.9560483314363655, 0.9263597187742594, -0.34892686572872994, -0.14180167067139954, -0.3060325528349227, -0.9167770734768617, 0.2566395802532052
0.00020067153395332947, 0.0010032548490462295, 0.006387857947961331, -0.24261528192910403, -0.16584617989961487, -0.9558414458408706, 0.9192074902538276, -0.3542986863300628, -0.17184304095904313, -0.3101538567158579, -0.9203083643418093, 0.23840532646478907
0.0001984677572122095, 0.0010017483983768393, 0.006379175637721871, -0.25189648358762234, -0.15587008972955255, -0.9551191950138432, 0.9162049518232886, -0.3562252072616121, -0.18349955848967855, -0.31163544055623094, -0.9213078295765876, 0.2325408251258284
0.00019617763554688784, 0.001000331302495304, 0.0063704921534178715, -0.24651192209220207, -0.16604752755460594, -0.9548089289797256, 0.9183339587601729, -0.35482631378668666, -0.1753882186249151, -0.3096685525756165, -0.9200687504950673, 0.23995599994200711
0.00019393666461176817, 0.0009988218108652838, 0.006361812252501615, -0.22698854095890122, -0.19464064747184798, -0.9542490349091735, 0.9250463530286702, -0.34951778041939036, -0.14875001149263686, -0.304574206100428, -0.9164891377001927, 0.2593881521115631
0.00019187367437824195, 0.0009970528151570187, 0.006353139539636669, -0.20300190754040243, -0.21972216411610343, -0.9542077321689937, 0.9317754214156041, -0.34288184321274856, -0.11927533542523172, -0.3009730711886552, -0.9133204323736354, 0.27433738029678795
0.00019002759576959333, 0.0009950546842431996, 0.006344462072001476, -0.18191023371324005, -0.22593819367918797, -0.9570060603294945, 0.9360278624325628, -0.3379672554370127, -0.09813243603569922, -0.3012648463069032, -0.9136356313593286, 0.27296414689537396
0.00018837286578501493, 0.0009929994579037525, 0.006335756752948636, -0.163933140538402, -0.2130833738829977, -0.9631829531339594, 0.9382539065819172, -0.33520698400560234, -0.08553294486710294, -0.30464000429521326, -0.9177318528026074, 0.25487784159182214
0.00018688251310495808, 0.0009910622695091479, 0.006327000242270724, -0.14893596369000128, -0.1809777642511561, -0.9721446021896041, 0.9388687154304782, -0.3344721596817779, -0.08157149982518928, -0.31039267695236344, -0.9248650838065303, 0.21972929447364445
0.0001855295664098738, 0.0009894182524298547, 0.006318169199760306, -0.13724214355811193, -0.13918130248461008, -0.9807105378603118, 0.9385552634244149, -0.3347934497700087, -0.0838293712813346, -0.3166679831146524, -0.9319559598123637, 0.17657711471284745
0.00018428231538878054, 0.0009881533784112737, 0.0063092565422629004, -0.13131294757793863, -0.12972481939417219, -0.9828165551269185, 0.9388965679331345, -0.33446045849238876, -0.08129844050436731, -0.31816685013020224, -0.933438628372648, 0.1657171763578383
0.00018308889348249302, 0.0009869743900166807, 0.006300324332390341, -0.1315178839573696, -0.1613229634882367, -0.9780991502147157, 0.9402576895838017, -0.33286507360282697, -0.07152845555382656, -0.314035863203404, -0.9290725182819465, 0.19546286704981936
0.00018189539168171092, 0.000985510412330626, 0.006291448253624482, -0.13319781530727456, -0.20357664129302688, -0.9699561294807201, 0.9419098346366227, -0.3304653624784753, -0.05998756218400728, -0.30832483748828826, -0.9216014297524827, 0.2357681048530535
0.00018068690880058288, 0.000983663393402931, 0.006282647993836298, -0.1335404471596723, -0.2367596287183131, -0.9623470409273162, 0.9433191086492332, -0.32807059727380705, -0.050187074647001596, -0.303835495341823, -0.9145023572487793, 0.2671505761865674
0.00017947393300505755, 0.0009815128562053919, 0.0062739067945040495, -0.1326265219720475, -0.2606811023144844, -0.9562717022717463, 0.9444672169690851, -0.3258910447972671, -0.042150954812635415, -0.30065242679923476, -0.9087576078454865, 0.28942655103269266
0.00017826738574890883, 0.0009791413541554953, 0.006265207275121706, -0.13055236023323483, -0.2755431244363232, -0.9523823117915413, 0.9453547110477114, -0.3240690101069328, -0.03582941512515695, -0.2987650440353252, -0.9050167198810096, 0.30279396493059196
0.0001770781884859107, 0.0009766314406707277, 0.006256532055183231, -0.1273741752697849, -0.28151069128823186, -0.9510665329853448, 0.9459890490330002, -0.3226959249370474, -0.03117786295857371, -0.2981283927840189, -0.9036697796869415, 0.3074091584461538
0.00017591726266983693, 0.0009740656691685761, 0.006247863754182593, -0.12310682009943641, -0.27865598007272274, -0.9524681388974202, 0.946382711833626, -0.32181715465257266, -0.028168807460635586, -0.2986711797067759, -0.9048671525373394, 0.30333308865260694
0.00017479552975446149, 0.0009715265930665267, 0.006239184991613756, -0.11772659932421795, -0.26693761528689897, -0.9564960832938622, 0.946552509706451, -0.3214346860772994, -0.026797181844499307, -0.30029784244974894, -0.9085285092562212, 0.2905118821815973
0.00017372391119355835, 0.0009690967657820668, 0.0062304783869706875, -0.11117763327974466, -0.24621271989564705, -0.9628181710062925, 0.9465199369323607, -0.3215069253936238, -0.027079621738476355, -0.3028853625513699, -0.9143372427532014, 0.2687896271558834
0.0001727133284409013, 0.0009668587407326826, 0.006221726559747351, -0.1033823836172105, -0.21628309150415007, -0.9708417518252042, 0.9463123301843089, -0.3219459813453269, -0.02904752720521979, -0.30627611153788586, -0.921722523010587, 0.23795489924822025
0.00017177470295026432, 0.0009648950713358612, 0.006212912129437717, -0.09438734803538144, -0.1777707462716052, -0.9795348846778681, 0.9459755484920611, -0.32259417822699893, -0.03260763452308917, -0.31019556764401374, -0.9296937979485955, 0.19861558818462435
0.00017091778915220607, 0.0009632811452266739, 0.006204019232499398, -0.08743220469252969, -0.15049757911928152, -0.9847365577969772, 0.945798372062673, -0.3229032490584306, -0.03462558520959322, -0.3127635672296267, -0.934389624528625, 0.17057250829794937
0.00017012319983382532, 0.0009619134138600581, 0.006195069885368142, -0.08603408963620941, -0.1552771053576057, -0.9841174502935265, 0.9460468987383764, -0.3224629107169742, -0.03182666491225579, -0.3123994251082562, -0.9337594399863918, 0.1746422269336122
0.00016934126018351524, 0.0009605021439090666, 0.006186125518568883, -0.08782669644040315, -0.18052633330302423, -0.9796411150908941, 0.9466193287936977, -0.3213313322003737, -0.025651925863423165, -0.3101585364721319, -0.9296001387319704, 0.19911118583084875
0.0001685433481582671, 0.0009588620488348522, 0.006177225406668523, -0.08796159916934829, -0.20209711624721804, -0.9754073573005944, 0.9472294667098806, -0.31998545087856134, -0.019121940867992664, -0.30825167390962555, -0.9256165873787063, 0.21957877561666028
0.00016774410683351718, 0.0009570257433510627, 0.006168362608859233, -0.08592651083011604, -0.21730465917822755, -0.9723144140842489, 0.9478296553525187, -0.3185291832142578, -0.012573936344011157, -0.3069781411939414, -0.9226688704732008, 0.23333790152656392
0.0001669630935419351, 0.0009550505924284743, 0.006159524934971857, -0.08174838008826557, -0.22621093583456583, -0.9706419601798566, 0.9484053584185218, -0.31700364742865744, -0.0059969692314343365, -0.30634046170230245, -0.9210522786605424, 0.2404541983377351
0.00016621986561619046, 0.0009529939610378638, 0.006150700194837236, -0.07543905371294038, -0.22885691366790267, -0.9705325662961024, 0.9489420796963068, -0.3154497425429053, 0.0006239481250338804, -0.30629704300979477, -0.9209321218178987, 0.24096918568032516
0.000165533980388953, 0.0009509132141500082, 0.006141876198286214, -0.06739843434862965, -0.22585979263766992, -0.9718255013720427, 0.9494137667838036, -0.3139471457777483, 0.007119627756751341, -0.30670987999857924, -0.9221846581502395, 0.23559394258678024
0.00016492131076909208, 0.00094886008881209, 0.006133042047074082, -0.05995520979567116, -0.2207524727740477, -0.9734853458488734, 0.9497547225218038, -0.31274837106826586, 0.012426722885697065, -0.30719918597855805, -0.9238272577480543, 0.22841159772617
0.00016437639541598016, 0.0009468537342006733, 0.0061241943237020785, -0.05395005043832852, -0.2148102621483118, -0.9751645724355841, 0.9499679815392468, -0.31192918643679485, 0.01615601123819409, -0.3076527687311642, -0.9255035029240316, 0.2208914664884001
0.0001638861122292571, 0.0009449015977520285, 0.006115332296877846, -0.04938619807870676, -0.2080379676163841, -0.9768731788054041, 0.950078695286919, -0.3114732036517007, 0.01830071498198653, -0.30807706211471914, -0.9272025924451411, 0.21303491817486878
0.00016343732915471322, 0.000943011111698011, 0.0061064552387992905, -0.04626473729168952, -0.20043706279503734, -0.97861358969791, 0.950105047563363, -0.3113597451771737, 0.01885491123886058, -0.30848010094323874, -0.928913393670962, 0.204841241894169
0.00016301691413813887, 0.000941189708270476, 0.006097562421664314, -0.04458591257574952, -0.19200759846916862, -0.9803801194077172, 0.9500581963136737, -0.31156399523774947, 0.01781293037938624, -0.3088713648381748, -0.9306239621896668, 0.19630975773356002
0.00016261173512532436, 0.0009394448197012794, 0.006088653117670822, -0.04434917774173114, -0.18274856369014464, -0.9821589040999534, 0.9499422689668374, -0.3120570034609198, 0.015169450257942897, -0.30926175978250053, -0.9323215052009584, 0.18744005675428693
0.00016220866006205992, 0.000937783878222277, 0.006079726599016716, -0.04557970178214506, -0.17275241644605918, -0.983910104327371, 0.9497544402771143, -0.3128053177513625, 0.01092411828819885, -0.3096594806547284, -0.9339750723646303, 0.1783299476872221
0.00016179431635082167, 0.0009362134669524149, 0.006070782333297288, -0.0512184467408633, -0.17240438291811577, -0.9836937528845434, 0.949488851878099, -0.3137516578485183, 0.00555133826349375, -0.30959262083044353, -0.9337219211028143, 0.17976591217304577
0.0001613287821880734, 0.0009346464508642076, 0.006061841354474428, -0.06674135970439159, -0.20086087254426993, -0.9773435940269746, 0.9491192285188941, -0.31491694362690725, -9.312564958232676e-05, -0.30776335220508033, -0.9276218132932418, 0.21165890140046043
0.00016072260741945742, 0.000932822142916665, 0.006052964684451647, -0.08854390534722685, -0.2381146373310102, -0.9671925332189981, 0.9483637583560329, -0.3170637369727694, -0.008761765443253576, -0.30457537435367527, -0.9180261467875432, 0.2538933538943755
0.0001599179286450257, 0.0009306581792447399, 0.006044174928689033, -0.110623563041491, -0.2538494914460025, -0.9608969054964279, 0.9467144189850505, -0.3211679317907577, -0.024144740111372177, -0.3024801418040592, -0.9123659327714145, 0.27585171475331294
0.00015891169142116617, 0.0009283491521213324, 0.006035434564448195, -0.13235953922505983, -0.2595928521289538, -0.9566046746173076, 0.9443887485095914, -0.32611569617901265, -0.0421716064925879, -0.3010163518226503, -0.9089885058840035, 0.2883210920244118
0.00015770700807161948, 0.0009259864422747128, 0.006026727933023236, -0.15363789801527272, -0.26270615173396916, -0.9525654172468038, 0.9416056849923603, -0.33123419064777826, -0.060519789622728914, -0.2996233139852717, -0.9062391454726727, 0.2982557307570857
0.00015630795078737166, 0.000923594187759726, 0.006018053682705198, -0.17447404753576845, -0.26327634084263246, -0.9488120862894824, 0.9383572430980283, -0.3364746211925005, -0.07918657473859633, -0.29840323567608035, -0.9041406957138237, 0.30575335041854945
0.00015471860064842822, 0.0009211959039186121, 0.0060094105942775835, -0.1948849064071911, -0.26131533783044003, -0.9453751464203105, 0.9346315764188313, -0.34179199741307315, -0.09819392478779997, -0.29746208097085364, -0.9027139772480235, 0.31084366756545734
0.00015294303873479448, 0.0009188151060936096, 0.006000797448523891, -0.21488530954338958, -0.2568267795814687, -0.9422655193905024, 0.9304155868488714, -0.3471384770494198, -0.11756578371481978, -0.29690257575695095, -0.9019616860164412, 0.3135505979379834
0.00015098534612647597, 0.0009164753096269583, 0.005992213026227626, -0.23448588993081373, -0.24980589653634833, -0.9394750563367957, 0.925695098425025, -0.35246263342168915, -0.13732689755955133, -0.2968247836270378, -0.9018686745292351, 0.3138916082466095
0.00014884960390347806, 0.0009142000298608967, 0.005983656108172284, -0.25369106682506565, -0.24024012810880785, -0.9369767998512148, 0.9204551912693053, -0.35770869403005834, -0.15750152723290298, -0.297326560331476, -0.9024018899922439, 0.3118777732700417
0.00014653989314580628, 0.000912012782137665, 0.005975125475141372, -0.2724971196904113, -0.22811049010880707, -0.9347250526559934, 0.9146807105994836, -0.3628158008708638, -0.1781120217606252, -0.29850379799535787, -0.90350998829053, 0.30751452590340034
0.00014406029493346597, 0.0009099370817995018, 0.005966619907918391, -0.29089034402592295, -0.2133937262469266, -0.9326553089705393, 0.9083569679456995, -0.3677173542471721, -0.1991772230199909, -0.3004503728354746, -0.9051226795213517, 0.30080310583355496
0.0001414148903464626, 0.0009079964441886465, 0.00595813818728684, -0.30580976767947315, -0.19893652660077485, -0.9310771420112545, 0.9026568155901723, -0.3716018623970184, -0.21707770298139126, -0.3028053157730828, -0.9068276099938106, 0.2932108908149168
0.00013863533607028487, 0.0009061882780290204, 0.005949675477049797, -0.27804741661041665, -0.22227640924701778, -0.9344960310287709, 0.9127851527258753, -0.3641553129326685, -0.1849707355937982, -0.29918706369004977, -0.9044247375847051, 0.30414305016778465
0.00013610819972896017, 0.000904168037026694, 0.005941181965728505, -0.24074644089629213, -0.2754032192587916, -0.9306955560319724, 0.9267577765610142, -0.3501303664318058, -0.13612035147623888, -0.28837679306673336, -0.8952998343148644, 0.339524714706195
