0.0029974619392305613, 0.012073300778865814, 0.07339093089103699, -0.2536474848857268, -0.3795428682917802, -0.8897247689819551, -0.8365207668892264, 0.547914650624216, 0.004747862087689904, 0.4856912187534436, 0.7454775293462518, -0.45647266431365074
0.0029658603380387162, 0.012016175994023812, 0.07332806468345393, -0.19772832186851394, -0.24512282752278208, -0.9491144873819479, -0.8321322606958996, 0.553746443540543, 0.030344307132170616, 0.518130689537102, 0.7957887129718771, -0.3134659676366331
0.0029478430506694815, 0.011988679942296973, 0.07326843782365966, -0.1267309609002663, -0.08266963616506792, -0.9884862137660951, -0.8296517304588128, 0.5550535100049295, 0.059946702810955446, 0.5437069704316772, 0.8276964010357559, -0.13892947137473938
0.0029416263673290653, 0.011986758059014, 0.07321158318466231, -0.04402853492186794, 0.09739933147357262, -0.9942710185563768, -0.8296035348294807, 0.5509358182692041, 0.09070666539165279, 0.5566142857590565, 0.8288444331577208, 0.05654593276613058
0.002945426578223673, 0.012006355779503588, 0.07315703363946995, 0.04161126593471317, 0.27454016211097426, -0.9606748679628246, -0.8316384370182539, 0.5424195421873829, 0.11898970681141233, 0.5537562754688622, 0.7939828333416977, 0.25088891513485323
0.0029574599735595103, 0.012043418539094429, 0.07310432206109059, 0.11953534548253637, 0.42710076425598764, -0.8962679500865363, -0.8344644554449198, 0.5323481642876563, 0.1423885689884406, 0.5379408645747078, 0.7308832801148989, 0.42003482840010087
0.0029759428435427804, 0.01209389177311521, 0.07305298132253232, 0.1826761135976685, 0.5432139581477471, -0.8194803433849462, -0.8367781957023486, 0.5234960547348159, 0.16048093928627422, 0.5161702129317168, 0.6564072488558764, 0.5501798205418714
0.0029990914783796906, 0.01215372091689463, 0.0730025442968032, 0.22757179912399403, 0.6178626554331146, -0.7526332541580985, -0.8385563436371934, 0.517256544874588, 0.17108163352687697, 0.4950094289902867, 0.5921920345677943, 0.6358256517357306
0.0030251221682764473, 0.01221885140576138, 0.0729525438569113, 0.25338971609727307, 0.651283732452513, -0.7152783735154215, -0.8387899003831655, 0.516262477487204, 0.17292934208506536, 0.48189745256780797, 0.5561497587714102, 0.6771058196671771
0.003052251203439255, 0.012285228675044155, 0.07290251287586469, 0.25834164080557953, 0.6409215683842614, -0.7228271852979379, -0.8364643565298616, 0.5227350035843182, 0.16454633475950609, 0.4833083662435046, 0.5621100063222157, 0.6711522658171342
0.003078694874074319, 0.01234879816007165, 0.0728519842266714, 0.2448807028700404, 0.5904580477953116, -0.7690206337645463, -0.8322163838218783, 0.5349548209756347, 0.1457368519399352, 0.49744279255037055, 0.6043034281788215, 0.6223889738989702
0.003102669470387845, 0.012405505296172558, 0.07280049078233954, 0.21854107096422734, 0.5070178414677537, -0.8337701774081323, -0.8273591025291213, 0.5493141704400598, 0.11717874216749344, 0.5174134862602787, 0.6642189778884134, 0.5395335333868098
0.00312239128258604, 0.012451295518675569, 0.07274756541587715, 0.18371829979285023, 0.39531707918613723, -0.8999844405460385, -0.8224908591552701, 0.5631971233519841, 0.07948450700655729, 0.5382902311274559, 0.7256262172439688, 0.42861430204900863
0.0031360766008751073, 0.01248211426290938, 0.07269274100029229, 0.1458377099962715, 0.26453895621993156, -0.9532840620639331, -0.817983198949424, 0.574223967345516, 0.03420996291203617, 0.5564484240066734, 0.7747812439444085, 0.3001319300781651
0.003141954459434563, 0.012493931379552648, 0.07263555377136574, 0.10870263662096397, 0.12673077532602367, -0.9859630050751983, -0.8141480303498756, 0.5804596833339672, -0.015150600689368573, 0.5703917263329377, 0.8043667488211428, 0.16627510914696683
0.0031400459142492555, 0.012486149937360096, 0.07257601282855797, 0.07520642047686817, -0.006216722801560967, -0.9971486081205072, -0.811001576168858, 0.5814451357477728, -0.06479195603531342, 0.5801900014397735, 0.813561863949425, 0.038686635372605874
0.003133995687310241, 0.012465115351210287, 0.07251508345391351, 0.04735091532200124, -0.12556667537232066, -0.9909545402560659, -0.8082991147338575, 0.578046596925452, -0.11186899884850272, 0.5868649179654811, 0.8062847771221073, -0.0741243970803324
0.0031278853641107, 0.01243801007290414, 0.07245384620789773, 0.02645220060652698, -0.22638884567762305, -0.9736777555412394, -0.805823880605097, 0.5715671364519934, -0.15478656910278363, 0.591564159267289, 0.7887072328062052, -0.16731032959612432
0.0031248575980952287, 0.012410598606126595, 0.07239314623475879, 0.01425137505822009, -0.3051602201945475, -0.9521943805335995, -0.8035047086106017, 0.5632973360615194, -0.1925520564070596, 0.5951277858994166, 0.767836799845391, -0.23716991220145803
0.0031249415945378005, 0.012383943614877463, 0.0723330480512317, 0.01426224470242738, -0.35561643724031783, -0.9345231607298725, -0.801227816222967, 0.5550710314151912, -0.2234505238173572, 0.5981894138871262, 0.7519528573309493, -0.2770132225457794
0.0031275220717819126, 0.012358134477570849, 0.07227345458336408, 0.026820744753774297, -0.3742910416984134, -0.9269233321883582, -0.7989867583436108, 0.5492236263383445, -0.24489501477842904, 0.6007502040302787, 0.7471677351010784, -0.28432299938890554
0.0031319837481710608, 0.012333260572620875, 0.07221426875720363, 0.04370851818393021, -0.37210638539775276, -0.9271603978731965, -0.7973234674941418, 0.5461960419159886, -0.25679792051032235, 0.6019674855183487, 0.7504709999337262, -0.27281573385197205
0.0031377113420487423, 0.012309411278441647, 0.07215539349879796, 0.05740075028186656, -0.3598458755266874, -0.9312443823903104, -0.7966204646953366, 0.5457182274726787, -0.259975867019736, 0.6017482771854562, 0.7567711424668025, -0.25533595288134797
0.0031440895717584514, 0.012286675973447273, 0.0720967317341947, 0.06260248018562815, -0.3445411540990092, -0.9366815481297424, -0.7969026778638999, 0.5477682858605729, -0.2547469862799466, 0.600855266672394, 0.762391827171234, -0.24027411507391702
0.003150503155643688, 0.012265144036051874, 0.07203818638944157, 0.058190067726923554, -0.32736987549671903, -0.9431027943099303, -0.7978734542258658, 0.552542728965455, -0.24102797287678704, 0.6000098891348553, 0.7665021182519135, -0.22904723455153983
0.0031563368120479445, 0.012244904844669552, 0.07197966039058612, 0.04401156592745292, -0.3083023939041409, -0.9502697595828195, -0.7991076347928232, 0.5599995649368857, -0.21869493658134492, 0.5995748244218008, 0.7689929266147216, -0.2217203390221386
0.0031609752593147198, 0.012226047777714426, 0.07192105666367606, 0.02033045536746387, -0.2874788203131653, -0.9575711986353299, -0.8000639532847057, 0.5696905246791157, -0.18801695866405854, 0.5995701320437835, 0.7699406691182019, -0.21841937368011868
0.00316380321578751, 0.012208662213600606, 0.07186227813475904, -0.010258003297772406, -0.26677073017024444, -0.9637054274480235, -0.8000834677218104, 0.580281979327229, -0.1521159726863555, 0.5998009820320284, 0.7694843741054836, -0.21939138533886518
0.003164205399809811, 0.012192837530742203, 0.07180322772988267, -0.0440892889181501, -0.24901322135146273, -0.9674960207643539, -0.7988228403329132, 0.5903655077462124, -0.11554495673119558, 0.5999485014275383, 0.7677636243374156, -0.22494624419875703
0.003161566529725119, 0.012178663107553328, 0.07174380837509461, -0.07743469363035209, -0.23694914581828844, -0.9684311903890523, -0.7965209010925455, 0.5989079231284848, -0.08284777448214392, 0.5996318223252439, 0.7649603923798332, -0.2351111986805368
0.0031552713238769303, 0.012166228322448095, 0.07168392299644252, -0.10721177388689515, -0.2297658346954927, -0.9673227469395667, -0.7937781522000659, 0.6056351319017501, -0.05587783188527291, 0.5986834561184018, 0.7618489011694073, -0.24731431652270433
0.003144881568648926, 0.012155486877232032, 0.07162351982896972, -0.13233278130909115, -0.22646268150745166, -0.9649884397625988, -0.7911283728726614, 0.6106583288647753, -0.03481814216662237, 0.5971632378394165, 0.7588221525973885, -0.25997116782560736
0.0031314242012990823, 0.012145269816558757, 0.07156292201735608, -0.1521603897081043, -0.22663973226356088, -0.9620195671416353, -0.7889957212440366, 0.614077133786618, -0.019875251420161073, 0.5952587400975146, 0.7560050962261522, -0.2722559950076511
0.0031166495114365333, 0.012133853923603014, 0.07150263780105366, -0.16607205673544234, -0.22988757739678414, -0.9589430503060635, -0.787693376122229, 0.6159647448390212, -0.011250703469746725, 0.5932615082615968, 0.7534846613395904, -0.28337545402017134
0.00310229451560359, 0.01211971247288853, 0.07144308854461227, -0.17343512333948286, -0.2357787943020666, -0.9562053221718033, -0.7874387221401116, 0.6163250626752133, -0.009147458266793505, 0.5914900817989822, 0.7513666064417944, -0.29255376575524566
0.0030895585460638817, 0.012103536969840092, 0.07138379380438144, -0.17361916511612044, -0.24383698940184872, -0.9541487871940224, -0.7883539669110571, 0.6150686410808841, -0.013732793398085795, 0.5902155609266679, 0.7498227052832939, -0.2990175618281667
0.0030784614854855144, 0.012086142201302405, 0.07132447842389962, -0.16628803183783275, -0.25357385726641857, -0.9529158354117796, -0.7903967035315056, 0.6120870216834776, -0.02495052971740596, 0.5895942176735022, 0.7490325605724226, -0.30220668703437215
0.0030688018246269036, 0.012067977677866458, 0.07126508460715689, -0.15334912317798233, -0.26316827793307984, -0.9524843851267492, -0.7929733218484507, 0.6079221257598371, -0.04029888147671183, 0.5896417194001603, 0.7491149087432302, -0.3019097485034968
0.0030603780542464666, 0.012049492910123246, 0.07120555455814331, -0.13770719503627685, -0.27006612150165193, -0.9529433448281674, -0.7953475697511958, 0.6035507071254899, -0.056114055451267145, 0.5903041349390223, 0.7501938642413547, -0.29790970834888275
0.003052988665102619, 0.012031137408663762, 0.07114583048084899, -0.12219924397849358, -0.27208327213798655, -0.9544831259869244, -0.7970286793258212, 0.5999879810976977, -0.06899062885961965, 0.5914495997996969, 0.7523198226558935, -0.2901762487451088
0.0030464323930582578, 0.012013358820741685, 0.07108585492557014, -0.10897826768682342, -0.27065536715787153, -0.9564880602499003, -0.7980775095608582, 0.5974674038406345, -0.07813443594901212, 0.5926179426115255, 0.7548366535725262, -0.2811149240405299
0.003040534780086588, 0.011996401007756627, 0.07102560831673854, -0.09829531259891829, -0.26740684945885107, -0.9585570449292897, -0.7987324146419256, 0.5957530706033154, -0.08429002709099313, 0.5936030334502681, 0.75734526850652, -0.2721462528667763
0.003035171962316772, 0.011980123203381073, 0.07096514256285827, -0.0900124882197875, -0.2633462309156248, -0.96049284985731, -0.7991390995308733, 0.5946482691532861, -0.08814837261110427, 0.5943689523902369, 0.7596329367895625, -0.26397604016083903
0.0030302256891471145, 0.01196434196800024, 0.07090451750337584, -0.08398974051694068, -0.2594773558784573, -0.962090029713551, -0.7993888122206609, 0.5939727762940042, -0.09040944595579443, 0.5949144899767848, 0.7614905401959484, -0.25731091466889805
0.003025577709975919, 0.011948873861999334, 0.07084379297773764, -0.08008787341987163, -0.2568000753355619, -0.9631405161443123, -0.7995472707573819, 0.5935503234190243, -0.09177241085202946, 0.5952395268759499, 0.7627265138152872, -0.2528599825351453
0.003021109774201491, 0.011933535445763565, 0.07078302882539021, -0.07816907620897719, -0.256307249801113, -0.9634293898485893, -0.7996752085926809, 0.5931978294364115, -0.09292952122001996, 0.595322732882667, 0.7631663834651785, -0.25133227978473616
0.0030167036312221335, 0.011918143279678148, 0.07072228488577996, -0.07798924761633695, -0.2585004736069714, -0.9628578204497324, -0.7998148512766894, 0.592783182871844, -0.09436260796297033, 0.5951587023084556, 0.7627487156654527, -0.2529832322847062
0.003012241030436152, 0.011902513924128286, 0.07066162099835338, -0.07903044761912591, -0.2628767330411665, -0.961587235551057, -0.799978989507417, 0.5922716995181143, -0.09616574388323831, 0.5948006428172491, 0.7616495632346466, -0.2571033607883404
0.0030076037212418494, 0.011886463939499188, 0.07060109700255687, -0.08073175044140042, -0.26880603403768627, -0.959805032564217, -0.8001780330337979, 0.5916370480590566, -0.09839064393593436, 0.5943042149613528, 0.7600716541411711, -0.26285657809968255
0.00300267345303753, 0.01186980988617607, 0.07054077273783697, -0.08253244196430012, -0.2756596376279455, -0.9577056751456782, -0.8004191773474932, 0.5908552831959082, -0.10108993448333668, 0.5937318726140375, 0.7582227894902085, -0.2694079897477346
0.002997332319609076, 0.01185236870792488, 0.07048070790848761, -0.08387277227814331, -0.2828127900650203, -0.9555010642830375, -0.8007061492351569, 0.5899047316829382, -0.10431716117249025, 0.5931568263515016, 0.7563262082684425, -0.2759268853136556
0.0029915573299006417, 0.011834063010406274, 0.07042092497001295, -0.08419446909413773, -0.28964603579518206, -0.953423549804646, -0.8010411233102369, 0.5887630568476581, -0.10812576777658078, 0.592658763657326, 0.7546278797126021, -0.28158897886926
0.002985549188181428, 0.011815064422432834, 0.07036135859025186, -0.08300503287172757, -0.2955533849284957, -0.9517133818410204, -0.8014216267012116, 0.5874193182364901, -0.11252520081368958, 0.5923120299078413, 0.7533835286359039, -0.28562163434615206
0.0029795408053436175, 0.011795580426024037, 0.07030193079777936, -0.08039879068503382, -0.30000974424549004, -0.9505420494718473, -0.8018092388161159, 0.5859883347590795, -0.11713076485450777, 0.5921469234957699, 0.7527362253034171, -0.2876633381410607
0.002973765092279394, 0.011775818503199356, 0.07024256362117044, -0.07678324168757897, -0.3025322065386658, -0.9500413663640088, -0.8021499307431815, 0.5846620314181821, -0.12134989751406312, 0.5921653674478573, 0.7527579777224622, -0.28756843458650594
0.0029684549598809357, 0.011755986135978258, 0.07018317908900014, -0.07256860860427902, -0.3026369676460331, -0.950339235672848, -0.8023971032786434, 0.5836405772302833, -0.12458958728699476, 0.5923619549694942, 0.7535081568399348, -0.2851890107988095
0.002963843319040427, 0.011736290806380216, 0.07012369922984346, -0.06827547222196086, -0.3000441588803047, -0.9514788293045088, -0.8025181870300996, 0.5831076030054094, -0.12629363722376555, 0.5927082076188843, 0.7549563073708943, -0.2806028413650033
0.0029601227767324934, 0.011716934492093463, 0.07006405077952718, -0.0643571043402211, -0.2952878427402424, -0.9532382981451993, -0.8025287070306298, 0.5830624548855685, -0.1264351537135137, 0.5931322259940758, 0.7568640985227324, -0.2745011818821267
0.0029571175599640703, 0.011698068860923503, 0.07000420349841129, -0.06106639845932624, -0.2892109601858577, -0.9553156104071476, -0.8024624956518513, 0.5833941648061357, -0.1253203556584235, 0.5935695730505475, 0.7589520860887896, -0.2677067294075089
0.0029544544971736504, 0.011679818621829829, 0.06994415020180465, -0.05865370682883889, -0.28266427441505987, -0.9574239659861478, -0.8023434458341159, 0.5839960358176953, -0.12326242361828761, 0.5939736842674713, 0.760953045935572, -0.2610473602224345
0.002951758540318963, 0.011662308227499776, 0.06988388392417758, -0.05737077587260159, -0.2765049237168152, -0.95929850476071, -0.802188550898099, 0.5847689470857701, -0.12057697679162357, 0.5943081043396461, 0.7626206827017991, -0.2553577322730964
0.0029486800567865828, 0.011645636413619332, 0.06982340310815105, -0.05747063116123855, -0.27159578931372863, -0.9606939438660898, -0.8020123160414687, 0.5856200539329929, -0.1175814498520821, 0.594536265901188, 0.7637308947912028, -0.251479122134822
0.002945134270904531, 0.011629633916213236, 0.06976276255527089, -0.059142587060291296, -0.26878094617042064, -0.9613838761761866, -0.8018324456045894, 0.5864507447015647, -0.1146309435307215, 0.5946149035901969, 0.7640892140416025, -0.25020149762482885
0.002941193793222114, 0.011613972217583217, 0.06970205055730665, -0.06199098272588275, -0.2683873528202495, -0.9613143850514347, -0.801678600560932, 0.5871266211277174, -0.11222188808701844, 0.5945322022088836, 0.7637084257812589, -0.251556953645425
0.0029369333129018816, 0.01159832069675352, 0.06964135584833611, -0.06530894092500551, -0.2701561765899393, -0.9605989706873309, -0.8015797683108493, 0.5875425534559935, -0.1107412430539588, 0.5943102028991082, 0.7627643070626186, -0.2549235073532929
0.0029324275191063833, 0.01158234873274838, 0.06958076716243707, -0.0683868167690959, -0.27379442026904566, -0.9593538756484634, -0.8015683504282796, 0.5875928926255538, -0.11055664669128266, 0.593979311831546, 0.7614270864406333, -0.25964854929433284
0.0029277511009981674, 0.011565725704592033, 0.06952037323368729, -0.07055472440448596, -0.2789696105871089, -0.9577045406768644, -0.8016748803581377, 0.5871780560463791, -0.11197909046050013, 0.5935818537210961, 0.759867019199065, -0.2650711151116909
0.0029229786979028892, 0.011548128613852189, 0.06946026065825986, -0.07156428430852554, -0.28492386333801584, -0.9558749632205815, -0.8018849391913132, 0.5863568873274719, -0.11474382328379362, 0.593177121532475, 0.7582901771645062, -0.2704383658179242
0.0029181831799255753, 0.011529505064065125, 0.06940044013624234, -0.07141919976494161, -0.29064916492246384, -0.9541605529651757, -0.8021520540835291, 0.5852946267133291, -0.11824670003885848, 0.5928333492934674, 0.7569367627948713, -0.27494609852680296
0.0029134352117162992, 0.011510139982693972, 0.06934082775804234, -0.0701281709025757, -0.29513971267000894, -0.9528770065705876, -0.8024302182688101, 0.5841666802443843, -0.12188123112819707, 0.5926109891445897, 0.7560699965593924, -0.27779556484535767
0.002908805319510734, 0.011490339467658305, 0.0692813336763621, -0.06770088747804816, -0.2973942115146526, -0.9523514439492717, -0.8026777209688821, 0.5831573773350629, -0.12504379040917024, 0.5925580698082561, 0.7559657110063055, -0.27819197991287375
0.0029043640295445604, 0.011470409616877706, 0.06922186804390386, -0.06414681079486885, -0.2964110504005159, -0.9529038124938478, -0.8028494235514078, 0.5824679287329936, -0.1271373867148002, 0.592720836286375, 0.7568828186700761, -0.27533690096683594
0.0029001818680534524, 0.011450656528271753, 0.06916234101336981, -0.06015820233883005, -0.29129960879797734, -0.9547384608391483, -0.8028675394968133, 0.5824465189590133, -0.12712107053852523, 0.5931144111499007, 0.7588811438339164, -0.2689139357110999
0.002896329361273086, 0.011431386299760024, 0.06910266273746216, -0.0593610971865127, -0.28213877250391817, -0.9575353639374349, -0.802580708294659, 0.5838755641772645, -0.12228463611559874, 0.5935827379683953, 0.7612404604372153, -0.26109862998353683
0.002892877035439139, 0.011412905029262102, 0.06904274336888318, -0.06272212319155734, -0.27035688828053994, -0.9607148839388338, -0.801996312426529, 0.5865978496543776, -0.11271591562467813, 0.5940268092574547, 0.7634200126667653, -0.2536178900300286
0.002889895416787287, 0.011395518814697563, 0.06898249306033505, -0.06868712085451995, -0.2578804248766318, -0.9637322065253213, -0.80120606597961, 0.5898491682039292, -0.10073131889640813, 0.5944332757056873, 0.7652291455731288, -0.24713040181091786
0.002887455031553206, 0.011379533753985985, 0.06892182196452, -0.07576792313626064, -0.2465434014733613, -0.9661653963031188, -0.8003102921384715, 0.5930095728767395, -0.08856118096424341, 0.5947795037834208, 0.7665220138172759, -0.2422423253947498
0.0028851966241511787, 0.011365190831947215, 0.06886070112257993, -0.08391131960284477, -0.2364689034465178, -0.9680089607773839, -0.799289855932746, 0.5960788585005655, -0.0763264086124383, 0.5950584985070958, 0.7673150931341467, -0.2390249593724815
0.0028809178256452225, 0.011352391627170347, 0.06879937850072655, -0.09374646051188691, -0.2269542305694187, -0.9693829884870769, -0.7980439971591667, 0.5992833383737278, -0.0631289073710288, 0.5952624461023164, 0.7676921632883087, -0.2373001531520865
0.0028740804587652356, 0.011340507848196414, 0.06873807171633806, -0.10447314645767208, -0.219139007020765, -0.9700842526663274, -0.7966811450314155, 0.6023064189708028, -0.050260628905737154, 0.5953020366340657, 0.767596947146431, -0.23750876175588317
0.002865722828271686, 0.011328603358454186, 0.0686769186500478, -0.11564117665694643, -0.21399084237982569, -0.969966513668884, -0.7953189176946411, 0.6049581965480262, -0.03864452854395207, 0.595058768037596, 0.7669638190990057, -0.24014904283516558
0.0028568488452033755, 0.011315817559482494, 0.06861604263352049, -0.12740331264214574, -0.2119048870196176, -0.9689503159527896, -0.7939990533000328, 0.6072550600088007, -0.02840414498553626, 0.5944189593935066, 0.7657268513973576, -0.24561858594705302
0.002847563379942128, 0.01130239281851872, 0.06855539297525014, -0.13924329121397724, -0.21314854520644905, -0.967046536381923, -0.7928228411981636, 0.6091206128741041, -0.020100284732988763, 0.5933323253678086, 0.7638977527446001, -0.2538049940906974
0.002837541333106508, 0.011289084216008398, 0.06849482928653661, -0.14774362919397263, -0.21747152297255778, -0.9648201680772381, -0.7922296263702784, 0.6100084967548836, -0.01618187220491993, 0.5920675967605414, 0.7619683527436317, -0.2624122525404511
0.0028273515720182133, 0.011275477410029867, 0.06843435957654374, -0.1521145368132046, -0.22376444830642941, -0.9626996620775471, -0.7923096948169124, 0.609894106994746, -0.016568818672807194, 0.5908523632763394, 0.7602359172830502, -0.2700645013391508
0.0028173465278145886, 0.011261277288476168, 0.06837399989046464, -0.15405834360773402, -0.23039284178413924, -0.9608252521762061, -0.7927328202911876, 0.6092734138529088, -0.018989018015735694, 0.5897802153328146, 0.7587522953023937, -0.27650362018485064
0.0028075000281449847, 0.01124655011319915, 0.06831373918570986, -0.15521932733961738, -0.23584679861681715, -0.9593139465276397, -0.7931432873303579, 0.6086622605953789, -0.021306766289522588, 0.5889233279324483, 0.7575661951995493, -0.2815364518279089
0.002797775259889237, 0.01123137230263607, 0.06825356565836412, -0.1558201405518127, -0.2403864252718987, -0.9580889574269246, -0.7935240827496935, 0.6080843993757574, -0.02351368393259106, 0.5882513186510259, 0.7566027555995434, -0.2855042141974563
0.0027881354099271796, 0.011215820275224182, 0.06819346750451201, -0.15540392398530378, -0.24509503739271737, -0.9569629266880888, -0.7940321618846543, 0.6072937615104212, -0.02659347896206041, 0.5876755450950396, 0.7557266105384844, -0.2889891759586543
0.002778543665138646, 0.011199970449400735, 0.06813343292023818, -0.15493714303787207, -0.24919442681230722, -0.9559794032053974, -0.79447997902278, 0.6065804920244149, -0.02935420970460387, 0.5871933622234035, 0.7549584388170678, -0.29196183144320503
0.002768963212403472, 0.01118389924360299, 0.06807345010162731, -0.1550424427631504, -0.25209805345994707, -0.9552007183748036, -0.794741562524701, 0.6061568097401461, -0.030980167873092154, 0.5868114601282357, 0.7543344705416517, -0.29433283339582444
0.00275935723860149, 0.011167683076268194, 0.06801350724476399, -0.15573854902212136, -0.2537924463921547, -0.9546386219417113, -0.7948160680297864, 0.6060349021963432, -0.03145020383938193, 0.5865261480532256, 0.7538641067686895, -0.2961013106618945
0.0027496889306125372, 0.011151398365833612, 0.06795359254573294, -0.15702636168083675, -0.2542789396207758, -0.9542981413597184, -0.7947023581961908, 0.606219135915895, -0.030765583478927525, 0.5863368346050692, 0.753551975722126, -0.297268458250431
0.0027399214753164453, 0.011135121530736487, 0.06789369420061872, -0.15890593193911082, -0.2535574432891442, -0.9541789809816789, -0.7943973018339768, 0.606709300168952, -0.028926664643509035, 0.5862438329172088, 0.7534005893554723, -0.29783505556829076
0.0027300180595930495, 0.011118928989414075, 0.067833800405506, -0.16137632129624163, -0.2516266206350656, -0.9542754983298424, -0.7938959351907151, 0.6075003881073349, -0.025933039488213478, 0.5862481786859146, 0.7534104606635179, -0.2978015291267555
0.0027199418703221846, 0.011102897160303634, 0.06777389935647944, -0.16437237045659997, -0.24859873389795176, -0.9545576951315273, -0.7932098074876917, 0.6085545362130518, -0.021899263911297026, 0.5863445447310118, 0.7535648916708189, -0.29722050552633433
0.002709656094383685, 0.011087102461842418, 0.06771397924962369, -0.1676579344266915, -0.24489615546271362, -0.9549432915431982, -0.7924041243322151, 0.6097525116889843, -0.01725045594384386, 0.5865036408796374, 0.7538088269107477, -0.29628657024301974
0.002699123918657384, 0.011071621312467672, 0.06765402828102336, -0.17096948743097462, -0.24099496887762895, -0.9553485538499865, -0.7915579037311571, 0.6109670422392754, -0.012464282495505139, 0.5866903096253816, 0.7540826866286363, -0.29521819442339897
0.002688308530023117, 0.011056530130616663, 0.06759403464676313, -0.17404995161199155, -0.2373654043876919, -0.9557009360379066, -0.7907548142271008, 0.6120805919245926, -0.008010790591669795, 0.586867479181226, 0.7543308384184673, -0.29423043365764445
0.0026771731793418753, 0.01104190521600824, 0.06753398655814855, -0.17673662333833268, -0.23431585273390104, -0.9559603794763406, -0.7900539672138236, 0.6130229500284554, -0.004194237488315697, 0.5870084282705512, 0.7545190149333512, -0.2934657752504412
0.0026657203792231363, 0.011027750017351914, 0.06747388156674745, -0.17895183840310216, -0.23200629353411287, -0.9561115621582625, -0.789489640998101, 0.6137627748879548, -0.0011674410166440535, 0.5870965391559038, 0.7546312582463046, -0.2930005423011357
0.002654058618680425, 0.011013871341885561, 0.0674137424356234, -0.18062108613093328, -0.23059125319868037, -0.9561399987413685, -0.7890958534974052, 0.6142693893341943, 0.0009226701457092676, 0.5871147734796696, 0.7546527620536867, -0.2929086060303762
0.002642314089347463, 0.011000043149258775, 0.06735359613924471, -0.18166955639499632, -0.23022496380278243, -0.9560296220940294, -0.7889060906678774, 0.6145107466583493, 0.001929338882894317, 0.5870462949260239, 0.7545680938678798, -0.29326377091318695
0.002630610043114636, 0.010986044743762196, 0.06729346914857919, -0.18202171354135468, -0.2310610157286509, -0.9557609025325912, -0.7889520631247042, 0.6144523838840731, 0.0017058811366740005, 0.5868754023561916, 0.7543600433146125, -0.2941397408709581
0.0026190124156994406, 0.010971759634147668, 0.06723337811784447, -0.18160096613038837, -0.23325165185848168, -0.9553087228774786, -0.7892625706104311, 0.6140558471247561, 0.00010604391624765224, 0.5865881721735648, 0.7540086760224897, -0.2956099334408244
0.002607535023614585, 0.010957166085208457, 0.06717333077461196, -0.1803920721108889, -0.23683161305160003, -0.9546567379843485, -0.7898410647752899, 0.6133047204398991, -0.002900393210132003, 0.5861823886079964, 0.7535038864833508, -0.2976946427806681
0.00259618978596761, 0.010942245811341561, 0.06711333452147748, -0.1785484903565272, -0.24152203683223056, -0.9538278368321066, -0.790629392235515, 0.6122546164793208, -0.007031979313110059, 0.5856838743936061, 0.7528687736413103, -0.3002715586783474
0.002584988621866056, 0.010926980526943972, 0.06705339676103693, -0.17625227231217439, -0.24699222029865248, -0.9528535982073726, -0.7915589707655134, 0.6109758200117057, -0.011955883976726025, 0.5851235188448984, 0.7521325617688452, -0.3031947842915475
0.0025739434504174624, 0.01091135194641268, 0.06699352489588611, -0.17368162212365076, -0.2529213701260369, -0.9517696542073957, -0.7925639082318071, 0.6095420064639157, -0.017349170708345026, 0.5845315607431484, 0.7513250447639238, -0.30632259401759304
0.00256306619072937, 0.010895341784144677, 0.06693372632862091, -0.17092261297936226, -0.25915374637535, -0.9505918136150384, -0.7936084858499429, 0.6079917356098392, -0.023056899555153994, 0.5839272485158303, 0.7504567843452122, -0.30958614838357296
0.002552368761909319, 0.01087893175453696, 0.06687400846183712, -0.16797687525201427, -0.2656824167784573, -0.9493137641450942, -0.7946868838676986, 0.60632290177582, -0.029073964139692175, 0.5833151172301436, 0.7495234433938056, -0.3129825583221476
0.00254186308306485, 0.010862103571986515, 0.06681437869813064, -0.164842959142818, -0.27250559147112713, -0.9479280043537117, -0.7957974931377081, 0.6045273185161467, -0.035398744093776024, 0.5826947303149211, 0.7485234958133569, -0.3165113386256059
0.002531561073303501, 0.010844838950890336, 0.0667548444400973, -0.16163487782851965, -0.27931174796615166, -0.9464983432196025, -0.7968954309158994, 0.6026720832059392, -0.04176161287086905, 0.5820926373479761, 0.7475100718868652, -0.319995084295011
0.002521474651732816, 0.010827119605645419, 0.06669541309033294, -0.15936734447851045, -0.28333030960794764, -0.945688101422098, -0.797578029190251, 0.6014749098969668, -0.04579541589974566, 0.5817828949589897, 0.7469617583396758, -0.3218334891077015
0.002511615737460333, 0.010808927250648755, 0.06663609205143345, -0.15811128588744056, -0.28420976205914694, -0.9456350418767819, -0.7978183812515945, 0.6010437198451013, -0.047246982674544954, 0.5817960568894442, 0.746974737179944, -0.321779567721209
0.0025019962495935917, 0.01079024360029733, 0.06657688872599464, -0.15763841230116626, -0.2823620129563532, -0.9462673113906047, -0.7976989832585706, 0.6012585199407525, -0.04652444848569876, 0.5820880200411362, 0.7475024319946336, -0.32002132911213566
0.0024926281072401336, 0.010771050368988146, 0.06651781051661236, -0.1577165162482318, -0.2781911834235289, -0.9474888737963827, -0.7972945550224149, 0.6019822210004839, -0.044031785461572756, 0.5826207111269995, 0.7484831802149873, -0.316742854538391
0.0024834503756222767, 0.010751523361547086, 0.06645881829033475, -0.15811213078860215, -0.27209521778900136, -0.949191627941294, -0.7966727351350675, 0.6030744869430843, -0.04017108774661239, 0.5833636149006024, 0.7498435541195854, -0.3121242335279497
0.00247383684368116, 0.01073338291207823, 0.06639949857444441, -0.15859180281259896, -0.264469531324487, -0.951264688234382, -0.7958949306358029, 0.6044021095920731, -0.03534613569942787, 0.5842943602918657, 0.7515011356755611, -0.3063431794727307
0.0024637589128022057, 0.010716836050197224, 0.06633979251734057, -0.15892270130025157, -0.25571103013971264, -0.9536013024720121, -0.7950176597557607, 0.6058456848634938, -0.02996542689096484, 0.5853977243617408, 0.753367689244217, -0.2995774175650165
0.002453371967887417, 0.01070160853392285, 0.06627975573272371, -0.15887303799976601, -0.2462213507896058, -0.9561037622622698, -0.7941042453428327, 0.6072900402767084, -0.024438791074925508, 0.5866496444430994, 0.755363391617608, -0.29200743360183373
0.0024428313938387983, 0.010687426121273902, 0.06621944383429433, -0.1582125707350531, -0.23640857010361824, -0.9586864818296795, -0.7932315782520827, 0.6086180758847198, -0.01917553050351928, 0.5880071816951863, 0.7574265810545231, -0.2838177735571544
0.0024322925755583505, 0.010674014570269159, 0.0661589124357529, -0.15660039755461455, -0.2269995780193473, -0.9612218823272674, -0.7925251690386794, 0.6096581657905374, -0.01485857749349824, 0.5893896605183615, 0.7594656756325173, -0.2753755900767074
0.002421910897948079, 0.010661099638927408, 0.06609821715079993, -0.15282624601195172, -0.2212194478559405, -0.9631750071613191, -0.792435173727804, 0.6097880373235304, -0.014319391610739689, 0.5905003251217391, 0.7610653752651145, -0.26849368820084224
0.0024118417459099866, 0.01064840708526744, 0.06603741359313592, -0.146878541616144, -0.21965005387917336, -0.9644586812526449, -0.7929835672041277, 0.6089792094537779, -0.01792720271733418, 0.5912729963028341, 0.7621667640903321, -0.26362486142080893
0.002402240504346075, 0.01063566266730803, 0.06597655737646133, -0.14079583651231686, -0.22065773163018848, -0.9651355852379585, -0.7937503463128791, 0.607802324947224, -0.0231672509576292, 0.5917236856413486, 0.7628148525432427, -0.2607231876731519
0.0023932625581583487, 0.010622592143067973, 0.06591570411447667, -0.13533374107407892, -0.22344092355633768, -0.9652766091681622, -0.7945754872030224, 0.6064731605746133, -0.028984489623227402, 0.5918906771211841, 0.7630625526016398, -0.25961696237745335
0.002385063292248811, 0.01060892127056605, 0.06585490942088242, -0.13075625997030837, -0.22754945427868475, -0.9649476909843612, -0.7953952704562297, 0.6050849815344035, -0.034907432695228814, 0.5918185230410066, 0.7629504643022267, -0.2601104088778036
0.0023777980915194643, 0.01059437580782105, 0.06579422890937905, -0.12732601067868038, -0.2325346991956079, -0.9642176624988057, -0.7961491916225777, 0.6037455540347687, -0.040469379312837325, 0.5915526618005946, 0.7625083079240897, -0.2620048256490193
0.002371452611229009, 0.01057881003882429, 0.06573370642787879, -0.12530471148528535, -0.23795071717880656, -0.9631605190588332, -0.7967796575776057, 0.6025764262900372, -0.045208713209298895, 0.5911352692490127, 0.761761843802654, -0.2650999561981827
0.0023648916173571862, 0.010562961779247166, 0.0656732959595919, -0.12495391666471665, -0.24335393293748403, -0.9618551772663104, -0.7972344752666937, 0.60170491725916, -0.048666045579922226, 0.5905960634447089, 0.7607430945266648, -0.2691955311174526
0.002357791923357945, 0.01054705099183013, 0.06561297380450408, -0.1265083956464778, -0.24836919976362762, -0.9603688699868033, -0.7974734618561234, 0.60124178987559, -0.050441924451858064, 0.5899421187423087, 0.759487360471504, -0.27412997978671283
0.002350140808254965, 0.01053107920101792, 0.0655527319532508, -0.1299505354256481, -0.25324800602751535, -0.9586335617876494, -0.7975243685404496, 0.6011526176473975, -0.05069922957835838, 0.589124553831144, 0.7579452339970015, -0.2800915606270314
0.0023419255510719298, 0.010515047931255302, 0.06549256239646763, -0.13512469900842727, -0.25857984382032995, -0.9564924359804085, -0.7974307813567707, 0.6013424427843255, -0.049914080687822486, 0.5880862731458812, 0.7559918854564738, -0.2874557434829818
0.002333133430832518, 0.010498958706987006, 0.06543245712478996, -0.14159814842882631, -0.2651622027999473, -0.9537499518048783, -0.7972853394225993, 0.6016190482883069, -0.0488938470409351, 0.5867589384946076, 0.7534875758384815, -0.29659808015853706
0.0023237517265604114, 0.010482813052657788, 0.06537240812885331, -0.14714940328029347, -0.27520090120828256, -0.9500586913914333, -0.7975351832287289, 0.6011460858515428, -0.05060647169767345, 0.5850510102773702, 0.7502585204044794, -0.3079406889871975
0.0023137858269606606, 0.010466571451134827, 0.06531242184170813, -0.15105369944607755, -0.28897636824198114, -0.9453440847021412, -0.798342339341264, 0.5996196758833545, -0.055729287709957324, 0.5829513608344803, 0.7462900929874494, -0.32127684013948443
0.002303409514503057, 0.010449812758153411, 0.06525263898991183, -0.15491706554747356, -0.2995697859229767, -0.9414131113194789, -0.798893604569042, 0.5985707924004622, -0.05900860160829149, 0.5811795861700951, 0.7429474744873589, -0.3320532167770887
0.0022928880649755955, 0.010431908480128853, 0.06519327326566046, -0.1599916404940021, -0.30960163803380375, -0.9373097143947797, -0.7992555347476762, 0.5978816137090023, -0.06105871079482337, 0.5793041214657845, 0.7393810936962786, -0.3431068829639688
0.0022824876655265156, 0.010412228058080529, 0.06513453908795695, -0.1659878425670326, -0.31959359712464236, -0.9329029793053905, -0.7994938090469703, 0.5974229084672351, -0.062414082818834274, 0.5772847524536818, 0.7354901774432351, -0.3546780419888014
0.002272474503304057, 0.010390140933027814, 0.06507665087580428, -0.1725414015741925, -0.3291441943934033, -0.9283822294938281, -0.7995995907079191, 0.5972067229046466, -0.06312388341365699, 0.5752129686320898, 0.731442567406772, -0.3662264481203512
0.002262972762788087, 0.010365675820523716, 0.0650195854525424, -0.17932311548270272, -0.3377947315894059, -0.9239794042964478, -0.7995739209159881, 0.5972369440674912, -0.06316310340663776, 0.5731707993649106, 0.7274632306524954, -0.3771902474932563
0.002252905237192496, 0.010343071819619703, 0.06496184872513047, -0.1862729936389148, -0.34448350535214833, -0.9201268860222992, -0.7993256014708616, 0.5976960259579323, -0.06195194417724262, 0.5712976060461327, 0.7239410024956393, -0.38668911315366333
0.002241498055170301, 0.010320730627576337, 0.06490420774652043, -0.19347959660098568, -0.34782324645598905, -0.9173792208917402, -0.7986661158553178, 0.5989110877238344, -0.05863398661214766, 0.5698228506156101, 0.7213352190391579, -0.39367171690385677
0.00222892557709018, 0.010298339225107428, 0.0648467827454266, -0.20103239441628107, -0.34640987071349755, -0.916289352697888, -0.7973657240735821, 0.6012211128560979, -0.05235528176495059, 0.5690288907145832, 0.7200926155213183, -0.3970802772787865
0.002215405546827239, 0.010276155242081201, 0.06478946263468974, -0.20900368926139481, -0.33880339746207294, -0.917349287754279, -0.7951628963120393, 0.6049222519435153, -0.04224970333901927, 0.5692393400001227, 0.7206117727124244, -0.3958348731788066
0.0022011557082565834, 0.010254436308365889, 0.06473213632715075, -0.21720790956930935, -0.3246034616970331, -0.9205722767250998, -0.7919662790733161, 0.609913325634688, -0.02819836917272491, 0.5706225870321793, 0.7229372917947571, -0.38955299421409306
0.0021863938052533185, 0.010233440053829711, 0.0646746927356504, -0.22370039723468563, -0.31091109266097977, -0.9237382880109494, -0.7890311159357505, 0.6141543023066576, -0.01563301133521788, 0.572178320423125, 0.7253611413761964, -0.3827050877884869
0.002171337581692551, 0.010213424108340906, 0.06461702077302958, -0.2270670616301423, -0.2964881129480556, -0.9276504451587108, -0.7864822570591076, 0.6175936089515066, -0.004877859516774792, 0.5743572136343942, 0.7284730146427901, -0.37341780632875615
0.002156204781449384, 0.01019464610176769, 0.06455900935212908, -0.22740557733023933, -0.28222254536195723, -0.932007048411394, -0.7844595445316873, 0.6201694848722, 0.003610128320095753, 0.5769834715069733, 0.7319427880119921, -0.36242216914117426
0.002141213148398925, 0.01017736366397829, 0.06450054738578974, -0.22506838534670318, -0.26950123150663235, -0.9363297005509525, -0.7831056420486889, 0.6218197419569672, 0.009260772326404312, 0.5797325032365692, 0.7353293783937777, -0.3509999002308719
0.0021265796819941616, 0.01016182764158959, 0.06444152568246131, -0.2209171562911702, -0.2583227664087448, -0.9404599717218994, -0.7822737416469079, 0.6228055880041551, 0.012688289110255479, 0.5824460517386735, 0.7385002016964732, -0.3396675564552771
0.0021124747560526303, 0.010147864023603842, 0.06438195377889039, -0.21590564968358844, -0.24840780666374726, -0.9442871978498989, -0.7817674629827248, 0.6233955109580639, 0.01475366865862323, 0.5849994737230638, 0.7413984074071382, -0.32879175360385426
0.0020989953243595897, 0.010134629788092401, 0.06432202816982006, -0.21098566119588977, -0.23947599756239196, -0.9477005314767057, -0.7813839242320676, 0.6238371663331125, 0.016320320253195943, 0.5873024891156411, 0.7439613138416337, -0.31874339175205296
0.0020862318424942905, 0.010121223254370152, 0.064261961757471, -0.2071106255377537, -0.23124860597450622, -0.9505941673628173, -0.7809302166531333, 0.6243512962265337, 0.018260767189177084, 0.5892819236218354, 0.7461297079831997, -0.30989881148119097
0.0020741763429942164, 0.010107027228029801, 0.06420192002722144, -0.20523480415138834, -0.2234489451928911, -0.9528637069681716, -0.7802203767337149, 0.6251367147960979, 0.021453473924799165, 0.590876331303295, 0.7478466799459141, -0.3026392314281682
0.0020625144844840103, 0.010092310071262536, 0.06414192086401656, -0.20594090718884173, -0.21618993902670028, -0.9543847510359061, -0.7791722003326668, 0.6262591512142855, 0.026270853604577944, 0.5920126898766508, 0.7490403098525434, -0.2974215682176032
0.00205087248300168, 0.010077511961719757, 0.0640819535154041, -0.20873166459488574, -0.20999093909026825, -0.9551622363218907, -0.777916911559473, 0.6275501657002103, 0.032032299939431234, 0.5926857269288837, 0.7497230122049249, -0.29434509349597615
