0.0002997461997438222, 0.0012073301477357745, 0.007339092902839184, -0.33516412610941476, -0.5913574675176893, -0.7334584883825243, -0.8699833362694619, 0.4930811237651025, 0.0, 0.3616545356867084, 0.6380966627381848, -0.679734246466678
0.00029557690873152826, 0.0011999739267613092, 0.007329969009065106, -0.162430819458829, -0.15650665764390026, -0.9742288719818707, -0.8613384223380544, 0.5041578745561002, 0.06261756724168646, 0.4813650912707785, 0.8493117823486324, -0.21669597428116796
0.00029416422649093904, 0.0011986127677366602, 0.007321496012189861, 0.08950629067542495, 0.38542522165829435, -0.918387729904522, -0.8682323611472933, 0.4820031610116684, 0.11766698700721455, 0.4880176133974291, 0.7868420116417364, 0.3777809652820837
0.00029494099951698143, 0.0012019576490123935, 0.007313525859358648, 0.22929316192014315, 0.646273064428735, -0.727843233183187, -0.8746872440044542, 0.46486091767564136, 0.13720988446046115, 0.427020925801717, 0.6051739034456565, 0.6718762352664305
0.0002973400743045819, 0.0012087195489390746, 0.007305910497716666, 0.28602086840528607, 0.7361122912399726, -0.6134580324049262, -0.8769561671359081, 0.4591049880385563, 0.1420228533737244, 0.3861864106347909, 0.4973543049412107, 0.776851820875424
0.0003007942973486673, 0.0012176094458672688, 0.007298501874409119, 0.30763519717906446, 0.759202991192037, -0.5735602876957763, -0.8761326006748656, 0.4611469139784281, 0.1404819908844852, 0.3711499043396003, 0.4592976615368686, 0.8070275129234875
0.0003047365151441642, 0.0012273383181475419, 0.007291151936581203, 0.3089329358622879, 0.7420375720937206, -0.5949291409409727, -0.8724718980271887, 0.47012612158510375, 0.13331997958364433, 0.3786201636103689, 0.4778720240865797, 0.7926443718989322
0.0003085995741859993, 0.0012366171441304595, 0.007283712631378123, 0.2864256711332753, 0.6713553789891948, -0.6835512343768587, -0.8654738834232649, 0.4873410345993052, 0.11598996985917279, 0.4109930559366007, 0.5583732363732643, 0.720627529916767
0.00031181632096909936, 0.0012441569021665873, 0.007276035905945078, 0.2119105019338268, 0.4772520252784953, -0.8528331862314741, -0.8559932395542628, 0.51171224629841, 0.07366241121246324, 0.47156072038238317, 0.7144096033479743, 0.5169617061607541
0.000313819601988391, 0.0012486685706064905, 0.0072679737074272666, 0.03530765984497061, 0.040622501189726865, -0.9985505403099847, -0.8560160490859687, 0.5168666457026602, -0.009240901867733273, 0.5157420797874847, 0.8551015629486193, 0.05302286468410053
0.0003141227928645683, 0.0012490174006275767, 0.0072593990407811846, -0.08885980733288693, -0.3120366029746013, -0.9459054355720943, -0.8653457487322885, 0.49445168381434684, -0.08181850355581116, 0.49323490325778585, 0.8112648709128409, -0.3139564291921006
0.0003132828387292791, 0.0012460678507366092, 0.0072504577971970645, -0.0735250517310216, -0.40840732463600976, -0.9098337891898759, -0.8718220969390931, 0.46932425802646166, -0.14021758847104004, 0.48427295821331307, 0.7829036965116261, -0.39056562051946986
0.00031255728767622993, 0.001242037654803573, 0.007241479485066644, -0.0037721846876476923, -0.4047682775537408, -0.9144115113606457, -0.8735367109725432, 0.4464241219759574, -0.19400803566158567, 0.4867436545102092, 0.7980401899680075, -0.3552639441174305
0.0003125207629552863, 0.0012381184277220094, 0.0072326255640512, 0.051487421702402565, -0.39164729412934146, -0.9186737410025412, -0.8721500143709983, 0.43050917588909754, -0.2324138591133446, 0.48652173418985767, 0.8131877067912766, -0.319409385717512
0.0003130111379536338, 0.001234388311999347, 0.007223875958432378, 0.08726471777916574, -0.3742386778483563, -0.9232173530828137, -0.8703965879350841, 0.4221400185741811, -0.25339215542149984, 0.4845561358004726, 0.8256774289760526, -0.28889813868837877
0.00031383103023921286, 0.001230872166955371, 0.007215201905447747, 0.10261390769971096, -0.3532442397776629, -0.9298864946919576, -0.8701119403627989, 0.42114998672019766, -0.25600371076150935, 0.4820535210790192, 0.8353748833604459, -0.26414618502988324
0.000314783057379964, 0.0012275948519098658, 0.007206574642334882, 0.09676291941030125, -0.32883845688548985, -0.9394158859101572, -0.8719734877221025, 0.4270740250298963, -0.23931154141519348, 0.4798949615665369, 0.8423022298545418, -0.24541348668139398
0.00031566983694382775, 0.0012245812261826175, 0.007197965406331349, 0.06887561127244596, -0.30071534747570444, -0.9512236487621685, -0.8753414012739322, 0.4391848077333778, -0.20222298551842421, 0.47857453065080235, 0.8465736733732998, -0.23297947154975251
0.0003162939864987446, 0.0012218561490934111, 0.007189345434674723, 0.018256680583888928, -0.26824568774645513, -0.9631775249763094, -0.8780892866857248, 0.45639367180133694, -0.14374985546931365, 0.47814840606428133, 0.8483802610534529, -0.22721143112322123
0.00031645812361265504, 0.0012194444799620316, 0.007180685964602572, -0.054902890486545126, -0.2307835057818092, -0.9714549120135635, -0.8765483900985407, 0.4770671732558245, -0.06379523506778463, 0.47817213682091425, 0.8480246963743183, -0.22848527722233225
0.00031596486585349964, 0.0012173710781082647, 0.007171958233352471, -0.14712724122276782, -0.18891104696084224, -0.9709099810107711, -0.8661305879350885, 0.4986444354463829, 0.034227644405893175, 0.47767287921065354, 0.8459706515798976, -0.23698581630993826
0.00031462787198345413, 0.0012156543809849353, 0.007163135253446174, -0.21778941627142662, -0.16739287333025096, -0.9615338767398648, -0.8526230393787595, 0.5120775756925725, 0.10397359853993793, 0.47497549713714465, 0.8424702857852379, -0.25424809672495496
0.00031261464867581907, 0.0012141070182163953, 0.007154246931667852, -0.2267528821979997, -0.19470959236973656, -0.9542909960038977, -0.8539045670126983, 0.5109966047379679, 0.09863802705409863, 0.4684336888501469, 0.8372398966756661, -0.2821333630834252
0.0003105101477675617, 0.0012122999121279676, 0.0071453901257548915, -0.1959363614952422, -0.24780508813822053, -0.9487895343735693, -0.8654822417675269, 0.49858508927633627, 0.04851183295201398, 0.4610308356596792, 0.8306657252132874, -0.31216185149185255
0.00030869815114950393, 0.0012100082395756278, 0.0071366158308031336, -0.16477904102790383, -0.28428924991755056, -0.9444720694754507, -0.8737716468020298, 0.4862985757816081, 0.006066666106565266, 0.4575707342944841, 0.8262525749273619, -0.3285356990391008
0.0003071757300297864, 0.0012073816436476308, 0.007127889695388198, -0.13785702765377006, -0.3003387846311211, -0.9438178078277443, -0.878521082825554, 0.47712472886306545, -0.023509575461129178, 0.45737965297713445, 0.8259228823283972, -0.32962895122981656
0.00030590195483254807, 0.0012046065649944581, 0.0071191689813645195, -0.11540555337854468, -0.29630534194214997, -0.9480953024806827, -0.8807016084111402, 0.47195432540796334, -0.04029629847448772, 0.45939768740321557, 0.8303386411972284, -0.3154227413223681
0.0003048358959819277, 0.0012018694442665898, 0.007110410950586522, -0.09739820976402214, -0.27628026332408673, -0.9561290733119335, -0.8813105356506472, 0.4702820190577946, -0.04611466471843339, 0.46239088278850504, 0.8381551399642536, -0.2892933336002917
0.000303936595738905, 0.001199318484566697, 0.0071015827892674, -0.08377703171907587, -0.25814253907384915, -0.9624675778834564, -0.881581607033526, 0.4694628978704687, -0.04917781678000555, 0.46453770470923766, 0.8443737425119093, -0.2669039225262622
0.00030316297323784247, 0.0011969347181260501, 0.007092695071959742, -0.07459361533569554, -0.2469511036426783, -0.9661526509619552, -0.8817832028264877, 0.46880748382467113, -0.051748684263871816, 0.4657189879790296, 0.8480770575364269, -0.2527273802264896
0.00030247391397399446, 0.00119465350484906, 0.007083770227233547, -0.06987657016751751, -0.2427999430438121, -0.9675564338060832, -0.8819348063778554, 0.4682888017170497, -0.053820028666517146, 0.4661633428755193, 0.8495609370988826, -0.24685613606874285
0.0003018283034418141, 0.0011924102035527017, 0.007074830683941045, -0.06963229936395372, -0.2457224706793355, -0.9668359789998157, -0.8820489665905024, 0.4678906611493671, -0.055389076051466014, 0.4659838660532312, 0.8489398074141955, -0.24931955391752386
0.00030118502713575494, 0.0011901401730539506, 0.007065898870934478, -0.07385750435634378, -0.2557077811448471, -0.9639287316561487, -0.8821312093973874, 0.4676080767795962, -0.05645543319814413, 0.4651769539189958, 0.846141960425357, -0.2601041798014371
0.0003005029705502699, 0.0011877787721697813, 0.007056997217066074, -0.08253344037553924, -0.27268921862562795, -0.9585555911188051, -0.8821801146761662, 0.4674470845249188, -0.05702164886339051, 0.4636232052968484, 0.8409124884400861, -0.2791410222374677
0.0002997410482834804, 0.0011852613927095417, 0.007048148139098334, -0.09269506626479909, -0.29322883817043494, -0.9515379515055515, -0.8822767099488896, 0.46714326958447944, -0.058008385287690645, 0.4615142812220737, 0.8341426821276677, -0.302010850932435
0.0002988852172550452, 0.0011825540820807174, 0.007039362820348944, -0.0959993986927883, -0.3078999452249191, -0.9465631194913073, -0.8826903607908371, 0.4658460131400994, -0.06200982993377849, 0.46004547864049794, 0.8295692350683975, -0.3165012508829451
0.0002979985706786478, 0.0011797103305986871, 0.007030620401535188, -0.09101296499162555, -0.31516165031194576, -0.9446638419967623, -0.883437135831816, 0.4633700456266485, -0.06947681519208404, 0.45962535530224014, 0.8282278279486922, -0.32059818741639984
0.00029715786522216034, 0.0011767991176839423, 0.007021894347542923, -0.07774021238468913, -0.31503883796266235, -0.9458895231228216, -0.8843969815604908, 0.4597516141046612, -0.08043899759974467, 0.4602156433511104, 0.8302884943820998, -0.31436058549320317
0.00029643985755345534, 0.0011738894227569748, 0.007013158123258004, -0.05758598107508029, -0.307637735363419, -0.9497593792977712, -0.8852976790159836, 0.4554560707667093, -0.09384981156434449, 0.46144541856273, 0.8354153406433337, -0.2985788577666703
0.0002959080355913521, 0.0011710483058569316, 0.007004386840956404, -0.04392607172906727, -0.2948669813967875, -0.9545281365703158, -0.8855687698701981, 0.4537449933737433, -0.09941546569244625, 0.462426701276037, 0.8409333768320819, -0.2810562251165319
0.00029550234050659813, 0.0011683249554570426, 0.006995570951940549, -0.044053966511819614, -0.2778767273004036, -0.9596060506579732, -0.885232611621728, 0.456074776723994, -0.09142768375899105, 0.46305774084443346, 0.845446818233398, -0.2660774439577194
0.0002950955140910791, 0.0011657588393527538, 0.006986709250695219, -0.05512812343306265, -0.25913022955971454, -0.9642678124541328, -0.8843532996924729, 0.46102234033743517, -0.07333241461202158, 0.46355164904224466, 0.848710743326679, -0.2545779700447231
0.00029458645745441094, 0.0011633660141502256, 0.006977805139709992, -0.0649128128698882, -0.2492059005497602, -0.9662726043185235, -0.8835640997492035, 0.464397130841723, -0.060413462906500875, 0.46378961648542594, 0.8498421759345429, -0.25033471122308015
0.00029398695029390307, 0.0011610644543315215, 0.0069688810564715615, -0.07021568924254713, -0.2509914168937899, -0.9654393122459027, -0.8833032631184323, 0.4653557495139781, -0.05673950791655859, 0.4635138642462851, 0.8487916911939769, -0.25437681225210956
0.0002933384515975604, 0.0011587463455383915, 0.006959964443359259, -0.07103938235045872, -0.26448702948179564, -0.9617692121248013, -0.8837271808398007, 0.4638397554035964, -0.06228122632118061, 0.46257937264884996, 0.8455171745996811, -0.26668526666609993
0.0002926824204876335, 0.0011563038732959356, 0.006951082742775052, -0.06771129844247202, -0.2882023008577455, -0.9551725571034462, -0.884790106731705, 0.4597508135901028, -0.07599773965676158, 0.4610440836763148, 0.8399813231159012, -0.2861288690844163
0.0002920569937732667, 0.001153641844620595, 0.006942260131958483, -0.06381029251222758, -0.3084829817894778, -0.9490871912083613, -0.8857124469018347, 0.4557070159567398, -0.08856961674845619, 0.45982791125884115, 0.8349666852959323, -0.3023060146164065
0.0002914672330839351, 0.001150790719373796, 0.006933488281931066, -0.06143489107451227, -0.3177395449427113, -0.9461856771999148, -0.8861358174111844, 0.45362636519936916, -0.09479680320042767, 0.45933546266282865, 0.8326251872094714, -0.30942887771621747
0.0002908992301694771, 0.001147853024125877, 0.00692474022015594, -0.060627068616201624, -0.3160090709430119, -0.9468171025244215, -0.8861280035705325, 0.45366713582521967, -0.09467465954649286, 0.4594578542577208, 0.833261301725861, -0.30752899571750114
0.00029033885182653136, 0.001144932140045997, 0.006915988753012706, -0.061382931201642746, -0.3032609253727666, -0.9509284657108271, -0.8857287288290183, 0.4557528519083133, -0.08817004539167808, 0.4601268897641452, 0.8368525253110564, -0.2965823598875728
0.00028977196485173635, 0.0011421314483033142, 0.006907206686880959, -0.06367783389026004, -0.2793144849641436, -0.9580858792197386, -0.8849457217327913, 0.45958757678955076, -0.07516866932132056, 0.46132006574381046, 0.8430674218293125, -0.27644369985984907
0.0002891844360417309, 0.001139554330066989, 0.006898366828140301, -0.06748964008732998, -0.24402563040724834, -0.9674175107910894, -0.8837581412398947, 0.4646352703110537, -0.05554829768031098, 0.463051504989552, 0.851214166521751, -0.24701770470877565
0.0002885618364631502, 0.0011373031659704278, 0.00688944229196333, -0.07599201702069336, -0.20825810107622558, -0.9751173143192831, -0.8821578402016713, 0.46989196296614455, -0.03160835507498113, 0.4647824849538215, 0.8578054012862989, -0.2194245546975148
0.00028786005799001885, 0.001135379923794204, 0.006880437183705964, -0.09520374635764331, -0.19243940896044445, -0.976679743087991, -0.8800946654125471, 0.4747349946228559, -0.007750147922059577, 0.46515548646860694, 0.858832788591232, -0.21456144725640225
0.0002869803732076228, 0.001133601779277077, 0.006871412640658662, -0.12554660381112248, -0.1985752499666781, -0.9720112758462036, -0.8773598347546521, 0.4795875909270912, 0.015344803290975465, 0.46311744798785415, 0.8547301402954154, -0.23443254176798262
0.0002858208246147494, 0.0011317677380151983, 0.006862435143275617, -0.1497743691477198, -0.2153702425933307, -0.9649783919610284, -0.8754439256287445, 0.48249684646918917, 0.028190889078230138, 0.45952755241240534, 0.8490067442326814, -0.26081023143520754
0.00028443770107327285, 0.0011297788553087684, 0.00685352384330799, -0.15150729652820297, -0.22740675322819767, -0.9619416342403132, -0.8760887420952529, 0.4815448835031271, 0.024146244965155887, 0.4577270530268806, 0.8464045686066265, -0.2721860598362046
0.00028303861660583675, 0.0011276788821489119, 0.006844640854634271, -0.15094360842023322, -0.23693159240313652, -0.9597288406619826, -0.876858622526552, 0.48035988675745817, 0.01932188642963706, 0.4564372718982502, 0.8444630244810463, -0.28026276439514214
0.00028164470000316785, 0.001125490893642449, 0.006835778061574929, -0.15106346154923478, -0.24443638996541994, -0.957826018567796, -0.8773870383739956, 0.4795162440147663, 0.016004893604145816, 0.45538095642886933, 0.8428018883383237, -0.28690270395254897
0.0002802495647383572, 0.0011232334197030435, 0.006826932131246359, -0.15187380914677423, -0.2499321767413852, -0.9562783345473023, -0.8776771152673908, 0.4790423471119394, 0.01418841109481466, 0.45455167740440744, 0.8414584580968909, -0.2921137378933801
0.0002788468242844961, 0.0011209249902443613, 0.006818099730764957, -0.15337953035324606, -0.2534277529902698, -0.9551173193293693, -0.8777287800996478, 0.478957090966372, 0.01386699671213929, 0.45394593098011327, 0.8404608729901312, -0.29590304614732355
0.0002774300921146757, 0.001118584135180066, 0.00680927752724712, -0.15558360488639028, -0.25492864572592605, -0.9543611095800693, -0.8775386627712245, 0.4792700454921722, 0.01503724827295367, 0.4535632670667311, 0.8398283211956339, -0.2982763042641448
0.0002759929817019871, 0.0011162293844238225, 0.00680046218780924, -0.15848714479716747, -0.25443648745407044, -0.9540146218932267, -0.8771000447460963, 0.47998154982026886, 0.017698116807413247, 0.45340637009247864, 0.8395711915520729, -0.29923715991733857
0.00027452910651952153, 0.001113879267889296, 0.006791650379567719, -0.16208927928963413, -0.2519488082352348, -0.9540696324525856, -0.8764028527765613, 0.48108271361925364, 0.021850910778280608, 0.45348109683257165, 0.8396911460088049, -0.29878700462026087
0.0002730320800403702, 0.0011115523154901505, 0.006782838769638949, -0.16638689115768726, -0.24745923856596852, -0.9545047551999053, -0.8754337010570861, 0.48255532374397375, 0.027498992342286803, 0.453796471454299, 0.8401811023670432, -0.2969250372079253
0.0002714955157376243, 0.0011092670571400513, 0.006774024025139327, -0.1713742061607116, -0.24095812695788915, -0.9552853304200435, -0.8741759900124384, 0.4843716678187198, 0.034647162947132104, 0.45436463325016757, 0.8410251295100865, -0.29364861924412855
0.00026991302708437493, 0.0011070420227526623, 0.006765202813185251, -0.17704224029397508, -0.2324335815140563, -0.9563632549069621, -0.8726100747014492, 0.48649430012076567, 0.04330073301386133, 0.4552007279005842, 0.8421982700852306, -0.2889539257117359
0.0002682782275537132, 0.0011048957422416484, 0.006756371800893111, -0.18299898268143822, -0.22280922604447506, -0.9575319426144596, -0.8708533573085434, 0.48870801379617745, 0.05271534231923102, 0.4562080691986904, 0.8435167609720966, -0.28346723189311596
0.00026658826322855457, 0.0011028381371237727, 0.006747529157073417, -0.18599322486751368, -0.220132204575866, -0.9575741918054975, -0.8701321177404675, 0.4895732725398244, 0.056463337584100326, 0.45637333180179557, 0.8437178576533841, -0.28260141311910025
0.0002648706129668898, 0.0011008052128650535, 0.0067386859448419515, -0.18440596196288794, -0.22844337977086687, -0.9559330852268927, -0.8711325549530774, 0.48835641942314856, 0.051342762967387205, 0.4551071444104844, 0.8422123424927145, -0.2890603003863887
0.0002631679664433028, 0.001098695962587768, 0.0067298596784511125, -0.1800111147811546, -0.242801435664848, -0.9532279168144073, -0.8731089314511786, 0.48578590857752285, 0.04114419579590459, 0.453074819842625, 0.8396782204312551, -0.29943896499616346
0.0002615061285807361, 0.0010964544531156227, 0.006721059609379024, -0.17584235753916636, -0.25500645953707857, -0.9508160552333097, -0.8748133079832238, 0.4833927802024977, 0.03214181425416058, 0.45142124614434936, 0.8374384309562489, -0.3080839705129411
0.00025988266041144, 0.0010941001007524207, 0.006712281180665208, -0.1722086358678862, -0.2643092472028775, -0.9489387796773666, -0.8761501499706517, 0.4813939215754765, 0.024915998406423365, 0.4502278317018247, 0.8357036042241485, -0.3144747771250362
0.0002582924592019826, 0.001091659428236466, 0.006703518533034101, -0.16912600278016754, -0.2707326964662214, -0.9476814877624926, -0.8771391682649489, 0.47984199714077463, 0.01945603442190877, 0.4494699930797121, 0.834539073287813, -0.31862401114298017
0.0002567304222189324, 0.0010891589583060626, 0.006694765807210141, -0.16660475969826377, -0.2742954088828454, -0.9471034171154048, -0.8777972642524027, 0.47877322367483405, 0.015753195326820655, 0.44912672701241174, 0.8339893458299094, -0.3205416573946647
0.0002551914467288575, 0.0010866252136995142, 0.006686017143917768, -0.1646502293365883, -0.27500903196268084, -0.9472382669203973, -0.878138218627723, 0.4782078651445373, 0.013802416427330636, 0.44918100022678864, 0.8340786953596485, -0.3202329761008515
0.0002536704299983262, 0.0010840847171551251, 0.00667726668388142, -0.16326330925808255, -0.27287677333028243, -0.9480945936070689, -0.8781725337561991, 0.4781505540923661, 0.013603256131556291, 0.4496199426252323, 0.8348115441211968, -0.3176973292233757
0.0002521622692939068, 0.0010815639914111986, 0.0066685085678255315, -0.16244079039051262, -0.26789305359930926, -0.9496558858084033, -0.8779074054607456, 0.4785903854590073, 0.015160157762396534, 0.45043487548644306, 0.8361725627999501, -0.3129278961135873
0.00025066186188216753, 0.001079089559206039, 0.006659736936474543, -0.16217543781949872, -0.2600442882063777, -0.951880294753123, -0.8773468093848226, 0.4795007728762395, 0.018482014862044177, 0.45162119462036515, 0.8381264683699754, -0.30591227433260487
0.0002491641050296767, 0.0010766879432779495, 0.006650945930552893, -0.16233044145682118, -0.24968823683977556, -0.9546227590835439, -0.8765380534133924, 0.4807680911857982, 0.023304150184570833, 0.4531333895164807, 0.8405461479784488, -0.29690453756030283
0.0002476650528261252, 0.0010743821791940446, 0.006642130397632992, -0.1618393927910663, -0.2400026800914396, -0.9571868806507666, -0.8758713790906915, 0.48177220273031085, 0.027292342628556947, 0.4545957965388475, 0.8427895693619556, -0.2881811991506393
0.00024617053005257923, 0.0010721658493813655, 0.006633291155425016, -0.16017836025270335, -0.232602642223452, -0.9592908337607652, -0.8755444002384197, 0.48225071952096094, 0.029261693947229696, 0.4558123474829319, 0.8445888078539665, -0.2809000703629579
0.00024469126879456197, 0.0010700177435035755, 0.006624432020125375, -0.15735132391267856, -0.2275118593857809, -0.9609781031333399, -0.8755553437023609, 0.48223490076102876, 0.029194872875927307, 0.45677500038549407, 0.8459833652778437, -0.2750795243125276
0.00024323803814761162, 0.001067916539659955, 0.006615556830544532, -0.15336269121385657, -0.2247361513165269, -0.962275193089315, -0.8758935559143881, 0.4817435273461202, 0.027086021630478452, 0.4574826375408056, 0.8470046258147313, -0.2707264305478039
0.00024182160720726619, 0.0010658409159497856, 0.006606669425492948, -0.14821325739898425, -0.22427665731057234, -0.9631888762422346, -0.8765410657643299, 0.48078052818540323, 0.02293128314110661, 0.45793950513131687, 0.8476733242843973, -0.26784574840143327
0.00024045274506906373, 0.0010637695504723465, 0.0065977736437810835, -0.14190053717961681, -0.22613028316039444, -0.9637060405465642, -0.8774725709382545, 0.47933499099028715, 0.01672882731549095, 0.45815513180487927, 0.8479994466095725, -0.2664410136422553
0.00023914222082854235, 0.0010616811213269195, 0.0065888733242194, -0.13441945315781445, -0.23028943045797792, -0.9637936443202426, -0.8786553273585924, 0.47738130838379333, 0.008479511197148801, 0.45814432913342823, 0.8479822313144997, -0.26651436932698985
0.00023790080358124016, 0.0010595543066127852, 0.0065799723056183595, -0.1261558045882362, -0.23663878862140117, -0.9633726157040642, -0.8799998436182713, 0.4749718141747452, -0.0014321212830277629, 0.4579137344528037, 0.8475870807529733, -0.2681625483547994
0.00023673564922031744, 0.001057368749496126, 0.006571074753832734, -0.12077436196965519, -0.2442153008464131, -0.9621706918854463, -0.8810372329102967, 0.47295246344643943, -0.00945312359551243, 0.4573695964060034, 0.8465665089952711, -0.27228330490679986
0.00023562014531663288, 0.0010551131124801993, 0.00656218789121301, -0.12027949044051905, -0.2525078027622728, -0.9600899196031266, -0.8815722190316009, 0.4718515991215887, -0.013656172161289134, 0.4564682538918433, 0.8447460434654719, -0.27935793390981944
0.00023450925732873228, 0.0010527809785152778, 0.006553320607563193, -0.12468987524430346, -0.26150913112371577, -0.957113059857862, -0.8816221493775553, 0.47174706692643437, -0.014038895013705758, 0.4551865779419024, 0.8420615649613903, -0.28937432518507045
0.00023335776470877548, 0.001050365980232937, 0.006544481809523406, -0.13399577592421827, -0.2711964846213319, -0.9531514039036496, -0.8811482624571708, 0.4727206222341412, -0.010627929397359808, 0.4534565818280462, 0.838443605762247, -0.3023068777802225
0.00023212044690892262, 0.001047861750264753, 0.006535680403733781, -0.1472739987378295, -0.2820703739721311, -0.9480225068124659, -0.8802088312836501, 0.4745656053663982, -0.0044608893165788725, 0.45115715956420394, 0.8338008097444175, -0.31817200857949984
0.00023076046759075566, 0.001045257014342884, 0.006526926034235626, -0.1608243666858949, -0.29631006082829475, -0.9414541257714117, -0.8793937814869113, 0.4760949841379278, 0.0003783660355192127, 0.4481094734127269, 0.8279697542366138, -0.3371408991907242
0.0002292751944286665, 0.0010425204801343283, 0.006518231353353858, -0.17367970090827412, -0.31442772884862447, -0.9332580376420598, -0.8789310871977298, 0.4769400802825123, 0.002881627583052653, 0.4442020997809771, 0.8207699818775092, -0.3591951160566695
0.00022767071619881726, 0.0010396157512387793, 0.006509609780444659, -0.18575224296325557, -0.3358182875239594, -0.9234295760904536, -0.8788499529499643, 0.4770869589767674, 0.003285387974966493, 0.439452914922595, 0.8121663076850552, -0.38375385890862257
0.00022595351573748046, 0.0010365112540383038, 0.006501073066869748, -0.1964436461411465, -0.35285927154030144, -0.9148225119545429, -0.8785964151616251, 0.47754409494215055, 0.004469524697741068, 0.43529097527506067, 0.8046377892405565, -0.40383139423546127
0.00022413587041721726, 0.0010332463329465527, 0.0064926084364763026, -0.20541451587611892, -0.35997033054214483, -0.9100693587835812, -0.8776794910850688, 0.4791714110061553, 0.008571452795457974, 0.43299375006578816, 0.8005099124956225, -0.4143673399294599
0.00022223446679019162, 0.0010299142953386204, 0.006484184449630701, -0.2127364330065967, -0.3571423071288318, -0.9095012823137331, -0.8760496231096853, 0.481966828859143, 0.015653553233689256, 0.4327589027634304, 0.8000983366675354, -0.41540628755573156
0.00022026610189470187, 0.0010266098008046502, 0.00647576919902596, -0.2184161376441057, -0.3443417735407918, -0.9130844067288704, -0.8736813149019657, 0.4858151215142073, 0.025780374305048648, 0.43471295219696815, 0.8033756348700888, -0.40695483593302895
0.00021824757276904644, 0.0010234275089347862, 0.006467330777355089, -0.22237165185267332, -0.3213746603302963, -0.9204722571321202, -0.8705645666813426, 0.49050138390664166, 0.03906056354682616, 0.43893984062880387, 0.8100164937106257, -0.3888509948881503
0.00021619567645152373, 0.0010204620793191725, 0.006458837277311106, -0.22442730883578615, -0.28794732103099546, -0.9309772947606185, -0.866712216432841, 0.4956980821577114, 0.055617849933623294, 0.4454686486553222, 0.8193715589744617, -0.36081564740038846
0.00021412720998043207, 0.0010178081715479525, 0.006450256791587022, -0.22416960416394405, -0.2448041426925757, -0.9433021362689334, -0.8623026676454144, 0.5008159847784176, 0.07494970821841807, 0.45407278925364253, 0.8302133949238455, -0.32336298636121047
0.00021206040640590283, 0.0010155511212263284, 0.006441559714950014, -0.21835376611604032, -0.21341719506713044, -0.9522472019767871, -0.8601550827562227, 0.5029826558562818, 0.0845084700867137, 0.46092826603667664, 0.8375330135328635, -0.29340004228183586
0.00021004372134791858, 0.0010135800296529407, 0.0064327648920445395, -0.20452185680319349, -0.21426096117824728, -0.9551246256927668, -0.8627930441812766, 0.5003299323661022, 0.07251290706444864, 0.46234075420860304, 0.838905357768983, -0.2871912737259177
0.0002081533685949656, 0.0010115996603948844, 0.006423936874864308, -0.18989764721742544, -0.23080549975949272, -0.9542891096843016, -0.8669377098844175, 0.4956287292089974, 0.052641903109936876, 0.4608230579752362, 0.8373057888629729, -0.2942127209603742
0.0002063981435410938, 0.0010094663238228655, 0.006415116375092464, -0.1865300018287092, -0.23485395584406712, -0.953965501389948, -0.8678638493352789, 0.49448178122136455, 0.047959431367550584, 0.46045509817433233, 0.8368580449900327, -0.2960569457059342
0.00020467468043056068, 0.0010072963665758179, 0.006406302112859858, -0.1955962034721409, -0.22384469730358927, -0.9547961440414122, -0.8653440637426992, 0.49749652803666367, 0.060637083840968636, 0.4614344769656427, 0.8380875587195705, -0.2910111121364853
0.00020286924158553464, 0.001005230181728715, 0.006397488925196024, -0.21688396219448847, -0.19765427647282602, -0.9559781032716301, -0.8589614110285523, 0.5039469307598808, 0.09067957510671572, 0.4638390252088092, 0.8408152460378556, -0.2790754032938807
0.00020086886195673002, 0.0010034071627087664, 0.006388671679771242, -0.24111286182128558, -0.1676630237374907, -0.9559046491860741, -0.8508471153491535, 0.5103009971093471, 0.12510826771732841, 0.4668230651610675, 0.8434939257756442, -0.26569573390105083
0.00019864335166971752, 0.0010018596061775185, 0.006379848526936934, -0.251706780534151, -0.15593901381545172, -0.9551579558394503, -0.8471453172499012, 0.5127124939955053, 0.13953748586839754, 0.46796207976148785, 0.8442801208551421, -0.26115621653357146
0.00019631782041791877, 0.0010004188780047098, 0.006371023775883366, -0.24714781701279814, -0.1650289884380756, -0.9548211295949174, -0.8492705601260904, 0.5113321328493606, 0.13144947934031767, 0.46653775007916054, 0.8433889274177302, -0.2665288818500641
0.00019403448143129424, 0.0009988942150407462, 0.006362202414089408, -0.22787654573863014, -0.19343779944292458, -0.9542819801551891, -0.8567011964784302, 0.5056102155365582, 0.10208511104711321, 0.4627475984320786, 0.8407973166535169, -0.28093510363354335
0.00019192975689831846, 0.0009971075753461137, 0.006353388428040519, -0.20347273432305515, -0.21936763977674065, -0.9541890195374716, -0.864120663314889, 0.49843834262050385, 0.06967566173321639, 0.46031980798064276, 0.8387115458991294, -0.2909787228581445
0.00019004932717997403, 0.000995080250012075, 0.006344570119311215, -0.18199869396202814, -0.22592627108893876, -0.956992056094492, -0.8683389287004951, 0.4935830091432824, 0.048613969065887205, 0.4613718460194473, 0.8398411356422771, -0.2860120392285919
0.0001883668662658681, 0.0009929917068895835, 0.006335723343027069, -0.16374097395293424, -0.21278776821073025, -0.9632809866019578, -0.8699637847418626, 0.4915473609925299, 0.03929637564577036, 0.465136438786039, 0.8444539996951735, -0.26560409581229255
0.00018685406712999714, 0.0009910257655365924, 0.006326823611891042, -0.14855797084011718, -0.17976301734468542, -0.9724277797836718, -0.8695709466203342, 0.4920282003078538, 0.04188817130921867, 0.4709319463507258, 0.851817766718298, -0.22941140819359512
0.00018548262272610408, 0.000989366245130046, 0.006317846438675545, -0.13684861301672357, -0.13789380024532666, -0.9809473772681698, -0.868237948359496, 0.4934406455306332, 0.051760934755907706, 0.47690179507304475, 0.8587791504177393, -0.1872512981634405
0.0001842186808956231, 0.0009880926498889108, 0.006308786351062685, -0.13117354692409464, -0.13061578091161397, -0.9827171609187465, -0.8684261023323118, 0.4932546755135999, 0.050358016957408436, 0.47815228262057025, 0.8600228734521093, -0.17813211884417635
0.00018300722548173518, 0.000986886345732051, 0.006299710450831029, -0.13167719059391628, -0.16475576487722202, -0.9775053224494561, -0.870664764767704, 0.49065945007120665, 0.034585711613609724, 0.47392402858400434, 0.8556335909696059, -0.2080556971946821
0.00018179295488874288, 0.0009853670387099766, 0.0062906963158681686, -0.13328452660949122, -0.2070556378008146, -0.9692075101965428, -0.8733650807080445, 0.48679974035891804, 0.016107407808859525, 0.46847483472040924, 0.8486188635903564, -0.2457180367663257
0.00018056394137837514, 0.0009834577835043773, 0.006281759276028042, -0.1334979659650675, -0.2398155536373005, -0.9615959615747274, -0.875559860672364, 0.48310846225653076, 0.0010696146600068072, 0.4642986360765885, 0.8420776175209537, -0.27446686978149915
0.00017933143017496381, 0.000981243702155096, 0.00627288140446477, -0.13242629286733218, -0.26303244851125535, -0.9556553813941453, -0.8772333401229028, 0.47994849805069967, -0.010540692372574942, 0.46143790907795085, 0.8369368974116574, -0.29429863373233217
0.00017810688455537792, 0.0009788114417205605, 0.006264044461394165, -0.13016586794606816, -0.2769177911638391, -0.9520364403523571, -0.8783970032013714, 0.47756139233102013, -0.018810138800857308, 0.4598647100927585, 0.8338175181008121, -0.30540595102175944
0.00017690176779648655, 0.0009762476492591989, 0.006255230207032036, -0.12676984468936514, -0.28163404736087316, -0.9511107558242456, -0.8790750237648527, 0.47608860130447145, -0.02380643402057069, 0.45951769179244667, 0.8330797723358104, -0.30793113492249613
0.00017572754317515867, 0.0009736389718294386, 0.006246420401594195, -0.12224746978381963, -0.27723954633599723, -0.9529920199450069, -0.8793012678380671, 0.47557968666429723, -0.025558599544120673, 0.4603095007816176, 0.8348426172517185, -0.30191549796338507
0.00017459567396826335, 0.000971072056489708, 0.006237596805296454, -0.11656771040854219, -0.263671395191768, -0.9575434007123316, -0.8791187820029935, 0.4759955183430354, -0.024050647536361942, 0.4621278351491971, 0.8389908592320728, -0.28728418352799195
0.00017351762345266977, 0.0009686335502984349, 0.006228741178354626, -0.10966683494421685, -0.24076450938871014, -0.9643679983969458, -0.8785813226011667, 0.47720555443408463, -0.019228062659627388, 0.4648312004262435, 0.8451670307318381, -0.2638648238667402
0.0001725048549052468, 0.0009664101003140468, 0.006219835280984519, -0.101460804258077, -0.20830888205580492, -0.9727862637064552, -0.8777562373436559, 0.4789807854805352, -0.01101793740938863, 0.46824106291910356, 0.8527513217797498, -0.23144219623758727
0.0001715688316028636, 0.0009644883535949722, 0.006210860873401947, -0.09230848310149808, -0.16885118362425455, -0.9813095443009757, -0.8767972089019689, 0.48086025551751377, -0.00026291699915074757, 0.4719171520608438, 0.8603852000425855, -0.1924357272921607
0.0001707169733551261, 0.0009629301298155564, 0.00620180497083688, -0.08653872829431858, -0.14863577678367632, -0.9850981952907614, -0.8764032170814345, 0.4815585609987967, 0.004330521686858127, 0.47373879891192594, 0.8637179853335704, -0.17193833841468986
0.00016991759663900538, 0.000961557149399906, 0.0061927054084105655, -0.08648547053562475, -0.1615107839594453, -0.983074020636817, -0.8769597741362593, 0.48056041001220573, -0.0018019089272715623, 0.47271748215304354, 0.8619605321554499, -0.18319995380234366
0.0001691188921729759, 0.0009600655764956782, 0.006183626593138389, -0.0880874080777628, -0.1873955209029441, -0.9783269020545515, -0.8779860493839372, 0.478520197832315, -0.01260624264834246, 0.4705115361235348, 0.8578469205004098, -0.20668225700972775
0.00016830560350137764, 0.0009583354012347138, 0.006174593949268809, -0.08756700907564957, -0.20739277036966744, -0.9743306716510259, -0.8789130273747835, 0.47645462049303516, -0.022425095802044652, 0.4688751531404049, 0.8543882217172896, -0.22400191373809653
0.00016749693075931516, 0.0009564201493371197, 0.0061655961010582015, -0.0848153527790032, -0.2208384009617505, -0.9716155394978151, -0.8797013900293056, 0.47451107434166706, -0.03105969587141302, 0.46790150706476774, 0.852097201607759, -0.23451767246573335
0.00016671340117967488, 0.0009543800302572068, 0.006156620255408908, -0.07985606576128287, -0.22779305151347523, -0.9704294587672557, -0.8803423443246318, 0.47277117532527707, -0.03853274673012128, 0.4675685677525182, 0.8512330711760061, -0.2382895150570487
0.00016597554199534317, 0.0009522752534492858, 0.0061476536192232745, -0.07270412936389997, -0.22830042064742087, -0.970872302368158, -0.8808350160280078, 0.4712929088068982, -0.04486277574194474, 0.4678074220364365, 0.8519166109664393, -0.2353599452903573
0.00016530380574713324, 0.0009501659142773268, 0.006138683425596177, -0.06448175392720495, -0.22406878652009835, -0.9724378038300866, -0.8811807145145745, 0.47013898676080396, -0.04989871235922555, 0.46836166770782545, 0.8536758823083475, -0.22776047986208953
0.00016470815908377053, 0.000948096091157982, 0.006129700584747383, -0.05746867122274408, -0.21855631625393906, -0.9741306321296958, -0.881387477196098, 0.46937611286270875, -0.05331209727436844, 0.4688853451215874, 0.8555227649217769, -0.21960722171824848
0.00016417737401566628, 0.0009460774882089452, 0.006120703439295502, -0.051942931501064035, -0.21218475109375717, -0.975848125104699, -0.8814817652216297, 0.46899745630885425, -0.05505709361729926, 0.4693525641230007, 0.8573325010630968, -0.21139809169446128
0.00016369766752219065, 0.0009441179067996037, 0.006111691227840914, -0.047906309800629564, -0.2049566748923058, -0.9775979474704187, -0.8814852128721136, 0.4689827172557906, -0.05512740156383217, 0.46977527070833663, 0.8590971844514828, -0.20313350954100173
0.0001632552565827139, 0.0009422251482993457, 0.006102663188984011, -0.04535956426311813, -0.19687297652527816, -0.979379161021888, -0.8814118157373567, 0.4693070877113008, -0.05351699265199287, 0.47016563146239865, 0.8608088571442646, -0.19481373271294097
0.00016283635817660618, 0.0009404070140775587, 0.00609361856132517, -0.04430260353788123, -0.18793317393948034, -0.9811821448909466, -0.8812679176550522, 0.46994126893032945, -0.05022012612568938, 0.4705360099202756, 0.8624594633309933, -0.18643909857945976
0.00016242718928323772, 0.0009386713055036305, 0.00608455658346478, -0.04473445791153818, -0.17813585424536582, -0.98298852775993, -0.8810522178171156, 0.47085145519399463, -0.04523158875431703, 0.4708989464363908, 0.8640408118682656, -0.1780102740605883
0.00016201396688197875, 0.0009370258239469488, 0.0060754764940032235, -0.04728942212070327, -0.1697258543363969, -0.9843560559702319, -0.8807729103609478, 0.4719253916356767, -0.03905771503581564, 0.47117172127558316, 0.8651471314749264, -0.17180701374190432
0.00016157707144363225, 0.0009354577681703364, 0.006066382268460259, -0.057712952077576755, -0.1829716409061072, -0.98142273959116, -0.880613928045004, 0.4724423602246104, -0.036294985859592024, 0.4703066285899443, 0.8621598430044896, -0.1883934187142272
0.0001610441988730833, 0.0009337683628441951, 0.006057320641230757, -0.0777978076923706, -0.22207034586597313, -0.9719219426503489, -0.8807023791714992, 0.4721917859748941, -0.037393001744990176, 0.46723743475873364, 0.8530648737023503, -0.232313367706792
0.0001603260151390068, 0.0009317183396500669, 0.006048348427865007, -0.10032246381792931, -0.24888202333473608, -0.9633240066116425, -0.8800352739813633, 0.47390919917176283, -0.030789405465603884, 0.4641910380458106, 0.8446702370755029, -0.26656869808131356
0.00015939896215782346, 0.0009294184876237635, 0.006039446609087952, -0.12260490562305022, -0.25734587066863274, -0.9585098538705621, -0.8782458525756945, 0.4779422431913275, -0.01598232169721856, 0.46222533417236483, 0.8398477927714315, -0.28461100721194943
0.00015826520604177082, 0.0009270387504237815, 0.006030583045239507, -0.14443427706263262, -0.26166131596945347, -0.9542914100705971, -0.8759116599696883, 0.4824714347197494, 0.00028037227327944853, 0.4603449831795061, 0.8359154684563509, -0.2988776104977753
0.00015692883319429204, 0.0009246177387012975, 0.006021753498992341, -0.1657991792694588, -0.26334246911120945, -0.9503480289430738, -0.8730831728978395, 0.48726435747207353, 0.017297951900985806, 0.4585154363336258, 0.8326008586950526, -0.31070790904649603
0.0001553941287844928, 0.0009221801340616776, 0.006012956692414109, -0.18671759330315912, -0.26240529898476644, -0.9467206554289346, -0.8697295057941786, 0.49227993814318505, 0.0350863114726492, 0.4568447516411784, 0.8299421194074063, -0.3201389562853182
0.00015366537798147862, 0.0009197506181102881, 0.0060041913475724715, -0.2072062662739634, -0.2588572351585959, -0.9434291149963788, -0.865819040231986, 0.49747105904875516, 0.053665025674760204, 0.45543710080379496, 0.8279586204726401, -0.327202643626968
0.0001517468659543551, 0.0009173538724524947, 0.005995456186535083, -0.22727835837762075, -0.25269670003668404, -0.9404727139070778, -0.8613194312185505, 0.5027838667465933, 0.07305628477206279, 0.4543934255890225, 0.826651535491173, -0.33192446979931944
0.0001496428778722279, 0.000915014578693664, 0.005986749931369606, -0.2469412196782741, -0.24391345888226368, -0.9378306129573168, -0.856197801145888, 0.5081569609565306, 0.09328359097059759, 0.45381203084179367, 0.8260040723916036, -0.33432306689149294
0.00014735769890420258, 0.0009127574184391619, 0.005978071304143692, -0.26619426844235883, -0.2324897905625373, -0.9354619761019819, -0.8504211534689361, 0.5135205181450123, 0.11437018482385344, 0.4537890183565505, 0.8259813404237808, -0.33441045451769696
