0.0002997461997438222, 0.0012073301477357745, 0.007339092902839184, -0.308104907793087, -0.5172907932620583, -0.7984244491497763, -0.8591514397982046, 0.5117214119935495, 0.0, 0.4085708864890955, 0.6859675150571188, -0.6020950082834737
0.00029456049424848326, 0.0011986236401746915, 0.007325654642205083, 0.03038886520632202, 0.2652449524706514, -0.9637020452714178, -0.8677122389250852, 0.48557090936249836, 0.10628434692132371, 0.4961370650244626, 0.8329861986670116, 0.24491224048461488
0.0002949432900651755, 0.0012019648198309614, 0.007313515290868236, 0.24709212542827994, 0.6756748881570038, -0.6945566406459271, -0.8782600712430167, 0.45900150740678947, 0.13407782612537483, 0.4093955652074732, 0.5768717896658802, 0.7068339334498155
0.0002989778386567215, 0.0012129973169760317, 0.007302174490300796, 0.3033874924765714, 0.7555010261874181, -0.5806670550655827, -0.8790116347116804, 0.45713801179246183, 0.13551156487892202, 0.36782410939235294, 0.46930058342622283, 0.8027841471687949
0.00030474739148594367, 0.0012273647618813502, 0.007291131881974916, 0.3049375752065451, 0.7283184188251934, -0.6136492125205758, -0.8735896441519015, 0.4705142330430737, 0.12432815503514148, 0.37928117387725263, 0.49816527107362496, 0.7797288976550985
0.0003103352000156646, 0.0012407107848183651, 0.007279887107362747, 0.236106522345029, 0.5391748792195994, -0.8084207813537866, -0.8622726451954171, 0.4998384020275031, 0.081531939792271, 0.44803972530773956, 0.6778289028044782, 0.5829308561648138
0.0003138245157087068, 0.0012486790160585247, 0.007267939807936444, -0.004782610097382493, -0.06723801231226809, -0.9977255014987598, -0.86815112537458, 0.4954386140316338, -0.02922675550355053, 0.4962768885929577, 0.8660367367650804, -0.06074224577494628
0.00031376206108484403, 0.001247800975682509, 0.007254910819654818, -0.08198962610584494, -0.39305432053439376, -0.9158526094958019, -0.8802192654875087, 0.4595534403335046, -0.11842584237517922, 0.46743100654070274, 0.7964414206876023, -0.3836526000660747
0.0003125553078184713, 0.0012420158586171565, 0.007241430966403648, 0.011073916836527843, -0.4017126951896001, -0.9156987926656915, -0.8825309381706149, 0.4266182659434378, -0.19782820409412938, 0.47012393210470793, 0.8103232476530101, -0.3497995465627227
0.00031271548505813757, 0.0012362053372267372, 0.00722818595949777, 0.0793103180995068, -0.3786862610721288, -0.922120702033181, -0.8796968660892569, 0.4085078735619574, -0.24342296734414356, 0.46887450051767077, 0.8304926447074047, -0.30073022769785795
0.00031383728401268964, 0.001230849037290568, 0.007215143091125791, 0.1020541437862483, -0.3471627973982849, -0.9322354551499601, -0.8792300639713344, 0.40689177638090135, -0.24777727281281875, 0.46533799151264155, 0.8449361362944493, -0.26371097671274296
0.00031525363221491994, 0.0012260309732146381, 0.007202205154830696, 0.07656067965404857, -0.30774733532546716, -0.9483828551439469, -0.8832766456499219, 0.4203356535717426, -0.20770244482393196, 0.4625590011883161, 0.853586267424969, -0.23964485073369907
0.00031629745719762134, 0.0012218351594049377, 0.007189274944155475, 0.00031376417602097174, -0.25888363427065675, -0.9659084663977529, -0.8870285314020077, 0.445901943409889, -0.11979917087393327, 0.4617145070612786, 0.8568259571057013, -0.2294972618552549
0.00031630168649358627, 0.0012183456102674555, 0.0071762552526431055, -0.12445430911366685, -0.19920609788363006, -0.9720226620346962, -0.8782567639519671, 0.4779696478841429, 0.01449387022597133, 0.46171006217718363, 0.8554893022519254, -0.2344394851914994
0.000314611031521311, 0.0012156394863711193, 0.007163050768536153, -0.2228161766666666, -0.17235922828394412, -0.9595026043951168, -0.8603697096020294, 0.49756641981190425, 0.11041567223398857, 0.45838511561237294, 0.8501293750370746, -0.2591585064860969
0.00031151490706049023, 0.0012132444824233743, 0.0071497180764123975, -0.20412967498171977, -0.23498922229893301, -0.9503215988259975, -0.8707366571623766, 0.4872246147479644, 0.06655710824087539, 0.447379871770677, 0.8410661330638872, -0.3040707321453551
0.00030868009605116396, 0.0012099811154753512, 0.007136520670738804, -0.15755922969085986, -0.2893940729068482, -0.9441536737764721, -0.8832013008797354, 0.4689799721465263, 0.0036397595781283336, 0.4417358387810141, 0.8344512306251513, -0.3294853448100609
0.00030649562402606335, 0.0012059688258891728, 0.007123430499558053, -0.12058225965948753, -0.29804559380395834, -0.9469048223921229, -0.8882289534322219, 0.4583432978211837, -0.03115682312273924, 0.4432936328666496, 0.8373113192573284, -0.32000079641063484
0.0003048239593645981, 0.0012018369387602164, 0.007110303300467292, -0.09362736505599643, -0.271219108684223, -0.9579530842359697, -0.8893439474835992, 0.4553070199931854, -0.04198643375203754, 0.4475502872158171, 0.8480186982782048, -0.28383626932367007
0.00030352667613281557, 0.0011980789775955013, 0.007097030081977479, -0.07659793108948548, -0.24933520893987615, -0.9653831936260953, -0.8897274628483144, 0.45409834830123713, -0.046687599248511874, 0.4500197760169122, 0.8553517660313776, -0.2566233768398577
0.0003024649318218957, 0.0011946228758987771, 0.007083648648574367, -0.06961098941038671, -0.24325317082037376, -0.9674617331135847, -0.8899662043861958, 0.45328415930814586, -0.04993621902723091, 0.4506822219743476, 0.8575321368940885, -0.24804065995341035
0.0003014997760990505, 0.0011912501729404352, 0.007070234800613617, -0.07269450814102214, -0.25309264782882873, -0.9647070125696856, -0.8901024660676617, 0.4528158521175499, -0.05172430735471003, 0.4499256698460337, 0.854928017838958, -0.25819561562417775
0.00030049225863133035, 0.0011877424077713743, 0.007056864338507861, -0.08546058426551872, -0.2783222676050948, -0.9566782133466584, -0.8901432925273419, 0.45268327181974066, -0.05218020873049384, 0.44759513771440734, 0.8471213435923645, -0.28643327656661666
0.0002993083329906981, 0.0011838866785857088, 0.007043611025575944, -0.09553857731973889, -0.3047503068561021, -0.9476284243915607, -0.8904796688336577, 0.45163005557078567, -0.05546397298272469, 0.44488014075436055, 0.8385448964582879, -0.31452204531024486
0.00029798426716264964, 0.0011796631546573063, 0.007030477876123393, -0.08785296098120486, -0.3154696842209286, -0.9448601672122613, -0.8915822074385453, 0.4479267211232046, -0.06665448134090947, 0.44425558479983757, 0.8365647200553957, -0.3206188461909123
0.0002967664848238138, 0.001175290241034457, 0.007017380605280732, -0.06251207543048809, -0.30963782880611485, -0.9487974785999423, -0.8929884982176585, 0.4419069568298278, -0.08538022930615509, 0.44571715524124034, 0.8419279401930048, -0.3041275407555526
0.0002959001355165484, 0.0011709989978363705, 0.007004231305202953, -0.04332449368945545, -0.2905113778921389, -0.9558902277781498, -0.8933675510121496, 0.4395749506362405, -0.09310360665248696, 0.44723305674458663, 0.8499276452077305, -0.2785778003835478
0.0002952996788116028, 0.0011669726494624305, 0.006990983125072436, -0.05224230418029035, -0.26347387127779603, -0.9632508815505052, -0.8924828745183798, 0.4450798373156338, -0.07333660141088458, 0.4480458239347221, 0.8558536426101022, -0.25839791424405045
0.00029457575172844825, 0.001163321664420436, 0.006977635256674051, -0.06654836281580413, -0.24914492478038042, -0.9661770654816407, -0.891361557633583, 0.4499876295445037, -0.05464162177270213, 0.4483814101627862, 0.857576783566986, -0.25202414826229314
0.00029365340065508187, 0.0011598685503381102, 0.0069642441766278665, -0.07101411797132653, -0.2609624598756641, -0.9627333948629793, -0.891470913204835, 0.4495901039277691, -0.0561101538044185, 0.44747805081198366, 0.8542642056096347, -0.2645676870966059
0.0002926692443949704, 0.0011562519759740603, 0.006950902039536826, -0.06659003780288782, -0.2942071627819517, -0.9534190643327856, -0.8929319034248622, 0.44396230878753545, -0.07463299687198473, 0.4452396913028562, 0.846368485793177, -0.29227042878933573
0.0002917460920573068, 0.0011521733173782583, 0.006937684581384645, -0.061921758515389703, -0.31602219972697493, -0.9467289290510171, -0.893912734161986, 0.4394717694149531, -0.08823030992993758, 0.4439433742330257, 0.840829669533024, -0.30970913339386913
0.0002908870015278987, 0.0011477888863579298, 0.006924549846900929, -0.06076026957353632, -0.3130631261344561, -0.9477867211014686, -0.893891191043838, 0.43958308764818566, -0.08789338785094264, 0.4441471920608977, 0.841877775041371, -0.3065535575977074
0.00029004438898171635, 0.0011434473829432896, 0.006911406110246854, -0.0631043388318737, -0.28517136860382797, -0.9563969536490651, -0.8930394937774973, 0.4439435465376673, -0.07344787295211216, 0.4455314859515809, 0.849465371875851, -0.28268405864073526
0.0002891704899306164, 0.001139498193505021, 0.006898161468028265, -0.0693659677415987, -0.23348507975932234, -0.9698830238998177, -0.8913799299615839, 0.4510346152495548, -0.04482852114857188, 0.44791760735759584, 0.8614246881628532, -0.23941036661468457
0.0002882100068956738, 0.0011362652182388725, 0.006884731882589411, -0.09046671392791528, -0.1952353908039361, -0.9765750948333257, -0.888678151489803, 0.45843666296752417, -0.009325723128393632, 0.44951853881208453, 0.8670172825410317, -0.21497468464778233
0.00028695571260648666, 0.0011335583371651582, 0.006871191957115962, -0.1335708191066559, -0.20339098555194376, -0.9699437835665456, -0.8845960438921431, 0.4657320030346388, 0.02415658253381376, 0.44682063002232425, 0.8612350482566024, -0.24212706631209377
0.0002851046186669719, 0.001130739639015179, 0.006857749971273258, -0.15168644184061755, -0.22487267397801833, -0.962508963002272, -0.8836725871752505, 0.4671351688689767, 0.03012461918019387, 0.4428475833023503, 0.8551122818108325, -0.2695718892235232
0.00028300254581595447, 0.0011276233503266912, 0.0068444115084849095, -0.15094436015113463, -0.23910145063951832, -0.9591904380469202, -0.8847827215794302, 0.4654251012530325, 0.023216604361992698, 0.44088018296705217, 0.8521795417784228, -0.28180612633733887
0.00028091067555606263, 0.0011243097504466493, 0.006831118517949099, -0.1516693319846475, -0.24877550697188722, -0.9566123357275983, -0.8853656514007253, 0.46448279881703625, 0.019580421927576676, 0.43945884568990085, 0.8499214532731675, -0.29070508459764993
0.00027880848787518173, 0.0011208616386944716, 0.006817859550950096, -0.1539577160150161, -0.2539402876003779, -0.9548881358635037, -0.8854179147035179, 0.4643967055891359, 0.019256587445115363, 0.43855688114714797, 0.8484397622526864, -0.29634073602373945
0.0002766743989058037, 0.0011173416386537085, 0.0068046233436947386, -0.15781942730823784, -0.2546137909285529, -0.9540780082535657, -0.8849295064427746, 0.4651938912663436, 0.022235380712384404, 0.43816982665519905, 0.8478009560017424, -0.2987318898468731
0.00027448682478042083, 0.0011138123739079108, 0.006791398632389862, -0.16325465778730372, -0.2507942196457544, -0.9541751286336421, -0.8838737203470337, 0.46685536062112337, 0.028518743647197038, 0.4383094377156897, 0.8480261385426737, -0.2978867320941939
0.00027222418163152514, 0.0011103364680406281, 0.0067781741532423065, -0.17025240347408946, -0.24246004975592547, -0.955105880718808, -0.8822073291341982, 0.46931564523220604, 0.038118939678100615, 0.4390038126636264, 0.8490912491673862, -0.29380214950569605
0.0002698648855916088, 0.001106976544635411, 0.006764938642458909, -0.1787736647844084, -0.22960834928613175, -0.9567235665110637, -0.8798761768415573, 0.4724554292911952, 0.05102725506978799, 0.44029295952381153, 0.8509206033886888, -0.2864895050824604
0.00026738754287627606, 0.00110379476407411, 0.006751680917049847, -0.1854886197089193, -0.22035582420608915, -0.9576206361064568, -0.8780238744544494, 0.47473540299139283, 0.06083069155119918, 0.44121202142108185, 0.8520971821834966, -0.281535689155865
0.0002648168849520051, 0.001100740886986968, 0.006738409401630111, -0.18318563653721406, -0.23252658150331942, -0.9551829204193487, -0.8794512970240691, 0.4729700309710752, 0.05352350853506088, 0.43932725698405994, 0.8498415962387346, -0.2911371198821294
0.0002622788264740254, 0.0010975192039298456, 0.006725175230245177, -0.1767340156173933, -0.2524479840355407, -0.9513333291124317, -0.8821806801282921, 0.46926308705725706, 0.03936245335185944, 0.4364886428443873, 0.8462045677505438, -0.30563948401013297
0.00025983023781530804, 0.001094021624426171, 0.006711994836011577, -0.17130925307196296, -0.26626936514452704, -0.9485535119314338, -0.8841479254711425, 0.46632002199655725, 0.028776430810742597, 0.43466721258567603, 0.8435912886408091, -0.31530644146978326
0.00025745619248855904, 0.0010903315987524718, 0.006698849550559738, -0.16713187364217463, -0.2736180094429178, -0.947206483149979, -0.8853536656094706, 0.4643940461142328, 0.022069361692754867, 0.4338384763996043, 0.8423012257156862, -0.31986375467239625
0.0002551394453268995, 0.0010865387629938482, 0.006685719571917595, -0.1642278105263356, -0.2745439679631471, -0.9474464818156098, -0.8858514083334328, 0.46357074414541766, 0.019221017822622376, 0.43393145611190703, 0.8424534259100109, -0.3193363690046688
0.0002528627511634508, 0.0010827327532354004, 0.006672585098113088, -0.16259978710462072, -0.2690568947567883, -0.949299582122191, -0.8856786058392725, 0.46385777956981167, 0.02023283201053638, 0.434896213356859, 0.8440641845952229, -0.31372111164450966
0.0002506088648313339, 0.0010790032055622294, 0.006659426327174152, -0.16222474539984616, -0.2571384257557745, -0.9526609900587918, -0.8848583048199453, 0.46518257893671106, 0.025118691147499532, 0.43670231550923555, 0.8470448620076936, -0.30299519695077576
0.00024836060913905017, 0.0010754395511518903, 0.006646223498663389, -0.16198176387413732, -0.24200250677861945, -0.9566591320240911, -0.8837888793882496, 0.46682073282965963, 0.031553447831286566, 0.4389523036069926, 0.8505957853841294, -0.28949556999178905
0.00024611585398251777, 0.0010720858626749135, 0.00663296604629163, -0.15942544236394596, -0.2310256112083512, -0.9597972157142716, -0.8833512914547331, 0.46746153244321, 0.034208355282021374, 0.44076527110505814, 0.8532917922092381, -0.2786020336179029
0.00024390635929517947, 0.001068884053396325, 0.006619664111433569, -0.15424592592242717, -0.22525276317019072, -0.9620131948266235, -0.8836541492742936, 0.46702260470561663, 0.03233003501862934, 0.44199947828776626, 0.8550737274517183, -0.27108187290036034
0.00024176852024683423, 0.001065762063950101, 0.006606330667709694, -0.14645157699067637, -0.2246952348656794, -0.9633607771886923, -0.8846507663989602, 0.465534088520058, 0.025904322719022033, 0.44265670344712554, 0.8560315787717507, -0.26695501313679726
0.00023973873200728145, 0.001062647834970218, 0.006592978688740505, -0.13603400824926237, -0.22934185306431476, -0.9637930602741783, -0.8862577227214229, 0.4629518557435675, 0.014927430462896919, 0.4427663012428534, 0.8561996809720345, -0.2662331849847226
0.0002378533897463203, 0.0010594693070906528, 0.006579621148146491, -0.12435390727990914, -0.2387982612855679, -0.9630739826987382, -0.8881842649874117, 0.45948682838771526, 0.0007523077625688088, 0.4423401600273155, 0.8554807098615305, -0.26923584063385947
0.0002361298191353905, 0.0010561595143057224, 0.006566272745598959, -0.12023327152732931, -0.25074940443823424, -0.960556451538225, -0.8893215490749964, 0.45721176338847164, -0.00803652723836583, 0.4411928634607367, 0.8532772934943688, -0.2779689148776184
0.00023446335958310181, 0.0010526840724837654, 0.006552959222196957, -0.12715113338066472, -0.2642980794945142, -0.9560225491354917, -0.8893315773025056, 0.45719092574531406, -0.008111906605749576, 0.43922879560958894, 0.8491896034406299, -0.2931809722947514
0.0002327013000481818, 0.0010490214315095783, 0.0065397106682634305, -0.14439890530965926, -0.2797730754150436, -0.9491448690364291, -0.888176247142998, 0.45950283008622045, -0.0003211755503217309, 0.4362246097555159, 0.8429615503779294, -0.31483950582492903
0.00023070031150106734, 0.001045144513478268, 0.0065265580199907755, -0.16462653890469206, -0.3014218154276415, -0.9391714390208885, -0.8868852774496954, 0.461933515678882, 0.007206367706757773, 0.4316626082153038, 0.8341236816425085, -0.3433730862952254
0.0002284185945747316, 0.001040966819755227, 0.006513541143225932, -0.18328517712578957, -0.3312826242189271, -0.9255584080632562, -0.8863660691309845, 0.46288037045263514, 0.009846529485972077, 0.42516083467230936, 0.8221882908070708, -0.37847678808678986
0.00022587635216490785, 0.0010363717905764677, 0.0065007032592538285, -0.19916884609792587, -0.3554675030651627, -0.913222111541677, -0.8857714659540442, 0.4639508267825693, 0.012591283865987195, 0.41921436144965774, 0.8114138799603992, -0.4072675221055159
0.0002231104085298058, 0.0010314352601057068, 0.006488020950065718, -0.21128058413834416, -0.3580169889091562, -0.9094967566839263, -0.8837854590858437, 0.4674065382457081, 0.02131643294709245, 0.4174730854493312, 0.8083037570477973, -0.4151641353342446
0.00022017642419223832, 0.0010264635953295684, 0.006475391066207427, -0.21968266769653388, -0.3381086679058501, -0.9151076735557766, -0.8802576969880875, 0.4730882429585154, 0.03652261310000949, 0.4205780693366721, 0.813553958297393, -0.40155204461150634
0.00021713116632070473, 0.0010217767072233281, 0.00646270577393828, -0.22408131872985018, -0.2951014311723851, -0.928817908912345, -0.8751892526379688, 0.4802223762625811, 0.05856826276844601, 0.4287555651688792, 0.826015505094626, -0.3658784643566562
0.0002140314020837041, 0.0010176945067622595, 0.006449857239517598, -0.2228746779186177, -0.23394562463324045, -0.94635951025899, -0.8694318174534609, 0.48678680748361003, 0.08442108065813192, 0.44092538228394657, 0.8416103901300636, -0.3118922225431051
0.00021094632998698305, 0.0010144561885941923, 0.006436757557912527, -0.20758405547961314, -0.21308353735126725, -0.9547273254812119, -0.8702364499482292, 0.4859710545683129, 0.08075057463117528, 0.4467632271037312, 0.8476010501595861, -0.2863129034399725
0.00020806738777149494, 0.0010115009751521544, 0.006423516633433731, -0.18824322575284638, -0.23280020297172468, -0.954132356360734, -0.8755037760589846, 0.4800001819552498, 0.05561441745974283, 0.44503665698976125, 0.8458155181948668, -0.29417423938225246
0.0002054565057249479, 0.0010082721000203108, 0.006410283078657515, -0.19342161514376852, -0.22649308589498832, -0.9546145614000141, -0.8740712886987677, 0.4817203214255005, 0.06280855195105207, 0.44563153060308847, 0.8465497114567331, -0.29114622608728874
0.00020277671043145143, 0.0010051341099609281, 0.006397057195878894, -0.22469375620116366, -0.18799264075109953, -0.9561231526051652, -0.8646903276752832, 0.4908424657548782, 0.10669728692184648, 0.44924754106063136, 0.850724656299028, -0.2728446554651147
0.00019966647685424368, 0.00100253189691586, 0.006383822443015909, -0.2500154679930603, -0.15770557942366806, -0.9553121039654298, -0.856059089813647, 0.4969911433774848, 0.1419952046787879, 0.45238821880287894, 0.8533046077591434, -0.25926076807988707
0.00019620067815224532, 0.0010003457290085223, 0.0063705795845779714, -0.24200960427926163, -0.17289362075467077, -0.9547455929926754, -0.8596131581128594, 0.4945657901625533, 0.12833509886280345, 0.4499961886903393, 0.8517702008776954, -0.2683113025217894
0.00019284594350631474, 0.0009979490794154889, 0.006357344910985571, -0.20829219359972173, -0.21468741605127817, -0.9542136424693588, -0.8710128645961536, 0.4845164302331115, 0.0811197789824722, 0.44491679198859047, 0.8480289748725498, -0.28791649133593133
0.00018995773309007937, 0.0009949721918972483, 0.0063441136432464155, -0.176320827512905, -0.2230151704022073, -0.9587362512994065, -0.877155330395366, 0.4775727582467294, 0.05022735250446019, 0.44666485438655323, 0.8498167416279144, -0.2798249694090109
0.0001875120607474391, 0.0009918788418833257, 0.006330815414292051, -0.15148654824543387, -0.18683965842450093, -0.9706403905363199, -0.8779401084968301, 0.4766251534603273, 0.045272828291302504, 0.4541728653203075, 0.8590223542660199, -0.2362363292933722
0.0001854132585090648, 0.000989290232545663, 0.00631736747288795, -0.13476520458505736, -0.13327606450693466, -0.9818736325325632, -0.876593390529349, 0.47802890151476113, 0.055429207073988164, 0.46197658740828823, 0.8681738650444012, -0.18125057997274913
0.0001835452063662186, 0.0009874428221650765, 0.006303757200496763, -0.13140273499150545, -0.15679995477794864, -0.9788498840059109, -0.8785227231426065, 0.475876584950242, 0.04170492558672516, 0.4592724095336572, 0.8654220069294104, -0.2002838080410403
0.00018172635107844312, 0.0009852724226913573, 0.006290208119592339, -0.1334303354381043, -0.2175759647108469, -0.9668800572796086, -0.8823906921675612, 0.47024697131585286, 0.015951562441335897, 0.4512017419746152, 0.8552943853132743, -0.2547322172216559
0.00017987947004314184, 0.0009822608367454594, 0.006276825012704857, -0.1326705417064499, -0.2587734871048587, -0.9567835751803585, -0.8852034816144528, 0.4651938926833689, -0.003072189405822294, 0.44588487695925294, 0.8465405628684817, -0.29078471747556833
0.00017803904244683737, 0.000978671088330069, 0.006263552353433223, -0.12918707461622636, -0.2788552457048318, -0.9516041465310033, -0.8868793917944141, 0.4617602817592884, -0.014912632227499372, 0.44357146454936847, 0.8420315873721606, -0.30696443068383006
0.000176243809510334, 0.0009747960093169927, 0.0062503284987136965, -0.12315099613423615, -0.27832458984101593, -0.9525593182794316, -0.8875182372699894, 0.4603484708332023, -0.01976521982431163, 0.4440103722485731, 0.8429796605442879, -0.3037105221165725
0.00017453251245443615, 0.0009709284315780377, 0.0062370918054825445, -0.11451872112181057, -0.2571516790835061, -0.959561606389688, -0.8872657399703588, 0.46092152054810914, -0.017631181766140775, 0.4468164826721108, 0.8493670383527681, -0.2809460178973371
0.0001729438924999481, 0.0009673611869850105, 0.006223780630676027, -0.10307676491982648, -0.21479691047360572, -0.9712041329116432, -0.8863193684039902, 0.4629995219817973, -0.008331856730592552, 0.4514567063690767, 0.8599382128360276, -0.23810315491140438
0.00017151669086767427, 0.0009643871074097178, 0.006210333331230408, -0.09021587182576762, -0.16080237741215514, -0.9828548681719573, -0.8851666663168891, 0.4652457858326995, 0.005131433168136541, 0.4564439388491886, 0.870453303850076, -0.18430945853190894
0.00017026692603647493, 0.0009621595043062298, 0.006196717795254802, -0.08632680845867846, -0.15809685372987184, -0.9836427537383957, -0.885357649103431, 0.4649010174930965, 0.002979447588023925, 0.45682547577317184, 0.8711328422086951, -0.1801056798382996
0.00016907044917739976, 0.0009599683051832954, 0.006183084651467165, -0.08805123730470787, -0.19396473712354076, -0.9770489549463249, -0.8867912322089725, 0.4620194716098795, -0.011803318627401305, 0.45370506949603534, 0.8653991498758961, -0.2126876143729914
0.00016785042297553425, 0.0009572807556522222, 0.006169546791443521, -0.0853907715381173, -0.2184579132561644, -0.9721031613321126, -0.8880477439515116, 0.45906247198547995, -0.02515653547710823, 0.45175172451110307, 0.8611258833354984, -0.23320075568252727
0.00016666670497416687, 0.0009542524124272516, 0.006156071143073939, -0.07774680717170046, -0.2283035307464338, -0.9704807735464513, -0.888987325019504, 0.45650090554175393, -0.036172630457649395, 0.45128369118468425, 0.8599328003328347, -0.23845043296764168
0.00016558866888474497, 0.0009510867590140696, 0.006142614470883367, -0.06603857322024846, -0.22495854804317264, -0.9721278509071435, -0.889604528884109, 0.45453403026875117, -0.04475039124442001, 0.4519321730480322, 0.8618540868325414, -0.23014092198939737
0.0001646731804327538, 0.0009479681732714103, 0.006129137925616463, -0.055657440444960044, -0.2166108449435349, -0.9746701961053101, -0.8899136436730787, 0.4533865736349973, -0.04994318423991255, 0.45272061597371555, 0.8645925957931662, -0.2179992825034398
0.00016390177278817464, 0.0009449659643959692, 0.006115629075151759, -0.04862366816127689, -0.20632499139904076, -0.9772746475882447, -0.8899858777082963, 0.45308460711145393, -0.05137583360348442, 0.45338821816886193, 0.867262553511245, -0.20565696414860182
0.00016322791248566954, 0.0009421065704757622, 0.006102085329594141, -0.04494476792082291, -0.19411172178087938, -0.9799492881286285, -0.8898807063902509, 0.4535511738352314, -0.04902714663400177, 0.45397389377686864, 0.8698344510192422, -0.1931210283452381
0.00016260501851252552, 0.0009394163569713355, 0.006088504115722097, -0.044620227749011275, -0.17996940957057286, -0.9826596801001076, -0.889618879656629, 0.4546863885447506, -0.04287816496325909, 0.4545187391451651, 0.8722793702082787, -0.1803923947258802
0.00016198650985602944, 0.000936921689343236, 0.006074882860314115, -0.04997992389905926, -0.17213463690928626, -0.983804693007282, -0.8892312905566861, 0.45614481369701587, -0.03463554290328254, 0.4547193850078691, 0.8730988350200812, -0.17586558840387864
0.00016129367336639998, 0.0009345355080873234, 0.006061245068640787, -0.07385235828122377, -0.2140814473982108, -0.9740200013635187, -0.8891030201647899, 0.45652131509603655, -0.03292580138484942, 0.45170969516953136, 0.8635724768326468, -0.22405563716848673
0.00016027069782372029, 0.0009315701310847922, 0.006047753303954255, -0.10741355328122132, -0.25199794314521207, -0.9617480778364388, -0.8878658395041878, 0.4596107330885474, -0.021265584199166816, 0.44738862257887835, 0.8516190525583552, -0.27310878731118016
0.00015878084784979154, 0.0009280748633317364, 0.006034413643316279, -0.14047009304034178, -0.2609408959969613, -0.9550801022728621, -0.884619015848899, 0.46630663370886083, 0.0027055789834633057, 0.4446541912090374, 0.8452620730610202, -0.2963354148339741
0.00015683067023579433, 0.0009244521627060345, 0.006021154053358638, -0.1724882265508182, -0.2631975169991422, -0.9491969652010271, -0.8802400226533139, 0.4736650132483426, 0.028617437756387802, 0.4420693545368724, 0.8404573292380367, -0.31337862643999737
0.00015443449824478346, 0.0009207958753700919, 0.006007967998707556, -0.2035128024330405, -0.25956251457493645, -0.9440391095041488, -0.8746742544813395, 0.48144363535173335, 0.05618696046967114, 0.43991759204806, 0.837161470092146, -0.3250125923711164
0.00015160681400821225, 0.0009171894151273275, 0.00599485116047066, -0.23359319004443868, -0.25004370157439254, -0.9396341675715283, -0.8678208594691553, 0.48946758768206194, 0.08548939395573896, 0.4385443847948338, 0.8354038711375948, -0.33132943523514713
0.0001483620996575342, 0.000913716195781161, 0.005981799219755579, -0.26275140597831365, -0.23460526313539665, -0.9359070836175943, -0.8595762095559817, 0.4975255683790294, 0.11660638393542143, 0.43828123234036676, 0.8351219547576839, -0.33238664542955754
0.0001447148373242025, 0.0009104596311350113, 0.005968807857669933, -0.2909659912949978, -0.21317716715629215, -0.9326812356389172, -0.8498374325586686, 0.5053633204002799, 0.14961367790444374, 0.4394486660940158, 0.836159918793781, -0.3282094759006325
0.00014067950913967064, 0.0009075031349922979, 0.00595587275532135, -0.2952349771270173, -0.2074112981156624, -0.9326397277056052, -0.8479224082940995, 0.5067323158063421, 0.15572395329645342, 0.4402997817323375, 0.8367812817764971, -0.32547379107224383
0.00013658809259890471, 0.0009046287939365392, 0.005942948075306663, -0.24487643866194828, -0.27727703344918514, -0.9290602652733893, -0.8695299313939983, 0.486696154221444, 0.08393182874217028, 0.42889768966291913, 0.8283986360368273, -0.3602811008284149
0.00013318878714047792, 0.0009007797125857548, 0.00593005112348799, -0.32702817357847513, -0.3325715445849154, -0.8845613271098451, -0.8547444526623263, 0.5033313371245572, 0.12676547523433004, 0.40306884564414924, 0.797529769225456, -0.4488672107319537
0.0001286727576449807, 0.0008961871330282381, 0.005917835952543871, -0.4532390003830074, -0.35817592673976817, -0.8162624663892861, -0.8121411276976193, 0.543382378569252, 0.21251442153995484, 0.3674250906427753, 0.7592401439363768, -0.5371714871450437
0.00012237830672780892, 0.000891212890324784, 0.005906499937713119, -0.5167402777852242, -0.368615391353855, -0.7727238695494616, -0.7848364324150165, 0.5645715324199982, 0.2555205649942955, 0.34206908610472, 0.7384996127541159, -0.5810396391757644
0.00011516391208706536, 0.0008860665198593794, 0.005895711665184517, -0.5467049943832514, -0.369050293070883, -0.7516086284102281, -0.7694801542068377, 0.5753876666969043, 0.2771810334328694, 0.33017259334813104, 0.7298841786183529, -0.5985441875119849
0.00010753739243066964, 0.0008809182784070055, 0.005885226745461123, -0.5659108974819652, -0.35960332956621605, -0.7419099011848057, -0.7567178475387739, 0.5837766160930618, 0.294249828749685, 0.32729643341692805, 0.7279356481639194, -0.6024838062593325
9.965501631914068e-05, 0.0008759094886713575, 0.005874892940425689, -0.5753698645741262, -0.34039208945356, -0.743695330345291, -0.746567858085004, 0.58994572294838, 0.30757190581924504, 0.33404483563486054, 0.7321866356417283, -0.5935627838513177
9.166158574384496e-05, 0.0008711805296087538, 0.005864561017677725, -0.5748344270817247, -0.31117036910310814, -0.7567948089369143, -0.739264628457673, 0.5939806979911741, 0.3172928293000907, 0.35078938204136695, 0.7418624749953007, -0.5714778015294057
8.37019026961488e-05, 0.0008668717801755136, 0.005854081744816736, -0.5634453504612436, -0.2714108162441855, -0.7802983441410544, -0.7349259312924864, 0.5960990973828549, 0.3233415247276742, 0.37737675147984134, 0.7556467659727067, -0.5353361117256257
7.592076916741865e-05, 0.0008631236193279552, 0.005843305889442229, -0.5398682553661586, -0.22059652714067646, -0.8123296369463403, -0.7335215865780503, 0.596675972748675, 0.32545946839574696, 0.4129023478643831, 0.7715665595124606, -0.4839387310085697
6.846296920478127e-05, 0.000860076274433131, 0.005832084277732612, -0.5088357852330436, -0.19685338824437734, -0.8380542268868885, -0.7422625494358429, 0.5934211343860573, 0.3112838977026727, 0.4360418000275603, 0.780448653532488, -0.44807080671256827
6.14110504929511e-05, 0.0008573480974213434, 0.005820469744211929, -0.4905491243326078, -0.2668824105619475, -0.8295392308680499, -0.7690661601191848, 0.5802147845930851, 0.26811946050059926, 0.4097545582126503, 0.7694963175170133, -0.48987408520119924
5.460748603052766e-05, 0.0008536466298331268, 0.005808964630144101, -0.492553490964763, -0.31927043497608526, -0.8096032657348947, -0.7808617148540459, 0.5728671998419297, 0.249154878781182, 0.38424736929954906, 0.7549102997677591, -0.531473798498974
4.7761497270109386e-05, 0.0008492090979721731, 0.005797711974423881, -0.5178400797885948, -0.3358001502106155, -0.7868163133051258, -0.77269870200155, 0.5782979770750359, 0.2617406457469703, 0.3671217341559358, 0.7435117408820451, -0.5589382107897877
4.056884553124335e-05, 0.0008445449291899693, 0.0057867833191402405, -0.5665542886448435, -0.3164764942239277, -0.7608277509540957, -0.7423368704617783, 0.5968237525751405, 0.3045281253269401, 0.35770407989167297, 0.737322207020689, -0.5730652268834604
3.272530491125198e-05, 0.0008401635375255354, 0.005776250200798309, -0.6249853022062666, -0.2707066765812552, -0.7321961945274459, -0.694900615829961, 0.6202797485500607, 0.3638216151602519, 0.35567753112233924, 0.7361867485855782, -0.575779962365583
2.407706223656184e-05, 0.0008364176301826441, 0.0057661184259335165, -0.6546450761080591, -0.2381423736400391, -0.7174454921487495, -0.6653813510337153, 0.6319503525547648, 0.3973743947494052, 0.35875825011283186, 0.7375140417531022, -0.572158680955714
1.4994604243479646e-05, 0.0008331136748274502, 0.005756164683390295, -0.650753986126812, -0.2287203539493727, -0.7240208900503762, -0.6648919800838958, 0.6321225966523858, 0.3979191847870139, 0.3666577482614836, 0.74034317886418, -0.5634306285152589
5.962585931500055e-06, 0.0008299391934270541, 0.0057461157707803055, -0.6136716046107585, -0.24191891460338388, -0.7515865887917222, -0.692543499991173, 0.6220875432988902, 0.36522676393211895, 0.3791973922832711, 0.7446357010172641, -0.5492968327380878
-2.5405544766991337e-06, 0.0008265871229013591, 0.005735701656381988, -0.5678959499617601, -0.25310965794780005, -0.7832175247468469, -0.7219716462011955, 0.6101472247651736, 0.32630860575978193, 0.39528613952245534, 0.7507701813237554, -0.5292381342425445
-1.0412961942244445e-05, 0.0008230784126156737, 0.005724844372597206, -0.5571593141962735, -0.226033071489067, -0.7990510304089199, -0.7199691248673961, 0.6109654845052852, 0.3291893618890171, 0.4137849173689324, 0.7587029901986946, -0.5031419430156318
-1.8138551232966416e-05, 0.0008199442306466189, 0.005713764704850518, -0.5848901572449137, -0.16234903881949397, -0.7946988697314262, -0.6859447770459393, 0.6218881375853968, 0.3778027357947044, 0.43287788901885116, 0.7660926405631064, -0.4750987258177297
-2.62540132929127e-05, 0.0008176916068869466, 0.005702738107041509, -0.6569312857188107, -0.15626244054169086, -0.7375793757418824, -0.6386067145258559, 0.6353526639897747, 0.43417560562932184, 0.4007776815222155, 0.756246680678369, -0.5171732861977953
-3.531430209816648e-05, 0.0008155364608747234, 0.005692565532974332, -0.7333258283867513, -0.21396145846189446, -0.6453322583861308, -0.601161937626231, 0.6473987034035142, 0.4684861188775227, 0.3175492940794555, 0.7315021620776713, -0.6033796754161775
-4.54174073699365e-05, 0.0008125886918813723, 0.005683674724155983, -0.7752794835010584, -0.26019532518230915, -0.5755346342450682, -0.5796901900489605, 0.6549377311068396, 0.4847843354870548, 0.25080072971052597, 0.7094751307310903, -0.6585924634026497
-5.619691282814787e-05, 0.0008089709295289652, 0.0056756724761109064, -0.789953719955204, -0.2942571143826107, -0.5379459740198399, -0.5762037871589547, 0.6562449224373856, 0.4871671144882706, 0.20967192466473225, 0.6948059818469965, -0.6879551813868532
-6.726834049326335e-05, 0.0008048468317817992, 0.00566813300919196, -0.7826598215093548, -0.31842452999640464, -0.5348358836984611, -0.590821709481016, 0.6504508699745688, 0.47732941807022167, 0.1958910702428137, 0.6895792082465186, -0.6972138869480654
-7.82472097968771e-05, 0.0008003800874801008, 0.005660630524581617, -0.7534553211106387, -0.32866027655826446, -0.5694624673345113, -0.6218007103715607, 0.6376812523807681, 0.454671856335443, 0.21370296130724725, 0.6966670962337322, -0.6848255262136284
-8.874340399302427e-05, 0.0007958016048671836, 0.005652697487974019, -0.6957169577860696, -0.30779102639925077, -0.6490320475269246, -0.6638367821838798, 0.620664653259618, 0.4172482652017509, 0.2744059789229248, 0.7211380396721657, -0.6361299289210792
-9.834924268878784e-05, 0.00079155190113565, 0.00564373623284411, -0.6252108309965612, -0.2611153300368477, -0.7354795722685555, -0.6985542132715684, 0.6074725267023855, 0.37815227147586944, 0.34804227893336387, 0.7501972498760361, -0.5622016171742152
-0.00010700834283825197, 0.0007879354829911571, 0.005633549922949243, -0.642038205856013, -0.2388314521177375, -0.7285234928954074, -0.6808926153862276, 0.6143807569422858, 0.3986496354087469, 0.35238074370444067, 0.7519945631308493, -0.5570744909686212
-0.00011591214033592774, 0.0007846233640762134, 0.005623446745920406, -0.7046621106128349, -0.2405396925527873, -0.6675267531517185, -0.6358329149901366, 0.6316072580669486, 0.443608809394377, 0.31490921561905827, 0.737029801204647, -0.5980127574345115
-0.000125680740720352, 0.0007812888068497763, 0.005614192946121549, -0.7460878637378291, -0.2542115221095908, -0.6154099459789771, -0.6058796377626348, 0.6425208543611542, 0.4691234552392698, 0.27615713665907893, 0.7228716716940411, -0.6333985965681652
-0.00013604954795246092, 0.000777755884794551, 0.005605640244209726, -0.7664230433955042, -0.28031547442527444, -0.5779437285325505, -0.595871950740524, 0.6462555511145771, 0.47674980962164726, 0.23985899372976563, 0.7097724969673928, -0.6623372748650167
-0.00014671363885801226, 0.0007738555457751756, 0.005597598674332, -0.767913937352558, -0.31855503029501836, -0.5557255415161622, -0.6060857593184633, 0.642096760107244, 0.469437752008871, 0.20728781240356026, 0.6973051292895531, -0.6861467186363469
-0.0001573784737065017, 0.0007694314343962827, 0.005589880724659423, -0.7624406987727771, -0.35089337661143755, -0.5436524800873285, -0.6202305412827837, 0.635743184580283, 0.4595048192563226, 0.1843861613976078, 0.6875350474775407, -0.7023512667996771
-0.00016794632661871857, 0.0007645678566808361, 0.005582345398365624, -0.7616075208295274, -0.36123906371227005, -0.5380151699201274, -0.623666835015178, 0.6341227422598159, 0.4570864542414728, 0.176050172161381, 0.6836626994338463, -0.7082454731833974
-0.00017849544145699363, 0.0007595642921637459, 0.005574893287328118, -0.7661440255976196, -0.3503065039686094, -0.538803011608477, -0.6164909949079713, 0.6374444064775351, 0.4621725671736509, 0.18155490970627514, 0.6862579558211284, -0.7043350288277253
-0.00018910617155511191, 0.0007547127138168066, 0.005567431122067779, -0.7716028458274609, -0.3347232082730019, -0.5409153558130811, -0.6070289840287485, 0.641617758466645, 0.46887361257514104, 0.19011801824127317, 0.6901355126811449, -0.6982607774151033
-0.00019979655974027827, 0.0007500751971845483, 0.005559936858457647, -0.7748624534998514, -0.327600021718066, -0.5406166885386664, -0.6018593346493665, 0.6438235037809307, 0.4725004098142858, 0.19327058610045317, 0.6914980272926083, -0.696043790862916
-0.00021053609726719356, 0.0007455346845927092, 0.005552443950280184, -0.776000632248653, -0.3293400291821777, -0.5379202207836893, -0.6012085996568619, 0.6440999965955289, 0.4729518094735179, 0.1907124496416683, 0.6904131658390662, -0.6978240623450529
-0.00022129299222277516, 0.0007409693840615549, 0.005544987318070123, -0.774973823930399, -0.3399206373808338, -0.5327940807716453, -0.6050971620261633, 0.6424057707919065, 0.4702895386473525, 0.18240887240092776, 0.686854268339263, -0.7035326696988263
-0.00023203545269394007, 0.0007362575036113518, 0.005537601882362201, -0.7716796537458872, -0.358802682707366, -0.5251391690558086, -0.6132516596937613, 0.6386653804994, 0.46478912813705525, 0.16862062115137366, 0.6807107804593329, -0.7128814203561284
-0.000242733661455763, 0.0007312832296554784, 0.005530321596517812, -0.7687088060797351, -0.3776528335729594, -0.5162025849894426, -0.6207429081401808, 0.6350293530570056, 0.45979991599572084, 0.15415905243980704, 0.6738813382564587, -0.722577973993496
-0.000253395607388377, 0.0007260452070635586, 0.005523161897021847, -0.7688179686666411, -0.3891895858884639, -0.5073957008994713, -0.6232132614611862, 0.633783703105402, 0.4581740372575851, 0.14326256243070268, 0.6684681622291145, -0.7298124103437947
-0.0002640632856225516, 0.0007206450350546367, 0.005516121564595712, -0.7722995388909883, -0.39326580661888877, -0.49889420479011526, -0.620528274182361, 0.6351567007197962, 0.45991371633275285, 0.13600765849402516, 0.6647691109514176, -0.7345637793655734
-0.0002747799033322412, 0.0007151879823236726, 0.005509198786319821, -0.7792060284818487, -0.389911746196579, -0.490720689756891, -0.6126314602897441, 0.6391571943492007, 0.4649309354892552, 0.13236562635669447, 0.6629079205210877, -0.736907341440976
-0.00028558866769140073, 0.000709779317565626, 0.005502391749274586, -0.7894403005972933, -0.3790634473361411, -0.482799041720772, -0.5993859442846586, 0.6456503592461086, 0.47315124791060104, 0.13236503158630383, 0.6629076229000626, -0.7369077160093693
-0.00029653278587398477, 0.0007045243094754568, 0.0054956986405404196, -0.8027430314798535, -0.3605759483998852, -0.47496169408285804, -0.5805885681289308, 0.6543490367295383, 0.48450413072452053, 0.13609019056689184, 0.6646896445459707, -0.7346204029734121
-0.0003076554650539484, 0.0006995282267481242, 0.005489117647197735, -0.8186707963640264, -0.3342597367975472, -0.46695669556900576, -0.5560013118009537, 0.6647986249057763, 0.49890412866502476, 0.14366860637003945, 0.6680667756141023, -0.7301000718149995
