0.0003044010081794113, 0.0012459225254133344, 0.007277987897396088, 0.17145005248838655, 0.5145069827286225, -0.840171080331392, 0.9487122114840498, -0.31614101249449356, -2.3319431950202587e-17, -0.2656125360045587, -0.7970805636461381, -0.5423214505943699
0.00030605810389749955, 0.0012508953283120903, 0.007269867492184937, 0.010635540866667003, 0.08895533313844618, -0.9959788320926812, 0.9490583087256459, -0.31458808860587134, -0.017962771114753997, -0.31492096136854725, -0.9450509421261547, -0.08776961249303455
0.0003061494091768013, 0.0012516590028293913, 0.007261317092484263, -0.11463058440036565, -0.2252380420189705, -0.967536900354447, 0.9469022055507659, -0.3192851423158414, -0.03785777356697448, -0.30039314613207474, -0.9205024836054563, 0.24987824121571803
0.00030510009956924704, 0.0012495972106583617, 0.007252460418059057, -0.17909339843451166, -0.35555829395478467, -0.9173351918667135, 0.9432965646172075, -0.3269440136544984, -0.057438690069167374, -0.2794944468474319, -0.8756060252964516, 0.3939504317119071
0.0003033353506267668, 0.0012460936134921254, 0.007243421188674291, -0.2058671409616965, -0.3569849105262672, -0.9111424114422564, 0.9384167745058382, -0.33602659509589916, -0.08037465218783672, -0.2774755441445535, -0.8715778227128143, 0.4041774627028013
0.00030127964670719935, 0.0012425289101773219, 0.007234322898302471, -0.21006055922813732, -0.28174346426394625, -0.9362132138574593, 0.9330477451047399, -0.34381817040561125, -0.10588187311291031, -0.29205558856444197, -0.8957732336051846, 0.33510274117767064
0.0002992444099763883, 0.0012397991514389707, 0.007225252106871111, -0.20520888686410838, -0.2132484398946551, -0.9552038607723952, 0.9296912284214545, -0.34749629032330515, -0.12214969507840912, -0.3058815662118276, -0.9131108536722345, 0.2695645309712731
0.0002973035432656182, 0.0012377822465941563, 0.007216217783827392, -0.19365385492516596, -0.16701604688781704, -0.9667491011397886, 0.9289406248182727, -0.34815244330783707, -0.12593328305503848, -0.31554318252001573, -0.9224399797822891, 0.22256905369882465
0.0002955009780651546, 0.0012362276309416287, 0.0072072191078755635, -0.17597816459125806, -0.14584634055948437, -0.9735299330439199, 0.930729033924727, -0.3467250842210436, -0.1162978133132987, -0.32058563753954533, -0.9265584498116227, 0.19675946758935423
0.0002938806458652629, 0.0012348847397801383, 0.007198255257719873, -0.15248418197146693, -0.1511239835425247, -0.9766832218517585, 0.9346689248208773, -0.34318793939200454, -0.09282262240453631, -0.3211581778854119, -0.9270294385045755, 0.19358162341300272
0.0002924864781562084, 0.0012335030084084338, 0.0071893254120645655, -0.12323226670185321, -0.18319366442618282, -0.9753224542466098, 0.9400657976227124, -0.336432011252066, -0.05558595096662018, -0.3179467008532988, -0.9237172636250753, 0.21367337760588256
0.0002913623820749338, 0.001231831958400127, 0.007180428747431671, -0.09091085331365464, -0.232796871174135, -0.9682669226619881, 0.9453400599552914, -0.325920303042883, -0.01039841854137436, -0.31315712955880387, -0.9162868398247181, 0.24970190101503442
0.00029052992181695186, 0.0012297002641483263, 0.007171562438263352, -0.06322086371254097, -0.27529885676473453, -0.9592776771381009, 0.9486215443290695, -0.3151776030578506, 0.027932851008071323, -0.31003272089599104, -0.9082255325604639, 0.2810802269443555
0.0002899470293445191, 0.0012271620256325232, 0.0071627179571199275, -0.041624344183593856, -0.30690488414824313, -0.9508295357514085, 0.9503462597691082, -0.3059044493597943, 0.057135404126931424, -0.3083981201534024, -0.9012390692529006, 0.30439898084259925
0.0002895603837297261, 0.0012243112076811083, 0.0071538857682260345, -0.02606371377879729, -0.3282492821665679, -0.9442314819900837, 0.9511355433467703, -0.29885364081912014, 0.07763813207181364, -0.30767167729009604, -0.8960685856151243, 0.319998795102747
0.0002893166640446638, 0.0012212417751224737, 0.007145056335806324, -0.016400325775828648, -0.33990266071729675, -0.9403176115290774, 0.9514285056994579, -0.2944672802632555, 0.08984886975837839, -0.3074326395439226, -0.8931714292853661, 0.3282224398961671
0.00028916254936142276, 0.0012180476927850098, 0.007136220124085436, -0.01250546857070994, -0.34224745332648465, -0.9395266329100856, 0.951493864313883, -0.29294131151516023, 0.09404687225427441, -0.3074134665704496, -0.8927777263682789, 0.32930972028141753
0.00028904471875209394, 0.001214822925497109, 0.00712736759728802, -0.014308888263877249, -0.3354209308980439, -0.9419596885388151, 0.9514448243721603, -0.29426668025010505, 0.09033198254223963, -0.3074865881499239, -0.8949301201826163, 0.3233451377365168
0.0002889098512887682, 0.001211661438087163, 0.007118489219638722, -0.02181238971245774, -0.319306294738048, -0.9474005012642175, 0.9512477597977165, -0.2982401730161596, 0.0786161476995486, -0.3076555202411586, -0.899497798407506, 0.3102447284406169
0.0002887046260435362, 0.0012086571953835628, 0.007109575455362182, -0.03507140293860461, -0.29356698388128566, -0.9552949401471584, 0.950722284781959, -0.30444514198623857, 0.05865400872873826, -0.30805378412687917, -0.9061631097632612, 0.28977799189946446
0.0002883757290727816, 0.0012059041463572335, 0.007100616771486842, -0.051409089311936544, -0.2637812452417366, -0.9632115864101907, 0.9497320975285802, -0.3111545950844569, 0.034521889893095827, -0.30881393825421916, -0.9130182214044507, 0.2665176897006516
0.00028789521832800274, 0.001203438634434999, 0.007091613820394726, -0.06192620168426429, -0.24967924527532817, -0.9663464285770927, 0.9489346732951948, -0.3148041146654313, 0.020526938589477694, -0.30933498244314694, -0.9157284771527293, 0.25642391613974214
0.0002873176101849793, 0.0012011097855585528, 0.0070826003567727586, -0.06479645311088492, -0.2556598711570003, -0.9645928933722427, 0.9488828221133775, -0.31501001288546127, 0.019750485565019012, -0.3089058263652555, -0.914005865441731, 0.263002791573989
0.00028671414371092183, 0.0011987287576843714, 0.007073616848504673, -0.06015506359786284, -0.2810027087531188, -0.9578198400518476, 0.9497104832797013, -0.31151595542535815, 0.03174598343196568, -0.307296869935529, -0.9077418615381997, 0.285610480443191
0.00028615426626664735, 0.0011961133988267591, 0.007064702192080926, -0.051798736187839894, -0.3112425114620309, -0.9489177993841986, 0.9507720731584075, -0.3060736051479609, 0.04849137174584819, -0.3055312681730079, -0.8996927516049787, 0.31177491380490485
0.0002856718173621153, 0.001193214513260244, 0.00705586405457997, -0.043314157092025116, -0.33341922166346205, -0.941783152546667, 0.9515404098853468, -0.3010402219672914, 0.0628142747559024, -0.30445809588617195, -0.8934239796329709, 0.33030116631061335
0.0002852678877599912, 0.001190105185904273, 0.007047081381208602, -0.03486765923802849, -0.34725766276241193, -0.9371213165818222, 0.9520504476562237, -0.2967240780343137, 0.07453030680381433, -0.3039476788147014, -0.8895880716193725, 0.34095288732562684
0.00028494234959339785, 0.0011868630519227675, 0.007038332048390101, -0.02646684308007705, -0.3529245077224467, -0.9352773909735247, 0.9523561617834267, -0.2932735789202612, 0.08371588272508906, -0.3038375344333121, -0.8885014911389683, 0.34387185536666987
0.00028469507499545826, 0.0011835657464796493, 0.007029593932547753, -0.01810255505969816, -0.3504989347199412, -0.9363881643103446, 0.9525102276695092, -0.29077095980335105, 0.09042408484479077, -0.30396803069614164, -0.8902823965996546, 0.33911751741761315
0.0002845259360992953, 0.0011802909047388384, 0.007020844910104832, -0.009758407250469288, -0.339954714190962, -0.9403911770041632, 0.9525640658495883, -0.28923733123533807, 0.09467558646219486, -0.30418164629055977, -0.8948589601267904, 0.32665114042471083
0.00028443480503803197, 0.001177116161864257, 0.007012062857484623, -0.0014200261912040639, -0.32116829736411867, -0.9470210706704733, 0.9525684234396983, -0.2886335896132433, 0.09645750158790935, -0.3043211826199813, -0.9019653960741548, 0.3063446459358628
0.00028442155394479117, 0.0011741191530198257, 0.007003225651110407, 0.006915680338801403, -0.2939535992079241, -0.9557946719239225, 0.9525739622901253, -0.28885737925366584, 0.09573014581413182, -0.30422856495132505, -0.9111271568575986, 0.2780148994285134
0.0002844860549526957, 0.0011713775133694658, 0.006994311167405461, 0.01413861232606395, -0.2621474160860512, -0.9649242622511366, 0.9526237577858829, -0.2896927492101773, 0.09266114156944544, -0.3038224411451478, -0.9205198766427894, 0.24563200313099914
0.00028461796676513846, 0.0011689317046871418, 0.006985308522353166, 0.015441268379237748, -0.24348028089971083, -0.9697829241865616, 0.9527052044714768, -0.2908199977764181, 0.08818459200045096, -0.3035034770868402, -0.9252789210320973, 0.22747430116361655
0.0002847621016870286, 0.0011666589631993724, 0.006976256183996299, 0.009524520994140018, -0.2430007403321489, -0.9699793418923208, 0.9527763776813934, -0.2922327751628349, 0.08256621132733885, -0.3035234054107772, -0.9249598074071411, 0.2287419879453475
0.00028485096659337203, 0.001164391737577813, 0.0069672061621185236, -0.003637969036319653, -0.2607065979385013, -0.9654112258372717, 0.9527742233901675, -0.29406216842249205, 0.07582031618191237, -0.30365777517553216, -0.9195430989866624, 0.24946431544702227
0.0002848170680226031, 0.0011619624752691139, 0.0069582104668738844, -0.02315666080316595, -0.29350892932969325, -0.9556758223708415, 0.9526161693100728, -0.2964827095509294, 0.06797379573292955, -0.30329227327686725, -0.9088181948778734, 0.2864669014554277
0.0002846014701195955, 0.001159229788107723, 0.00694931273740375, -0.042226285230187496, -0.32041957845629243, -0.946334103040544, 0.9522562505819644, -0.2995571846652972, 0.058936629891605856, -0.30236562976508746, -0.8986638898149256, 0.31777073351627133
0.000284208023409139, 0.0011562442536610566, 0.0069404951954910666, -0.05782287314491312, -0.332512089485416, -0.9413247185149819, 0.951680889967253, -0.3032111024858043, 0.048646798460746134, -0.3015957543010257, -0.89302784820821, 0.33397793836151746
0.0002836685405840932, 0.0011531419422116083, 0.006931712710449945, -0.0699740621410665, -0.3300353617168927, -0.9413714944929436, 0.9508911337591067, -0.30729955944855447, 0.037054453187777094, -0.3015123253961585, -0.892548957076935, 0.33533069775234847
0.00028301496244607075, 0.0011500593157269883, 0.006922920026279091, -0.0782649872409499, -0.31325473959906147, -0.9464386191882166, 0.9499389448601518, -0.31147060979643865, 0.024536916493646192, -0.30247411924023426, -0.897138521830246, 0.32195012010882323
0.0002822833351924554, 0.001147130985794355, 0.00691407264366162, -0.047322758235885776, -0.299171217374357, -0.9530252563535203, 0.9514083646155295, -0.3041315789255491, 0.04822972568713489, -0.3042740217181738, -0.9044338369361231, 0.299026343843566
0.00028184213247117685, 0.0011443417325860815, 0.006905187334515977, 0.06028554057197786, -0.308130574424889, -0.9494320421718094, 0.9503428220258363, -0.27321060923937884, 0.149011689551582, -0.3053099641706999, -0.9112691765354711, 0.27635903038339565
0.00028240271234457684, 0.001141476504925138, 0.006896358807991161, 0.1309021681839717, -0.3104677320699827, -0.9415276999154388, 0.943564241957084, -0.25241148998976454, 0.21441772552916577, -0.30422219456293587, -0.9164596156211513, 0.25990503894854117
0.0002836261120676344, 0.0011385749018218271, 0.006887559375993146, 0.12988224026302572, -0.3004368181869214, -0.944917097920223, 0.944120889900031, -0.2536819034971413, 0.21043107444586404, -0.3029296105015674, -0.9194472307401801, 0.2506999022049726
0.00028484100021788526, 0.0011357646859711057, 0.006878720842080365, 0.06265277791304084, -0.26529802903887756, -0.9621286739349711, 0.9516359772612527, -0.2746413468166976, 0.13769930065447356, -0.3007716678841274, -0.924223504573865, 0.23526010582205145
0.0002854244944479184, 0.0011332939277008465, 0.006869760400923714, -0.030627568093748458, -0.21473848836720333, -0.9761912382757957, 0.9536631515124037, -0.29873957025856784, 0.03579472879009375, -0.29931345696458916, -0.9298613072794752, 0.2139378500976682
0.0002851388450110695, 0.0011312911592118787, 0.006860655907983995, -0.08139969021364184, -0.20380200208406193, -0.9756222805879594, 0.9507273176056663, -0.30968287605097605, -0.014631604120198862, -0.2991515635784937, -0.9287417618624264, 0.21896822093906373
0.0002843777818863118, 0.0011293856705284343, 0.006851534127059538, -0.10324937539648166, -0.2185020954597315, -0.9703589030662534, 0.9491706523736437, -0.31328557537714075, -0.03045030267838887, -0.29734599232683134, -0.9241801677921466, 0.23974231647093872
0.00028341362155924406, 0.0011273452605887668, 0.006842472749654001, -0.12142474821635395, -0.23205320641471963, -0.9650944720146534, 0.9476540617477486, -0.3163683194591523, -0.04316092788143172, -0.2953096845238731, -0.9198165011757722, 0.25832110713445633
0.0002822806525619573, 0.001125180058746055, 0.006833467813409067, -0.1374530059984371, -0.24281198598742443, -0.9602859004498798, 0.9460736219696416, -0.31930333954203755, -0.05468161638563793, -0.29334514305718, -0.9160173125100558, 0.2736072188861572
0.0002809984993718517, 0.0011229151234674974, 0.006824510325562717, -0.15133772949098614, -0.2508097087732339, -0.956133558462205, 0.9444929424697559, -0.32203323788893223, -0.0650205761247384, -0.291598993923737, -0.91290146438696, 0.2856237788819558
0.00027958678646632746, 0.0011205755132202917, 0.0068155912933529315, -0.1630925758806935, -0.25608097802040775, -0.9527976408391825, 0.9429673567175757, -0.3245122064428544, -0.0741915900534465, -0.2901954097804937, -0.910557170399367, 0.29440153460304797
0.00027806513832278495, 0.001118186286471636, 0.00680670172401769, -0.17273508903485654, -0.2586575428878949, -0.9503993184568879, 0.941543933453086, -0.32670544434537485, -0.0822105468463881, -0.2892362535952421, -0.9090433587801453, 0.29997093436514954
0.0002764531794186243, 0.0011157725016887289, 0.006797832624794974, -0.1802817673290741, -0.2585638201933321, -0.9490222522447701, 0.9402617135395951, -0.32858850040876236, -0.0890926902203835, -0.28880165238497174, -0.9083910767319058, 0.30235617621202804
0.0002747705342312457, 0.001113359217338768, 0.006788975002922763, -0.18574438675843805, -0.2558140453745494, -0.9487139700546416, 0.9391520325176317, -0.3301466782334847, -0.09485057021123866, -0.28895065773542195, -0.9086046142522631, 0.30157117294887975
0.0002730368272380496, 0.0011109714918889518, 0.006780119865639042, -0.1891275367912235, -0.2504109660840912, -0.9494867681500974, 0.9382388224441046, -0.33137459548780757, -0.09949266065389885, -0.2897217404441448, -0.9096621491136828, 0.29761735094562547
0.0002712716829164361, 0.0011086343838064782, 0.006771258220181789, -0.19042732635769305, -0.2423460189957075, -0.9513179491911172, 0.9375388187120391, -0.332275947611294, -0.10302260939740844, -0.29113295379309956, -0.9115158263661409, 0.29048322068538857
0.00026949472574380534, 0.0011063729515585453, 0.006762381073788985, -0.18963138557269468, -0.23160227697034627, -0.9541490045626683, 0.9370616760044107, -0.3328634313359729, -0.10543885167739166, -0.2931814335349101, -0.9140909809102117, 0.2801469715149925
0.00026772557884490074, 0.001104212241458559, 0.0067534794368188334, -0.1870714820372686, -0.221292331748611, -0.9570966328002845, 0.9369268132713605, -0.3330233403153119, -0.10613011532267912, -0.2952497369711836, -0.91658341612452, 0.2696338890124019
0.00026598061212686365, 0.0011021480692520159, 0.006744551823951314, -0.18386114768072984, -0.22129654078255664, -0.9577175572219605, 0.9374966464115438, -0.33234439193567933, -0.1031854791916597, -0.29545746959695185, -0.9168287987332084, 0.2685699861726706
0.0002642659624040497, 0.0011000843050631216, 0.006735620354933856, -0.18025269567942145, -0.23282902967474772, -0.9556671013700415, 0.938782180292123, -0.33072174816025113, -0.0964942654244047, -0.29359322823639833, -0.9145565965179754, 0.27818923073905505
0.00026258537900225777, 0.001097913526971555, 0.006726710206532761, -0.17669069148032202, -0.24716867445332616, -0.9527266375583247, 0.9401894546149819, -0.3288031889539877, -0.08906319309608864, -0.2912459252504464, -0.9114801749367202, 0.29048184404939587
0.00026093804902524805, 0.0010956091137430287, 0.0067178277060637405, -0.17350802761729586, -0.2586004035188425, -0.9502740634428825, 0.9413430103316696, -0.32712082007755655, -0.08285714194622712, -0.28942754059015535, -0.908910226794527, 0.30018977060562085
0.00025932014931457357, 0.0010931977583505492, 0.006708966743528354, -0.17073080572285804, -0.26704788748021224, -0.9484389372909464, 0.9422480485343219, -0.3257297785543662, -0.07790203075777906, -0.28813123227183496, -0.9069650142950828, 0.3072374583839582
0.0002577278034479487, 0.0010907070971132896, 0.00670012098886125, -0.16837317005864677, -0.2725338318739508, -0.9472992062112704, 0.9429152515881178, -0.32466404193736875, -0.07418954235879266, -0.2873348289485955, -0.9057143977860747, 0.3116410205927484
0.0002561571350030882, 0.0010881647663504238, 0.006691284111997085, -0.16644374497255401, -0.27507514004697636, -0.9469055639754409, 0.9433537530239093, -0.32394578648589084, -0.07171348599630804, -0.28701947044619897, -0.905203178709716, 0.3134119155976837
0.0002546042675577068, 0.0010855984023811253, 0.006682449782870505, -0.1649462111871011, -0.2746805630060101, -0.9472820782225966, 0.9435709552305781, -0.3235857159855554, -0.07047082272380524, -0.28716998426067225, -0.9054517506288321, 0.3125548390649367
0.0002530653246895189, 0.0010830356415245667, 0.006673611671416164, -0.16387970015369188, -0.2713496020360361, -0.9484265060364039, 0.9435724508710459, -0.32358323960455987, -0.07046216718371369, -0.2877750403261959, -0.9064564416020787, 0.30906673331718104
0.0002515364299762392, 0.001080504120099922, 0.006664763447568711, -0.16323899530667488, -0.26507263673576636, -0.9503102270654651, 0.9433620356163188, -0.3239264718524817, -0.07169177491901588, -0.2888271112085963, -0.9081894835810157, 0.3029368939956726
0.00025001370699558224, 0.0010780314744263646, 0.0066558987812628, -0.16301234446910662, -0.25583977376960626, -0.9528761649386568, 0.9429425148942958, -0.3245909551665397, -0.0741628305075677, -0.290321182753698, -0.9105969042235924, 0.29415453228346455
0.0002484932997210673, 0.001075645270765431, 0.006647011357076595, -0.16274408793852171, -0.2451490584550214, -0.9557281522376933, 0.9424576205756343, -0.3253292563373225, -0.07703576046173974, -0.29204108488357006, -0.9132703948500802, 0.2839880114202117
0.0002469754777435343, 0.001073358904277973, 0.0066380978216456716, -0.16145659025231368, -0.23635612778154272, -0.9581584160900594, 0.9422229032393805, -0.3256746758964908, -0.07843472503214834, -0.29350940372541645, -0.9154626078326906, 0.275282479618518
0.0002454696199256932, 0.0010711544806477063, 0.006629161361762896, -0.1590287607947128, -0.22992460593339936, -0.9601273503168573, 0.9422782075741871, -0.325594818462409, -0.07810117618325643, -0.2946551081703407, -0.9171274119645547, 0.2684318860573812
0.00024398632300439652, 0.0010690099222772137, 0.006620206038614676, -0.15546720032096714, -0.22586364388917105, -0.9616733145894536, 0.9426153485029323, -0.3251089510944883, -0.07602943301733375, -0.29547631781761446, -0.9183081096709031, 0.2634463158246795
0.00024253618371649678, 0.0010669031515690792, 0.0066112359133874135, -0.15077473610969955, -0.22417697510122633, -0.9628144487831052, 0.9432200589103059, -0.3242233963930981, -0.07221571643737272, -0.2959778698151088, -0.919034206689712, 0.2603329166930728
0.0002411297987988466, 0.0010648120909258862, 0.006602255047267515, -0.1449505902138385, -0.2248637938063034, -0.9635484422859582, 0.9440720100214042, -0.3229314998368799, -0.06665798007177468, -0.29617117734648957, -0.9193212282157635, 0.25909672529975125
0.00023977776498829845, 0.001062714662750218, 0.006593267501441384, -0.13799090670108533, -0.22791887455835896, -0.9638524245380428, 0.9451447399964956, -0.32121371451893643, -0.059356297575774666, -0.296074196992526, -0.919170678505901, 0.25974089714604576
0.00023849067902170491, 0.001060588789444658, 0.006584277337095429, -0.12990607974116702, -0.23332751954581663, -0.9636818349792, 0.9464033034959092, -0.31904177837936665, -0.050330217370494056, -0.2957113416463962, -0.9185698733744362, 0.2622674019975809
0.00023727898467657647, 0.0010584124352927982, 0.006575288629005139, -0.12262905154741188, -0.24055780491511589, -0.9628572366716693, 0.9475653237357272, -0.316853400465415, -0.04151963230942647, -0.295096717992913, -0.9174616423087804, 0.26679966627019386
0.00023613509541734552, 0.0010561685013652804, 0.006566307053780481, -0.11990014361393384, -0.24861519207418387, -0.9611526631244771, 0.9481851615878522, -0.3155974579198198, -0.036648927667344365, -0.29422585696362025, -0.9157449048858881, 0.2735734165988338
0.00023501666122938058, 0.0010538494071416857, 0.00655734137646025, -0.1221465783597281, -0.2573919235929162, -0.958556003092229, 0.9482518371276195, -0.3154572999266021, -0.03612679486354158, -0.2930847433407366, -0.9133652553015997, 0.2826043942134276
0.0002338773732280208, 0.001051448656059386, 0.006548400713793972, -0.12936258806888945, -0.266874666492774, -0.955009546126367, 0.9477445662729675, -0.31652178465214237, -0.03992739586659017, -0.29162571544392896, -0.9102702193442305, 0.2938750922872218
0.00023267092252860546, 0.0010489597515557518, 0.006539494182531171, -0.1413644514728289, -0.2771286799799339, -0.95037665511752, 0.9466019703782654, -0.3188368692966431, -0.04783053891710762, -0.2897599032574587, -0.9063899522334165, 0.30740275365476716
0.00023135256819182875, 0.0010463752701441221, 0.0065306310406889915, -0.1552342073194744, -0.28987248367296903, -0.9443920182250372, 0.9451915260258252, -0.321561875233222, -0.05666515265545176, -0.28725479979778634, -0.9014277029278378, 0.32390241800174263
0.00022990474783292123, 0.0010436717211609711, 0.0065218229949986365, -0.1684985327197247, -0.3065543996409789, -0.9368204974978179, 0.943937859529353, -0.32390169238054883, -0.06378880011537813, -0.2838830072731428, -0.8950486543947069, 0.34394526373796963
0.0002283329020233584, 0.0010408120152590793, 0.006513083824695273, -0.1810368146843952, -0.3271239901712817, -0.9274780680875141, 0.9429091882220567, -0.3257942185373342, -0.06914036400012419, -0.27954952064947264, -0.8870445435388614, 0.367428963586954
0.00022664321364204904, 0.0010377588373383145, 0.006504427304095865, -0.19248263850205896, -0.3473716772878076, -0.9177599640938477, 0.9419833992811103, -0.32748900171368445, -0.07360862201793143, -0.274986743960668, -0.8786830324837448, 0.3902543005158052
0.00022484507552586675, 0.001034513753738701, 0.006495853755926607, -0.20220573109478127, -0.3584388687768537, -0.9113914744292896, 0.9407864340326553, -0.3296467882987496, -0.07908148016090571, -0.27209139613840305, -0.8734154637480886, 0.4038708950062703
0.00022295487953711063, 0.0010311631082930547, 0.0064873341729265325, -0.21022176340989013, -0.3593342644629537, -0.909222578124688, 0.9392529062971912, -0.3323213754730893, -0.08582820874254452, -0.2713130815149096, -0.872032906366808, 0.4073669377997458
0.0002209899398219764, 0.00102780441623473, 0.006478835682928756, -0.2165688763185761, -0.3500903855521061, -0.9113367345575876, 0.9373725586537389, -0.3354335278341453, -0.09389906648994226, -0.27281973552705496, -0.8745976619844793, 0.40080958266766836
0.00021896757052665964, 0.0010245351927970802, 0.006470325413766384, -0.22119695976370157, -0.33056342937903355, -0.917496443670747, 0.9351417534345691, -0.33885959464357135, -0.10336380459964858, -0.27673417926706345, -0.8808529924312952, 0.38407837709277204
0.00021690508579735607, 0.0010214529532134584, 0.006461770493272527, -0.22395922652680061, -0.3004766695906453, -0.9271224492402453, 0.9325675148774993, -0.3424239797118425, -0.11429631802253673, -0.2831255817631505, -0.8902019934543047, 0.3569037906793087
0.0002148197997802615, 0.0010186552127172189, 0.0064531380492803, -0.22460597871429464, -0.25957705392347874, -0.9392400690995893, 0.9296787978590725, -0.34588664676469194, -0.12672710996936343, -0.29197514814981046, -0.9016552449058812, 0.3190114922641685
0.00021272910238585968, 0.0010162389944429286, 0.006444395331137066, -0.22108141544337145, -0.2201217470352309, -0.950089166461608, 0.9277276009797136, -0.34788082224418165, -0.1352790889056308, -0.30073993104671154, -0.9113316355733898, 0.2811230048878057
0.00021066800819421916, 0.001014186847032174, 0.0064355378554482685, -0.2095950295404555, -0.2106398888672287, -0.9548302261710911, 0.929433896716296, -0.3462069800634389, -0.12764544092961305, -0.3036816675841617, -0.9142054277750462, 0.26833911492726426
0.0002087116513272458, 0.0010122207374638917, 0.006426625484416097, -0.1933319465253009, -0.22664752812604122, -0.9545960697840178, 0.9336205033910935, -0.34160448503299934, -0.10797745807852953, -0.30162147486626256, -0.9121059553580905, 0.2776458393345844
0.000206906895833306, 0.0010101049807101582, 0.006417714321349673, -0.18623638434555523, -0.23521454490200658, -0.9539340265513316, 0.9354279824104788, -0.33938999300333395, -0.098938983078755, -0.3004837747189619, -0.9107626202890295, 0.28323303235128716
0.0002051687172238425, 0.0010079096798723544, 0.006408811078701264, -0.1918211893267633, -0.22843741861153075, -0.9544741888094023, 0.9340209849350718, -0.3411061290613408, -0.10607265631493487, -0.30134603203988675, -0.9118459050162414, 0.27879672609076206
0.0002033799495427383, 0.0010057794591548136, 0.006399910432284762, -0.2100191794267626, -0.20615415047056396, -0.9557156535898474, 0.9291606798715669, -0.3462536673363994, -0.12949451276676396, -0.30422421871625677, -0.9152097377649859, 0.26427024169707236
0.0002014234268338765, 0.0010038589427618695, 0.006391007057914064, -0.23583587132421277, -0.1741235327151818, -0.9560661259303848, 0.9214642384431041, -0.35257019549829216, -0.16308867071861946, -0.3086828454372215, -0.9194429033937241, 0.24359730772670568
0.00019922564466456826, 0.0010022362651203826, 0.006382097365455274, -0.25047188648080754, -0.15693574369314872, -0.955319321710926, 0.9167152202073988, -0.35572566002977674, -0.18191333056288095, -0.3112828924352345, -0.921319937452706, 0.2329646619753653
0.00019688887560400162, 0.0010007721383654333, 0.006373184745898242, -0.24961200236072323, -0.16096954973420485, -0.9548731079760482, 0.9172519996470689, -0.3553816745326499, -0.1798683811841961, -0.3103910717480835, -0.9207565744890108, 0.2363571727583893
0.0001945596210272425, 0.000999270050898119, 0.006364274346815095, -0.23334160900174647, -0.18584563579991667, -0.9544700588088664, 0.9230394367972597, -0.35107715458969674, -0.15729917241422425, -0.30585926767955507, -0.9177179475085615, 0.2534637591356984
0.0001923830177400809, 0.0009975364885749772, 0.00635537107972789, -0.2086308791052553, -0.21525626578349175, -0.9540114759921471, 0.9304459216199424, -0.34414844727469623, -0.12582620227612246, -0.30123668970526213, -0.9139073182108579, 0.2720843076990167
0.00019043603491326568, 0.0009955276763864737, 0.006346468064180493, -0.18624423293227077, -0.22616636209991076, -0.9561181215487771, 0.9353627983192049, -0.33863293247636705, -0.10209883722610508, -0.3006817607037988, -0.9133326413180186, 0.27461603209411356
0.0001886971893172331, 0.0009934161029083776, 0.006337541388928504, -0.16714479480602307, -0.2169823678440955, -0.9617594655702757, 0.9380355168018617, -0.3353458142197102, -0.08736448994633837, -0.3035654571711293, -0.9167670570707095, 0.25958847486433995
0.00018713731844663772, 0.000991391125250978, 0.00632856581432803, -0.1512222508574378, -0.18757479048068773, -0.9705398131049217, 0.9389348691848267, -0.3342558372293116, -0.08169667500580592, -0.3090843610965824, -0.9236280275382824, 0.22666743143040968
0.0001857272597961341, 0.0009896421005245637, 0.006319516100735174, -0.13858969694988696, -0.14397862415739446, -0.9798280725132764, 0.9386660883039288, -0.3345375653687694, -0.0836097603473261, -0.315751279597628, -0.9313188353850039, 0.1815113117400137
0.00018443471009757962, 0.0009882992912728758, 0.0063103777844848675, -0.13166577569011018, -0.1287091174418652, -0.9829028876746969, 0.9388843632553346, -0.33432589251106126, -0.0819899385980213, -0.3180570325374784, -0.9336274207005805, 0.16486225574531896
0.00018320640493841745, 0.0009870985686693259, 0.006301208319743113, -0.13135169392926505, -0.15757644394567902, -0.9787320352452691, 0.9401892278095899, -0.3328278761486802, -0.07259353117989077, -0.31431027411257123, -0.9297285997385437, 0.19186918047327792
0.00018198283871653076, 0.000985630713871193, 0.006292091243116378, -0.13313243109009404, -0.2012836871195974, -0.9704435239062504, 0.9418938221750652, -0.3303827858994746, -0.06068972342784783, -0.3084019836844246, -0.9221345303592324, 0.23357252487968266
0.00018074313804500154, 0.0009837564033065404, 0.006283054680962311, -0.13354731967141856, -0.23578773206455636, -0.9625846761799364, 0.9433526365282762, -0.32791770091656885, -0.05055476813063179, -0.3037283598278735, -0.9148082459365159, 0.26622350873434364
0.0001794981715204958, 0.0009815583222515874, 0.006274081189754889, -0.13263429315868194, -0.260528941518117, -0.9563120907474434, 0.9445362848246184, -0.32567443422829395, -0.04227729343025645, -0.30043194059221495, -0.9088788882582377, 0.2892746368945359
0.0001782597475153817, 0.0009791257289341337, 0.006265151976793761, -0.13049825584058616, -0.2757249377904608, -0.9523371062302526, 0.9454453211353304, -0.3238074122120397, -0.035803694500070087, -0.2985018424832199, -0.9050549809138607, 0.3029391548762461
0.00017703967440202753, 0.0009765478815819795, 0.006256248249378581, -0.12719969200430234, -0.2815531887769022, -0.9510773050828039, 0.9460879665335364, -0.3224146680301278, -0.031086032546155298, -0.2978889019994682, -0.9037569273474925, 0.307385130312074
0.00017584976055280149, 0.0009739140384229249, 0.006247351214808998, -0.12275325003794393, -0.2780877135658617, -0.9526798324562314, 0.9464779798100321, -0.32154327348594164, -0.028095498049782154, -0.29851477909785706, -0.9051392969259793, 0.30267437919404644
0.00017470181434007194, 0.0009713134576847703, 0.006238442080384664, -0.11713107306681081, -0.2652766785063824, -0.9570311361511906, 0.946633916706075, -0.3211922713190164, -0.02682820505824684, -0.3002741072152799, -0.9091005492713955, 0.28874149658563775
0.00017360764413620688, 0.0009688353975953147, 0.006229502053405226, -0.11027030647325513, -0.24295835934011406, -0.9637487717953546, 0.9465796009302704, -0.3213122383948103, -0.027303929394991076, -0.30303055722646927, -0.9152757404653947, 0.2654106258282417
0.0001725790583135747, 0.0009665691163823589, 0.006220512341170334, -0.10208557597229799, -0.2109173030063476, -0.9721586426458043, 0.9463455027831688, -0.3218020223854582, -0.02955753289265744, -0.30660842216168105, -0.9230153572293137, 0.23245198596348182
0.0001716278652445435, 0.0009646038722737021, 0.006211454150979642, -0.09283280969736177, -0.1710830887790736, -0.9808734098636301, 0.9459991372428013, -0.3224552984994, -0.033289830362119396, -0.3105925011644184, -0.9309957879622627, 0.19177888574333796
0.0001707627015180471, 0.0009630094480274561, 0.006202312812941233, -0.08669547198394123, -0.1488747526234321, -0.9850483252961723, 0.9458943894465459, -0.32263661310348735, -0.034487967447457156, -0.3126782677945941, -0.9347416348469896, 0.16879092668905393
0.00016995392920832447, 0.0009616206122003561, 0.006193123407877659, -0.0864077580162752, -0.16049647657188734, -0.9832469579727213, 0.946243948813887, -0.3220036331032953, -0.030594927706742003, -0.31169871460707566, -0.9330351232811593, 0.17969243177164917
0.00016914798540922598, 0.0009601236269407003, 0.0061839524513923475, -0.08806566015120156, -0.18666443377780573, -0.978468614041628, 0.9468562990234102, -0.32075811354133343, -0.02402876603356204, -0.3093664307933614, -0.9285852797453858, 0.20499216994402517
0.0001683268100320911, 0.0009583830593171569, 0.006174828641592129, -0.0875992521652673, -0.20703392467495466, -0.9744040871495618, 0.9474811838070506, -0.3193417625435748, -0.017327579956624855, -0.30758052173646505, -0.9247474210449296, 0.22413484762320132
0.00016750979820154456, 0.000956452116282794, 0.0061657406682675145, -0.08485627456928993, -0.22071934043864136, -0.9716390201214402, 0.9480912116534503, -0.31782170328312975, -0.010602797164085055, -0.3064677259544858, -0.9221021297440656, 0.23623123262969453
0.0001667180957097075, 0.0009543928218734075, 0.006156675351208749, -0.07986131455085506, -0.22778335887425166, -0.9704313019777203, 0.9486707134704171, -0.31624219275868526, -0.003840953359312361, -0.3060164176016366, -0.9209264992056329, 0.2413469188100779
0.00016597284834870093, 0.000952267200124793, 0.006147619510206075, -0.0726310715642668, -0.22827294597655612, -0.9708842307806893, 0.9492036305028723, -0.31464844466697217, 0.002970540156611757, -0.306165307119525, -0.9213510831403194, 0.2395307627687252
0.00016529511335605497, 0.0009501371398072083, 0.006138559996105061, -0.06433800510503411, -0.2239727765906752, -0.9724694424224178, 0.9496428803061058, -0.3131961179433326, 0.009305460179348708, -0.3066578239390411, -0.9228999875671738, 0.23284456610683973
0.00016469488497130328, 0.0009480476311613947, 0.006129487539449113, -0.0572907292993345, -0.2183848471200539, -0.97417956809035, 0.9499366423963347, -0.31212406220284117, 0.01410479446057953, -0.3071451574893028, -0.9246007940415949, 0.22533358357893252
0.00016416048174263098, 0.0009460105552012634, 0.006120400472259342, -0.051760607675885736, -0.2119207545800895, -0.9759151772932054, 0.9501077539645009, -0.3114451510276004, 0.017238728431263055, -0.3075972941193643, -0.9263322900987533, 0.21746814242744764
0.00016367770513829415, 0.0009440339481466221, 0.006111298009275046, -0.047749430056966385, -0.20458310113064682, -0.9776838684672067, 0.9501802151845166, -0.3111395889459784, 0.018700664759132093, -0.30802199694362853, -0.9280829224386662, 0.209247553095763
0.00016323235662654874, 0.0009421258462172777, 0.006102179365235528, -0.04525793715870666, -0.19637273722869428, -0.9794842863453445, 0.9501702421951173, -0.31118296957969205, 0.01848432553372732, -0.308428646482474, -0.929840259139641, 0.200671030575204
0.0001628102376756507, 0.0009402942856330365, 0.006093043754880081, -0.04428598750601736, -0.18728910744028882, -0.9813060386774539, 0.9500862499241587, -0.3115463005542132, 0.01658373649190534, -0.30882821926706433, -0.9315909471679101, 0.19173794131347668
0.00016239714975385596, 0.0009385473026137059, 0.006083890392948007, -0.04483251607164549, -0.17733071937886405, -0.9831296259737372, 0.9499288566549603, -0.3121959924814233, 0.012993443451949378, -0.3092332659933041, -0.9333206727824652, 0.18244809935979264
0.00016197889432942056, 0.0009368929333790925, 0.006074718494178607, -0.04779558927501963, -0.16967391027591286, -0.9843405639399073, 0.9496922653765392, -0.31308610458458147, 0.007854438237690385, -0.3095160459973454, -0.9344452125661162, 0.17610213508766787
0.00016153293468380476, 0.0009353097806646967, 0.006065534044824211, -0.05933394092412969, -0.18604123425616595, -0.9807487663060578, 0.9493638122153772, -0.3141714219636848, 0.0021609435907090644, -0.30852525911227724, -0.9309591703064957, 0.19526184397353083
0.00016097969357867301, 0.0009335750963265779, 0.006056389354232673, -0.08024194604208354, -0.22619915107963104, -0.9707704023847419, 0.9488098363309443, -0.31581081689805884, -0.004839670632127507, -0.30548506440909035, -0.9214648511913165, 0.23996125404310362
0.0001602315162369426, 0.0009314660113915281, 0.00604733787361796, -0.10297341625339107, -0.2504475360231302, -0.9626383055151342, 0.9474656143513785, -0.31933545406536457, -0.018269575764980693, -0.3028289701578612, -0.9139479741630869, 0.2701734912168825
0.00015927041326205285, 0.0009291284578686526, 0.006038353083437776, -0.12542788768726568, -0.25804504185632454, -0.9579564715391187, 0.9452601902404002, -0.32427946917705053, -0.03641426392133635, -0.3012490958276772, -0.9100854807344299, 0.2845933941949267
0.00015809893542171897, 0.000926718355506916, 0.006029405912285452, -0.1474107180643696, -0.2620481282093279, -0.9537299715861585, 0.9425474538181602, -0.32948838000032055, -0.05515165224784875, -0.29979055605647453, -0.9070657010088917, 0.2955629147112299
0.00015672137476737102, 0.0009242695024268498, 0.006020493257215447, -0.168922467863081, -0.26336689256161316, -0.9497910716328546, 0.939348102121644, -0.3348385089966462, -0.07421802970551389, -0.29848005442828507, -0.904721533288195, 0.3039549379647341
0.00015514214270467475, 0.0009218073229059876, 0.006011613795932647, -0.18998158295772105, -0.26201659202260197, -0.946178790526262, 0.935649750392154, -0.34028191487996595, -0.09363633374242826, -0.2974332576024046, -0.9030811280889912, 0.3098030557653308
0.000153365650639296, 0.0009193572412218629, 0.006002766206141937, -0.21060485491061287, -0.25800348709305354, -0.9429102797911922, 0.9314386057313677, -0.34576769627672965, -0.11343202354136564, -0.2967620576173534, -0.9021523711986285, 0.31313476379892224
0.00015139630997690069, 0.0009169446816520097, 0.005993949165548208, -0.23080497169139988, -0.2513244827791995, -0.9399814197090812, 0.9266996221842934, -0.35124117404071653, -0.1336317623246329, -0.29657524388596596, -0.9019233016250701, 0.3139705124684688
0.0001492385321231546, 0.0009145950684739616, 0.005985161351856339, -0.2505882007751701, -0.24196763649729222, -0.9373671727344505, 0.9214168393450387, -0.35664302774921247, -0.15426198147720527, -0.2969790595373051, -0.9023621299931579, 0.3123235894878085
0.00014689672848372344, 0.0009123338259652518, 0.005976401442771225, -0.26995217667479227, -0.2299135403733546, -0.9350217036312748, 0.9155739215204451, -0.36190844470999345, -0.17534728934108842, -0.29807753444400253, -0.9034168703320653, 0.30820081417673295
0.00014437531046427319, 0.0009101863784034144, 0.005967668115997746, -0.28888378368421125, -0.2151376118305306, -0.9328783240595472, 0.90915491759035, -0.366966352692875, -0.1969086890225321, -0.2999724909813858, -0.9050146429573085, 0.30160404620508335
0.00014167868947046963, 0.0009081781500659832, 0.005958960049240793, -0.30528863178401816, -0.19956782922863378, -0.9311130612554057, 0.9029499279820268, -0.3712341106542399, -0.21648709579096923, -0.30245706945068235, -0.9068395208766138, 0.29353331074271405
0.00013883055303916695, 0.0009063163172108896, 0.00595027339420249, -0.28104233242145826, -0.21956222306851597, -0.9342417447258058, 0.91178947216961, -0.3648128830477603, -0.1885511039560498, -0.29942472481037774, -0.9048226293388072, 0.30272238702916765
0.00013620904581282574, 0.0009042682842706331, 0.005941558972201197, -0.24109350706825164, -0.2738666642797464, -0.9310590588388127, 0.9266381388124986, -0.3501183854575061, -0.1369630456098937, -0.28847128201545397, -0.8957757344117521, 0.33818656550999565
0.00013395550818220462, 0.0009017084109615922, 0.005932856221758274, -0.2743809714763969, -0.3162039292643447, -0.9081465507336676, 0.9215500278198594, -0.3562424244450277, -0.15439197275359026, -0.2747009805531922, -0.8792646985654081, 0.38914388231063934
0.000131399146523866, 0.0008987623917947458, 0.005924395172109109, -0.3697523042596081, -0.3426279540206112, -0.8636488398755365, 0.8932522368023661, -0.38689605841789154, -0.2289364135044252, -0.25570231704519203, -0.8561060244527832, 0.44910889542890453
0.00012796179006261803, 0.0008955771934931011, 0.0059163663677289985, -0.45104209367921566, -0.3577696847535559, -0.8176563351438125, 0.8609691984152918, -0.41578926099532265, -0.29300397577693943, -0.23514478329233554, -0.8361340461387186, 0.4955671375082249
0.00012374627915114406, 0.000892233421301972, 0.005908724421997242, -0.5011799484195106, -0.36620925951676664, -0.7840340793271668, 0.8371826978784997, -0.4344528956905871, -0.33222855355754777, -0.21896070349515506, -0.8228860550952637, 0.5243231357232498
