0.009740553796291351, 0.020989058539271355, 0.037682779133319855, 0.11096996317872497, 0.39833864692996757, -0.9105009553175191, 0.9625680260627371, -0.2710372744399899, -0.0012613745785817708, -0.24728215154717154, -0.876279132597681, -0.41350504144454814
0.00975453874672719, 0.021036638644254514, 0.03763401924404511, 0.06907175001801936, 0.2941638170406614, -0.9532558639177189, 0.9635026985533751, -0.2673971256096033, -0.012701460391856986, -0.2586341880529567, -0.917587285199501, -0.301897218951082
0.009758938561136864, 0.021045618618702862, 0.0375780896469843, 0.024454636259136235, 0.18537902057365316, -0.9823627586063035, 0.9638490727571671, -0.26517269333826426, -0.0260462598635594, -0.26532420867795414, -0.9462124821829841, -0.18516209884999013
0.009756635705578602, 0.021034572671805203, 0.03751948512896969, -0.018731134605614597, 0.0787634865623188, -0.9967173409652978, 0.9635024716278289, -0.2648381385493948, -0.03903520893701659, -0.26704331439571993, -0.9610707952873394, -0.07092809515495033
0.009750189552951708, 0.02101881674692179, 0.03746175686456273, -0.05847465561585073, -0.02141400813984492, -0.9980591940892055, 0.9627429492391096, -0.26562166646310015, -0.0507064492520091, -0.2640203180457684, -0.9638394941901646, 0.03614832082212275
0.009741000946870977, 0.02100198348098841, 0.03740507247649536, -0.09484935800725382, -0.11397843474510727, -0.9889451530285526, 0.961815814835949, -0.2666961952418304, -0.061509981100557394, -0.25673709824852203, -0.9570172704066457, 0.13492222398975623
0.009730211158088616, 0.02098508782200256, 0.037348841489930645, -0.12761454497847435, -0.19761448079811153, -0.9719377783010751, 0.9608507431025909, -0.267615757394319, -0.07174716630964528, -0.24592758566117756, -0.9430431185121696, 0.22402968383164393
0.009718961457356859, 0.020969144717961744, 0.03729247343003171, -0.15102806397174298, -0.23064299341326108, -0.9612462397753853, 0.9590886207783956, -0.26973797048165227, -0.08596769610635227, -0.23945676308332148, -0.9349038650416468, 0.2619450739064363
0.009708341840285928, 0.020955105057531297, 0.03723541051005146, -0.16442799714781084, -0.23081781827045159, -0.959002903292179, 0.9572533013831388, -0.2718952416444016, -0.09868685100971696, -0.23796964248626568, -0.9342355764688055, 0.2656583085750521
0.00969845382666047, 0.020942685078491848, 0.037177724993980824, -0.17180985240140087, -0.22349782327739356, -0.9594425973491462, 0.9558687718886718, -0.27342984456472835, -0.10747562993232777, -0.23831967091671435, -0.9355665893412266, 0.26061253109275756
0.009688683152312362, 0.02093082188202894, 0.03711990132269134, -0.1755037863084092, -0.21446273878716324, -0.9608351339659272, 0.954910445169407, -0.27448480568971895, -0.11315534963863591, -0.23946703885457177, -0.937370697812443, 0.25296583205017403
0.009678834693686274, 0.020919268627191057, 0.03706204460966042, -0.17763065772270956, -0.20566517964919184, -0.9623664496005996, 0.9541733524280273, -0.27531485238610637, -0.11728148008904116, -0.24083306034109456, -0.9390972079265715, 0.24514459225375662
0.009668783918313202, 0.020907912407224078, 0.03700419742658225, -0.18035366665251895, -0.19906643010526565, -0.9632471704241532, 0.9534085443114454, -0.2761603536656523, -0.12143972454346448, -0.2418361068139387, -0.9402701821648963, 0.23959816771559422
0.00965840629372413, 0.02089664031537391, 0.03694640234515105, -0.1752171725635744, -0.19861012971308714, -0.964288835782193, 0.9542870449684921, -0.2751563558938694, -0.11672709889528368, -0.24214701783034545, -0.9406609358246769, 0.23774319247733125
0.009647577287450044, 0.020885339444886426, 0.03688870193706101, -0.16167869641323424, -0.20471362088894018, -0.9653767826857328, 0.956781591008593, -0.2721326743411408, -0.1025319202151418, -0.24172088497517716, -0.940231961261942, 0.23986427993417297
0.009636172367021939, 0.020873896889007544, 0.03683113877400633, -0.14936213265022824, -0.21374402793703268, -0.9654037724452026, 0.9590266063175764, -0.2690368003975563, -0.08880973148725235, -0.2407465923022962, -0.9391127145093386, 0.24517012000187446
0.009624066999970792, 0.020862199740983134, 0.03677375542768122, -0.13781556141916487, -0.22492553575777047, -0.9645804136487535, 0.9610819064365081, -0.26579303143785027, -0.07533680083096739, -0.23943358192009598, -0.9374233663629032, 0.25280227856124016
0.009611136681793626, 0.020850135088967308, 0.03671659446679225, -0.12650285800161706, -0.237729230575709, -0.9630585858852534, 0.9630027138294621, -0.262323799667011, -0.06174137417771796, -0.23795545817340236, -0.9352384920746918, 0.2621186045807183
0.009603603026236569, 0.02083639499597517, 0.036659032307590655, -0.1148835963989025, -0.2516196671037031, -0.9609835078736136, 0.9648192331681938, -0.2585616638490251, -0.04764150812434475, -0.23648595431270833, -0.9326485989450933, 0.27247198809889117
0.009601920924120193, 0.020820407601935213, 0.03660115661896139, -0.10241808016309423, -0.2660563944255026, -0.9585011903179919, 0.9665391837165005, -0.25443231169452685, -0.032652796303229856, -0.2351861883622146, -0.9297731947905794, 0.28321239918579205
0.009599588064303749, 0.020803223899142617, 0.03654371057988402, -0.08857116446313587, -0.28049431431442545, -0.9557604765122506, 0.9681626461317429, -0.2497832022812391, -0.01641470357061866, -0.23412868141435775, -0.926785461417803, 0.2936877066609434
0.009596683852058101, 0.02078505579226454, 0.036486639262325204, -0.0728159617780956, -0.2943831537988012, -0.9529094366569166, 0.9696667481552298, -0.2444266694771688, 0.00141448589993337, -0.2333328807356416, -0.9239015975783191, 0.3032517184779612
0.009593408435870242, 0.02076609956628415, 0.03642987315556469, -0.054638581210343616, -0.30716616138757274, -0.950086088068731, 0.9709870676239449, -0.2381932504579035, 0.021168135093841828, -0.23280622833243395, -0.9213647077757657, 0.3112689115779226
0.009589961964227178, 0.020746551506184648, 0.036373342748882154, -0.044150787102368486, -0.31672220466497625, -0.9474902390370036, 0.9715984836333578, -0.23431595587925969, 0.03305176881421887, -0.23248031013314027, -0.9191208178974872, 0.31807204766821817
0.009586544585615907, 0.02072660789694922, 0.03631697853155735, -0.04179761462748682, -0.32187930544408944, -0.9458576384098628, 0.9717274693031779, -0.23327573298121218, 0.036443899403325625, -0.23237617092355584, -0.9175925812303132, 0.32252933208934287
0.009583356448523428, 0.020706465023561063, 0.036260710992869996, -0.036302795259933664, -0.32376411845367276, -0.9454411153838358, 0.9719246081957762, -0.23152017537833144, 0.041963846061502684, -0.23247508047057902, -0.9173740807297223, 0.32307914350124034
0.009580597701436742, 0.020686319171003352, 0.0362044706220998, -0.02746230818354376, -0.32238127634581115, -0.9462114638339982, 0.9721699973730933, -0.22892646217963603, 0.04978123262350483, -0.23266138020056504, -0.9185112887578254, 0.31969625363398724
0.00957846849284285, 0.020666366624259296, 0.0361481879085265, -0.017014506064011975, -0.3178190130760396, -0.9479987244246533, 0.9723632576362714, -0.22606723189417213, 0.05833782531672464, -0.23285231753705132, -0.9208065386339732, 0.31288195318130047
0.00957716897122875, 0.020646803668312064, 0.03609179334142981, -0.012348572595222308, -0.31086525311135893, -0.9503737723458446, 0.9724015997107629, -0.22519125894219044, 0.06102479640261562, -0.2329863550399677, -0.9233914074237654, 0.3050666600288338
0.009576899285081444, 0.020627826588144868, 0.03603521741008947, -0.013450090401374182, -0.3026126713082609, -0.953018712424826, 0.9723615351705366, -0.22614015272755597, 0.05808335600802537, -0.2330925567001062, -0.9258975118705288, 0.2972905271329238
0.009577859582887935, 0.020609631668740892, 0.03597839060378519, -0.01848284881973412, -0.2941185622794839, -0.9555902132306275, 0.9722580248962384, -0.22818741802132372, 0.051427962059829274, -0.2331795817055439, -0.9281297180779263, 0.2901766859970259
0.009580250013135217, 0.02059241519508331, 0.03592124341179668, -0.02564129942812794, -0.28643083486963594, -0.9577577463009738, 0.9720750802254844, -0.2307024114129559, 0.042970173060688725, -0.2332650041653385, -0.9299106269981706, 0.2843477863947846
0.009583228529120299, 0.020576298370214997, 0.035863749056074326, -0.0331560276774203, -0.28061319419745656, -0.9592480977677019, 0.9718253725366757, -0.23314674570668092, 0.034612718187624736, -0.23335835773034955, -0.9310740197259747, 0.2804372419432009
0.00958257799238948, 0.020560988311942217, 0.03580607211727048, -0.04016321509795548, -0.277341578287981, -0.959931541885007, 0.9715407726064155, -0.23529037360750268, 0.027330701618710887, -0.23344259105040058, -0.9315149430043371, 0.2788986691314642
0.009578510853610243, 0.020546043337804833, 0.03574834055382544, -0.047076249172190374, -0.2767074188978529, -0.9598004121122089, 0.9712313861390033, -0.2372314818804197, 0.02075616976541066, -0.23343826023680928, -0.9312111620527905, 0.2799148983635981
0.009572310597409267, 0.02053102012935168, 0.035690662826896175, -0.05440563233639845, -0.27874415506775857, -0.9588230927473733, 0.9708925202155178, -0.2390814690710956, 0.014414067308261634, -0.23325467060626454, -0.9301299625118891, 0.28363799371380927
0.009565260708413235, 0.020515475368131596, 0.03563314739763963, -0.06265441520941253, -0.2834696303763486, -0.9569322823006144, 0.9704968504430673, -0.2409861659064298, 0.007844177573543198, -0.23283102786109316, -0.9282082937013735, 0.2902052307749326
0.009558632574616395, 0.020498971137536848, 0.03557590134249555, -0.07058588983126583, -0.29078300276153607, -0.9541817842852129, 0.9701076007662123, -0.24266532268220956, 0.0021872592810351374, -0.23218284840261516, -0.9255046118051081, 0.29921954888530367
0.009553144935599871, 0.02048131631032151, 0.035518968475522585, -0.07136556413376129, -0.30000334318428495, -0.9512649212149695, 0.9702172745115646, -0.2422095943001772, 0.0035989815635708417, -0.23148519714059762, -0.9226768158500548, 0.30835385030445617
0.00954874694788326, 0.020462663422422436, 0.03546230451560746, -0.06550886862007665, -0.31007788827733923, -0.9484515229222754, 0.9707819453093925, -0.23969654181679703, 0.011312935179711062, -0.2308484411760872, -0.9199985168697471, 0.31672026484586707
0.00954533078765185, 0.02044319045477912, 0.03540585865902413, -0.05535130910927882, -0.3199027764226929, -0.9458321448422768, 0.9715342794216575, -0.2357901437873219, 0.02289436614966453, -0.23034186872674695, -0.917641118155571, 0.3238478065105019
0.009542788631090935, 0.020423075388331078, 0.03534958010204653, -0.04322048456630192, -0.32840344158303186, -0.9435481806830397, 0.9722282117172322, -0.23125644862830141, 0.0359549622296947, -0.23000933471267426, -0.915790169484389, 0.3292781065008529
0.009541012654385795, 0.020402496204017802, 0.03529341804094858, -0.03141017919606354, -0.33455926968980143, -0.9418511006032205, 0.9727156153632274, -0.22694397189178456, 0.04817432148477646, -0.22986459551529217, -0.9146401088333092, 0.33255937671637453
0.009539895033721728, 0.0203816308827788, 0.035237321672004204, -0.021300277640936515, -0.3377846304383261, -0.9409823811379586, 0.9729871171923182, -0.22340993535744547, 0.058172764773253255, -0.22987467879303547, -0.9143246383113744, 0.33341878745291675
0.009539327945284023, 0.02036065740555358, 0.03518124019148737, -0.012992560278692564, -0.33806079520441, -0.9410345860398365, 0.9731140707343673, -0.2207088849487503, 0.06585281651887091, -0.22995694970188077, -0.9148784000349125, 0.3318392900688004
0.009539203565257963, 0.020339753753281634, 0.035125122795671974, -0.006489468359197168, -0.33540131639554943, -0.9420529941359709, 0.9731589703061181, -0.21883950142070818, 0.07121018979522323, -0.23004239894669604, -0.9163052054736285, 0.3278189517230216
0.009539414069828844, 0.02031909790690248, 0.03506891868083198, -0.001778621975337959, -0.32974953993880146, -0.9440667759295512, 0.9731665560350009, -0.21779645822036056, 0.07423986127170586, -0.23009496022043646, -0.9186021683497245, 0.32128860170311097
0.00953985163518195, 0.02029886784735561, 0.0350125770432413, 0.0012054932278177525, -0.32083027064474434, -0.9471359375633985, 0.9731642306337593, -0.21756797707189052, 0.07493701066795044, -0.23010851136166366, -0.9218091520433421, 0.31195826677306326
0.009540408437502576, 0.020279241555580536, 0.03495604707917389, 0.00280306048276049, -0.30921229301705094, -0.9509889067171433, 0.9731671421344071, -0.21796392641315376, 0.07373900089173858, -0.23008228163394184, -0.9256778514308845, 0.30030427743943433
0.009540976652976006, 0.02026039701251675, 0.03489927798490365, 0.0037406618558557567, -0.2968095187619711, -0.9549293780281175, 0.9731811566887616, -0.21856555185070045, 0.07174632959338796, -0.23000966004671283, -0.9295876554238905, 0.28803185096219763
0.00954144845782454, 0.020242512199283663, 0.03484221895665593, 0.004776606862058647, -0.28567771305228, -0.9583138464470314, 0.973200002337964, -0.219003624191439, 0.07013678093840349, -0.22991072066406995, -0.9329660534318674, 0.2769754567962546
0.009541723441339786, 0.02022580113038153, 0.034784809449684775, 0.00667187831183044, -0.2779117537268087, -0.9605834389475397, 0.9732064083799232, -0.2189822784765405, 0.07011453773271892, -0.2298364042706075, -0.9353137542310134, 0.2690044765765904
0.009541732328602235, 0.02021060415281364, 0.03472695502197692, 0.009995403527819151, -0.2754319421497323, -0.9612686082214182, 0.9731792094265225, -0.2182719803793281, 0.0726606421748044, -0.22983106458502262, -0.9362128966345811, 0.26586292318938065
0.009541569964770392, 0.020196742380447788, 0.03466871499378834, 0.011506644220879835, -0.27646315927725895, -0.9609556278524056, 0.9731508227017844, -0.21783811189120317, 0.07432384060660374, -0.22988056336631482, -0.9360099778154679, 0.2665337652461187
0.009541563373201344, 0.020183223341564503, 0.03461038838000267, 0.008291020139298744, -0.2784067499579389, -0.9604274780340822, 0.9731671342529071, -0.21861895764241907, 0.07177381255950122, -0.22994996802572942, -0.9352515345815797, 0.2691237248325873
0.009542058225401915, 0.020168989218662794, 0.03455229344735979, 0.0014673062483692807, -0.28131914872855646, -0.9596131426627159, 0.9731852744341751, -0.22032703310529753, 0.06607889305592429, -0.23001797459514475, -0.9339783375655227, 0.2734523657266287
0.00954340019287892, 0.020152982194241692, 0.03449474846259962, -0.0076667270032591455, -0.28544573998206546, -0.9583642057292981, 0.9731483318149969, -0.22261557323665662, 0.05852034550652665, -0.23005118035503752, -0.9321818685635362, 0.2794877785139239
0.009545822356522524, 0.02013425183307004, 0.03443804051157256, -0.01786943260639802, -0.2912474638272015, -0.9564808404733198, 0.9730285208890793, -0.2251185920607626, 0.05036980290799752, -0.22999169749087892, -0.929783057666036, 0.2874148304497546
0.00954728034105939, 0.020114048665559738, 0.03438181682831836, -0.028176443192485096, -0.2983178039470475, -0.9540506149556384, 0.9728304133233426, -0.227596679532634, 0.042435107857218705, -0.22979790025619237, -0.926933783672777, 0.2966254974271676
0.009545928654461064, 0.020094108676204613, 0.03432556611092612, -0.03795338310592036, -0.3049579779751021, -0.9516092540429356, 0.9725662739433564, -0.2299908496489371, 0.034914923252046044, -0.2295090052672258, -0.924177926996256, 0.30532077517612743
0.009542327019569342, 0.020074555370579044, 0.03426922753928595, -0.04505590648466111, -0.31062200936423234, -0.9494650770772837, 0.9723324050215294, -0.23171045287019956, 0.02966412270294532, -0.22921531239403237, -0.9218591179400537, 0.31246776991378233
0.00953714551107079, 0.020055437137025473, 0.034212761321032306, -0.04576474768891449, -0.3160200725832064, -0.9476480895319079, 0.9723496730043595, -0.23156053054646739, 0.03026275105395204, -0.22900153116799227, -0.9200603428132003, 0.317879323494265
0.009531054203651973, 0.02003680236388634, 0.03415612766379962, -0.04025427786569448, -0.3187853539333616, -0.9469717478526447, 0.9725952018975865, -0.2297036875647353, 0.03598317891675697, -0.22899381292800108, -0.9195717014114473, 0.319295661736817
0.009524723171999457, 0.020018699439504094, 0.03409928677522235, -0.030234914854912, -0.3163984303701421, -0.9481444421516304, 0.9729019361422463, -0.2268602332085703, 0.044679494616898685, -0.22923279122844664, -0.921100682796329, 0.3146837453345056
0.009518859704711613, 0.020001148277732868, 0.03404221033413171, -0.015575217698606456, -0.3117094987483079, -0.9500497886867402, 0.9731838211950717, -0.22281608548878312, 0.057151047336106396, -0.2295008992527036, -0.9236829436757691, 0.3068210501329178
0.009515102902435391, 0.01998345580983478, 0.033985157250634335, 0.000803434749863263, -0.30668120806475857, -0.9518119515495396, 0.9732840516513123, -0.2182991461610974, 0.0711592410480988, -0.22960293833879464, -0.9264405644213104, 0.2983125396306961
0.00951601677173457, 0.019964222194497068, 0.03392867375749407, 0.01833054656203348, -0.30273903399770935, -0.9528971971607803, 0.9731353376980554, -0.21336412326299303, 0.08650644731756153, -0.22950295332746562, -0.928883646211057, 0.2906949710876042
0.009521749677719536, 0.019943940509407513, 0.03387266836650614, 0.03848489934397295, -0.3002672416881177, -0.9530784312382133, 0.9726105930091814, -0.2075447103354294, 0.10466053495998946, -0.2292325170843193, -0.9310020283440806, 0.2840557627128783
0.009529213442660073, 0.01992533645727304, 0.03381627108191134, 0.050313344279181674, -0.293319534060653, -0.9546895926561083, 0.9721770796042174, -0.20458450789036126, 0.11409165185706628, -0.22878001066452427, -0.9338676726762204, 0.27486519723428066
0.00953660734377575, 0.01990836162119177, 0.033759411786496135, 0.046424618608887226, -0.2802208180266391, -0.9588123111076018, 0.9725037167409493, -0.20660749728766145, 0.10747028886891813, -0.2282132242269477, -0.9374378033816485, 0.2629241127757794
0.009542745916811418, 0.019891897836366225, 0.03370233285965382, 0.036112495930048574, -0.27002291389513033, -0.9621764461933607, 0.9730407056637276, -0.2099583749755312, 0.0954424742924724, -0.22778865810030413, -0.9396835141414461, 0.25516116572011016
0.009547997632180115, 0.019875119368187893, 0.03364520052653161, 0.018869456194978377, -0.2611306482827362, -0.9651190227895955, 0.9735842470026587, -0.21488926171380135, 0.07717719344705075, -0.22754704483067212, -0.9410809687415506, 0.250177842066984
0.009553949693112527, 0.019857829176131388, 0.033588043727177, -0.006331027394841328, -0.25110417337998053, -0.9679393639083402, 0.9737593622913296, -0.22175540790246678, 0.051159001319352186, -0.22749202720558953, -0.9422161286972153, 0.24591897930156612
0.00955470535264686, 0.019843837166564637, 0.03353021050705225, -0.03433562142069267, -0.2441424628515903, -0.9691313238846502, 0.9731557925388423, -0.22897454149702356, 0.02320480110506245, -0.22757167782866247, -0.9423190103032983, 0.2454506351005427
0.009546485416369146, 0.019834385959527107, 0.0334716146718502, -0.0621033024483562, -0.24013912913777824, -0.9687499050229411, 0.9717776403947286, -0.23586766372531712, -0.0038292084840368793, -0.2275772340412404, -0.9416473033284332, 0.24800999713807573
0.009536532768990247, 0.01982307257539018, 0.03341362347831011, -0.08765573440380396, -0.23720833607039035, -0.9674960865682334, 0.9698454695952563, -0.242045704274635, -0.02852441318857578, -0.22741204306651497, -0.9408220247958233, 0.25127212405557625
0.009527199076664846, 0.019809340929685497, 0.03335624347096438, -0.11160626720045942, -0.233936331783312, -0.9658249498710145, 0.9674425161186502, -0.2477356801259632, -0.05178813376191098, -0.2271541747967552, -0.9401599999278286, 0.2539688079432406
0.009517994340789154, 0.01979511044080528, 0.033298958053805554, -0.1365359982841848, -0.2298944554223347, -0.963590400812819, 0.9643137869571468, -0.25357775024707047, -0.07613964055602665, -0.22684100479610747, -0.9395993103156806, 0.25631288418140397
0.009508850293717312, 0.01978060157115801, 0.033241714134221056, -0.15299057954114764, -0.2315803483187361, -0.9607103751101248, 0.9620272801748494, -0.257272005615631, -0.09118457833368863, -0.22604732860851431, -0.938179970687439, 0.26214680587386674
0.009499744499585083, 0.01976585837321375, 0.03318450660762086, -0.15468716292500898, -0.2412327167531904, -0.9580598405079332, 0.9620949269954624, -0.25723674106971745, -0.09056826427301677, -0.22460016267983332, -0.9357542601622, 0.2718799946897276
0.009490654522528225, 0.019750924899442513, 0.03312733036941493, -0.1536756658488664, -0.24775930895510992, -0.9565558606542505, 0.9625011557996105, -0.2565450321848579, -0.08818260341861091, -0.22355159317330162, -0.9342376417632489, 0.277893349870633
0.009481557926682507, 0.019735845202314348, 0.03307018031501325, -0.1538707133851495, -0.2500908750528468, -0.9559175475832874, 0.962584904863199, -0.2563343006947438, -0.08788075566836409, -0.22305628099618985, -0.9336740761650385, 0.2801760428828824
0.009472432276183688, 0.019720663334299275, 0.03301305133982578, -0.15452177642247517, -0.25139628595574964, -0.9554700037253381, 0.9625540897836061, -0.2563324091188284, -0.0882231277851291, -0.2227389612351109, -0.9333239541782867, 0.2815914624148098
0.009463255135167534, 0.01970542334786735, 0.03295593833926249, -0.15555481367238133, -0.25197537360861755, -0.9551497846087535, 0.9624258228982723, -0.2565219800326391, -0.08906744174342224, -0.2225741120659236, -0.9331156867478608, 0.28241083510222087
0.009454004067769813, 0.0196901692954886, 0.032898836208733385, -0.15696986159313445, -0.25182846918835206, -0.9549570067064189, 0.9622047929026498, -0.25687738152607326, -0.09042094544671175, -0.22253628707831277, -0.9330575721607749, 0.28263256706692413
0.00944465663812628, 0.01967494522963306, 0.032841739843648396, -0.15876670401486456, -0.25095524292110755, -0.9548898364453694, 0.9618963857536195, -0.2573661357519825, -0.09229309422820463, -0.2225948713928076, -0.933158152843611, 0.2822541142501194
0.0094351904103727, 0.019659795202770763, 0.03278464413941751, -0.16094485038272807, -0.24935471933201853, -0.954944490052763, 0.9614980304170216, -0.2579852895268318, -0.09468435927831446, -0.22275163891533872, -0.9334162063809516, 0.2812754753367658
0.009425582948644838, 0.019644763267371756, 0.03272754399145069, -0.1635034969561414, -0.24702532312286263, -0.9551152266711898, 0.9610059193077859, -0.25873326515909106, -0.09759467483173816, -0.2230117251144215, -0.9338284570712979, 0.27969659137238145
0.00941581181707846, 0.019629893475906067, 0.03267043429515794, -0.16640250605186505, -0.24403197547986166, -0.9553840070479804, 0.9604247137797789, -0.2595935907085279, -0.10097295095263507, -0.22337093620408396, -0.9343765636008052, 0.2775713642522613
0.009405854579809327, 0.019615229880843736, 0.03261330994594919, -0.16946864856917104, -0.24066877309708576, -0.9556981316336671, 0.9597903186174115, -0.2605051663998679, -0.104592555027903, -0.22379213891561653, -0.9349949732137177, 0.2751390169071861
0.009395688800973198, 0.019600816534654793, 0.03255616583923443, -0.17250114592207688, -0.23728014337863387, -0.9560028704003902, 0.9591480321179515, -0.2614004428203522, -0.10818900580735939, -0.22422847085022768, -0.9356109993215871, 0.2726786585133312
0.009385292044705845, 0.01958669748980929, 0.03249899687042364, -0.1753008596752487, -0.23421135115327724, -0.956250308019859, 0.9585463417728461, -0.26221571760393697, -0.11149810812451644, -0.2246297381715359, -0.9361559487779847, 0.27046907456598174
0.009374641878049827, 0.01957291679363249, 0.032441797935449976, -0.17771774624978232, -0.2317283309256189, -0.9564091087575048, 0.9580250715144876, -0.26290529873177243, -0.11431870471807493, -0.2249541398097819, -0.9365803673712066, 0.2687244879746853
0.00936373879899207, 0.019559477907832464, 0.03238456805758551, -0.17968917636250284, -0.22995141205132563, -0.956469627324238, 0.9576043930391177, -0.263451340563388, -0.11656422087217329, -0.22517909834251573, -0.9368648457760357, 0.26754183676333015
0.009352661609966112, 0.01954624570260341, 0.03232732035411361, -0.18116159671133694, -0.22898538764768514, -0.9564236342337208, 0.9573023186946923, -0.2638378036301366, -0.11816041637279154, -0.22528370224844244, -0.9369926924045164, 0.2670055203207796
0.009341505813410237, 0.019533055490700033, 0.03227007094815022, -0.182081101000156, -0.2289347243515413, -0.9562611383114211, 0.9571363338452067, -0.26404762803417425, -0.11903314060749448, -0.22524766611871516, -0.9369459654193567, 0.26719982558463934
0.00933036661696958, 0.01951974309962917, 0.03221283593023088, -0.18239316386995025, -0.2299033532396934, -0.9559692369227444, 0.9571228668688376, -0.26406258682333034, -0.11910821951884101, -0.225052330559554, -0.9367045416828702, 0.2682089672259251
0.009319311162132837, 0.019506193364523288, 0.03215562828903417, -0.182042380718303, -0.23199436391879896, -0.9555308402832031, 0.9572767983841253, -0.2638626904590835, -0.11831150349451507, -0.22468133633626805, -0.936245211306101, 0.2701170142892578
0.0093083557567238, 0.019492379883549762, 0.03209845539512853, -0.1810110266453826, -0.2352422453902762, -0.9549325076760795, 0.9576013302598246, -0.2634375407619899, -0.11662055737257172, -0.22413098964087713, -0.9355542464769299, 0.2729533868292992
0.009297511350282091, 0.01947828561122601, 0.03204132402688759, -0.17941308052570404, -0.23945035632143066, -0.9541878606405644, 0.9580647376243012, -0.26281713650012895, -0.1141889280217283, -0.2234343417139722, -0.9346607296872017, 0.2765617748775695
0.009286788892347337, 0.019463893502069465, 0.03198424096268505, -0.1773909038847212, -0.24437299588770758, -0.9533175263781885, 0.95862772902497, -0.26204158864060806, -0.11120738719678168, -0.22263275671695348, -0.9336037942851201, 0.28074652434720726
0.009276199332459167, 0.019449186510597544, 0.03192721298089453, -0.175086939086092, -0.24976618286711516, -0.95234521979031, 0.9592517390583685, -0.26115349355091394, -0.10786544358434974, -0.22176714110742127, -0.9324246386181264, 0.2853132110907197
0.00926575362015721, 0.01943414759132768, 0.03187024685988972, -0.1725961312156867, -0.255467502118279, -0.9512869865875516, 0.95991086940311, -0.2601825056955099, -0.10428895690230867, -0.22086579248752644, -0.9311505888369793, 0.2901325259556464
0.009255462704981092, 0.0194187596987773, 0.03181334937804426, -0.16992633989421155, -0.2614603733379301, -0.950138680500982, 0.9605998718473662, -0.2591329867712035, -0.10048871266893038, -0.2199384577944032, -0.9297787738709814, 0.2951923211094659
0.009245337536470439, 0.01940300578746382, 0.031756527313731825, -0.16707620846969454, -0.2677433481897297, -0.9488935873234386, 0.9613162368705996, -0.25800334071787373, -0.09646434008153446, -0.21899003012087184, -0.9283037087497658, 0.3004922478685428
0.009235389064164878, 0.019386868811904674, 0.03169978744532607, -0.16404437795743984, -0.27431472834790177, -0.9475446542891651, 0.9620583587304976, -0.2567873470140693, -0.09221698764467015, -0.21802100003746866, -0.9267209333045698, 0.3060312979382489
0.009225628237604037, 0.019370331726617278, 0.03164313655120065, -0.16095442096490123, -0.2808378697556807, -0.9461626526570073, 0.9627931741981608, -0.2555315105361359, -0.08793719827553413, -0.21707827641033844, -0.9251128244891064, 0.31151771037375187
0.009216066006327545, 0.019353377486119067, 0.03158658140972924, -0.15878467263644078, -0.2846448168482681, -0.9453913242552812, 0.9632706268595642, -0.25469009039489104, -0.08510380299507277, -0.21655744541649977, -0.9241808730416672, 0.3146308737848554
0.00920671331987503, 0.019335989044927462, 0.03153012879928548, -0.15759257268419144, -0.28543639165261475, -0.9453521287621417, 0.9634814094636321, -0.2543157856837439, -0.08382752990535249, -0.21649054171660848, -0.9240397975587389, 0.31509093588177733
0.009197581127786113, 0.019318149357559884, 0.03147378549824305, -0.1571722893198059, -0.28358431380745835, -0.9459792854139694, 0.9634778341257907, -0.2543258114459281, -0.08383820597225204, -0.21681174926245747, -0.9246071158036386, 0.31320017047733234
0.009188680379600429, 0.019299841378533765, 0.0314175582849756, -0.15731429257608115, -0.27945311987012883, -0.9471843364130018, 0.9633078117803692, -0.25462819482581334, -0.08486779225751304, -0.21746326842527658, -0.9257809871641344, 0.30925602773623845
0.009179947016738497, 0.01928124791556525, 0.03136140578874658, -0.15780772946858104, -0.2734015569965218, -0.9488668553342184, 0.9630160058919375, -0.2551317253988745, -0.08664857235369172, -0.21839618338219838, -0.9274477836120323, 0.30355183372402533
0.009170806548964489, 0.019263945889202886, 0.031304947135848936, -0.158441618311446, -0.265785765135855, -0.9509228047733413, 0.9626448771393675, -0.2557531648072063, -0.08891096225117576, -0.21957024867723335, -0.9294881633147601, 0.29637925054492564
0.009161239107398206, 0.019248101160319296, 0.031248134311441186, -0.15900545425865847, -0.2569628727195285, -0.9532509363015202, 0.962235895845302, -0.2564202709894694, -0.09138230338788964, -0.22095100421312164, -0.9317825533188602, 0.28803112170006673
0.009151378697532271, 0.01923347665965661, 0.031191015624635988, -0.15928962731706348, -0.247294038316883, -0.9557575389407708, 0.9618333197016273, -0.2570604829143758, -0.09379004870227571, -0.222493774611647, -0.9342192284130937, 0.2788027143381243
0.009141359324859306, 0.019219835317956974, 0.031133639384545993, -0.15908588677997207, -0.23714629482159394, -0.9583597004673243, 0.961485882003958, -0.25759504327523325, -0.09586288326094518, -0.22413518093887186, -0.9366997536737267, 0.2689925503300767
0.009131314994871938, 0.01920694006596253, 0.031076053900283875, -0.1580659543538982, -0.2272311198038575, -0.960927246084154, 0.9612760077954892, -0.2579006941992437, -0.09713737060634703, -0.2257511703423883, -0.9390704180860098, 0.259197143049087
0.00912137971306279, 0.01919455383441541, 0.031018307480962293, -0.15507848518993428, -0.22063146162567837, -0.962949854131622, 0.9614909579453556, -0.25759044952778304, -0.09582430850988181, -0.2269048285526725, -0.9407278663104391, 0.25208189210352033
0.00911168748492449, 0.019182439554057754, 0.030960448435693906, -0.14988156388641288, -0.21804452910854397, -0.964360980200255, 0.9621713768317502, -0.256613060685286, -0.0915203730948685, -0.22751210607934105, -0.9415977487290224, 0.24825777163218804
0.009102372315949658, 0.019170360155631703, 0.030902525073591376, -0.14341959172669702, -0.2187308587817624, -0.9651878740046107, 0.9631198085628371, -0.25520150099962213, -0.08527853329779951, -0.22766434736873403, -0.9418221728671143, 0.24726491791808206
0.009093568211630921, 0.019158078569879396, 0.03084458570376737, -0.1374306389829472, -0.22122026752324417, -0.965491798362722, 0.9640247351184938, -0.25377858097973754, -0.07907428099975658, -0.22752830493909218, -0.9416252041406151, 0.2481387623461688
0.009085409177460903, 0.01914535772754297, 0.030786678635334554, -0.13222630420776368, -0.2250527265666804, -0.9653328310693979, 0.9648346292049857, -0.25242828988986293, -0.07330823112145643, -0.22717909842772396, -0.9410798205934406, 0.2505163238381568
0.009078029218932228, 0.019131960559364555, 0.030728852177405577, -0.12804548086937134, -0.22982111772565392, -0.9647728274968479, 0.9655145719338052, -0.25123109622300893, -0.06829749390765401, -0.22668472867048692, -0.9402474090035645, 0.25406464462744793
0.009071561434553297, 0.019117650686183367, 0.030671154574575168, -0.1251261728988834, -0.235120624347573, -0.9638784844896613, 0.9660333241111292, -0.25027577388982963, -0.06435568126163399, -0.22610408568285734, -0.9391913165113136, 0.2584504080617107
0.00906557082006941, 0.019102627172217307, 0.030613592540852566, -0.12370602617948771, -0.24054885085868677, -0.9627216988504234, 0.9663616740431357, -0.24965282843065809, -0.06179466155842932, -0.2254815602824948, -0.9379817245592463, 0.2633407495345793
0.009059142908582857, 0.019087517479384516, 0.0305561163884703, -0.12402292828082079, -0.2457048432685745, -0.9613778878542066, 0.9664682867506406, -0.2494537192435666, -0.060925303945352866, -0.2248496474667731, -0.9366973747961062, 0.2684039196512427
0.00905222346118354, 0.01907235312418098, 0.03049871708376706, -0.12628106591415267, -0.2502719841598315, -0.9599046964862119, 0.9663207372150253, -0.2497587185072672, -0.062006575117624266, -0.22422605829786008, -0.935406070364261, 0.273382805432046
0.009044801362457349, 0.01905713499810495, 0.030441387894071702, -0.13044329243663141, -0.2545295073951492, -0.9582271533010709, 0.9659226021124618, -0.25055262742103396, -0.06493772109265293, -0.2235577647646847, -0.9340439554740447, 0.2785387137469739
0.009036865496990185, 0.01904186399265468, 0.030384122086713084, -0.1363654321795133, -0.2590125904910893, -0.9561992192391656, 0.9652865321141241, -0.2517887167551244, -0.0694575628272108, -0.2227697910974079, -0.9324778389226756, 0.28435664242727693
0.009028404749367945, 0.019026540999328417, 0.030326912929020067, -0.14294866260280376, -0.264989025652924, -0.9535966108075173, 0.9645752666815696, -0.2531432185765532, -0.07425002218775606, -0.22172107424926626, -0.9304296465462703, 0.291788344629346
0.009019408004176525, 0.019011166909624403, 0.030269753688321507, -0.1482903047052227, -0.2744468602087291, -0.9500994192462189, 0.964122478682144, -0.2540132959611755, -0.07710441994295114, -0.22017681901197253, -0.9274460450055898, 0.30226809618823247
0.009009885789410017, 0.018995693634922595, 0.030212654879409738, -0.1520061179008173, -0.2878979194851227, -0.9455204535476007, 0.9640328354892942, -0.25420890512097943, -0.07757915090837442, -0.21802484312388412, -0.9233052694062407, 0.3161843564559687
0.009000001609725857, 0.018979726892741015, 0.03015574892298902, -0.15524401995892384, -0.2992763590401986, -0.9414525772372369, 0.9639472183181654, -0.2543771224429324, -0.078089947332063, -0.2161135223989102, -0.9196335903485124, 0.32797714087881225
0.008989984894643172, 0.018962723209329166, 0.030099220774772627, -0.15957356498298603, -0.3091996806571808, -0.9375136451487616, 0.9636405138820592, -0.254966826480405, -0.07993045351824209, -0.2143204081830322, -0.916180918201208, 0.338643304614531
0.008980065332089997, 0.018944138526144183, 0.030043255596397863, -0.16487393693626703, -0.3192036062490633, -0.933233969954335, 0.9631691801899128, -0.2558821311282097, -0.08264057902493761, -0.2124187262258841, -0.9124874753808289, 0.34963537009532414
0.00897047260999437, 0.018923428784643204, 0.02998803854950202, -0.1708135049268165, -0.3289208107233231, -0.928780838953802, 0.9625592688057696, -0.2570722533841517, -0.0859855253871068, -0.21048135444907873, -0.9086940941885264, 0.3605171876848244
0.008961379351426024, 0.01890031520879816, 0.029933658995062687, -0.17710195743369747, -0.3379091377161033, -0.9243658968834324, 0.9618368260798222, -0.2584699210944114, -0.08979543354838497, -0.2085780829086472, -0.9049921074448154, 0.37078898148777995
0.008952038332621712, 0.01887833003166174, 0.02987884588761277, -0.18370570505361986, -0.3451523439509377, -0.92039234753225, 0.9609668600428488, -0.2601105797535782, -0.09426123381138829, -0.20686930132366232, -0.901782870632078, 0.3794637616484989
0.008941510616208683, 0.018857120303746745, 0.02982389832212358, -0.19070562485819312, -0.3493913691908461, -0.917364178384131, 0.9598743665110021, -0.26210236124180497, -0.09971736431821998, -0.20560293082188388, -0.8995710218578721, 0.38535621374390144
0.008929869488306085, 0.018835794910535324, 0.02976917729839904, -0.19818477448004285, -0.3493575473197368, -0.915790423238326, 0.9584674175393046, -0.26457543046332754, -0.10648967607557654, -0.20509267339383636, -0.8988599144059561, 0.38728264819674835
0.00891730274228844, 0.018814576442126314, 0.029714586740546497, -0.20621477249107523, -0.3437538351951182, -0.9161379636250763, 0.9566415103451118, -0.267644597159416, -0.11490600635300721, -0.20569999584608042, -0.9001109211647316, 0.384041457799677
0.008903998171530269, 0.018793687488618552, 0.02966003057267328, -0.2147409525941644, -0.3316993045322553, -0.9186195592582215, 0.9543267816366764, -0.27130051813005934, -0.12512562772407906, -0.2077178786959233, -0.9035328440268121, 0.37480886146793035
0.008890143569406095, 0.01877335064011089, 0.029605412718886743, -0.22223607035979498, -0.31885632724503177, -0.921380362069241, 0.9520944456108155, -0.27457754557949027, -0.13462294789736595, -0.21006497963266088, -0.9071591999419685, 0.36460237285648267
0.008875926729290436, 0.018753788486702158, 0.02955063710329422, -0.22693002252026456, -0.3052780486831121, -0.924828674875073, 0.9503681682471848, -0.27694577443083246, -0.14177934548937987, -0.212845271644551, -0.9111017237483079, 0.35297385076152515
0.008861535444557813, 0.018735223618491198, 0.029495607650003055, -0.22876714476697968, -0.29069424349461775, -0.9290653638330597, 0.9491905138697129, -0.27847532657604585, -0.1465907939405306, -0.21610868065608624, -0.9153951874941536, 0.3396302237104779
0.008847157508582747, 0.01871787862557685, 0.02944022828312058, -0.22790900828001726, -0.2767470636082693, -0.9335247970616634, 0.9486320642457116, -0.27918934251193367, -0.14883049994095374, -0.21944177047622246, -0.9194913669045266, 0.3261609043988966
0.008832980714739761, 0.01870197609805795, 0.029384402926754136, -0.22474075412177857, -0.26452808007006584, -0.9378254039485276, 0.9486693364200243, -0.27919121304118305, -0.14858922133514185, -0.2225265907103358, -0.9230802572989186, 0.313695321947582
0.008819188215813943, 0.018687696254631396, 0.02932804735721011, -0.220079071397243, -0.25393962564451056, -0.9418491752188632, 0.949111369866181, -0.27872624550000513, -0.14662635390751602, -0.2252838430151361, -0.9261891527096378, 0.3023587992424478
0.008805902124351273, 0.018674661979512248, 0.029271233249323205, -0.21478901438995027, -0.24473048602452432, -0.9455012789560857, 0.9497484532111835, -0.27803370882456346, -0.14378849877588348, -0.22769179809637, -0.9288725671304208, 0.29215098684102353
0.008793201519258857, 0.018662103233637865, 0.029214142187080985, -0.2097344471265234, -0.23664948506537758, -0.9486877689244355, 0.9503802088980499, -0.27733948039784506, -0.14092647426070265, -0.2297583953274194, -0.9311712161739887, 0.2830746296396488
0.0087811638044768, 0.018649243990756827, 0.02915695768186349, -0.20578103961277483, -0.22944707508716025, -0.9513191911602712, 0.9508204432306169, -0.27685268183027595, -0.1388995223106154, -0.23150518022415556, -0.9331166230955974, 0.27513400231896135
0.008769746309522226, 0.018635655214871944, 0.029099805368115197, -0.2037960083495065, -0.222874436067819, -0.9533069666840055, 0.9508926415422424, -0.2767677739019395, -0.13857410865735903, -0.23296002069373306, -0.934733429955737, 0.26833382880576
0.00875865741355788, 0.01862162728503376, 0.029042690884004404, -0.20442281231760362, -0.21684213960275117, -0.9545631463117894, 0.9504706879738184, -0.27720784516359426, -0.14057482663099147, -0.23412984668072187, -0.9360209917903859, 0.2627697049147864
0.0087475745651938, 0.0186075399631945, 0.028985604958899, -0.20726447803326034, -0.21132799443757075, -0.9551868481677258, 0.9496244362577165, -0.27806935591351184, -0.14453671977756613, -0.23506353653387874, -0.9370260999933987, 0.2583161274937109
0.008736175213040032, 0.018593773011306384, 0.028928538322166852, -0.21159396618479398, -0.20591683605924882, -0.9554194105739827, 0.9484607856394012, -0.2792121612112818, -0.1498756389011068, -0.23590280112469636, -0.9378906256376986, 0.2543836527028582
0.00872413680570661, 0.018580706191321638, 0.028871481703175862, -0.21668120398408983, -0.2001825435020581, -0.9554978833660761, 0.947091238550593, -0.2804986373925927, -0.15600865450866055, -0.23678564504781335, -0.9387478168805217, 0.25036991552769583
0.008711136791803577, 0.01856871926519249, 0.028814425831293906, -0.22159732303024535, -0.19428897701381342, -0.9555869504324318, 0.9457146034500328, -0.2817287533312094, -0.16202715318053884, -0.2377362304049939, -0.9396173172932524, 0.24617226041017545
