0.003044010140001774, 0.012459225952625275, 0.07277987897396088, 0.11168501677933891, 0.40029795367556315, -0.9095537396493708, 0.9624654104971374, -0.27140143558958213, -0.0012626783005218656, -0.24735963822656173, -0.8752729911536575, -0.4155844081932742
0.003057920917334872, 0.012506618527344198, 0.07273150384859113, 0.0698895628899414, 0.2960245951854917, -0.9526200124101523, 0.9633939148645659, -0.26779653394613967, -0.012537193001597044, -0.2588196549742275, -0.9168721041953997, -0.30390447635288625
0.0030623680401487244, 0.012515834837766526, 0.07267603057940526, 0.02525811000786417, 0.1869778705627345, -0.9820393595974939, 0.9637484361909239, -0.2655646649990925, -0.0257751904642534, -0.26561434377378684, -0.9457878644938014, -0.18690729187989305
0.0030601726030836432, 0.012505051152593052, 0.07261785700486885, -0.018068906931112336, 0.07994182915742637, -0.9966357501882418, 0.9634122807761774, -0.2652094104227679, -0.03873946144245951, -0.2674140831219604, -0.9608711009152959, -0.07222489580379149
0.003053858263057486, 0.0124894486360183, 0.07256051378621024, -0.05790971681913217, -0.020575679211609663, -0.998109766570245, 0.9626603978348496, -0.26598466694157336, -0.050369786503711544, -0.2644455012632605, -0.963757645042031, 0.0352104882763881
0.00304481139963467, 0.012472756426252707, 0.07250421586187361, -0.09433292218979313, -0.11339150500411015, -0.9890620134167712, 0.961742141890812, -0.26705341070265676, -0.061110787454847625, -0.2572029399178941, -0.9569873784042198, 0.1342453175072082
0.0030341466177567977, 0.012455966976358744, 0.0724483858136222, -0.12712170412788515, -0.19723022433438883, -0.9720804035411006, 0.9607888430680857, -0.2679635077509812, -0.07127662695217474, -0.24642416962528668, -0.9430248125700598, 0.2235605768056869
0.0030229785223654694, 0.012440072739398888, 0.07239244622321918, -0.15062353267189507, -0.23076986100948393, -0.9612792636144306, 0.9590412927673918, -0.2700745521650164, -0.08543731643676472, -0.23990070898704857, -0.934775378110982, 0.2619974089661616
0.0030123853402536254, 0.012426020672375285, 0.07233584289631315, -0.1641171881730959, -0.23123249583232894, -0.9589562458304908, 0.9572078885240896, -0.27224104357428297, -0.09817266595564955, -0.23836653853553108, -0.9340323051504896, 0.2660170036705395
0.0030025444245370507, 0.01241363111503618, 0.07227859673753476, -0.17156383180212276, -0.22396742811083084, -0.9593771118610203, 0.9558189669791803, -0.27378553884311607, -0.10701206045692767, -0.23869636356724305, -0.9353502391435009, 0.26104401190981213
0.0029928421561702468, 0.012401830340209263, 0.07222119703533475, -0.1752760219457162, -0.21493514029609884, -0.9607711494402719, 0.9548592639518645, -0.2748452001554064, -0.11271158767774575, -0.23983765796093906, -0.9371568712960658, 0.25340658319463744
0.0029830714864535536, 0.01239034425062476, 0.07216376161393351, -0.17733732912167186, -0.20605972121683883, -0.9623361486466309, 0.9541300661938923, -0.27567045270612206, -0.11679733853834287, -0.24122041473480307, -0.9389063812738949, 0.2454944372451833
0.002973111213199299, 0.012379061607343691, 0.07210633216284026, -0.17987456024784707, -0.19927466908805647, -0.9632936981188495, 0.9533894200789254, -0.27649484739054475, -0.12082720326172307, -0.2422679431068296, -0.9401277602678931, 0.23972075028345177
0.002962840134219811, 0.012367871171427076, 0.07204895037156424, -0.1769297865962467, -0.1980087989971465, -0.964099769803268, 0.9538521594460784, -0.2759604419153099, -0.1183718396324054, -0.24261473272466294, -0.9405521516734808, 0.23769674260983437
0.0029521370473274177, 0.012356661703935932, 0.07199165792961466, -0.16349402679613367, -0.20367241792640195, -0.9652912769615181, 0.9563366767122661, -0.27299385355981426, -0.10437680151020759, -0.24225990996639069, -0.9402084354517225, 0.2394122677067751
0.0029408807503344455, 0.012345321965931279, 0.07193449652650077, -0.15102356933120742, -0.2123996546029006, -0.965442006663803, 0.9586171503777009, -0.26990580903432076, -0.09057600814379768, -0.24134009303925966, -0.9391683773286328, 0.24437209030023083
0.002928950041053224, 0.012333740718474137, 0.0718775078517318, -0.1393754175329675, -0.22332778768803785, -0.9647275222744907, 0.9606997787594508, -0.266679262097384, -0.07705910886285337, -0.24006338346164607, -0.937553662684735, 0.2517194897249421
0.002916223717296079, 0.012321806722625523, 0.07182073359481696, -0.12802377104937848, -0.23593474405390263, -0.9632988687808762, 0.962641844018342, -0.26323568886624477, -0.06346378693459459, -0.23860132898050332, -0.9354366727124467, 0.260821082647482
0.00290738419507206, 0.012308517750133885, 0.0717637078809078, -0.11643780970042537, -0.2496916701515792, -0.9612992803123711, 0.9644757882180235, -0.25950803767576264, -0.04941692344629807, -0.23712589570392742, -0.9329038794209134, 0.27103811788754034
0.0029056290419578624, 0.01229284835254681, 0.07170621186162654, -0.10408690198370635, -0.2640646438574306, -0.9588721399122422, 0.9662108784546012, -0.25542799018099827, -0.03454099286476458, -0.2358017285590209, -0.9300679575689855, 0.28172883968815415
0.0029034066512144885, 0.012275946393235936, 0.07164912465380183, -0.09044448015383519, -0.2785151917807078, -0.956163732818317, 0.9678476779007764, -0.25085733150533246, -0.018478950513996617, -0.23471401405066875, -0.9270921675741735, 0.2922489425658256
0.00290059375828566, 0.012258045003092646, 0.0715924168029415, -0.07499165272009888, -0.2924999265005485, -0.9533205363462396, 0.9693681225525194, -0.24561075228326196, -0.0008951769958349796, -0.23388393489359596, -0.9241856693111098, 0.3019588608381353
0.0028973860003883253, 0.01223933640064651, 0.07153602027607399, -0.05722160651587546, -0.30546942064900645, -0.9504809944423416, 0.9707150065704758, -0.23951772370981553, 0.018537422899352632, -0.23331966005166238, -0.921585423646245, 0.31022933961208105
0.0028939790147394363, 0.012220012804427097, 0.07147986704022782, -0.04472037661890798, -0.31570452680249833, -0.9478031122925655, 0.9714559385825478, -0.23499188132916196, 0.03243724868237784, -0.23296662273331, -0.919298356066077, 0.317201962835106
0.0028905684385559438, 0.012200266432963982, 0.0714238890624315, -0.04260433305091361, -0.32141698691019094, -0.9459788535326046, 0.9715861277268575, -0.23397238375063942, 0.03573961458625529, -0.23282024657236616, -0.9175772687722913, 0.32225252305973484
0.002887349909054797, 0.012180289504786728, 0.07136801830971345, -0.03773356241264956, -0.32386936960697954, -0.9453490412001423, 0.9717698668111618, -0.23237250312810406, 0.040820898419755024, -0.23289376167142686, -0.9171213939388597, 0.3234947365169574
0.0028845190634529485, 0.012160274238424919, 0.07131218674910225, -0.029568424076671165, -0.3231026867369679, -0.9459018776389942, 0.9720103427133385, -0.22994858042746194, 0.04816164467388115, -0.23306995077855971, -0.918002344323122, 0.32085837040870835
0.002882271538967347, 0.012140412852408118, 0.07125632634762637, -0.01882510770120696, -0.3191378276401488, -0.9475213255062731, 0.9722308580017959, -0.22694539469690816, 0.05712220737118219, -0.2332654583712079, -0.9201341395660697, 0.3145479154848734
0.002880802972814944, 0.012120897565265904, 0.07120036907231429, -0.012525920210583314, -0.3125809430070129, -0.949808536175436, 0.9722979707723546, -0.22553613937857947, 0.061401187823751986, -0.2334089915895268, -0.9227278059661217, 0.3067468642742867
0.0028803090022126894, 0.012101920595527841, 0.07114424689019452, -0.01240959115265226, -0.3044999465901543, -0.9524315117498041, 0.9722731901694278, -0.2261190578769681, 0.05962394940454567, -0.2335184055383804, -0.9252837155118562, 0.2988631795377058
0.0028809852643775346, 0.012083674161723505, 0.07108789176829555, -0.01666766592767519, -0.2959457838330951, -0.9550593080766965, 0.9721887302451026, -0.2279654309142328, 0.05367341141108407, -0.2336049265254026, -0.9276032855372512, 0.29151480745162534
0.0028830273965264296, 0.012066350482382467, 0.07103123567364587, -0.0235126772395592, -0.2879498395430502, -0.9573568007363608, 0.9720275848553435, -0.23043014076404897, 0.045434838040302225, -0.23368681667846872, -0.9295089241823299, 0.2853132166165661
0.002886205286601529, 0.012050111157059992, 0.07097422802116635, -0.031180915327651982, -0.28156133199321065, -0.9590364783706296, 0.9717900426001206, -0.23295920540517906, 0.036798392903000646, -0.23377738047678137, -0.9308346925975614, 0.2808823800707648
0.0028865411545269583, 0.012034763506975615, 0.07091699806842412, -0.03841215456968618, -0.27762924088145957, -0.9599200544779233, 0.971509009667408, -0.23520316864958132, 0.029149847207982766, -0.23386908841564905, -0.9314512730490958, 0.27875396933290875
0.002883209273663729, 0.012019880310247557, 0.07085968878830781, -0.045433819911957336, -0.27632855568886505, -0.9599886964538248, 0.9711996888857694, -0.23721944156718042, 0.02231817310488883, -0.23389513102326978, -0.9313267234721985, 0.27914799270305807
0.0028774634985165746, 0.012005027764762996, 0.0708024063016885, -0.05274856079284809, -0.2776960443132912, -0.9592197330679941, 0.9708620209403608, -0.23911539044017677, 0.015835603879876134, -0.23376168554722937, -0.930434703258317, 0.28221753549828515
0.0028705593790653763, 0.011989772066116977, 0.07074525669844002, -0.060854166586373805, -0.2817533818082756, -0.95755511708135, 0.9704752526629705, -0.2410235066836308, 0.00924408971556347, -0.23339784570090075, -0.9287210028127533, 0.28810196902599033
0.0028637521970486073, 0.01197367952973041, 0.07068834603772907, -0.06952343032402308, -0.2884615508269123, -0.9549640968803557, 0.9700390401279025, -0.24293340318153164, 0.002760841606613862, -0.23278907462275403, -0.9261605127153565, 0.29670852940741327
0.00285799162134479, 0.011956452991037382, 0.07063174539344028, -0.07227465393735988, -0.29729392202617455, -0.9520465841147322, 0.9700064504929894, -0.24306862790564437, 0.002264537493411599, -0.23208589013601524, -0.9233276590974422, 0.30594472302265846
0.002853334360809045, 0.011938194178745733, 0.07057542361712957, -0.06787735970724401, -0.307258179913701, -0.9492023361303391, 0.9704827996643107, -0.2410163107584337, 0.008618207709004592, -0.23142126003220798, -0.9205995594309796, 0.3145483294830721
0.0028496749026768863, 0.011919077287419748, 0.07051933098990025, -0.05862581598051314, -0.31726536414457074, -0.9465229539820109, 0.9712167146746148, -0.23740459152183166, 0.019420428960250914, -0.23087032472205454, -0.918140375236034, 0.3220514625400231
0.0028469077341838384, 0.011899276511623747, 0.07046341779285577, -0.046817522358139234, -0.32624548144109, -0.9441249946058606, 0.9719491079143626, -0.23296224875152882, 0.032303595482629344, -0.23048438390641499, -0.9161290719630625, 0.3280007199372863
0.002844927342565417, 0.011878966045922024, 0.07040763430709941, -0.03473422294777156, -0.33317221573044103, -0.9422259858555606, 0.9725028424656101, -0.2285116446359168, 0.04495163692344426, -0.23028624612104648, -0.9147560893107283, 0.33194810123936525
0.0028436282150571426, 0.011858320084878896, 0.07035193081373457, -0.024146262899726573, -0.33728089768054964, -0.9410943385483626, 0.9728297221898327, -0.22474944481941692, 0.055587936437836785, -0.2302591792134038, -0.9141823029971465, 0.3335437411716837
0.0028429048388945335, 0.01183751282305866, 0.07029625759386461, -0.01533336592966799, -0.33847594765032013, -0.9408501053576412, 0.9729922870166673, -0.22180589410518295, 0.06393867957876259, -0.23032780399973907, -0.9144595005807629, 0.3327355173440908
0.0028426517013131094, 0.011816718455025629, 0.0702405649285929, -0.008298995797971572, -0.3367740079797952, -0.9415489335228255, 0.9730567297018471, -0.21968304925324497, 0.06999970466182541, -0.23041642183380007, -0.9155995988531348, 0.32952336355604156
0.002842763289548389, 0.0117961111753441, 0.07018480309902277, -0.003040454259065281, -0.33216568177741174, -0.9432161552302027, 0.9730725600556835, -0.2183762317595853, 0.07376729810127398, -0.23047895458062295, -0.9175934727600406, 0.32388527327371963
0.0028431340908358915, 0.011775865178578385, 0.07012892238625758, 0.00048563624191389946, -0.3244433376471665, -0.9459050083458737, 0.9730716660255295, -0.21787998538247164, 0.07523193968012666, -0.23050227099909626, -0.9204698977294699, 0.3156008086779223
0.002843658592411136, 0.011756154659292787, 0.07007287307140071, 0.0024542405183084447, -0.31362245795050947, -0.9495445911449126, 0.9730720830113714, -0.21811092751674194, 0.07455430612444346, -0.2304879562306651, -0.9241583074164662, 0.3046419617612511
0.002844231281509642, 0.01173715381205161, 0.07001660543555553, 0.003491171034715514, -0.3012695593688244, -0.9535326236278027, 0.9730822809477163, -0.2187031671999981, 0.07266222651611552, -0.23043152178119206, -0.9281193766183337, 0.29239653984819997
0.002844746645366928, 0.011719036831419165, 0.06996006975982538, 0.004343153256755542, -0.2893955930585262, -0.9571997324164337, 0.9731010008656661, -0.21926049613073378, 0.07070556520347836, -0.23033796720043181, -0.9317591027485637, 0.2806588593135168
0.002845101077686186, 0.011701987161617475, 0.06990321382313525, 0.005759443739554299, -0.28005214299720627, -0.9599675129974364, 0.973114896729357, -0.21946847691734495, 0.0698640494316909, -0.2302481847294867, -0.9345610653361573, 0.2712588958661504
0.0028452143493910664, 0.011686301666723915, 0.0698459547225491, 0.008487812570641013, -0.27531234401697724, -0.9613173618892168, 0.9731031295622626, -0.2190500699722686, 0.07132577431247782, -0.23021350150218378, -0.9360663331607552, 0.2660480476325324
0.002845084006221959, 0.01167213589247687, 0.06978825303696069, 0.01147392467043096, -0.27551557181433567, -0.9612281304354742, 0.9730644560051189, -0.21827301945608843, 0.07417852409548148, -0.23024750489879184, -0.9361880466366476, 0.26558996182562916
0.002844975972169924, 0.011658708228921686, 0.06973034553980985, 0.010184136261143329, -0.27720069780738654, -0.9607580634601577, 0.9730634428552881, -0.21855019371239293, 0.07337130915343458, -0.23031243897633452, -0.9356257723915976, 0.2675081204176777
0.0028452285050720705, 0.011644983830218648, 0.06967254362796906, 0.004771789812319467, -0.2797925320879674, -0.9600486284609706, 0.9730878166308248, -0.2198868024610081, 0.0689194836612104, -0.2303851799631246, -0.9345404930185087, 0.27121345055524326
0.0028461798638702955, 0.011629927846660271, 0.06961515869945047, -0.0034765919706512215, -0.28348679026360546, -0.9589698394914765, 0.9730802340226419, -0.22194709914533223, 0.062083357958574344, -0.23044038591946078, -0.9329387573292315, 0.2766270117148348
0.0028481673790179854, 0.011612506314414774, 0.06955850189496512, -0.013315510509774262, -0.2886752469038602, -0.957334476034818, 0.9729976736135487, -0.22437892884423039, 0.054125995910817064, -0.23043051951181745, -0.930763502784521, 0.28386806365247
0.0028504622781865495, 0.011592702546904303, 0.06950258888600007, -0.023634048740296548, -0.2955124212834016, -0.9550465122743305, 0.9728337944200351, -0.22686368758461933, 0.046122399003357135, -0.23029511539426523, -0.9280114633573928, 0.29284617754516185
0.0028502693019968888, 0.011572758848000742, 0.06944677175990928, -0.03377612768335795, -0.3025839208741889, -0.9525240910481582, 0.972595791946938, -0.22931655873507786, 0.038358067951997275, -0.23003608126949554, -0.9251253356806872, 0.3020372735207857
0.0028475776557936564, 0.01155317588562056, 0.0693908846906875, -0.0426417757854675, -0.30853214579174937, -0.9502576460997305, 0.9723192038053058, -0.23151826753855917, 0.03153819442137329, -0.22973255073950255, -0.9226089132503993, 0.3098640803991954
0.0028430422266598238, 0.011534000936690632, 0.06933488881820249, -0.046941331776537275, -0.31375985148695584, -0.9483413240842816, 0.9721816179028742, -0.23245273737015884, 0.02878587676048761, -0.22947638916192462, -0.9206087553809182, 0.31594320111881113
0.0028373179016783685, 0.01151528127813786, 0.06927874528232215, -0.04405147077010023, -0.3181356263620501, -0.9470212200168575, 0.9723441947691269, -0.23128483195121555, 0.0324668047099782, -0.2293604909782173, -0.9194003751078874, 0.31952576645664604
0.0028310595679322606, 0.011497064186889117, 0.06922241522291425, -0.036317370778919056, -0.3178651033251454, -0.9474401430527425, 0.972629617655097, -0.22897258337587473, 0.03953710816787099, -0.2295052841217525, -0.9200724602716205, 0.31748069612170265
0.0028249221142593764, 0.011479396938530357, 0.06916585978038682, -0.02330779969260215, -0.3140717117174792, -0.949113115688716, 0.9729597663202276, -0.22534686078522512, 0.05067628100336778, -0.2297956474687401, -0.9222677226451639, 0.31083147873297123
0.0028199029465935175, 0.011462065086824732, 0.06910914552508024, -0.007163813435961203, -0.3090295522013884, -0.9510254547819759, 0.9731646865053298, -0.2208999020944775, 0.06444940801615935, -0.2299982015495727, -0.9250426850264045, 0.3023191329755736
0.0028182993282532937, 0.01144386094739296, 0.06905273913546911, 0.009724085787018921, -0.3044593013588899, -0.9524757088617344, 0.9731431131380973, -0.21620448106331983, 0.07904494746682342, -0.22999548584156818, -0.927663816360322, 0.2941800814268426
0.0028220052320832903, 0.011423898412846823, 0.06899701378478926, 0.02873656179396914, -0.3014015034551205, -0.953064186574679, 0.9728130449994511, -0.21076439603699998, 0.0959851490703351, -0.22980206590706972, -0.9299115565892014, 0.28715067025290253
0.0028289117452631332, 0.011404400430749797, 0.06894128935217807, 0.047366786053834264, -0.29810045205631813, -0.9533585411914812, 0.9721691134100306, -0.20547434872691278, 0.11255001975480043, -0.2294419371224128, -0.9321568604580829, 0.2800713926670215
0.0028364407690145486, 0.011386885663991224, 0.06888504020383726, 0.05090875467727569, -0.287321946151887, -0.9564802130502759, 0.9721190909310231, -0.20524577945406625, 0.11339595699906646, -0.22889467391062268, -0.9355855221602059, 0.26886234206293147
0.0028432912629773165, 0.0113704221022086, 0.0688284561384335, 0.043030234830556756, -0.27479396638801923, -0.9605397831048786, 0.9726253495380978, -0.20823375341697647, 0.10314375101658317, -0.22836008479224254, -0.9386836421151793, 0.2583112302999267
0.0028487254892294216, 0.011353993306678271, 0.06877175429889688, 0.02966356568649031, -0.26585757222620626, -0.963555823064108, 0.9732039130734168, -0.2122240942996789, 0.08851597244153254, -0.22802240339350965, -0.94036199683349, 0.25243830624922814
0.0028542576285893032, 0.011337012396075864, 0.06871503940850851, 0.00776609194252569, -0.25593869771198235, -0.9666618182329509, 0.9736624100786679, -0.21834359931058786, 0.06563218600578032, -0.2278622369234098, -0.9417119812626321, 0.24750221277933646
0.0028590586206831575, 0.011320617066913072, 0.06865811153379413, -0.01945055156120609, -0.2470989660390452, -0.9687950129033487, 0.9734925993031531, -0.22554279871138558, 0.037981640978583704, -0.22788996280212845, -0.9423760114369796, 0.2449359465700662
0.0028550518215370102, 0.011309450032796937, 0.06860020544270395, -0.04760829564992318, -0.24184562455649594, -0.9691460901578192, 0.97250595731267, -0.2326508374144177, 0.010283522827198882, -0.2279596744529103, -0.9420107651896812, 0.24627242048202347
0.0028452904940502355, 0.011299871780371092, 0.06854217652747746, -0.07449674741663835, -0.2385854247672684, -0.9682598978130632, 0.9708352930433874, -0.23922972357177444, -0.015747162955030303, -0.22787950413694844, -0.9411939940566953, 0.24944898706129082
0.0028357646310806805, 0.01128721027850427, 0.0684849745683132, -0.0988872770931844, -0.23559530230814688, -0.9668071989592488, 0.9687061624304136, -0.24506937644833532, -0.03936205782940291, -0.22766132148091586, -0.9404444982334456, 0.2524568645214586
0.0028265782652555447, 0.011273259987592366, 0.06842807887393637, -0.12328466961102959, -0.23181581009268, -0.9649157063857826, 0.9659698954137498, -0.2508245640990182, -0.06316010765417227, -0.22738304992511738, -0.9398661969853007, 0.2548499173457578
0.002817467362183348, 0.011259003661617018, 0.06837122889994883, -0.14637271127247556, -0.22910164093151864, -0.9623343844616745, 0.9628462979984586, -0.2561694734441034, -0.08546465530284567, -0.22694059977317396, -0.9390897928301938, 0.2580858872095407
0.002808407504313203, 0.011244493336624022, 0.06831441722057557, -0.15491795880929554, -0.23560300880582852, -0.959422559813976, 0.9617876313588484, -0.2578873181389766, -0.09197110039693043, -0.2257542429357583, -0.9370087264186641, 0.26655143670926934
0.002799376631703523, 0.011229771891250786, 0.06825763890049596, -0.1540142341291963, -0.244944192456602, -0.9572261792634906, 0.962257678590807, -0.25716954045961105, -0.08901678186063432, -0.22436527288916258, -0.9348080926273455, 0.2753071998328341
0.0027903526844127256, 0.011214882204134715, 0.06820088900438928, -0.1536494480663329, -0.24900245983828148, -0.956237220622266, 0.962487065999041, -0.25672834368935865, -0.0878020804484503, -0.2236302638138874, -0.9338566980757828, 0.2791078153071454
0.002781313602499225, 0.011199867153913216, 0.06814416259693493, -0.15406035308862648, -0.25072860491289833, -0.955719924603772, 0.9625134749672353, -0.25661882818619086, -0.08783272469213037, -0.22323355059825814, -0.9334248463046064, 0.28086444806795496
0.0027722373260214367, 0.011184769619223696, 0.0680874547428122, -0.15485323170601756, -0.25172650242127387, -0.9553293906339084, 0.9624442913397914, -0.2566944348466053, -0.08836828156204392, -0.22298309957853132, -0.9331354323449166, 0.28202269803123386
0.002763101795037776, 0.011169632478703555, 0.0680307605067005, -0.15602440164213813, -0.25201247593490467, -0.9550634000239837, 0.9622793281148954, -0.256955353111497, -0.0894004540821322, -0.22287862341408674, -0.9329864192369067, 0.2825977012371769
0.00275388494960666, 0.011154498610990207, 0.06797407495327913, -0.1575737992722268, -0.2515865876184424, -0.9549212987013243, 0.9620266716616204, -0.25736037785490173, -0.0909412938221529, -0.2228792964691447, -0.9329897238667155, 0.2825862600420075
0.002744564729786503, 0.011139410894721053, 0.06791739314722746, -0.15950111107924708, -0.25044826478754145, -0.954900550962976, 0.9616872231247612, -0.25789460025263994, -0.09299494630955338, -0.22297327293438413, -0.9331484564770177, 0.28198737158158005
0.0027351190756357206, 0.0111244122085335, 0.06786071015322483, -0.16180574820606092, -0.24859632277085064, -0.9549967372469331, 0.9612575871212509, -0.25855737681035035, -0.09556115371206685, -0.22316529983245062, -0.9334602033304696, 0.28080117120291875
0.002725525927212729, 0.011109545431064956, 0.06780402103595058, -0.16448497319928096, -0.2460321345321313, -0.9552030581866847, 0.9607343121341217, -0.25934570877456403, -0.09863764407362481, -0.22345978403240235, -0.9339207632972845, 0.2790299854897496
0.002715763224575943, 0.011094853440952825, 0.06774732086008406, -0.16745592399487716, -0.24289273497682862, -0.9554902578333796, 0.9601318272446615, -0.2602285966161346, -0.10211734336058984, -0.2238423280589474, -0.934496761256385, 0.2767858655540007
0.002705808907783777, 0.011080379116834509, 0.0676906046903046, -0.17052717831559178, -0.23950151271940123, -0.9558030690790028, 0.9594910227580926, -0.26113974889907343, -0.10574974605907192, -0.22427094930541427, -0.9351176701089802, 0.27433097591704975
0.002695640916894649, 0.01106616533734742, 0.06763386759129157, -0.17350046126833324, -0.2361968234605248, -0.9560902941285584, 0.9588577038670423, -0.26201370017714126, -0.10927362286620972, -0.2246986730590528, -0.9357135680894239, 0.27193864164340475
0.0026852371919669727, 0.011052254981128962, 0.0675771046277243, -0.176183190105773, -0.23331103825663135, -0.9563082363713938, 0.9582798063807132, -0.262789913664192, -0.11243342011746124, -0.22507620089004537, -0.9362197502210574, 0.26987642188402583
0.0026745767449602403, 0.01103868904694531, 0.06752031105481852, -0.17845890202045392, -0.23105264900975458, -0.9564345736511354, 0.9577896787501958, -0.263433707310001, -0.11507220834113403, -0.2253693669717574, -0.9365988229965293, 0.26831193263115505
0.0026636852130699174, 0.011025426763480029, 0.06746349041568596, -0.1802730608546243, -0.22952780810089402, -0.956461504106937, 0.9574055935104261, -0.26392949925406567, -0.11711425591467052, -0.22555742737727288, -0.9368341393928262, 0.26733058602234233
0.0026526518348079773, 0.011012315817141377, 0.06740665755892723, -0.18157277698622915, -0.22883942434527654, -0.9563805960614381, 0.9571452288928612, -0.26426118194147163, -0.11848644870418139, -0.2256198959869038, -0.9369090380523709, 0.26701519984944655
0.0026415704187425387, 0.010999195879496307, 0.06734982814549606, -0.18230473210768003, -0.229090022077716, -0.9561813355402722, 0.9570255637783385, -0.2644116443733067, -0.11911571094762116, -0.22553725839847458, -0.9368053394938757, 0.26744850152854505
0.002630532128017113, 0.010985911187681855, 0.06729301754724541, -0.18241491767370968, -0.2303815139178546, -0.9558499651383637, 0.9570623714984933, -0.26436248618623026, -0.11892894079707991, -0.22529184377552117, -0.9365024473765953, 0.26871313921331347
0.0026195844615037834, 0.010972381336224546, 0.06723623636425362, -0.18185020665394494, -0.23281173009923897, -0.9553686203074271, 0.9572692976718656, -0.26409385971547245, -0.11785552594340881, -0.22486883749139336, -0.9359770999275482, 0.27088904432716704
0.0026087390876049204, 0.010958587757180144, 0.06717949128092796, -0.18063580866065518, -0.23634047355786125, -0.9547323631196112, 0.9576381345974114, -0.2636083600986508, -0.11593030514447103, -0.22427640935751866, -0.9352292836756909, 0.27394575952394806
0.002598006615286275, 0.010944513711018683, 0.0671227888658969, -0.17890482728776622, -0.24074025810989486, -0.953958694545165, 0.9581322098528579, -0.26294221497720943, -0.11333163735408652, -0.22355252451183305, -0.9342941291199791, 0.27770262706054133
0.0025873976535136065, 0.010930142458210224, 0.06706613568778907, -0.17679845214101408, -0.24577049642239504, -0.953068292625891, 0.9587128036539911, -0.2621358051279297, -0.11024781077117084, -0.22273766504667636, -0.933210417193369, 0.2819685262779041
0.002576922811252668, 0.010915457259224796, 0.06700953831523293, -0.1744539573903908, -0.251199182874638, -0.9520844433525557, 0.9593431544550362, -0.2612308186529973, -0.10686052304825025, -0.22187052249249448, -0.9320179343279823, 0.2865589666018296
0.0025665926974692155, 0.010900441374532456, 0.06695300331685705, -0.1719337230375542, -0.2569198210452156, -0.9510157729693761, 0.9600054744544312, -0.2602468296752356, -0.10325248985623264, -0.22097122867008756, -0.9307329333369929, 0.2913896410340433
0.002556417921129003, 0.010885078064603239, 0.06689653726128993, -0.16923827846718623, -0.26292811133595395, -0.9498564172393484, 0.9606963610867306, -0.2591856166363496, -0.09942493612544746, -0.22004751054301255, -0.9293501086233021, 0.2964582073508497
0.002546409091197787, 0.010869350589907198, 0.06684014671716014, -0.16636630868444155, -0.2692225541771924, -0.948599740489645, 0.96141353604085, -0.2580447399667502, -0.09537780083919621, -0.2191033182134452, -0.9278642834476393, 0.3017641586571487
0.002536576816641322, 0.010853242210914372, 0.0667838382530962, -0.16331650230242445, -0.2758013978653843, -0.9472387814121644, 0.9621556101199785, -0.2568172215092703, -0.09111254936017651, -0.21813826347148352, -0.9262712905362869, 0.3073063525830327
0.0025269317064253627, 0.010836736188094808, 0.06672761843772662, -0.16034669078287048, -0.28196809794375893, -0.9459296646669673, 0.9628551653110111, -0.25561133852480583, -0.08702168839698841, -0.21725300777869097, -0.9247469034062974, 0.31248087181710216
0.002517484369515665, 0.01081981578191855, 0.06667149383967996, -0.1583945990728893, -0.28514761126783855, -0.9453052368271236, 0.9632740951869435, -0.2548696508094121, -0.08452501782350381, -0.21682750869369402, -0.9239763529899097, 0.3150452833945497
0.0025082454148779828, 0.01080246425285564, 0.06661547102758474, -0.15737838187379954, -0.2854043489571731, -0.9453974838739082, 0.9634380403451096, -0.2545787577278511, -0.0835272322642088, -0.2168390816590946, -0.9239772798668138, 0.31503459961592195
0.0024992254514780736, 0.01078466486137613, 0.0665595565700695, -0.15709398280569434, -0.2831022952466613, -0.9461366555589718, 0.9633976470660699, -0.2546543160600779, -0.0837624793062752, -0.217224432773582, -0.9246644092523765, 0.31274474586817513
0.00249043508828169, 0.010766400867950058, 0.06650375703576278, -0.15733423748505965, -0.2785984388923268, -0.9474327667764891, 0.9631994166694151, -0.25500498015115813, -0.08496672187277877, -0.2179284778148408, -0.9259348626900632, 0.3084668679330742
0.0024817306311872398, 0.01074806752615701, 0.06644798000482503, -0.15789093269319904, -0.2722445844245261, -0.9491856191624423, 0.9628868540469954, -0.25554157279048906, -0.08687583599162338, -0.21890491012481186, -0.9276752615151923, 0.30248842869764087
0.0024725668867173036, 0.01073117674595496, 0.06639186011454934, -0.1585558395498544, -0.2643906211798802, -0.9512926180606879, 0.9625014067167202, -0.2561839637858518, -0.08922342050887792, -0.22011607804287153, -0.9297673774289387, 0.2950958082656175
0.00246300612983934, 0.010715677770068056, 0.06633540128867565, -0.15912125854615916, -0.255388001372343, -0.9536547561008263, 0.9620841312336037, -0.25686147558705236, -0.0917404315867546, -0.22152776238469135, -0.93209396045371, 0.28657686469523236
0.002453179519773356, 0.010701339141845562, 0.06627865053157735, -0.1593804334749362, -0.2455925540179189, -0.9561810366433215, 0.9616793110386933, -0.2575016889274308, -0.09415828651619006, -0.2230936577885748, -0.9345465090676207, 0.27722200894596744
0.0024432182157393544, 0.010687929404636731, 0.0662216548476278, -0.1591280352235099, -0.23536606045786104, -0.9587914715882968, 0.9613357650656766, -0.25802568034615664, -0.09620964134375033, -0.22474833750552076, -0.9370301840743709, 0.2673249313514455
0.002433253376957341, 0.010675217101790818, 0.0661644612412004, -0.15790812351189906, -0.22577874568502415, -0.9612954709795776, 0.9611686250787094, -0.2582663341750201, -0.09722846700478355, -0.22631813602372716, -0.939320210912495, 0.2577937987579447
0.002423416162647321, 0.01066297077665708, 0.06610711671666857, -0.15461536469057174, -0.2198177561621585, -0.9632103836013373, 0.9614524485272959, -0.2578596439686057, -0.09548608921330501, -0.22738354870673658, -0.9408445982670133, 0.25121338278307037
0.0024138377320292986, 0.010650958972584777, 0.06604966827840568, -0.14915178818703378, -0.21779820575547773, -0.9645297743721055, 0.962189629823886, -0.25679953534994726, -0.0908026150693049, -0.22791415124994627, -0.9416039189668584, 0.24786528487521373
0.002404649244323279, 0.010638950232923156, 0.06599216293078511, -0.14266605307093388, -0.21882083451298762, -0.9652791511703757, 0.9631483862875937, -0.25536515937867704, -0.08446195218621867, -0.22801662942155265, -0.9417569101198794, 0.24718887302767448
0.0023959818587492685, 0.010626713101021482, 0.06593464767818027, -0.13672486425043662, -0.22154117036219795, -0.9655184210206698, 0.9640500910675974, -0.2539376581435508, -0.07825016095271674, -0.22784585448995257, -0.9415068643462546, 0.24829637730064982
0.0023879667345272702, 0.01061401612022901, 0.06587716952496457, -0.13159972799265335, -0.22553188944859975, -0.9653066240495837, 0.964850891583699, -0.25259307867593944, -0.0725223663096551, -0.227473665733862, -0.9409208805456255, 0.25084582506161823
0.0023807350308772896, 0.01060062783389499, 0.06581977547551135, -0.12752589337177975, -0.23039223985684282, -0.9647054277516409, 0.9655170918302538, -0.2514125466421865, -0.06759050802102072, -0.22696671981455502, -0.9400591189944585, 0.25450925502225624
0.002374412714333938, 0.01058632071489106, 0.06576251217134683, -0.12473780875494206, -0.23572380012236344, -0.9637814944907832, 0.9660186026571739, -0.25048410951548306, -0.06376339232284221, -0.22638140026799178, -0.9389845584119622, 0.25895841495613875
0.002368443326975176, 0.010571388845331391, 0.0657053767584776, -0.12346965525184186, -0.2411304519756386, -0.9626065392267058, 0.9663269660002657, -0.24989714814414796, -0.06134826916990391, -0.22575969306479962, -0.9377673061476637, 0.26386557279766804
0.002362019840293289, 0.010556385438760092, 0.06564832463115164, -0.1239559123921216, -0.2462173064878878, -0.9612554133885989, 0.9664110569285116, -0.24974200143970895, -0.06065147783200029, -0.22513240732811857, -0.9364859693037254, 0.26890412504814465
0.0023551104987421787, 0.010541326657426256, 0.06559134804875742, -0.12639155836600757, -0.2506879896182133, -0.9597815927777479, 0.966239176791928, -0.25009583061796237, -0.06191872689234567, -0.22451509349322044, -0.9352045804895793, 0.2738345584929711
0.0023477045785328145, 0.010526213819203096, 0.06553444036672289, -0.13072868636082605, -0.2548460654324508, -0.9581041141212012, 0.9658157962887891, -0.2509391915064115, -0.0650336051988575, -0.22385231337072461, -0.9338538456844881, 0.27893930647878823
0.0023397913558761674, 0.010511048241963823, 0.06547759494047596, -0.13681754530872076, -0.25922543379012464, -0.9560769497127404, 0.965153264703852, -0.2522239759789152, -0.06972977536808653, -0.2230697983304606, -0.932301046024142, 0.28470093897825194
0.0023313601069832072, 0.010495831243581655, 0.06542080512544463, -0.1433548986659266, -0.2652434414417607, -0.9534648865063743, 0.9644477914937141, -0.2535647511305895, -0.07446727111274933, -0.22201313139402234, -0.9302423521621737, 0.292163200510275
0.0023224001080649056, 0.010480564141929806, 0.06536406427705684, -0.14861324970614287, -0.27475682121355005, -0.9499593629247542, 0.9640083001481624, -0.2544086537302665, -0.07722845429376278, -0.22045883801115815, -0.927245882225302, 0.30267635295640666
0.002312925741654957, 0.01046519134041897, 0.06530738574884534, -0.15225424212742195, -0.2882216793982492, -0.9453818854193565, 0.9639310805429241, -0.2545798934194837, -0.07762699163226038, -0.21830143773588642, -0.9231020211175888, 0.316586703591714
0.0023031041177716564, 0.010449311018809632, 0.06525090454737363, -0.1554296258792411, -0.29958449027994083, -0.9413239424251075, 0.9638552832515722, -0.2547281389314208, -0.07808052372113315, -0.21638998208574906, -0.9194360817480696, 0.32834839307157637
0.0022931597795549305, 0.010432391159569593, 0.06519480142678831, -0.1596894934923202, -0.30950549026486845, -0.9373929897135297, 0.9635597982456643, -0.25529547169316164, -0.07985447600317074, -0.21459678672557303, -0.9159861208713097, 0.338995052321106
0.002283317373744017, 0.010413899510313471, 0.06513925722375663, -0.16491495272591755, -0.3195057397161632, -0.9331233255341095, 0.9631005936094154, -0.2561876894848724, -0.0824931169588978, -0.21269768441757936, -0.9122959772161829, 0.34996534828261194
0.002273801547078156, 0.010393303818655907, 0.06508445277494589, -0.1707792814601558, -0.32922454115980787, -0.9286795133532703, 0.9625036678676946, -0.2573538449469561, -0.08576530669363115, -0.21076319974129126, -0.9085043753274565, 0.36083053313942337
0.002264778257031646, 0.010370344565025136, 0.0650304708755516, -0.17700297043303231, -0.338212177296231, -0.9242740240785878, 0.9617930939851775, -0.25873053813063124, -0.08951286500304388, -0.208863574661314, -0.9048044163061854, 0.37108621021606414
0.0022555047875577818, 0.010348524042297748, 0.06497605737865389, -0.18356469405022896, -0.34544076901588405, -0.9203122721120046, 0.9609310089192273, -0.2603590240270851, -0.09394027200907822, -0.2071608051628534, -0.9016007174516768, 0.3797374712810153
0.0022450606295101707, 0.010327465815232225, 0.06492151307753787, -0.1905444424552275, -0.34966990365537554, -0.9172915424918442, 0.9598428757076949, -0.26234672252036123, -0.09937731700950163, -0.2058991729041399, -0.8993915474699911, 0.3856168758456069
0.0022335171018978946, 0.010306293175581712, 0.0648671904840105, -0.19802411572688755, -0.34965006528328557, -0.9157135367777296, 0.958437503103346, -0.2648220697644226, -0.10614529669613691, -0.2053874442014601, -0.8986735242640018, 0.3875588917200981
0.0022210580140595557, 0.010285223635560576, 0.06481299600989324, -0.20607427966119823, -0.34410388415016613, -0.9160381586893022, 0.9566112160452718, -0.2678978334146767, -0.11456758786021679, -0.20598148605761787, -0.8999018100684603, 0.384380488106517
0.0022078671753337545, 0.010264474707383177, 0.06475883606700739, -0.21463626447381934, -0.3321866571047703, -0.9184679084291855, 0.9542963597428924, -0.27156095274712727, -0.12479225426498494, -0.207965698503837, -0.9032755248453433, 0.3752913461048375
0.0021941283950590936, 0.010244263903263879, 0.06470461706717431, -0.22218265408480672, -0.3195344769906321, -0.9211582851161652, 0.9520627311846301, -0.27484703590472725, -0.13429692008251098, -0.2102651281432418, -0.906838918920394, 0.36528311077600806
0.0021800254825741715, 0.010224808735417042, 0.06465024542221537, -0.22695862674279935, -0.30606588278659475, -0.9245612241171945, 0.9503235527913774, -0.277238576100758, -0.14150589009507114, -0.21301391212077406, -0.9107482897681921, 0.3537833036299431
0.002165742247217592, 0.010206326716057024, 0.06459562754395193, -0.22890802251792736, -0.2914970389806303, -0.9287790875619761, 0.9491205083166696, -0.2788042427735627, -0.14641876554652086, -0.21626691360362726, -0.9150397097814855, 0.34048634569300423
0.0021514624983279547, 0.01018903535739819, 0.06454066984420533, -0.22818798435989135, -0.2774462485294795, -0.9332490680256199, 0.9485244800232414, -0.2795650833011517, -0.14881086988341785, -0.21961683585374184, -0.9191664394307151, 0.3269579514767186
0.002137370045243861, 0.010173152171654898, 0.06448527873479692, -0.2251355813726993, -0.26510330244272795, -0.9375682423343574, 0.9485287770815948, -0.2796056349837748, -0.14870725581966154, -0.2227265791235318, -0.9227897528252466, 0.3144072884534478
0.0021236454999853686, 0.01015886554659182, 0.06442936875637152, -0.22053438778089504, -0.25443282086173225, -0.9416095387550232, 0.9489532412152665, -0.279161311967745, -0.1468220279368446, -0.2255046114675841, -0.9259227298045929, 0.30300951905520224
0.002110413873708588, 0.010145857400398417, 0.06437299580852762, -0.21523731351016848, -0.24518710723266282, -0.9452810065371059, 0.949590262970948, -0.27846995600562163, -0.14398894427348588, -0.22792812758343653, -0.9286214331196033, 0.2927644148580951
0.0020977530240960667, 0.01013338012916629, 0.06431633567327598, -0.210095676460817, -0.23711818338003984, -0.9484907874318135, 0.9502410659734631, -0.2777552436777095, -0.14104588312727415, -0.23000374620881323, -0.9309280271428539, 0.2836746111477476
0.0020857391678144395, 0.010120672951748202, 0.06425956785849507, -0.2059623853978917, -0.2299796892594326, -0.9511513225188435, 0.9507209782464787, -0.2772244420184987, -0.1388388644061542, -0.23175227576718369, -0.9328750995045729, 0.2757443225182785
0.0020743545728534557, 0.010107246668260331, 0.06420282663975842, -0.20369213555551516, -0.22352608045319247, -0.9531765866144986, 0.9508557634676598, -0.2770707298520292, -0.1382212998766749, -0.23320126713456657, -0.9344880427359662, 0.2689781905477389
0.002063326580416851, 0.010093349006053109, 0.06414612355619974, -0.20400081963200398, -0.21760428010232408, -0.9544799855788596, 0.9505030029336999, -0.27743841453153784, -0.13989984830672803, -0.23436660812387403, -0.9357757762537862, 0.2634311856503224
0.002052339707451255, 0.010079351486299681, 0.06408944952888856, -0.20662121679854434, -0.21215562949076677, -0.955142744119467, 0.9497067291018102, -0.27825294399272466, -0.1436399243181454, -0.23529726192080913, -0.9367845472864922, 0.25897859080976565
0.002041078470903296, 0.010065625630173195, 0.06403279547889444, -0.2108388692278267, -0.20678002894424327, -0.9553999114781984, 0.9485718868689733, -0.27937473852804556, -0.14886615100224043, -0.2361320534458782, -0.9376522676889361, 0.2550487761845347
0.002029227387719602, 0.010052542958846793, 0.06397615232728683, -0.21593539910687762, -0.20105445330625762, -0.9554836525123155, 0.9472058792551096, -0.2806672472520147, -0.15500618898783092, -0.23700828195889737, -0.9385110564749349, 0.2510459542737017
