0.0003044010081794113, 0.0012459225254133344, 0.007277987897396088, 0.1358982248281154, 0.42068509415623995, -0.8969703027655501, 0.951580746772317, -0.30739889780583074, 0.0, -0.2757276824346924, -0.8535396705382334, -0.44209080057910893
0.00030627295688838386, 0.001251717309855043, 0.007265632457121776, -0.08763888465382887, -0.1584540994913817, -0.98346922892941, 0.9491119763586781, -0.313083577296579, -0.034134000054215664, -0.30249939211369836, -0.9364138892506627, 0.17782897904810288
0.00030509807716009376, 0.0012495930871416637, 0.00725244814898013, -0.18716146399620617, -0.3607082359978481, -0.9137068210745269, 0.9433689363248114, -0.325356197824989, -0.06479501920873572, -0.2739080801513359, -0.8740897625645706, 0.4011750872220533
0.00030231330039739063, 0.0012442261067159132, 0.007238853098648064, -0.20978241493101518, -0.3025144273411757, -0.92977220846622, 0.9358591291796429, -0.33748447236404894, -0.10135048714377325, -0.28312369861393105, -0.8913973592980856, 0.3539091961500407
0.000299238951031152, 0.0012397927749789313, 0.00722522733978365, -0.20260099330814615, -0.20064407082885152, -0.9584856776977835, 0.9311302121611669, -0.3425550839827426, -0.12511012124635112, -0.3032315377912611, -0.9178224072655904, 0.2562277565174078
0.0002963760572121544, 0.001236957533844053, 0.00721168326639352, -0.18059760706075345, -0.15003065055058723, -0.9720469681138342, 0.9320164776970543, -0.34183193230314596, -0.12040022989626685, -0.31421296858198927, -0.9277077847863869, 0.20156506746365757
0.00029387443201713546, 0.001234879319954341, 0.007198218540997921, -0.1453077377765494, -0.1581553050513032, -0.9766639958687895, 0.9378956318434299, -0.3363236602521226, -0.08507749011123983, -0.31501975352551287, -0.9283713131278584, 0.19720359999244716
0.0002918825471483131, 0.0012327113200675068, 0.007184830387930077, -0.09884735199850087, -0.22036046962161404, -0.9703970653454318, 0.9461556576089523, -0.3228899573583348, -0.023055303331420883, -0.30825098958065905, -0.9204256291875377, 0.24041212231763603
0.00029052610180601906, 0.0012296873955353808, 0.007171513990951799, -0.05742172471187954, -0.2838891980669522, -0.9571361808812872, 0.9512464055940707, -0.30656768732363054, 0.03386043315436807, -0.30303963664094147, -0.9085280272561456, 0.2876522245952265
0.00028973014495448416, 0.001225752237658951, 0.007158246554195989, -0.02960514747338002, -0.32347458345787417, -0.9457736140852282, 0.9531248485098758, -0.29418199171814396, 0.07078120443855392, -0.30112548612846757, -0.899344844653874, 0.31702096460390977
0.0002893153663406148, 0.0012212202440430007, 0.007144995930498295, -0.015149304534124166, -0.3409058340289152, -0.9399753778143246, 0.9535954058250754, -0.28765052435900856, 0.08895492018599827, -0.3007096615698309, -0.8950085966967228, 0.3294439425418543
0.00028910156153968817, 0.0012164089800133485, 0.007131729892570492, -0.013647189651110793, -0.33743867942410516, -0.9412485813233095, 0.9535998471908946, -0.2875419436217855, 0.08925784052792478, -0.3007674943409429, -0.8963563846410211, 0.32570561257237945
0.00028890852612698133, 0.0012116360108958143, 0.007118416213124359, -0.024984572781055, -0.3131030658926127, -0.9493904577420159, 0.953300519483561, -0.2933958900593909, 0.07167266737488429, -0.300988190258889, -0.9032637055837593, 0.30581168633617456
0.0002885560556777715, 0.001207218902016217, 0.0071050226648716715, -0.04744902389832109, -0.2709290210710237, -0.9614291735081651, 0.952228188195869, -0.30296604706711205, 0.03838035864529151, -0.30167874922889304, -0.9136788494137453, 0.27236169407180855
0.0002878900339572483, 0.0012034159868468753, 0.007091527493428877, -0.06300908506457782, -0.25034618307433737, -0.9661038473266914, 0.9511047794988853, -0.3083509187304519, 0.017872026534869394, -0.3023732025390174, -0.9177398866444657, 0.25753436051933304
0.00028700843535326413, 0.0011999132404526861, 0.007078010144268291, -0.06156032054438902, -0.27420891169155454, -0.9596977647589919, 0.9516868940634259, -0.30593601224237216, 0.026366874694296185, -0.30083613912291474, -0.9117086317251628, 0.27979454647196034
0.0002861485609771622, 0.0011960830911815765, 0.007064605088715932, -0.04958125307866293, -0.31742509232714033, -0.946986277674738, 0.9532211878614857, -0.2981069273007322, 0.05001626642657582, -0.29817958742188877, -0.9002075153298946, 0.31735683857211866
0.00028545535414991637, 0.001191645098442845, 0.007051365057207435, -0.036875922227123416, -0.34428739353062315, -0.9381398387318325, 0.954181123945093, -0.29108947080596664, 0.06932029062822441, -0.29694873137762073, -0.8925990760928404, 0.3392467248057519
0.00028493882958028006, 0.001186822631992262, 0.007038224442757847, -0.024268629002847875, -0.3526499300188693, -0.9354405702683676, 0.9546391466951926, -0.2859534879815576, 0.08303434414900697, -0.2967745495210072, -0.8909930580924118, 0.3435931273872275
0.0002845985551269173, 0.001181878069110218, 0.007025108476105423, -0.011733308651302943, -0.34276621074591657, -0.9393474619324733, 0.9547796922394572, -0.2829426507960929, 0.09131919649015535, -0.29708259584704827, -0.895798404291594, 0.3305860706584795
0.000284434098648492, 0.0011770737870771021, 0.007011942387988411, 0.0007806193778337083, -0.31438203424610683, -0.9492962273056113, 0.9547816645228672, -0.2819981284090553, 0.0941755205174532, -0.29730685112242244, -0.906444147268363, 0.29994606875003393
0.00028444502800366805, 0.0011726721631733048, 0.006998651409145065, 0.012514423425455182, -0.2697040641832803, -0.9628619355698664, 0.9548185332767961, -0.28272017655115755, 0.09160169366354576, -0.29692584548583206, -0.9205047634498712, 0.25398035898198995
0.00028462021433946764, 0.0011688966423084425, 0.006985172541710367, 0.014198524925774367, -0.24252789000935784, -0.9700405272242706, 0.9549357735142066, -0.2843595165726649, 0.08507252081244773, -0.2964727143478067, -0.9275343055122915, 0.22756107256091637
0.0002848190924273662, 0.0011654995652684488, 0.00697158522850375, -0.0002847935907207735, -0.25589182945187644, -0.9667053793749067, 0.9549783598044713, -0.28686725566654026, 0.07565388246157433, -0.2966753296075907, -0.9231611718687696, 0.24445285753312002
0.00028481510890723783, 0.001161920305458844, 0.006958063539595055, -0.028403423448639383, -0.30138740570055694, -0.9530786311850062, 0.9546934842488591, -0.29073985528866353, 0.06348769707195623, -0.29623233562386597, -0.9080946912254333, 0.29599059968014924
0.0002844182232770611, 0.00115770897048878, 0.006944746017718517, -0.054327506299835425, -0.33025188659883276, -0.9423280816452161, 0.95395910551392, -0.2959529045623433, 0.04872271839905897, -0.29497550248507565, -0.8962954700761486, 0.3311251776211724
0.0002836578192868303, 0.0011530865449541892, 0.0069315565657780045, -0.07247370826314382, -0.3261529715134159, -0.9425347743099761, 0.9527795420808102, -0.30204967046060593, 0.031259250901472455, -0.2948876155467885, -0.8957623768319409, 0.33264253854478854
0.00028264174590217984, 0.0011485139163193167, 0.0069183423323513574, -0.05708112988189085, -0.30181799770038104, -0.9516552111324456, 0.9532043937227878, -0.299935222158355, 0.03795057702316075, -0.29688908433787076, -0.9049556667444826, 0.3048148828847923
0.00028184251437705877, 0.0011442879582993864, 0.006905017563774481, 0.08275518735393912, -0.309488565662283, -0.9472953112363205, 0.9507719700820625, -0.26032959882875456, 0.16811056147646836, -0.29863730489054474, -0.9145738503248181, 0.27270942856775116
0.0002829984863503829, 0.0011399648443121053, 0.006891785198949216, 0.1326991140033756, -0.3031539159627225, -0.943657060790193, 0.9456289865207427, -0.24651482028091687, 0.2121703637024278, -0.29694572735513874, -0.9205042892992591, 0.2539588320716446
0.00028486126120746903, 0.0011357092959859258, 0.006878538534419812, 0.03593892294924001, -0.25040611592601675, -0.9674736021846254, 0.9553166525663234, -0.2756071608241323, 0.1068212817370009, -0.2933913549284018, -0.9280826848989843, 0.22931210793145976
0.0002853632140014924, 0.0011322119165650922, 0.006865025995982133, -0.07163181014087831, -0.20460073535674067, -0.9762209907943089, 0.9534568191050035, -0.301453321473218, -0.006781524528699584, -0.2928975552614085, -0.9312703335037822, 0.21667161340988927
0.00028435862401756377, 0.001129342523078601, 0.006851335125577992, -0.10829927384969718, -0.22232786566257373, -0.9689383816495004, 0.9506624041139851, -0.3081846180129647, -0.0355420121042861, -0.2907099253342522, -0.9249824654392794, 0.24473491361476385
0.00028284137952054963, 0.0011262277678386204, 0.006837760552312212, -0.13389191879695192, -0.24047222281431901, -0.9613771705920683, 0.9482888404207275, -0.3128117567311479, -0.05382452957792703, -0.28778677734458624, -0.9188699118512444, 0.2699200916569642
0.0002809670642896787, 0.0011228614649738016, 0.006824302504286289, -0.15465568420674494, -0.2523823671174198, -0.9551883375077145, 0.9458939630254564, -0.3169670621391914, -0.0694009526652671, -0.28524766441557453, -0.914240133819916, 0.28774771529658033
0.0002788020015829863, 0.00111932830255772, 0.006810930589390223, -0.1706337773225339, -0.2581717741396273, -0.950910852327515, 0.9436645011754539, -0.3205013793479347, -0.08231752582137764, -0.2835161781237992, -0.9113869654947171, 0.29831589945627385
0.0002764125146585077, 0.0011157129686639503, 0.0067976144155140125, -0.18188303855649682, -0.2579342569321706, -0.9488880225750059, 0.9417451021071584, -0.3233211330043174, -0.09262617130154019, -0.28290408788604254, -0.9104577771943374, 0.3017149532318755
0.0002738649267742779, 0.0011121001513660685, 0.0067843235905476595, -0.188441379186421, -0.2517162873207085, -0.9492780189743141, 0.9402404302988632, -0.3253835703448987, -0.10036665472663313, -0.2836155493652072, -0.9114628038746755, 0.2979895590640498
0.0002712255611883322, 0.0011085745387376497, 0.0067710277223811625, -0.19030916386155056, -0.23950721629111701, -0.9520602478282545, 0.9392172764593859, -0.32669362909385635, -0.10555652660872902, -0.2857504676295929, -0.9142798073095381, 0.28712210676905936
0.0002685607411587057, 0.001105220818852269, 0.006757696418904523, -0.18769589261960815, -0.22350221349444854, -0.9564606695817714, 0.9387862389828718, -0.3272107495494166, -0.10776605623155784, -0.2888782605010679, -0.9181393608501877, 0.271236916122209
0.000265933277481474, 0.001102092119872544, 0.006744307390338405, -0.1828722161760683, -0.2241021328499978, -0.957254400148119, 0.9396767692967193, -0.3261365380371088, -0.10316262792915681, -0.289076671135762, -0.9183753005222056, 0.27022487967582687
0.00026337417869955155, 0.0010989560530210848, 0.0067309116508399, -0.17747070052402217, -0.24407416575138424, -0.9533792278355337, 0.9417215365373804, -0.3234257143133667, -0.09250056725536308, -0.2857703589898509, -0.9142338918097789, 0.2872484864871483
0.00026089117833024463, 0.0010955412006431458, 0.006717572880170627, -0.17271369322326058, -0.2611031667534259, -0.9497342346596305, 0.9434321937367408, -0.32092095247324626, -0.08333929496189116, -0.28302946135387064, -0.9104036898953107, 0.30176057633617553
0.000258474205673642, 0.0010918872968743252, 0.0067042822045248664, -0.1688783645521326, -0.2714256336496907, -0.9475274261909579, 0.9445931432877027, -0.3190968651444763, -0.07694793245322092, -0.2814673900117997, -0.9080227508453915, 0.31027534917732935
0.00025611015989906945, 0.0010880877419458894, 0.006691018230693057, -0.16600273270963053, -0.27510750885812196, -0.9469735747647942, 0.9452390148242015, -0.31804045292263383, -0.07330399142569878, -0.2810094261534797, -0.9072850317704158, 0.31283793494115736
0.00025378594017585305, 0.0010842359360891062, 0.0066777595654656415, -0.16409897765029896, -0.27217686221907467, -0.9481515075169715, 0.9453959602386767, -0.31778099883779126, -0.07239969020683898, -0.28159901260217024, -0.9082593200458968, 0.3094624430383245
0.0002514884456733187, 0.001080425279535243, 0.006664484815633061, -0.16315637698289018, -0.262615767614035, -0.9510062855997893, 0.9450811317120917, -0.3182912088169386, -0.07424527507958958, -0.2831989603293221, -0.9108916867500456, 0.3001244473181882
0.0002492045755607923, 0.001076749172515566, 0.006651172587985754, -0.16281623812204202, -0.24748564560941144, -0.9551134633231171, 0.9444073190726925, -0.31933082437264876, -0.07824730210949317, -0.28563208553262404, -0.914756076679886, 0.2857194986197239
0.00024692578993894845, 0.001073285348898632, 0.006637804763912711, -0.16082558202958833, -0.23441875617049773, -0.9587403083840383, 0.9440861448270917, -0.31980238871593164, -0.08017345768459633, -0.2878132785511533, -0.9180273846280735, 0.27274390508785956
0.0002446747761905024, 0.0010700042798275663, 0.0066243856449633085, -0.15627406540425792, -0.22666449914181944, -0.9613540561680769, 0.9444048124993676, -0.3193436529937266, -0.07822519683999984, -0.28927144105504105, -0.9201319666881542, 0.26396817472666934
0.00024248730280110203, 0.0010668315041087555, 0.0066109289244881625, -0.14917401909930117, -0.2242551099588358, -0.9630455636589121, 0.9453274374171476, -0.31798867989748103, -0.072382563669618, -0.2900054276941904, -0.92119099274494, 0.25943015783347534
0.00024039918270468013, 0.0010636924078729784, 0.006597448327750285, -0.1395227262115416, -0.22718741529908323, -0.9638045897380968, 0.9467865508408327, -0.31570772340322717, -0.06264072581372959, -0.2900493682417161, -0.9212570280400978, 0.2591463915807204
0.0002384462288351696, 0.0010605123772510156, 0.006583957580012693, -0.12763698488900213, -0.23534513718668956, -0.963494403974939, 0.9486395817891047, -0.3124875717382436, -0.0493402611680237, -0.2894680361480994, -0.9203065706120512, 0.26314268398883583
0.00023665959743836848, 0.0010572180733974118, 0.006570470820244113, -0.1203249322650816, -0.24687379985665234, -0.9615483542806056, 0.9499479415674341, -0.3099263571773819, -0.039300908876930836, -0.28830681397982677, -0.9181497590649881, 0.27180912593528955
0.00023497523641098238, 0.0010537622259738273, 0.00655701064583629, -0.12397122496527363, -0.2600832089645894, -0.957594830706229, 0.9500069075410952, -0.3098029101186556, -0.0388462675969945, -0.28656240333444755, -0.9145375231758913, 0.28548749131703033
0.00023324005947602007, 0.0010501219426299082, 0.006543607564082875, -0.1386627643503891, -0.2749407538889686, -0.9514095961433614, 0.9487201851215704, -0.31245519053228865, -0.047976705309185325, -0.2840821151104055, -0.9092740707621639, 0.30416774338184105
0.00023129946992008935, 0.0010462741385132354, 0.006530292558181055, -0.15910261818574892, -0.2944959400288696, -0.9423154982238976, 0.9466267058293416, -0.31652483595701963, -0.0609090143826918, -0.28032880104821367, -0.9017117995950227, 0.32913765171122067
0.00022907255821917854, 0.0010421521670321919, 0.00651710325034393, -0.1784251392140618, -0.3226764952281291, -0.9295398588138832, 0.9448644440377925, -0.31981632064108606, -0.0703470215769755, -0.27458268716289475, -0.8908408390273144, 0.36194881880110436
0.00022657384759618816, 0.0010376333240599102, 0.006504085739863388, -0.19539510181597067, -0.3511078257746543, -0.9157205080515131, 0.9433476929793103, -0.322604970812636, -0.07759615298190496, -0.2681713712105365, -0.8790047368966638, 0.3942521885497751
0.0002238340256560276, 0.0010327101048211522, 0.006491245545223415, -0.20859573810619209, -0.3594576439242855, -0.9095482506543205, 0.9412614130027621, -0.32630221422023387, -0.08691269980282734, -0.26554617383042206, -0.8742522903712489, 0.4064088610557711
0.00022090795430426455, 0.0010276678219652885, 0.006478486880528497, -0.2180118302243936, -0.3449419585373688, -0.9129544825031608, 0.9384441489703906, -0.33092042042786485, -0.09906691984252126, -0.267942943824706, -0.8783545528909436, 0.39585332923988553
0.0002178541487595404, 0.001022836039834451, 0.006465698650376586, -0.22345638262044218, -0.307077822935021, -0.9250786213764074, 0.934897222572899, -0.3360136664575105, -0.11428910350186607, -0.27574341024159754, -0.89039206342783, 0.3621706021933107
0.00021473112424049622, 0.001018544322770769, 0.00645276975936563, -0.2239693766377663, -0.24686467201304915, -0.9428125752451438, 0.9308748170557553, -0.3406858706710845, -0.13192881602022902, -0.28863435918113545, -0.9071884981837979, 0.3061033084811736
0.00021160160616272766, 0.0010150948893463204, 0.006439595864601663, -0.2122166390414408, -0.2115868501418257, -0.9540414576741492, 0.9309604340647255, -0.3406006108208056, -0.13154426674892425, -0.297114066176566, -0.9160907317266969, 0.26926010273427525
0.00020862965450339842, 0.0010121317574580218, 0.006426235154027739, -0.19059354800342002, -0.22996258731916305, -0.9543538693236092, 0.9363249381987953, -0.33463957269305233, -0.10635772889091683, -0.29490627251126833, -0.9138564246211149, 0.2790998488215676
0.00020595975172021843, 0.0010089103590510847, 0.006412866222715332, -0.19030305427326819, -0.23028174734051973, -0.9543348806242296, 0.9363967071462478, -0.33455283076780545, -0.10599816163930567, -0.29486599393610957, -0.9138078136386475, 0.2793014954364281
0.0002032961203393867, 0.001005687154405256, 0.0063995086003400085, -0.2179169908473528, -0.1963918437374678, -0.9560033623442089, 0.9289664409120947, -0.3420574582766086, -0.14148514726451691, -0.2992215512946061, -0.9189270585583733, 0.2569815641054921
0.00020024984603113176, 0.001002941781382244, 0.006386144573652643, -0.24794907919200054, -0.15982740754582536, -0.9554980135641411, 0.9196838214921486, -0.3488127310876403, -0.18030903226621575, -0.30447154647591745, -0.9234635230632351, 0.2334784764345551
0.00019677923834180154, 0.0010007046356287617, 0.006372770219677133, -0.2455718216880389, -0.16735655818922596, -0.9548226342226467, 0.9208458837794271, -0.3480315219725553, -0.17583207341083285, -0.30288172397703994, -0.9224238950420371, 0.23957633258770206
0.00019334089918888802, 0.0009983614164329948, 0.006359401405516092, -0.2137299434772077, -0.20954302930719632, -0.9541547202262288, 0.9311227926461174, -0.3391622366107646, -0.1340869951638833, -0.2955162538273066, -0.9170936136109265, 0.26759941628846595
0.00019034826764106956, 0.0009954274097611732, 0.006346041398627055, -0.18038204482113498, -0.2244876207527718, -0.9576364790644234, 0.9383505729859393, -0.3311707449500928, -0.09911679911175628, -0.29489069175392046, -0.9164776297422433, 0.27038534372064993
0.0001878212040428658, 0.0009922824487689956, 0.006332625383252823, -0.15434955980364332, -0.19407841494644706, -0.968767145520685, 0.940849293600302, -0.3282094812833974, -0.08414952838546425, -0.30162695522819966, -0.9244523271902981, 0.23325752856490556
0.00018566117372893968, 0.0009895664367499373, 0.006319068063075672, -0.13615674632571154, -0.1370081356127289, -0.9811677283756942, 0.940771727520041, -0.328287740086887, -0.0847096004452994, -0.31049943176913153, -0.9345886423900992, 0.1735919709735384
0.00018375522842903338, 0.0009876485735579414, 0.00630533351028426, -0.13121926632147732, -0.15043767751231704, -0.9798724454390751, 0.941983040567982, -0.326955292459908, -0.07594858797078322, -0.3089489527872735, -0.9329891435151624, 0.1846125744755511
0.00018192040140938107, 0.0009855450172493953, 0.006291632043349521, -0.1333404400060916, -0.2122093934541769, -0.9680844489964665, 0.9444316489362513, -0.32333179778121296, -0.05920649483901361, -0.3004483109397275, -0.9221842125483276, 0.2435304715637976
0.000180056684584754, 0.0009825789387145833, 0.006278100999990341, -0.13285414469427617, -0.25589744514123924, -0.957531343511918, 0.9463785418871412, -0.31979058218601797, -0.04584363642531196, -0.29447823636581505, -0.9122776337910045, 0.2846613552830187
0.0001781957695337713, 0.0009789945311052671, 0.0062646886635289575, -0.12956232560025796, -0.2779843797990992, -0.9518079051850552, 0.9477098921319356, -0.3170496444660099, -0.03640718746692608, -0.2916497285106364, -0.9067547670300318, 0.3045262358615185
0.00017637756405685891, 0.0009750934532301583, 0.006251331521796913, -0.12366070462616462, -0.2790214829909845, -0.9522893689214807, 0.9484610875198575, -0.31539799666351015, -0.03075173428107478, -0.29176976469814325, -0.9070121916105407, 0.30364335770412304
0.00017464197595444284, 0.0009711773638979681, 0.006237966062625756, -0.11512028006177703, -0.2590242266116866, -0.9589858034124987, 0.9486931193034681, -0.3148808124027221, -0.028834690337461825, -0.2944973454969562, -0.9131026908342891, 0.2819836688292906
0.00017302891302694914, 0.0009675479219174081, 0.006224528773847034, -0.10373050291728729, -0.21746314255022006, -0.9705409648215315, 0.9484928320222226, -0.31530507141952696, -0.030725551900510316, -0.2993348131557547, -0.9237383252682059, 0.23896898556862922
0.00017157828307480375, 0.0009645067860971899, 0.00621095614329229, -0.09065408033083858, -0.16252405429887085, -0.9825313071315476, 0.9480900602589093, -0.3160480356354203, -0.03519768187324343, -0.304806619609266, -0.9347189796646103, 0.18273848444463586
0.0001703100386787219, 0.0009622330856709011, 0.0061972105973698444, -0.0862876860749434, -0.15723484248052047, -0.9837843460545395, 0.9483098241235194, -0.3156540272657955, -0.03272632795937057, -0.30538977177150495, -0.9357562392957958, 0.17634440143179428
0.00016910218018047814, 0.0009600321060253794, 0.006183439544547903, -0.08804893522736458, -0.1932748304864469, -0.9771858701934665, 0.949188152790936, -0.31383397881484865, -0.023453876919860076, -0.30214108559852987, -0.9295983399520873, 0.21108692700322657
0.00016787005340963452, 0.0009573274839631401, 0.006169765138745648, -0.08544415061379353, -0.21825294195262016, -0.9721445110964283, 0.9501084594315009, -0.3116254786522093, -0.013545345011530114, -0.29998868719101274, -0.9248000942818981, 0.2339905407780516
0.00016667381742294877, 0.0009542718971091745, 0.006156154912181527, -0.07775531692821941, -0.22828824956788082, -0.9704836865185447, 0.950969419914043, -0.3092657586198273, -0.0034428089768765275, -0.2993514207043967, -0.9231680051077028, 0.24114220134129083
0.00016558493694269601, 0.0009510749630775762, 0.006142564320767318, -0.06593688183107514, -0.2248931307658148, -0.9721498893425565, 0.9516910844312625, -0.3069889911725407, 0.006468316080200759, -0.2998939936518278, -0.9247598818251233, 0.23427068433404483
0.00016466176605724067, 0.0009479262732260635, 0.006128953418200847, -0.055498350165214434, -0.21643506012211025, -0.974718317196757, 0.9521229105231431, -0.3054126313495866, 0.013604700256172917, -0.30063582019759066, -0.9272966026908865, 0.22302267654223398
0.00016388491222555398, 0.0009448966623409351, 0.006115309523251261, -0.048474629674066814, -0.20600084026793897, -0.9773504305451883, 0.9522965863638672, -0.3047006894141393, 0.016991217445316033, -0.30129955505723516, -0.9299038357160656, 0.21094415005602982
0.00016320643353769215, 0.0009420133565633935, 0.006101629966704752, -0.04487292875705728, -0.19360071986597563, -0.9800536625777897, 0.9522789639265468, -0.3047770632273021, 0.016604716002509432, -0.30191256205687594, -0.9325393841537832, 0.19803813237438875
0.00016257834436502556, 0.0009393035152551381, 0.006087912094679282, -0.04469256197113509, -0.17923285091253563, -0.9827910052794648, 0.952097509864643, -0.3055420479506754, 0.012425322678032459, -0.3025110024676827, -0.9351575493401484, 0.18430260795258907
0.0001619526590789245, 0.0009367942977778687, 0.006074153253292812, -0.05078384904474916, -0.1729711024988301, -0.9836167944766596, 0.9517336901185901, -0.30688705379756587, 0.0048290065957296005, -0.3026945387175854, -0.9358960059278966, 0.18020733147893586
0.0001612417058442818, 0.0009343727726840756, 0.0060603830181720775, -0.07608329793498785, -0.21798881874830622, -0.9729810926611339, 0.9510063415721693, -0.3091291915707766, -0.005106976435868222, -0.2996635948273568, -0.925699744960274, 0.23082831740414675
0.00016017730066829179, 0.0009313231095742836, 0.006046771014759004, -0.11003679551957428, -0.253170472747145, -0.961143389594274, 0.9488621432748234, -0.31463852790062846, -0.025753248735526982, -0.29589277904621447, -0.9148263816099275, 0.27484569274193765
0.0001586357580395817, 0.0009277763589239434, 0.006033306032428626, -0.14333729655105118, -0.2613740454148295, -0.9545355036880099, 0.9450812381078959, -0.32240449804139365, -0.0536357438572797, -0.2937275485784108, -0.9098015981664154, 0.29323229559506847
0.00015662585663303867, 0.000924111324950556, 0.006019921363555829, -0.17557787880240297, -0.26309659207428876, -0.9486583113609156, 0.9402032442718609, -0.3305089171589804, -0.08235116962779433, -0.2918737191593587, -0.9063906657271431, 0.3053943240251696
0.00015416241939439156, 0.0009204199604876879, 0.00600661125736877, -0.20681093741436832, -0.2588122888337871, -0.9435281846952992, 0.9342048579142774, -0.3387498263981436, -0.11184738961903601, -0.2906725298599011, -0.904579877215851, 0.3118408666627916
0.0001512603551943485, 0.0009167881899085001, 0.005993371245013671, -0.23708503861487856, -0.2485244655876495, -0.9391625388980092, 0.9270399417959566, -0.34694663808410314, -0.14221454439363063, -0.29049549184097695, -0.9043581261461147, 0.31264796320071775
0.0001479345729036174, 0.0009133019375861533, 0.005980196857636748, -0.2664184310343098, -0.23219173745317995, -0.9354721891449742, 0.918657740505825, -0.35489610097927654, -0.17354167602751633, -0.2917004892247338, -0.9056134686322752, 0.30785559929595285
0.00014419998139290628, 0.0009100471278938079, 0.0059670836263842255, -0.29477051490114686, -0.20974999232683475, -0.9322635272624396, 0.9090116002888259, -0.3623631247227262, -0.2058904475237496, -0.29463240501557303, -0.908128794037539, 0.2974791410412916
0.00014007165246703317, 0.0009071095309607669, 0.005954027061050937, -0.28737093606005815, -0.21438914663958708, -0.9335176693084687, 0.9115360606363004, -0.3605188553317356, -0.1978084050538548, -0.2941427464134051, -0.9077794053366957, 0.2990260790950089
0.00013604945238888242, 0.0009041088237417592, 0.005940961039504266, -0.24719117671522034, -0.28826282608397463, -0.9250951655112164, 0.92852397958031, -0.3434161477835195, -0.14109772778422788, -0.27701938830791045, -0.8938511579338073, 0.35254838811417516
0.00013258506345613732, 0.0009000688148802873, 0.0059279958135778354, -0.35106332294861603, -0.3385170403524342, -0.8730181880529777, 0.9015257956791618, -0.37411406185350454, -0.217462429970159, -0.25299364222313947, -0.8633914999086456, 0.4365195698707785
0.00012768962253400617, 0.0008953483269687017, 0.005915821915924093, -0.4688732882149963, -0.36085597485179344, -0.8061890628210102, 0.8542436121672867, -0.4173123322019226, -0.3100294638636441, -0.2245566535862239, -0.8340463912792584, 0.5039255168417279
0.00012110286775043027, 0.0008902790046629125, 0.005904496532714017, -0.5235736462497746, -0.3694435453253261, -0.7677122532369596, 0.8266635971083097, -0.43832380002728893, -0.3528449284679993, -0.20615027084305765, -0.8193800785637217, 0.5349003203254256
0.00011372040813465459, 0.00088506980043117, 0.005893671685537973, -0.55127676344429, -0.36795018230018717, -0.7488034411189944, 0.8103701218467443, -0.4496515281194526, -0.37565112654953386, -0.19847971106508872, -0.8138956730472894, 0.5460582731636054
0.00010595542783657835, 0.000879887057196386, 0.005883124453452418, -0.5686686180528869, -0.35641129414019496, -0.7413413466488507, 0.7980054569215248, -0.4576346595958071, -0.39211963615725526, -0.19950762783735432, -0.8145805716722817, 0.5446606270777892
9.795941043623682e-05, 0.0008748755780692606, 0.005872700494543461, -0.5761168819134891, -0.33489151997902783, -0.7456118348178328, 0.7899509031557751, -0.46240854122183245, -0.40268587212425555, -0.20992119706607557, -0.8209908713568217, 0.5309492256055305
8.988152330594459e-05, 0.0008701799755201779, 0.0058622460738629485, -0.5732301449207924, -0.30306068353593657, -0.761289316258161, 0.7864544105851513, -0.46427360989069427, -0.4073566928752071, -0.22999274124469596, -0.8322284765938945, 0.5044790399223301
8.187093381801617e-05, 0.0008659448620195213, 0.00585160745646272, -0.5589951569415536, -0.2603447153629749, -0.7872388733405253, 0.7875369789848666, -0.4637709710413099, -0.4058349333790649, -0.25944155651567763, -0.8468394863266427, 0.46427681737380594
7.407680934476583e-05, 0.0008623148500376749, 0.005840630907394623, -0.5321159650293602, -0.20730816645786818, -0.8208994602755866, 0.793023204432483, -0.4616739236602944, -0.3974561427928181, -0.29659197054625236, -0.8624850794836891, 0.41006425188683004
6.664660691028807e-05, 0.0008594201020046641, 0.005829168275996476, -0.5025186536900227, -0.21029547405247265, -0.8386005105451659, 0.8094580650769103, -0.455199923810449, -0.37090520385255554, -0.303731202834861, -0.8651987303250088, 0.39897182039397383
5.9612567825098984e-05, 0.000856476476781876, 0.005817429908227002, -0.48892322164604357, -0.28445919431719935, -0.8246435897426619, 0.8294635531616185, -0.44428715343275105, -0.33852494630547714, -0.2700820196010035, -0.8495245093951281, 0.4531708404401261
5.275967352455205e-05, 0.0008524894115226077, 0.0058058714567034595, -0.49720422226623, -0.3273753947916992, -0.8035006610113102, 0.831980490378762, -0.4426425044116657, -0.33447881385415623, -0.24616341115151152, -0.8348011524747362, 0.4924536636447172
4.5778989318869686e-05, 0.0008478931025103166, 0.005794590409354321, -0.529516830339016, -0.33395063901956923, -0.7798005495549123, 0.8155038599275047, -0.4535264015138375, -0.35953756072662313, -0.23359233898195936, -0.8263115476794033, 0.5124878977503826
3.835709996207015e-05, 0.0008432123359106055, 0.005783660457618013, -0.5848280004712701, -0.3039190180044729, -0.7520701033547159, 0.7771640627294232, -0.47552804112634095, -0.4121760566850558, -0.23236228064527473, -0.8255339560537422, 0.5142970522330308
3.0186141937480004e-05, 0.0008389661138812429, 0.005773152866939885, -0.6378163682997248, -0.25830476067729474, -0.7255817879056746, 0.732095802866582, -0.49594019274544143, -0.4669893581707716, -0.23921959734537762, -0.8290488380252758, 0.5054226037830674
2.126545124325159e-05, 0.000835353386159953, 0.005763004662809397, -0.6569291670743392, -0.23265017983189812, -0.7171596497790435, 0.7122964739288256, -0.5033070345937934, -0.48919910277612316, -0.24713923742614557, -0.8321994489018768, 0.49635297377152454
1.205619697828431e-05, 0.0008320919467715876, 0.005752951059020113, -0.6422840985812444, -0.23069211289275388, -0.7309256362714031, 0.7227835276813643, -0.4996397457058773, -0.47743491349444556, -0.2550590300737476, -0.8349498629019848, 0.4876511228509538
3.0576473493303605e-06, 0.0008288598966064673, 0.005742710620828366, -0.5960922301068725, -0.24865753290089962, -0.7634418671633443, 0.7585617389733615, -0.48606068628687227, -0.4339690051282978, -0.26316941572288594, -0.8378033424246843, 0.47835908902215096
-5.282952772275316e-06, 0.0008253806480197518, 0.005732028442788636, -0.5597398716855021, -0.24833770394037133, -0.7905818495558332, 0.7811027069487191, -0.4766927093926178, -0.4032897494473531, -0.2767125534609538, -0.843262975360326, 0.4608011687740919
-1.3121507106596713e-05, 0.0008219029458154483, 0.005720957195059202, -0.562755780713917, -0.20631098303823436, -0.8004634342372343, 0.7708760784784826, -0.4805711413756145, -0.4180926329254984, -0.2984225241209286, -0.8523421592029439, 0.42948438940496697
-2.100227836780493e-05, 0.0008190137890591433, 0.005709747591454274, -0.6058297121981946, -0.14576241199839876, -0.7821276616168626, 0.730276782238596, -0.49197567200015624, -0.4739786487630396, -0.3156995108344243, -0.8583200203935615, 0.4045003849818953
-2.9486418040941827e-05, 0.0008169725080892803, 0.0056987945460856265, -0.6895189871447699, -0.17790634231270275, -0.7020775596269732, 0.6752218104714448, -0.5085504623978818, -0.5342770197739793, -0.2619905972177534, -0.842452230431979, 0.4707814422953276
-3.906792625564113e-05, 0.0008145003338459358, 0.005689038524815237, -0.7532918028163723, -0.23345538572260105, -0.6148577418287675, 0.6301508855904308, -0.5238759335291368, -0.5731176734830041, -0.18831176596074808, -0.8191779960094675, 0.5417435644792261
-4.958152758205423e-05, 0.0008112420256527299, 0.005680457030703821, -0.7839470108078568, -0.2750088513196554, -0.5565943010319724, 0.6061855097623976, -0.5326398151617286, -0.5906216682941644, -0.1340380990596646, -0.800415491479471, 0.5842677716596631
-6.0631372388504306e-05, 0.0008073657367128043, 0.005672611754732656, -0.7894881672506612, -0.3051887930412956, -0.5325112528136748, 0.604995728143613, -0.5331006155005569, -0.5914253145418337, -0.10338569871685191, -0.7890903207839548, 0.6055145439590232
-7.182142136317462e-05, 0.0008030400511834753, 0.0056650640456652746, -0.7733490709271631, -0.32534015870283617, -0.5441369272814583, 0.626406849735754, -0.5243886166334631, -0.576741742333058, -0.09770196057511996, -0.786873789041455, 0.6093307533838429
-8.275506178339347e-05, 0.0007984403788708816, 0.00565737101579569, -0.7329300697672475, -0.32418432407207187, -0.5980953409423212, 0.6683708823081089, -0.5070795038174585, -0.5441973359829322, -0.12686164319311682, -0.7986081021591092, 0.5883291788209797
-9.302250611141148e-05, 0.0007938989572036232, 0.0056489924393539805, -0.6609491720889626, -0.2877868675838092, -0.6930547675048588, 0.7245262115927675, -0.4852813749129892, -0.4894525062532533, -0.19546856685909142, -0.8256395739115572, 0.5292554518955805
-0.00010223524683794136, 0.0007898875961073225, 0.005639332189894665, -0.6195751706069718, -0.24676050798098784, -0.7451415031175667, 0.7470315475854936, -0.47680785502921424, -0.4632473813141983, -0.24097816266077757, -0.8436607855550741, 0.47975619228648964
-0.00011091886854663834, 0.0007864291377868356, 0.005628888700162525, -0.6721897961929639, -0.23799509061469612, -0.7010843135724577, 0.7055245191157402, -0.49302159641633664, -0.5090823689675281, -0.22449060296717366, -0.836832147034511, 0.4993154582716675
-0.0001203258136684897, 0.0007830985207953813, 0.005619077391361173, -0.7267707230269399, -0.2454347754509383, -0.6415341667832248, 0.6595724502202167, -0.5100971070121205, -0.5520553634630906, -0.19175113835750443, -0.8243559379401673, 0.5326056594905733
-0.0001305124093729652, 0.0007796584471241077, 0.005610085492017167, -0.758243807319077, -0.26505958375889105, -0.595659085148404, 0.6326314718650713, -0.5199972665148239, -0.5739165998844648, -0.15761900097419662, -0.8120013915472526, 0.5619697417630433
-0.0001411646065155892, 0.0007759347544101184, 0.005601717368277087, -0.7692457687634657, -0.2977288856997146, -0.5653480855716335, 0.6269805156795247, -0.5222051756299451, -0.5780979047735214, -0.1231112513044278, -0.7991616014081911, 0.588374332068415
-0.00015196829720928184, 0.0007717532939168771, 0.005593777323497113, -0.7648524888009384, -0.3371409084073247, -0.5489414160484655, 0.6376356571708962, -0.5175850880635382, -0.5705492488107393, -0.091768399131999, -0.7864106335067854, 0.6108493074631475
-0.00016268323197094476, 0.0007670302356906621, 0.005586087119768868, -0.7613266697616701, -0.358910340190728, -0.539967656081159, 0.6440502644505997, -0.5145899035442763, -0.5660357656821743, -0.07470581483872421, -0.7787044361466477, 0.6229273170722359
-0.00017333610065211686, 0.0007620081802784124, 0.005578531618614399, -0.7634016001534145, -0.3578193820239781, -0.5377576468365509, 0.6416497227498362, -0.5157191258670737, -0.5677318174190696, -0.0741864554906391, -0.7784594228750011, 0.6232955131868475
-0.00018401384884283135, 0.0007570033371417969, 0.005571009967180346, -0.7692760023069489, -0.34118794938701824, -0.5401899809027565, 0.6332522669499427, -0.5194916705803786, -0.5736897860345482, -0.08488815392855104, -0.7834023151553031, 0.6156905179811638
-0.00019477585509481958, 0.0007522301909193816, 0.005563452825225699, -0.773617472162171, -0.3298113722123839, -0.541054956104088, 0.6269580739370919, -0.5222013378969084, -0.5781257097066096, -0.09186718832371259, -0.7864669233083252, 0.6107619816683355
-0.00020560318509288777, 0.0007476142448057569, 0.005555880374023872, -0.7757430577865969, -0.32745862010966614, -0.5394381896119089, 0.6242499237825874, -0.52334931748599, -0.5800151071690998, -0.09238366172291707, -0.7866869415484293, 0.6104006184825208
-0.00021646309221743396, 0.0007430300333638012, 0.005548328584059636, -0.7757065440061214, -0.33414346699027253, -0.5353760370560117, 0.6251541967157185, -0.5229603305531715, -0.5793916835754914, -0.08638048341381321, -0.7841304968788284, 0.6145549413598085
-0.00022732282984885678, 0.0007383520911563938, 0.005540833425817767, -0.7733459239937838, -0.34979198725379024, -0.5287548084842778, 0.629668082449944, -0.520932315945798, -0.5763225035925266, -0.07385247312048218, -0.7786366854036557, 0.6231137330837742
-0.00023814966868851466, 0.0007334550051876173, 0.005533430861299693, -0.769640072336469, -0.37047474321326795, -0.5200025227775129, 0.6358948517054338, -0.5179617832612888, -0.5721479954131712, -0.05737505231752894, -0.7710149516850168, 0.6342271262329545
-0.00024892843873611887, 0.0007282665252616458, 0.005526148252430098, -0.7683745358981494, -0.38531529504189926, -0.511011444089149, 0.6384704542178993, -0.5166748892147452, -0.570440652430838, -0.04422727296694623, -0.7645777803871263, 0.643012259653113
-0.00025969458577190617, 0.0007228676462934485, 0.005518988170872212, -0.7704823304684283, -0.39250632324815876, -0.5022905181726525, 0.6364654215430924, -0.517699168674008, -0.5717511153764501, -0.03561945558137469, -0.760214678209026, 0.6486947644459863
-0.0002704926210750725, 0.0007173668100412104, 0.005511948748249273, -0.7760796626270761, -0.3921173590367512, -0.493907211932249, 0.6298475372654928, -0.5210736100257441, -0.5759985874421328, -0.031502969022578986, -0.7581070304889557, 0.651368784380999
-0.00028136705592481386, 0.0007118724582631163, 0.005505028116184527, -0.7851288831479165, -0.38412092674184195, -0.4858227562454168, 0.6185103458061932, -0.5267077448334466, -0.5831156863463443, -0.03189967049372975, -0.7583073685330068, 0.6511162306769339
-0.0002923624016003255, 0.0007064930327173505, 0.0054982244063012135, -0.7974300712381638, -0.3683971770100838, -0.477900409558412, 0.6022818425219558, -0.5343759315963817, -0.593042111404289, -0.036903436878629105, -0.760740352355191, 0.6480063677503833
-0.000303523169380803, 0.0007013369751620981, 0.005491535750222575, -0.8126013623996526, -0.34476241028568333, -0.46991265814003613, 0.5809484865512955, -0.5437046277240545, -0.6057096117490679, -0.04666778117703513, -0.7651955032836076, 0.6421043217068072
-0.0003148938705454424, 0.0006965127273555441, 0.0054849602795718575, -0.8297954177786844, -0.31322568243708815, -0.46187578037316374, 0.5546762260010376, -0.5540127481684903, -0.620809277617565, -0.061431660751964975, -0.7713362086202211, 0.633456079241993
-0.0003265150615608119, 0.000692126037084025, 0.00547849176148404, -0.8147692828810481, -0.3000971133581988, -0.4960773510528163, 0.572983018015405, -0.5474584791005175, -0.6099013647524544, -0.08855211312815087, -0.78117279536286, 0.6180029021335698
-0.0003379099917364862, 0.0006879290383452577, 0.005471553887295912, -0.7510504651125823, -0.3357707559657092, -0.5684902798574396, 0.651520751880575, -0.516411943795, -0.5557332221262646, -0.10697620634114863, -0.7877669095259626, 0.6066130459632154
-0.0003484262344586124, 0.0006832275609709006, 0.00546359386057886, -0.7619673898737332, -0.38088447106201434, -0.5237678077858736, 0.6449394115416148, -0.5197334015842798, -0.5602948747918272, -0.05881200735705072, -0.7647249250426217, 0.6416673100674453
-0.0003590781683651206, 0.0006779029811192087, 0.005456271841100026, -0.7888414667758928, -0.408612198662904, -0.45909172438492657, 0.6145206611759456, -0.5361453898172391, -0.5787162326785034, -0.009669399295548997, -0.7386367118425595, 0.6740343541954483
-0.00037012315021254323, 0.0006721817880697194, 0.0054498438578160615, -0.8107990753563836, -0.4140611946405077, -0.41371268592358745, 0.5850530722425118, -0.5517711514312174, -0.5943580563161123, 0.017825881768700175, -0.7239488404170173, 0.6896233134095919
