0.0034379255957901478, 0.01213884074240923, 0.07301871478557587, 0.12610954547633407, 0.7993542220123866, -0.587476987030747, 0.9874785033161949, -0.1577314763999746, -0.0026432633413596813, -0.0947765162271749, -0.5797875551472766, -0.8092365555683849
0.0034523625739855965, 0.012223557606358949, 0.07297859885249453, 0.10728203585182286, 0.7360109387883844, -0.6684148881999332, 0.988270540059631, -0.15243407340633167, -0.009230000812472341, -0.10868258569675891, -0.6595845292671698, -0.7437313656944102
0.003462738288448341, 0.012286454751367032, 0.07293595232384258, 0.08171546228756062, 0.6512271915109188, -0.7544704952878749, 0.9890767879566853, -0.14616637601670449, -0.019039381487582618, -0.12267718104202019, -0.7446734422274938, -0.6560577517967752
0.0034693357088138913, 0.012330291077670013, 0.07289105293814796, 0.04926557537740293, 0.5447310539895419, -0.837162458488301, 0.9896935331737923, -0.13946363475362228, -0.032505460699456055, -0.13446045320728722, -0.8269328711574786, -0.5459875576627548
0.0034724378047177626, 0.012357825485504442, 0.07284417843393863, 0.010876714053823781, 0.42050490569999516, -0.9072250665483342, 0.9898738634647989, -0.13294490248994978, -0.049753264528175564, -0.14153243981739388, -0.8974972296247917, -0.41769281930045177
0.003472327545795466, 0.012371816875106858, 0.07279560654974254, -0.031153189771413556, 0.2882022699252324, -0.9570626574979351, 0.9893554412372135, -0.12728265167208835, -0.07053323668768019, -0.142145311781236, -0.9490724831082531, -0.28116922332529554
0.0034692879016825153, 0.012375024146713804, 0.07274561502408768, -0.07367547317577505, 0.16095969053158787, -0.9842072457954681, 0.9879401942784509, -0.12298514078799834, -0.0940682075645803, -0.1361840562671798, -0.9792684173245514, -0.1499575594936312
0.003463601842014426, 0.01237020620056183, 0.07269448159550204, -0.11276658674817151, 0.05357014787476335, -0.9921763634404133, 0.9855851655725283, -0.120711787429063, -0.11853499811892115, -0.12611731965332534, -0.9912410925866405, -0.039185686814247195
0.0034555523364267083, 0.012360121936887476, 0.07264248400251355, -0.14616321681190111, -0.035314893540083624, -0.9886299471214949, 0.9826831221487251, -0.12023283738390253, -0.14098917071410122, -0.11388676611104169, -0.9921173938142949, 0.05227696812077261
0.0034454223545548764, 0.012347530255927283, 0.07258989998365017, -0.17314477323069977, -0.10455966531891181, -0.9793304671515569, 0.9796495679252001, -0.12078445159836204, -0.16030545940812982, -0.10152640822396009, -0.987156721417871, 0.12334502743386833
0.003433494866034443, 0.012335190057917798, 0.0725370072774399, -0.1937222600152656, -0.1527366476060269, -0.9690940111530203, 0.9768220317793689, -0.12170779101954939, -0.17608501309188, -0.09105165679439155, -0.9807439676506883, 0.17277403077946143
0.0034200835678686067, 0.012325647047734258, 0.0724840756253937, -0.20813554151665425, -0.18226449831321614, -0.9609678709572973, 0.9745261815575976, -0.12255417437110065, -0.18782756933684164, -0.0835363263277557, -0.9755819427392296, 0.20312940502254523
0.003405963060562197, 0.012318249048494732, 0.07243125481559261, -0.21698890563222942, -0.19828657067405647, -0.9558233365653142, 0.9729795864979297, -0.12308109025462785, -0.19535037619633544, -0.07890842217941679, -0.9723854591220781, 0.21963601662090937
0.003392206847060586, 0.012310040712475753, 0.0723785978129424, -0.22101163313392194, -0.206314870604993, -0.9531988418932965, 0.9722751657446963, -0.12316102129999965, -0.19877717401267253, -0.07638625593390459, -0.970703629847744, 0.22781484346901987
0.0033792143884088764, 0.012299969709149693, 0.07232610279304945, -0.22083337311299397, -0.21118598722881812, -0.952172831012168, 0.9724291618817537, -0.12267780260117805, -0.19832216686718745, -0.07492760800591021, -0.9697167811000982, 0.2324547655165985
0.003366931381094378, 0.012288289893904871, 0.07227373312869163, -0.21690172984448458, -0.21715543172772941, -0.9517337642752902, 0.9734220956597656, -0.1215245156496054, -0.19411650052862356, -0.0735055322531611, -0.9685428800870266, 0.23774277309922004
0.003355295353754495, 0.012275278633729033, 0.07222145156618913, -0.20955924064263817, -0.22795374330949714, -0.9508533091767988, 0.9751965265026608, -0.11958550718630727, -0.18625531178503027, -0.07125067970501098, -0.9663003660261035, 0.24735994675652806
0.003344243835026632, 0.012261213295609905, 0.0721692208518621, -0.20020926612497766, -0.24183216958955894, -0.9494384927467944, 0.9773555173559791, -0.11705034980579133, -0.1762821837400717, -0.06850140474124876, -0.9632322759137325, 0.2597905698568117
0.003333714353548195, 0.012246371246535237, 0.07211700373203075, -0.1910845158471026, -0.2530855853038585, -0.9483851508300211, 0.979324526364127, -0.11452398827383439, -0.16675649364127565, -0.06640918509631459, -0.9606414224991852, 0.26973668180947397
0.003323644437956585, 0.012231029853492757, 0.07206476295301521, -0.1831329812455463, -0.25940752793945104, -0.9482457727975703, 0.9809113124271862, -0.11236971411651209, -0.15870111688878652, -0.06538584198810408, -0.9592084141612376, 0.2750343794324456
0.0033139716168892083, 0.0122154664834702, 0.07201246126113568, -0.1763919754386087, -0.26078849253854397, -0.9491444743348291, 0.9821485750462726, -0.11064484795027445, -0.15212460076081363, -0.06534560073517989, -0.9590344518220054, 0.2756499096372499
0.00330463341898347, 0.012199958503455312, 0.07196006140271236, -0.17086016031417894, -0.25756987391600067, -0.9510334198482767, 0.9830740740583459, -0.10934013762588665, -0.14700373879013431, -0.06612239054767263, -0.9600533809923528, 0.27189213874883067
0.0032955673728767712, 0.012184783280435822, 0.07190752612406538, -0.1665104722171134, -0.2511194398322521, -0.9535267639559836, 0.9837342545552714, -0.10839575241506443, -0.14323853277996365, -0.0673882709128122, -0.9618676560716177, 0.2650838228686795
0.0032867110072065196, 0.012170218181399474, 0.07185481817151494, -0.16331351692475493, -0.2430103195006584, -0.956177117382473, 0.9841692310647773, -0.10776062777518462, -0.14070739755557718, -0.06884489679731473, -0.9640195183281748, 0.2567620463917537
0.0032780018506101192, 0.012156540573333999, 0.07180190029138123, -0.1612477159233208, -0.23482649226672128, -0.9585696076129367, 0.984411269427975, -0.10739709638044949, -0.13928501826202053, -0.07023978027239972, -0.9660861153224157, 0.24848338183574586
0.003269377431893159, 0.01214402775946916, 0.07174873524288566, -0.16029722605156166, -0.2281485126640334, -0.9603400728332459, 0.9844875604972135, -0.1072688381538093, -0.13884393968545203, -0.07133752551371625, -0.9676991539369668, 0.24180426986151143
0.003260775763456273, 0.0121327737160395, 0.07169532288100165, -0.16033085435337702, -0.2239320395974732, -0.9613264059537904, 0.9844332674358446, -0.10732649128008212, -0.1391839295144857, -0.07200804891054244, -0.9686771732167648, 0.23765389746619936
0.0032521364014907513, 0.012122287180649732, 0.0716417814822532, -0.16106476514327608, -0.2223325608592031, -0.9615749444588967, 0.9842962766069155, -0.10750301471870699, -0.140014076735705, -0.07224251717031836, -0.9690259718955826, 0.23615605964005676
0.003243399209583774, 0.012111960359590612, 0.0715882529029798, -0.16220333201484677, -0.22345064623703104, -0.9611242832118719, 0.9841251201477064, -0.10772991554026151, -0.14103904846513482, -0.07202657132991903, -0.96874355429801, 0.2373775453334092
0.003234504051322524, 0.012101185459152898, 0.07153487899952092, -0.16344828598843933, -0.2273872714501439, -0.9599894200406064, 0.9839693152520782, -0.10793712209040175, -0.14196465869080965, -0.07133753885436275, -0.9678040124205418, 0.24138423538603762
0.003225392641613453, 0.012089364259420043, 0.07148179918359186, -0.16449722933677008, -0.23424341892060307, -0.9581600504262913, 0.9838797969332345, -0.10805122371005965, -0.14249729204927342, -0.07015131308210376, -0.9661547255730552, 0.24824149436730186
0.0032160739229936484, 0.012076246197095146, 0.07142906409437855, -0.16504566721529063, -0.24378591057292412, -0.9556821425241709, 0.9839039210690675, -0.10799955645862491, -0.1423698349709468, -0.06850548765152961, -0.9637969317293299, 0.2576867721687623
0.0032066415204714204, 0.012062018630334273, 0.07137661254982494, -0.16479964226330862, -0.25472753896177647, -0.952866705685723, 0.9840740958440963, -0.10772343292545135, -0.1413995611286689, -0.06662771044025068, -0.9609940389478139, 0.2684235557998919
0.00319719445975232, 0.012046896846109816, 0.07132437623637933, -0.1634763764580624, -0.2655827174952406, -0.9501269886220395, 0.984417261154993, -0.107165457478016, -0.1394210194469614, -0.06479298017720977, -0.9581134509500275, 0.2789632320367416
0.0031878317665418984, 0.012031096131394149, 0.07127228684048999, -0.16080353499961114, -0.2748835605085053, -0.9479352569104051, 0.9849561049402916, -0.10626543212119982, -0.13626859240831626, -0.06327475383182453, -0.9555870897507258, 0.2878360982039265
0.00317865246654571, 0.012014831773159667, 0.07122027604860526, -0.1565276377258281, -0.2812019492490103, -0.9467970016674794, 0.9857053397643963, -0.10496508741634533, -0.13178510380022085, -0.06232240197495537, -0.9538908712018561, 0.2936122001038718
0.003169755585469307, 0.011998319058378757, 0.07116827554717342, -0.15074685610289448, -0.28398156475245134, -0.9469054104058349, 0.986625877359862, -0.10329816740841345, -0.12609070835690464, -0.06200615694409561, -0.9532491591870473, 0.29575543445592256
0.0031612401490182396, 0.011981773274023796, 0.07111621702264274, -0.14395367904507794, -0.2837093829033971, -0.9480434190172727, 0.9876277348264579, -0.10140505937671658, -0.11961802261517367, -0.06219964381687642, -0.9535334288767113, 0.2947968865569573
0.003153205182898063, 0.011965409707067177, 0.07106403216146157, -0.13665879620635912, -0.28092937722654776, -0.9499489767511373, 0.9886279587394055, -0.09943303722204307, -0.1128176861469694, -0.06276250965492934, -0.9545636469716956, 0.2913230359273209
0.0031457497128143277, 0.011949443644481285, 0.0710116526500782, -0.1293728024333902, -0.27618453369705803, -0.9523574861033379, 0.9895567694252602, -0.09752327460834972, -0.10614429327244469, -0.06356160850051955, -0.9561439819693491, 0.285917134269046
0.003138967773750182, 0.011934085023258474, 0.07095901229756794, -0.12260842560739381, -0.2700210243012446, -0.9550161362015738, 0.9903582625602779, -0.09580745603556341, -0.10005719937406525, -0.06448011901868697, -0.9580759770515596, 0.27916435382769716
0.003132821611051584, 0.01191940250386447, 0.07090610096506285, -0.11688143396247185, -0.2629905332955131, -0.9576923878740073, 0.9909886021363017, -0.09440766129927339, -0.09501991330210943, -0.06542416091028647, -0.9601683044575796, 0.27165512379530343
0.003127131479241505, 0.011905312534719244, 0.07085296890446466, -0.11271059620224728, -0.25565065166269696, -0.9601765805351494, 0.991411759467555, -0.0934380729236946, -0.0914989055549474, -0.06632529452012118, -0.9622432493048443, 0.2639865232811601
0.0031217105983276103, 0.011891724023347205, 0.07079966935955724, -0.11061710066710771, -0.24856363709298654, -0.962278533146775, 0.9915929390260787, -0.09300621677835345, -0.08996269734840939, -0.06713643059938873, -0.9641400115935881, 0.2567620254840841
0.0031163721883175634, 0.011878545877272764, 0.07074625557412435, -0.11112360175281141, -0.24229392903546287, -0.9638180311065159, 0.9914897483127304, -0.09321312577090261, -0.09088119813677777, -0.06782052878178511, -0.9657147431496403, 0.2505901249833742
0.003110929469219031, 0.011865687004020346, 0.07069278079194985, -0.11474347253642593, -0.23739483380623844, -0.9646126830974133, 0.9910420295477881, -0.09415162121071508, -0.09471624936195057, -0.0683346996780087, -0.9668397825418142, 0.24607154186214608
0.003105195661039678, 0.011853056311114362, 0.07063929825681757, -0.12174472327968522, -0.2341548527004935, -0.9645463842192158, 0.9901846403756424, -0.09586271437636729, -0.10170898660666508, -0.06864838175596438, -0.9674615470132161, 0.24352731824804003
0.003098983983787169, 0.01184056270607922, 0.07058586121251131, -0.13184442115270237, -0.23249705928032577, -0.9636193055542783, 0.9888830356250641, -0.0982756167564521, -0.11158962767254502, -0.0687560212917176, -0.9676192539305631, 0.24286948955970827
0.0030921076574691704, 0.01182811509643934, 0.07053252290281489, -0.1441640912284204, -0.2321695053497982, -0.9619324485565053, 0.987168664680034, -0.10119429565670532, -0.12352223281815221, -0.06866398090791247, -0.9673970411946552, 0.24377904424643332
0.0030843799020933466, 0.011815622389719135, 0.07047933657151217, -0.15775763533134163, -0.23290628127125354, -0.9596182535983042, 0.9851076845775262, -0.10440961679012013, -0.13660703388934767, -0.06837673786433919, -0.9668781185165667, 0.24590918171734752
0.0030756139376673644, 0.011802993493443024, 0.07042635546238696, -0.17168387543876196, -0.23445109753121723, -0.9568476000809822, 0.9828090028556421, -0.10770916559497819, -0.14995065706002111, -0.06790516048303086, -0.9661425456490575, 0.2489125763526877
0.003065624075760929, 0.011790137603814217, 0.07037363257355445, -0.18500845214838493, -0.23655941455444363, -0.9538404038513558, 0.9804313915686496, -0.11087538620835917, -0.1626681750063875, -0.06727673491200556, -0.9652700617541219, 0.2524431595840412
0.00305438164256779, 0.011777005441741775, 0.07032118556517376, -0.19680525783634692, -0.23899869340190855, -0.9508666126435135, 0.9781818729139705, -0.11368640550893706, -0.17388394033082585, -0.06654257276725706, -0.9643417577574032, 0.2561582718845446
0.0030421773370758604, 0.011763632190721726, 0.07026896021886539, -0.2061562852176969, -0.24154665313003698, -0.9482377341294308, 0.9763055998652678, -0.11591776044062323, -0.18273053517721108, -0.06577964530885894, -0.9634408581620919, 0.2597205249627623
0.0030293406491979937, 0.011750063293050875, 0.07021689358590374, -0.212148796933019, -0.2439872268756015, -0.946289131862681, 0.9750676110029897, -0.11734136952964071, -0.18834584404714313, -0.06508488252117478, -0.9626532273453728, 0.2627978728010233
0.0030162010688470457, 0.01173634419102603, 0.07016492271756321, -0.21386952353061192, -0.24610391269246, -0.9453532096852748, 0.9747264424540991, -0.11772193239950066, -0.18986813585460666, -0.06456151551477865, -0.9620677786879621, 0.26506112488413985
0.003003088085935872, 0.011722520326943995, 0.07011298466511824, -0.21040246180600602, -0.247671732975264, -0.9457216909593444, 0.9754978151779156, -0.11681764538145992, -0.18643403742515754, -0.06430253998937932, -0.9617756237358905, 0.2661819545693383
0.0029903311903773247, 0.011708637143101575, 0.07006101647984322, -0.2014856533525465, -0.24861315804407014, -0.9474149192093461, 0.977376875079064, -0.11455367447134425, -0.17779735578966646, -0.06432709812964822, -0.9618050495357506, 0.2660696734574445
0.0029782598720842603, 0.011694740081795572, 0.07000895521301259, -0.18815608654671978, -0.2491620769429568, -0.9500081823378657, 0.9800166469142149, -0.11118889073299659, -0.16493757106428109, -0.06453416820911484, -0.9620578412917998, 0.2651038497316096
0.002967203620969534, 0.011680874585322805, 0.06995673791590075, -0.17160257584120173, -0.24958792163879115, -0.9530259310935317, 0.9830324322687118, -0.1070161813992773, -0.14897910600677336, -0.06480581048428483, -0.9624205973953102, 0.2637172740582788
0.002957491926945999, 0.011667086095980066, 0.0699043016397821, -0.15302483917437465, -0.2501697462578131, -0.9560326859752015, 0.9860799256624663, -0.10232260029607862, -0.1310590159971985, -0.0650367496202092, -0.9627799247626377, 0.26234526424711363
0.00294945239697807, 0.011653419561979211, 0.06985158385420726, -0.13363949399747402, -0.2512046636903167, -0.958664019656696, 0.988886236711879, -0.0973939435258301, -0.11233178804908724, -0.06514980035208662, -0.9630216179841045, 0.26142851185240096
0.002943196830237516, 0.011639863303648709, 0.0697985699680391, -0.11467942164399964, -0.2530121455784728, -0.9606422249938712, 0.9912669036954458, -0.09252050095100184, -0.09396745469480046, -0.06510419256423859, -0.963028977286537, 0.2614127636841881
0.002938424213954912, 0.011626297319619427, 0.06974533709174388, -0.09738833699903868, -0.25593412856205494, -0.9617760829079414, 0.9931285708540408, -0.08800129765214249, -0.07714540404294684, -0.0648934015903942, -0.9626803693068228, 0.26274579536370757
0.002934786976045129, 0.01161258939137534, 0.06969197267842446, -0.08281844326870638, -0.2601923743132449, -0.9619984583167399, 0.994472034727855, -0.08410177658427644, -0.06286702887530658, -0.06454825790668749, -0.9618871137116896, 0.2657192181168066
0.002931937544423035, 0.01159860730040044, 0.06963856418118372, -0.07146771663968252, -0.2656259203672098, -0.9614235465742363, 0.9953786590115438, -0.08097337087602705, -0.05162013554180409, -0.06413805939292906, -0.9606696537509896, 0.2701853543389482
0.0029295283470035013, 0.0115842188281787, 0.06958519905312446, -0.063731307060289, -0.2720046015175236, -0.9601832206686808, 0.9959315269800475, -0.07875595120560493, -0.04379376344744885, -0.0637080376999472, -0.9590677749267742, 0.2759171778440562
0.002927211811701397, 0.011569291756194111, 0.0695319647473496, -0.05960689833937067, -0.2789818585254975, -0.9584446464371426, 0.9962139150240258, -0.0774957487012433, -0.03939853354805324, -0.06328390935192973, -0.9571643179448831, 0.28254489071693323
0.002924640495039566, 0.011553693955472618, 0.0694789486745819, -0.05833076836747746, -0.28598938857949435, -0.956455744444868, 0.9963145815883631, -0.07703123942068399, -0.03772853916756315, -0.0628870095970923, -0.9551315395134015, 0.2894286894049984
0.002921574910783496, 0.011537368461145062, 0.06942620267053222, -0.05905133583807387, -0.2924305476248172, -0.9544617931334856, 0.9962946414524665, -0.07715540741614176, -0.038000401570911564, -0.06252941027101065, -0.9531691444451498, 0.29590311747066966
0.0029180796252044295, 0.011520470001730121, 0.0693736783768781, -0.06091876439099391, -0.2977102939943352, -0.9527105987627519, 0.9962008994193556, -0.07764332426567902, -0.0394370662326887, -0.06223079736867774, -0.9514936127199075, 0.30130919802103195
0.0029142723448031724, 0.011503190304077406, 0.06932130992406524, -0.06308692180388775, -0.301237789175114, -0.9514598439609524, 0.9960787310779791, -0.07825617358624251, -0.041269029425502486, -0.06202581552380641, -0.9503324500765664, 0.3049934958979901
0.0029102707760805323, 0.011485721095036516, 0.06926903144253933, -0.06471308304921428, -0.3024250154083572, -0.9509738834150602, 0.9959789745470217, -0.07873700258585986, -0.042736011560012666, -0.061952394163008226, -0.9499155722900059, 0.3063042709111678
0.002906192625537315, 0.01146825410145706, 0.0692167770627461, -0.06495584854441791, -0.3006816829059566, -0.951509991174405, 0.9959571913929662, -0.07882437833260225, -0.04308120579920333, -0.06204845407026003, -0.9504615946714106, 0.3045861887909075
0.002902155599674328, 0.011450981050188647, 0.06916448091513125, -0.06319611067887575, -0.2955490857494076, -0.9532350127370232, 0.9960516100645151, -0.07835030312810194, -0.04174230572958116, -0.062349351904815914, -0.9521092205794586, 0.2993335771419999
0.0028982774049923776, 0.011434093668080878, 0.06911207713014046, -0.0609500563885153, -0.2871292159788701, -0.9559507853219203, 0.9961598274094228, -0.07780820126708406, -0.04014326931392297, -0.06285450566081971, -0.9547265038464893, 0.29076900448843185
0.0028946757479922708, 0.011417783681983366, 0.06905949983821948, -0.06166295673236163, -0.2759699713364454, -0.9591862460896655, 0.9960731661754166, -0.07818367469574912, -0.04153986803481815, -0.06352894924602268, -0.9579811521797446, 0.2797073196683732
0.0028914683351748145, 0.01140224281874571, 0.06900668316981395, -0.06552309766324683, -0.26329874399904496, -0.9624866207283809, 0.9957768693697348, -0.07941306339981778, -0.04606508210854282, -0.06430513277198707, -0.9614402408730258, 0.2673901889172361
0.0028887728730408154, 0.011387662805217521, 0.06895356125536964, -0.07139152715929782, -0.2505981530899924, -0.9654552374490223, 0.9953212992048356, -0.08107681440526988, -0.0525553186184958, -0.06510576932239902, -0.9646901657183918, 0.2552138769094667
0.0028866911888980698, 0.011374233622336354, 0.06890007035004304, -0.07816401106862704, -0.239341375138013, -0.9677841151417543, 0.9947631810644512, -0.08284744297499808, -0.059854112565792296, -0.06585287368215331, -0.9673944424791521, 0.24456367614233518
0.0028844496008318464, 0.01136204898908844, 0.06884626385624772, -0.0856278140183586, -0.22996183355149336, -0.9694253104680487, 0.9941031944325835, -0.0846953402598424, -0.06771660178421977, -0.06653357261841925, -0.9695072224836206, 0.235858070175105
0.002880265543514812, 0.0113509977280369, 0.06879235521624537, -0.09458639416066014, -0.22166738584987628, -0.9705240770275441, 0.9932446583504585, -0.08684015847712617, -0.07696645720018876, -0.06721951128924632, -0.9712478349660039, 0.2283838443845913
0.0028741496779516582, 0.011340580974319885, 0.06873847381493699, -0.10501082550646912, -0.21471186390568608, -0.9710157269707819, 0.9921525464090317, -0.08925516759504729, -0.08756049172802861, -0.06786789506478039, -0.9725905256353911, 0.22239968134813012
0.0028668429964669164, 0.011330155526049962, 0.068684711189469, -0.11624864312504422, -0.21020472085147407, -0.9707214988364788, 0.9908678991112618, -0.09176869393713238, -0.0987892368829077, -0.06831588016281748, -0.9733408869172336, 0.2189530962849185
0.0028590730263682164, 0.01131909593009866, 0.0686311559868903, -0.12832190732881127, -0.20859441316570257, -0.9695472442823775, 0.9893684833221277, -0.0943888916960214, -0.11063788380690227, -0.06843604538814937, -0.9734367508577294, 0.21848890079630648
0.002851077255587287, 0.011307367262147193, 0.06857780485035264, -0.13987627640399242, -0.20996120926410652, -0.9676522711716786, 0.9878201486623637, -0.09686260727181115, -0.1217743372356121, -0.06816143481485419, -0.972899751216363, 0.22095269377656263
0.002842531537535734, 0.011295609357210003, 0.06852454825918768, -0.1477579114612658, -0.21403797593376236, -0.9655854930863361, 0.9867166524162143, -0.09854564112561551, -0.12914722010047824, -0.0675118318900081, -0.9718418088728843, 0.22575573321963663
0.0028335679055643075, 0.01128387403015203, 0.06847134890093973, -0.15203413087224102, -0.2198305822908767, -0.963618253324197, 0.9861291591721106, -0.0994286277273704, -0.1329030828038167, -0.06659507850005487, -0.9704578625978081, 0.23189789227516808
0.002824661793090257, 0.011271741942422028, 0.06841823279937885, -0.1540849367753649, -0.22606180166383893, -0.9618492054825595, 0.9858787551281766, -0.09978941602194155, -0.13448104935981411, -0.06558134220834984, -0.9689882013102632, 0.23824557346496977
0.002815899169154563, 0.011259159374577244, 0.06836519979267136, -0.1552623750279972, -0.23148884184303123, -0.9603679039841125, 0.9857544212327817, -0.09994283666490211, -0.13527620049142566, -0.06466696158541274, -0.9676902115354609, 0.2437085115004521
0.0028072550263691445, 0.01124617821608556, 0.06831224187143098, -0.15603750807921435, -0.2359483118685744, -0.9591562386800176, 0.9856816957293685, -0.10002008483701964, -0.13574821300213188, -0.06390532666770335, -0.9666045606945818, 0.24817681694293844
0.0027987043543406687, 0.011232850359274764, 0.06825935102605887, -0.155870813007639, -0.24050863667893338, -0.9580500432311343, 0.9857563079938039, -0.09988861733076189, -0.13530249583127937, -0.06315687534039661, -0.9654935835160116, 0.2526526257268034
0.0027902221426757993, 0.011219227696472637, 0.06820651924695627, -0.15504765799281628, -0.24517038200025992, -0.957001414597068, 0.9859333678888397, -0.09960396739243292, -0.1342178965825989, -0.06241488471761139, -0.9643497982939251, 0.25716502230309923
0.002781783380981202, 0.011205362120006964, 0.06815373852452437, -0.15447635082527522, -0.2490832065060055, -0.9560829531334576, 0.9860621103151251, -0.09939375390022757, -0.13342562080238904, -0.061794592292436244, -0.9633682774112441, 0.26096549664870256
0.002773363058863542, 0.011191305522205538, 0.06810100084916439, -0.15435997910076313, -0.25205910617473454, -0.9553215185718398, 0.9861100174632341, -0.09931318716588906, -0.1331312296706271, -0.061319086022804926, -0.9626022531914972, 0.2638879910870915
0.0027649361659294854, 0.011177109795396139, 0.06804829821127749, -0.15469994385118943, -0.2541003161696004, -0.9547255923536082, 0.9860773763542792, -0.09936526441384837, -0.13333398692841616, -0.060986352692220386, -0.9620600675376123, 0.26593437392489333
0.002756477691785697, 0.011162826831906551, 0.06799562260126488, -0.15549713544693647, -0.25520829952822055, -0.954300458304255, 0.9859637912714191, -0.09955100777174976, -0.1340335747240913, -0.06079509165620722, -0.9617475348050252, 0.26710603910613906
0.0027479626260388432, 0.011148508524064564, 0.06794296600952776, -0.15675195886631835, -0.25538365624387593, -0.9540482228457228, 0.9857682545728395, -0.09986826490435131, -0.13523046232787952, -0.060743490745838645, -0.9616680912812405, 0.2674036472142931
0.002739365958295587, 0.011134206764197957, 0.06789032042646735, -0.15846433065103063, -0.2546260840798278, -0.9539678260913694, 0.9854889663913613, -0.10031457163287628, -0.1369251030271619, -0.06083217102986874, -0.9618225117059203, 0.26682747786445793
0.002730662678162596, 0.011119973444634524, 0.06783767784248482, -0.16063365286295364, -0.2529343857780645, -0.9540550435163463, 0.9851232775933507, -0.100888123023681, -0.1391176285612024, -0.06106519067061182, -0.9622088043267074, 0.2653775788655288
0.0027218277752465363, 0.01110586045770205, 0.06778503024798141, -0.16325677146375192, -0.25031013797572954, -0.9543018712115173, 0.9846681419630956, -0.10158593544536211, -0.1418060221663233, -0.06144816331003973, -0.9628214437507414, 0.26305701032202267
0.00271283623915407, 0.011091919695728309, 0.06773236963335827, -0.16624730335236232, -0.24690449792334385, -0.9546727203776638, 0.9841353141034335, -0.10238081301250353, -0.14489945707777915, -0.06196384157396949, -0.9636162815312537, 0.2600079696956917
0.0027036630594918657, 0.0110782030510411, 0.06767968798901666, -0.16940856933960388, -0.24307012995560834, -0.9551008577933915, 0.9835582516557286, -0.10321557725639635, -0.14818809065358482, -0.0625611879221839, -0.9645016622769463, 0.2565592353254364
0.0026942832258665863, 0.011064762415968203, 0.06762697730535772, -0.17253726541620631, -0.23917550008606606, -0.9555239254991357, 0.9829744615566937, -0.1040340318168332, -0.15145338606733805, -0.06318306711473884, -0.9653869692421347, 0.2530531557745528
0.0026846717278848986, 0.011051649682837398, 0.06757422957278265, -0.1754320667561159, -0.23558995128956475, -0.9558875272776909, 0.982424158520969, -0.10478355610417578, -0.15447711521299573, -0.06376803829540163, -0.9661872392148138, 0.2498316554610577
0.002674804641300633, 0.01103891472886272, 0.06752143703946105, -0.1779423563080672, -0.2325969421714865, -0.9561564622612801, 0.9819401840795879, -0.10542697163874061, -0.1570943300721869, -0.06426501942174967, -0.9668421878174114, 0.24715620796404003
0.002664703143945199, 0.01102652375399968, 0.06746860265734936, -0.18000256879475157, -0.2303309744999206, -0.9563193595306997, 0.9815396276224492, -0.10594935246791733, -0.1592315738740678, -0.06464545331324092, -0.9673274403724655, 0.24515013454693357
0.0026544487244785373, 0.011014331064360727, 0.06741574369158639, -0.18155540511057355, -0.2289117926006763, -0.9563665751601111, 0.9812379366041226, -0.10633705142765706, -0.1608245729438, -0.06488256039968951, -0.9676217353398056, 0.24392300148605064
0.002644127080199812, 0.01100218315782838, 0.06736287840612024, -0.18254326713374233, -0.2284588035569364, -0.956286845408569, 0.9810501612425662, -0.10657574401993977, -0.16180912184586915, -0.06495026366439356, -0.9677025296360083, 0.2435842305774254
0.0026338235696794767, 0.010989927148201815, 0.06731002500728946, -0.1829079538294329, -0.22909082273459241, -0.9560659367244068, 0.9809905657249204, -0.10665031958639992, -0.16212100200411897, -0.06482430396564867, -0.9675448848869527, 0.2442431275275988
0.0026235966902936722, 0.010977458991484668, 0.06725719713298679, -0.18259233533370336, -0.23092206193762269, -0.9556856388938055, 0.9810718091912589, -0.10654482090872582, -0.16169819525188778, -0.0644836745818235, -0.9671210898579373, 0.2460053927547549
0.0026134590341663705, 0.010964758114046265, 0.06720440061372109, -0.18162022530636915, -0.23391412204072418, -0.9551430663882666, 0.9812880355264404, -0.10626231627917779, -0.1605680898299644, -0.06393657085208145, -0.9664328759147741, 0.24883651512343521
0.002603418699525242, 0.010951812113590363, 0.06715164051569705, -0.18012455631437127, -0.23782549027148933, -0.9544601512843145, 0.9816095418773033, -0.1058332886690726, -0.15887738135090054, -0.06322856560117127, -0.9655249096665579, 0.2525149447169492
0.002593483784597962, 0.010938608587820723, 0.06709892190511947, -0.1782460471835362, -0.2424007363582747, -0.9536614858934017, 0.9820048505041996, -0.10529131437547119, -0.15678077912585514, -0.062408495012049835, -0.9644457590399016, 0.25680645945980224
0.0025836623876122023, 0.010925135134441096, 0.06704624984819307, -0.1761253558403299, -0.2473864740081331, -0.9527747853023507, 0.9824431812267629, -0.10467191918577622, -0.15443181341616147, -0.06152442353370686, -0.9632464491560764, 0.26147853353010736
0.0025739626067956376, 0.01091137935115524, 0.0669936294111226, -0.17385427144301446, -0.25261777656072637, -0.9518187596735702, 0.9829045595872609, -0.10399902072300411, -0.15193034730174534, -0.060607912384369834, -0.9619607386240725, 0.2663798383929187
0.0025643925403759393, 0.010897328835666912, 0.06694106566011275, -0.17144009472050184, -0.25807918370954475, -0.9507909490829414, 0.9833862526663694, -0.10327324389288012, -0.14928534811774752, -0.059663824793762074, -0.9605882427094644, 0.2714966960744136
0.00255496028658078, 0.010882971185679866, 0.0668885636613683, -0.16888182633576596, -0.26376970573866443, -0.949686511996477, 0.9838869964679049, -0.10249490499638138, -0.14649632292705375, -0.05869673683315838, -0.9591247764416897, 0.2768291102843373
0.002545673943637834, 0.01086829399889786, 0.06683612848109398, -0.16617846424149504, -0.2696881957582891, -0.9485003927732328, 0.9844054965221715, -0.10166366851617206, -0.1435629371417677, -0.057710800022832937, -0.9575660685156262, 0.28237685455478106
0.002536541609774775, 0.01085328487302465, 0.06678376518549455, -0.1633290141534843, -0.2758333304691284, -0.9472273259033227, 0.9849405559387493, -0.10077632243662045, -0.14048570782545042, -0.05670744574320413, -0.9559080011373788, 0.28813913125228696
0.002527571383219274, 0.010837931405763989, 0.06673147884077468, -0.16036272150300404, -0.2821229706688681, -0.9458807678418687, 0.9854854021284937, -0.09983687628216456, -0.13729938210298234, -0.05569847164681406, -0.9541693914369674, 0.2940381823862613
0.002518771362199006, 0.010822221194819638, 0.0666792745131392, -0.15810217323471162, -0.28633715082850913, -0.9449945708171412, 0.9858875296753463, -0.099122531490155, -0.13490923831089677, -0.05504072718546107, -0.9529878067459179, 0.29796771392971566
0.0025101496449416423, 0.010806141837895349, 0.06662715726879277, -0.15681817456634953, -0.28764286755248375, -0.9448119605889111, 0.9861028551785523, -0.09873785309076083, -0.13361135945620164, -0.05485634999145411, -0.9526344614348211, 0.2991293428475439
0.002501714329674857, 0.010789680932694879, 0.06657513217394018, -0.15633533372215314, -0.2863588621470842, -0.9452818973723184, 0.9861669256669982, -0.09862754609540611, -0.13321937498614803, -0.05508228526926219, -0.9530326380670422, 0.29781660905411217
0.002493473514626323, 0.010772826076921987, 0.06652320429478614, -0.15647419489506237, -0.2827976815894842, -0.9463304378596066, 0.9861122998783657, -0.09872879004766623, -0.133548335984856, -0.05566289931850639, -0.9540849528754431, 0.29431878012814827
0.0024854185575137024, 0.010755609346355307, 0.06647136801655096, -0.1570535119050851, -0.2772663152384536, -0.9478700252842527, 0.9859697095461012, -0.09897831945342858, -0.13441363076619892, -0.056550210042548184, -0.9556812662767151, 0.2889210809752002
0.002477103034730946, 0.010739243635308919, 0.06641933230067573, -0.15789148975441364, -0.27006853257758134, -0.9498069620583561, 0.9857690503098767, -0.09931753367301176, -0.1356296684220455, -0.057703179412366044, -0.9577050773680289, 0.2819065942279504
0.0024683886326933957, 0.010724179491191818, 0.06636698325110102, -0.15880645888349187, -0.26150783882776835, -0.9520473511588149, 0.9855400995653802, -0.0996961082927447, -0.1370087520559975, -0.05908655317029648, -0.9600387160020742, 0.2735588474378821
0.002459380868101047, 0.010710230730362667, 0.06631435870689488, -0.15961731476646093, -0.2518902612765536, -0.954501759611146, 0.9853135014678749, -0.10006491123496015, -0.13836299131146215, -0.060659843816652896, -0.962568600055897, 0.2641629677577276
0.002450185257653895, 0.01069721116918013, 0.06626149650712528, -0.16014393286986758, -0.24152641998591343, -0.9570887676771468, 0.9851212307396822, -0.10037175927680496, -0.1395050919701965, -0.06237051796245732, -0.9651893588247165, 0.25400673239232757
0.002440907318051935, 0.010684934624002876, 0.06620843449086028, -0.16017813787809973, -0.2308140397865746, -0.9597227949691025, 0.9850021253193524, -0.1005521467867184, -0.14021440330059226, -0.06413873449221913, -0.9677882747863729, 0.24345857537526347
0.002431652565995164, 0.010673214911189565, 0.06615521049716791, -0.15874573864448346, -0.22232469453015397, -0.9619623280899783, 0.9851413573875714, -0.10035046006807166, -0.13937823046910794, -0.06554613967878482, -0.9697945737970491, 0.23495145925703284
0.0024225265181835763, 0.010661865847098866, 0.06610186236511618, -0.15542551420393147, -0.21724463386526835, -0.9636636750397874, 0.9856128393396665, -0.0996842108158119, -0.13649318313684963, -0.06640964134253631, -0.9710138140988388, 0.22961257013931408
0.002413634691317168, 0.010650701248089445, 0.06604842793377315, -0.15022213442484067, -0.21558205281341872, -0.9648614868640978, 0.9863968310408235, -0.09856653751710229, -0.13155200262447816, -0.06674280516629594, -0.9714983356581945, 0.2274563293731169
0.0024050826020959345, 0.010639534930519962, 0.0659949450422068, -0.1435718620083127, -0.2169945256754913, -0.9655570911480763, 0.9873952290257808, -0.09708502547535819, -0.1250006381006711, -0.06661668061823486, -0.9713330395159622, 0.22819803725731408
0.002396975767219872, 0.010628180710749087, 0.06594145152948518, -0.13726226695191623, -0.22003324896230517, -0.965786953433475, 0.9883168998102086, -0.09563250643053589, -0.11867657419790845, -0.0662478348382726, -0.9707933833030106, 0.2305893130965423
0.0023894197033889745, 0.010616452405135481, 0.0658879852346763, -0.13174979889420327, -0.22416926548859617, -0.9656035060528935, 0.9891014591352718, -0.09431764024752537, -0.11305965803333519, -0.06572894360792139, -0.9699754239919905, 0.23415247772283987
0.0023825199273032394, 0.010604163830037813, 0.0658345839968482, -0.1272385550856315, -0.22905635549642414, -0.965061415717371, 0.9897319510625641, -0.09320221957583048, -0.1083697896649666, -0.06512307690528094, -0.9689409333250579, 0.23856330937835854
0.0023763819556626613, 0.010591128801814745, 0.06578128565506891, -0.12393203201296779, -0.23435033974734304, -0.9642202910649836, 0.9901934484025297, -0.09235091862017669, -0.10482481848644662, -0.06448089780581306, -0.9677557677897428, 0.24349740805158876
0.0023708676148401628, 0.010577345804170597, 0.06572811096526361, -0.12203348993817466, -0.2397090560465261, -0.9631445352504435, 0.9904707561558854, -0.09182816659614808, -0.10264145858072463, -0.06383970969152324, -0.9664921915198661, 0.24863092164416828
0.002365086081731717, 0.010563414518395077, 0.06567501713716502, -0.12174637123514474, -0.24479156463268498, -0.9619017158606987, 0.9905453612549878, -0.09169846105150085, -0.1020356777652404, -0.06322743381871446, -0.9652297561334651, 0.2536411037021241
0.002358888649205756, 0.010549434843584006, 0.06562199152043074, -0.123274527927256, -0.24925669197053663, -0.9605594683684178, 0.9903916672506101, -0.09203016277628472, -0.10322206440450327, -0.06267165391841084, -0.9640547446318989, 0.25820672560538654
0.00235226668652153, 0.010535407830815621, 0.06556902873155358, -0.1267721609389845, -0.2528842378771967, -0.9591550351450644, 0.9899803759787411, -0.09288062198610925, -0.10635809906379458, -0.06219062942156697, -0.9630279083664933, 0.2621251100513006
0.002345211562938289, 0.010521334531168155, 0.06551612338702632, -0.13217667122799, -0.25598532514770855, -0.9576016086515884, 0.9893016319617839, -0.09424037326044579, -0.11135992567114528, -0.061738226252776245, -0.9620760184916543, 0.26570307875974497
0.0023377146477152806, 0.010507215995719832, 0.06546327010334169, -0.13892307497650852, -0.2593501713170034, -0.9557394351374817, 0.988409784187119, -0.09596354715119822, -0.11763118694178296, -0.061208477862501415, -0.9610038950264462, 0.26967579791622925
0.0023297673101117557, 0.01049305327554889, 0.06541046349699245, -0.14508414569336653, -0.2648674527341521, -0.9533078323136487, 0.9875767930703943, -0.09754027296766175, -0.12319891614048245, -0.06035452308834521, -0.959338901343793, 0.2757284967341291
0.002321360919386964, 0.010478847421733559, 0.0653576981844714, -0.15007290360947173, -0.2735194781823647, -0.9500869532085309, 0.9869118878015336, -0.09880758351063491, -0.1274440550076852, -0.05901736454836997, -0.9567780079494071, 0.2847679655195243
0.002312515832728822, 0.010464533776206686, 0.0653049918807379, -0.15355887050087505, -0.28603540609797784, -0.9458347740217953, 0.9864913408688748, -0.09963767720872233, -0.13002756504364685, -0.05704829253557771, -0.9530247004872515, 0.29747170046906946
0.002303378499602532, 0.010449761857934059, 0.06525246277492767, -0.15603297724071583, -0.2989643172932598, -0.9414212909206873, 0.9862227400162442, -0.10016608059379933, -0.1316490158464088, -0.054940122754229034, -0.9489926729347554, 0.31047461994162856
0.002294129645536047, 0.010434103489719869, 0.06520025636838986, -0.15919710501698547, -0.308706374077453, -0.93774018595673, 0.98580852945395, -0.10096102932300265, -0.1341208925331183, -0.05327123998980469, -0.9457839315414444, 0.32039808025011196
0.0022849499967452303, 0.010417130492808959, 0.06514851816302158, -0.16338404442735713, -0.31865492461506095, -0.933683400861946, 0.9852168298877391, -0.1021149552991665, -0.13755120504816767, -0.05151166986725672, -0.9423542725126359, 0.33062814905066346
0.002276020279445943, 0.010398414688446173, 0.0650973936607201, -0.16831084532026924, -0.328515487244284, -0.9293809950651171, 0.9844798246676773, -0.10356658455292782, -0.14168075870188193, -0.04970849192920705, -0.9388032473339085, 0.34084824867590563
0.0022675147839664018, 0.010377557797757815, 0.06504701760715463, -0.17374912152555438, -0.3378595677654295, -0.9250200836946489, 0.98362312425512, -0.10525026730129318, -0.14631449232254157, -0.047924859934014234, -0.9352931592299623, 0.3506136250888457
0.0022591236446129035, 0.01035640845004096, 0.06499671652160566, -0.17969948825898124, -0.3457462596565476, -0.9209601608392012, 0.9826307565804394, -0.10716419337785141, -0.1515012603242223, -0.04631295867911653, -0.9321884785767209, 0.3589982594208569
0.0022498798745745046, 0.010336913678933898, 0.0649458813856982, -0.18623009610980631, -0.35110258255970467, -0.9176302783925768, 0.9814716594917989, -0.10932800520090732, -0.1573555492926916, -0.04507474811184875, -0.9299324512020732, 0.3649573992727881
0.0022396146491758277, 0.01031724685412206, 0.06489527016671838, -0.1934129434542044, -0.3528523847353704, -0.9154707138357528, 0.9801091738482414, -0.11177980593200962, -0.1639856162116668, -0.044468422986412924, -0.9289781857354695, 0.3674535205774154
