0.0003437925479374826, 0.0012138840975239873, 0.007301871664822102, 0.1417677055257928, 0.8497705931789815, -0.5077320717053374, 0.9863676960035888, -0.16455627694066247, 1.4092395908697417e-17, -0.0835504994031998, -0.5008105137551226, -0.8615150279372996
0.0003465604043809234, 0.001230474921245466, 0.007291958762013955, 0.05469708838724189, 0.5014212620983327, -0.8634726089678081, 0.9883330533560312, -0.15029670887097432, -0.024671338563162636, -0.14214782504809156, -0.8520490697244312, -0.5037919993567073
0.0003472648501179397, 0.0012369327434248439, 0.007280838067725598, -0.08186487232499826, -0.0002020699502275519, -0.9966434176007721, 0.9852870681097393, -0.15054678868297627, -0.08090153170958655, -0.15002511821333683, -0.9886028644430374, 0.01252359054328313
0.0003462825552995915, 0.0012369303187919163, 0.00726887936508494, -0.17714098229821584, -0.21558893958914271, -0.9602825008908847, 0.9759061306110011, -0.1647705293011673, -0.14303110469292005, -0.12739033176142944, -0.9624822501223813, 0.23958218125117486
0.0003439901900769384, 0.0012341404020764788, 0.007256452437219887, -0.24253274959108356, -0.16814358483070696, -0.95546093601783, 0.9608816520322101, -0.17739581341757796, -0.21269032928125034, -0.1337322555094304, -0.9696692530250687, 0.2045903799648597
0.0003408078968332223, 0.0012319341755158055, 0.007243915751405494, -0.2425743885029266, -0.16732031041660472, -0.9555948826592378, 0.9608434423998082, -0.1774221796698602, -0.21284090151679577, -0.13393112125162598, -0.9698068281277912, 0.2038066997843677
0.00033764500170184344, 0.0012297525082818341, 0.007231455877052778, -0.2124327234732633, -0.2330722812348707, -0.9489729446710824, 0.9699207749475169, -0.16841114501490279, -0.17575942808275685, -0.11885296934843666, -0.9577656278833266, 0.2618376858328779
0.0003348704815524843, 0.00122670842105285, 0.007219061625766356, -0.1881752971367157, -0.2703492359208485, -0.9441934908611276, 0.9757808147002329, -0.16064772291674587, -0.14847259270523314, -0.11154308230660634, -0.9492647679960938, 0.2940315306746264
0.00033240356947203463, 0.0012231642374847544, 0.007206683580590772, -0.17070118067065915, -0.27974678452400636, -0.9447766103508926, 0.9791341560298188, -0.15545826448436686, -0.1308779297638954, -0.11026065215396415, -0.9474040661470625, 0.3004465410594615
0.0003301610841817364, 0.0012194892303943603, 0.007194272139480606, -0.16006170005414203, -0.2617793974133625, -0.9517624699817043, 0.9805366029841808, -0.15322862212358757, -0.1227556905823515, -0.11370234115452978, -0.9528864236896252, 0.2812103148249995
0.00032805984440283174, 0.0012160526725984817, 0.007181777700390445, -0.15595287152853626, -0.2176240327073678, -0.9634928553187027, 0.9803351508931407, -0.15351101775415948, -0.12400548113452568, -0.12092019593652228, -0.9638849245715304, 0.23728497297218049
0.00032601673434636273, 0.0012132016199349698, 0.0071691551566517905, -0.15790717691362474, -0.18882307991703554, -0.969232256979623, 0.979462354451514, -0.1545756728135193, -0.1294598686332743, -0.1253747171142014, -0.9697691508111056, 0.209353706543833
0.0003239502670233043, 0.001210730568700223, 0.007156471206329519, -0.16566084168651837, -0.21795831531976975, -0.9617955387267516, 0.9787988764677167, -0.1554604616662961, -0.13335968012873184, -0.12045432726660302, -0.9634968695545773, 0.2390910650804003
0.00032178547618988814, 0.0012078823750156591, 0.00714390283987273, -0.1709068597826758, -0.26564184130452373, -0.9488020117113828, 0.9788922164427154, -0.15531563192473313, -0.13284232408268407, -0.112075304447915, -0.9514785686646668, 0.28657923774192734
0.0003195505944620013, 0.0012044086812268398, 0.007131495729461525, -0.16629340451584482, -0.29270356702538786, -0.9416321603817193, 0.9802133362134567, -0.15304689999896368, -0.12553271250949777, -0.10737001035584658, -0.943875663554963, 0.3123626300069583
0.0003173728384980858, 0.0012005754748492042, 0.007119164241877539, -0.15184297525218535, -0.29812494024621417, -0.942372129718274, 0.9826160475840202, -0.14856596312558268, -0.11132770378897863, -0.10681485803446443, -0.9428943072284185, 0.3155010483331521
0.0003153834183179419, 0.0011966694938754714, 0.007106817446584882, -0.12767257297630974, -0.28209747779704303, -0.9508526316575855, 0.9857102446362602, -0.14230689462079257, -0.090133575112223, -0.10988643104921088, -0.9487727656103614, 0.2962350612391005
0.0003137114490426226, 0.001192975213228294, 0.0070943653094623456, -0.10402638684190946, -0.2554882128846895, -0.9611993986252827, 0.988044728687325, -0.13710977293767268, -0.07048775977551207, -0.11378103951804916, -0.9570405859951644, 0.26669681626188324
0.00031234901040897724, 0.0011896290717132176, 0.00708177643432133, -0.09771599239909728, -0.2365258911134614, -0.9666990677881316, 0.9884458075694046, -0.1361594038741506, -0.06659956632819543, -0.11587264702218261, -0.9620374834535395, 0.24709797672675052
0.00031106898582984984, 0.0011865307154790743, 0.007069113219866786, -0.11033785439921535, -0.22704492475203217, -0.9676136419206385, 0.9870262261370385, -0.13928437376511113, -0.07986921899290515, -0.11663955934524688, -0.9638726395998617, 0.2394676341941469
0.0003096245863871675, 0.0011835585391161993, 0.007056446482664654, -0.14190022987914722, -0.2269410098578601, -0.9635154917306414, 0.9830447929031385, -0.14650448675998273, -0.11026953570782658, -0.11613466281119848, -0.9628261594929215, 0.24388219838651723
0.0003077690231628576, 0.0011805909372149294, 0.00704384703928087, -0.19047731807298424, -0.23536603032857523, -0.9530588770202454, 0.9750729450916752, -0.1579044342662349, -0.15588117714883787, -0.11380308892982763, -0.9589937546232659, 0.2595762615178847
0.0003052775126410564, 0.0011775122664998497, 0.007031380692925226, -0.22853711795204248, -0.24482718662918176, -0.9422475441227819, 0.9672211243436637, -0.16715341228257818, -0.191162322086936, -0.11069815870895611, -0.9550494151872615, 0.27500278582028315
0.00030228237627637536, 0.0011743036375633043, 0.00701903188976702, -0.23470687622778524, -0.2501454137561753, -0.9393295237711561, 0.9659135711250092, -0.16856600354282938, -0.1964598573910983, -0.10919549151831746, -0.9534216142013725, 0.28118245003150966
0.00029920580799286205, 0.0011710246989203577, 0.007006719036104406, -0.20855658440841607, -0.2513700409108915, -0.9451546189023, 0.9718073286159553, -0.1619344510180915, -0.1713702121775837, -0.10997575709317009, -0.9542485714455778, 0.278055743954082
0.0002964783769515961, 0.001167737368269209, 0.006994358630156532, -0.14980361910339732, -0.24797165824112227, -0.957114900319012, 0.982272959972006, -0.14765804098974, -0.11548564862746395, -0.11268854338999176, -0.9574482542885648, 0.2656955636596547
0.00029452352749825833, 0.0011645014834257238, 0.006981868841519459, -0.08353675745446895, -0.2464497498084532, -0.9655486165767854, 0.9899211658182547, -0.13171725819790925, -0.05202546835784289, -0.1143577527718205, -0.9601630511075585, 0.25496905629664757
0.0002934314337856707, 0.0011612795936799876, 0.006969246020075427, -0.046369062283089846, -0.25802174884575485, -0.9650257443123293, 0.9924244226570094, -0.12192698851258177, -0.015085582062169388, -0.11377027457507796, -0.9584146214425315, 0.26172072525552964
0.0002928236276218692, 0.0011578974418394814, 0.006956596452308901, -0.040691882604657476, -0.28392038095439387, -0.9579840228149948, 0.9928153098145998, -0.11946545176131149, -0.006765089297709075, -0.11252524733511585, -0.9513764886280182, 0.28674177511829946
0.0002922899819164311, 0.0011541740237451482, 0.0069440331589213635, -0.0527715335836165, -0.31036618805429517, -0.9491511968890305, 0.9923852436648681, -0.12223045173358935, -0.015206736179172597, -0.11129552281854607, -0.9427261245884981, 0.3144531135461977
0.00029159829909553974, 0.0011501060168883353, 0.006931592520328279, -0.06291411559519258, -0.3174900181974837, -0.9461722371766339, 0.9918462642423197, -0.12516937108102688, -0.02395029544149263, -0.11082780412617287, -0.9399642104293875, 0.3227762087645695
0.0002907742686192851, 0.0011459476265426025, 0.006919199836240717, -0.069608664490691, -0.3038545446215911, -0.9501721157456832, 0.9913056728849039, -0.12768079335231716, -0.031791160959155296, -0.11165884082342271, -0.9441239488127227, 0.31010042332160914
0.0002898637956263511, 0.0011419732454984839, 0.00690677169879037, -0.0727908014189809, -0.26911475785072847, -0.9603534486509256, 0.9908029037911974, -0.1296397107325602, -0.03877049445273252, -0.11406623105772248, -0.9543431209518524, 0.2760762619715147
0.00028891278525542183, 0.0011384572665465139, 0.006894224700108933, -0.07513020388078828, -0.2185314916837653, -0.9729334199251763, 0.9902075634042844, -0.13147732444100105, -0.04693287264578889, -0.11766237224270672, -0.9669321073892956, 0.22626945409823784
0.000287930217448268, 0.0011355992680653906, 0.006881500482583323, -0.0967718426207597, -0.19331324865450467, -0.9763530090958007, 0.9881271066287851, -0.13627109008936847, -0.07095781247530639, -0.11933160361450124, -0.9716275921877151, 0.20420526554987434
0.0002866633009632101, 0.0011330684519223078, 0.006868718275600793, -0.13959221847664038, -0.20729039452341524, -0.9682689217769497, 0.9832324737106514, -0.14488775763351336, -0.11073138818223843, -0.11733675972006036, -0.9674906873072523, 0.2240398509018824
0.000284836782465705, 0.0011303561249453172, 0.0068560487936233224, -0.151878113944764, -0.2264579022253672, -0.9621069883460297, 0.9817649025933993, -0.14715629250902093, -0.12034409670097147, -0.1143272257179128, -0.9628405081292984, 0.2446782404811673
0.0002828494917180679, 0.0011273929745470614, 0.006843459841426613, -0.15107707959240663, -0.23960495126765724, -0.9590438902103767, 0.9821230248888015, -0.14659303405217924, -0.11808829895737843, -0.11229461253818099, -0.9597395217950546, 0.2574683869905188
0.00028087259187742906, 0.0011242576545418346, 0.006830910395019272, -0.151679104658124, -0.24869681941749341, -0.9566312462081367, 0.982192389556712, -0.14647948519606138, -0.11765147816144568, -0.11086730404851626, -0.9574412005070178, 0.2664860005041434
0.0002788875737693316, 0.001121002969652425, 0.006818391001851867, -0.15370290775358722, -0.2537618136982147, -0.9549766269687886, 0.9819719971043922, -0.14684518516250572, -0.11902725947194266, -0.11002914636996873, -0.9560551414553357, 0.27175752693515964
0.00027687590144298704, 0.00111768172072122, 0.006805892213892313, -0.15715720473128558, -0.2548158592853936, -0.9541333716298236, 0.9814529339079955, -0.14769648421568832, -0.12221246693244027, -0.10978046968580821, -0.9556435666120353, 0.27330133930991257
0.00027481903894760733, 0.001114346708590607, 0.0067934045831085305, -0.16204299151024357, -0.25185911217696993, -0.9541011772950705, 0.9806179495817341, -0.1490172121004957, -0.12720969874939322, -0.11013857571499022, -0.9562221803070792, 0.27112476100173705
0.00027269845033240405, 0.0011110507341029728, 0.0067809186614684325, -0.16835256829457926, -0.2448756643472606, -0.9548263306796199, 0.9794415735359617, -0.150768407798338, -0.1340264572364478, -0.11113782784461078, -0.957760302069595, 0.2652236546794796
0.0002704955996465891, 0.001107846598100706, 0.006768425000939943, -0.1760673410061487, -0.23383662735185054, -0.9562011938602337, 0.9778905119062686, -0.1528876535191568, -0.14267274485725154, -0.11282924334905671, -0.960180085770434, 0.2555851418513238
0.000268191950939374, 0.001104787101426193, 0.006755914153490973, -0.1840075298783023, -0.22152769553551657, -0.9576360002938533, 0.9761966613953779, -0.15498618470891246, -0.15172132621979317, -0.11480987426438419, -0.9627589327864471, 0.24477322180193234
0.00026578413145042794, 0.0011018883140613254, 0.006743383065081989, -0.18523137015331959, -0.2250467261868094, -0.9565789620014248, 0.9760470026626363, -0.15516845205969612, -0.15249590184225076, -0.11411217334012841, -0.9619130535126328, 0.24839824753326153
0.0002633606064333629, 0.0010989438540032323, 0.00673086740402906, -0.17962973535110335, -0.24395175794989174, -0.9530061374255939, 0.9774883534337929, -0.15325667640283028, -0.14501348226716929, -0.11067825928783406, -0.9576011335264363, 0.265989458418749
0.0002610108654318542, 0.0010957527150365987, 0.006718401107224573, -0.17394493539154995, -0.26000104027599735, -0.9498118858526823, 0.9788301300131039, -0.15129713277931806, -0.13784322323308992, -0.10786443357362784, -0.9536816222766152, 0.280814222043122
0.00025873513860451774, 0.001092351113597847, 0.006705974689722434, -0.16935262985835817, -0.2702465864598236, -0.9477797577849355, 0.9798227467719922, -0.14974162433596264, -0.13238138407425704, -0.10614646328656666, -0.9510753011449938, 0.2901528905313766
0.00025651889006404657, 0.0010888145071494568, 0.006693571484017061, -0.16588679664965617, -0.27474452143794986, -0.9470992654612016, 0.9804906308574841, -0.14864949783305606, -0.12861356691528764, -0.10544995731629543, -0.9499572488979766, 0.2940434181684387
0.0002543475839231343, 0.0010852183531539093, 0.006681174822602877, -0.1635609865526558, -0.273524384806104, -0.9478566424277273, 0.9808522539213376, -0.1480490665123595, -0.12653193226316786, -0.10571972216835374, -0.9504030117909251, 0.29250206071647566
0.00025220668429447405, 0.0010816381090736843, 0.0066687680379742985, -0.16237129208401468, -0.26658149940714815, -0.9500367717519171, 0.9809197033952833, -0.14793847917233197, -0.1261377892270467, -0.10692099418672157, -0.9523909441789198, 0.2855160073412853
0.0002500816552907592, 0.0010781492323712629, 0.006656334462625746, -0.16226113879876322, -0.25398731230400834, -0.9534997472597014, 0.9807066465220573, -0.14827343981584137, -0.12739489986902414, -0.1090219991707596, -0.9557747811245934, 0.27314606250694284
0.00024795843417921314, 0.001074825754996822, 0.006643857717989149, -0.1617750534483429, -0.2399914493277784, -0.9572005726760396, 0.9805249420932077, -0.14854401443991455, -0.12847378607010182, -0.11135380556989344, -0.9593428897029607, 0.2593483178304335
0.0002458416199428201, 0.0010716854851856186, 0.006631332821497792, -0.15905723203927943, -0.2302292168904817, -0.9600496365428187, 0.9807776052941646, -0.14818025312368546, -0.12695629774707717, -0.11303134914459269, -0.9617885008016035, 0.24937280091533068
0.000243760209887406, 0.0010686727243011112, 0.006618769689714489, -0.15400184302464337, -0.22510876252197118, -0.9620860031103455, 0.9814738970294377, -0.14717818263012766, -0.12266854530620983, -0.11398430503741278, -0.9631534808084949, 0.24360408578597054
0.00024174484769676167, 0.0010657268135258946, 0.006606179244582566, -0.14661488736108427, -0.2246381590816114, -0.9633492473078086, 0.9825758733230884, -0.14553419752950605, -0.11560471665469797, -0.11423102891713294, -0.9635131004993485, 0.2420615153192795
0.00023982617705467849, 0.0010627870940425653, 0.006593572408045358, -0.13688909339769387, -0.22880781727286886, -0.9637989203477989, 0.9840255573932953, -0.14320436485071994, -0.10576489154968434, -0.1138203782526312, -0.9628808299278409, 0.2447558556028857
0.0002380348416449474, 0.0010597929070337187, 0.0065809601020461956, -0.12560070367765508, -0.23738242884411295, -0.963262189495543, 0.9856421458506235, -0.1403000717020687, -0.09394386730049337, -0.11284513085931624, -0.9612312273102992, 0.25159591428494976
0.00023639114365558352, 0.0010566863557997163, 0.00656835418442198, -0.12011333942214655, -0.24842284320633645, -0.9611757782352509, 0.9864768477034902, -0.13862351886260113, -0.08744683506642835, -0.11151777722787193, -0.9586811831841856, 0.2617139170367611
0.00023481921282151694, 0.0010534352304126344, 0.006555775216506886, -0.1244366756752446, -0.2608995936396867, -0.9573123397227994, 0.9861233932393713, -0.13937369663012092, -0.09019770503579082, -0.10989161502572653, -0.9552519954055587, 0.2746223920599632
0.0002331909204988352, 0.0010500212786736553, 0.0065432484889587535, -0.13848076709257326, -0.274819048497353, -0.951471264793878, 0.9844773694321156, -0.14280240382524695, -0.1020381425632241, -0.10783035853355133, -0.9508322481093816, 0.2903285203588948
0.00023137904191220708, 0.001046425553724811, 0.006530799464833118, -0.15767907338473602, -0.2927860814589478, -0.9430872813904583, 0.981911945601688, -0.147857258175758, -0.1182673339914918, -0.10481527036285723, -0.944676950977773, 0.31080414635281095
0.00022931575491735758, 0.0010425943432719616, 0.006518458830905412, -0.17591770785659708, -0.31830858727694905, -0.931521660149797, 0.9793024038969068, -0.1528103224387653, -0.13272455341006145, -0.1000987601532638, -0.9355900002789221, 0.33860240636159966
0.0002270128144876954, 0.0010384273624507569, 0.006506264271765216, -0.19229801086997175, -0.34677394181444404, -0.9180246773883177, 0.9767984672461757, -0.15750014028042406, -0.14511533412141106, -0.09426679903854927, -0.9246304878653523, 0.3690152185329305
0.0002244925677687267, 0.0010338825630265306, 0.0064942326929118875, -0.2054770147171944, -0.35958790794334006, -0.9102064232270842, 0.9744049224396193, -0.16182307895013368, -0.1560395406444739, -0.09118247391000907, -0.918972158218099, 0.38363515072477344
0.00022179766899436753, 0.0010291664490917208, 0.00648229503566227, -0.21533173389624188, -0.3524144545330447, -0.9107339329427748, 0.972160418641902, -0.1655966656612124, -0.1657765506574757, -0.09239244992552176, -0.9210764336134463, 0.3782616007985674
0.00021897590223803311, 0.0010245483123486607, 0.006470360525642108, -0.22182283196969285, -0.32505621730041245, -0.9193112023745238, 0.9701141222772416, -0.1686658231891641, -0.17444319948389755, -0.09835253415750228, -0.930532264718569, 0.3527555574934698
0.00021607505157335004, 0.0010202974445022701, 0.0064583383884762495, -0.22454655942175186, -0.27678669859462274, -0.9343275475618511, 0.9683131410364991, -0.1709312744838337, -0.18207734702417316, -0.10930921071841361, -0.9456064841594636, 0.3063982270962019
0.00021314290107394496, 0.0010166831372574704, 0.006446137849789545, -0.22072050932564083, -0.22140574472659308, -0.9498747038241899, 0.9676704229454757, -0.1715808934717491, -0.184861974326687, -0.1220508472709391, -0.9599684855230922, 0.25211921283977334
0.00021025608622154705, 0.0010137873601761482, 0.006433714389861446, -0.20279643496021463, -0.2164897304077656, -0.9549899489499356, 0.9713564007477357, -0.16782940301997948, -0.1682261400863779, -0.1238561613075094, -0.9617512610389084, 0.24432388994168774
0.00020760023791686208, 0.001010952182705706, 0.006421207718146988, -0.18712427651490565, -0.2341471623380573, -0.9540228569105714, 0.9748874942687866, -0.1636357170227472, -0.15105537273721212, -0.12074302736431536, -0.9583310797858363, 0.2588873555417749
0.0002051498353149833, 0.0010078860128505617, 0.006408714736828023, -0.19514748999020393, -0.22439212102069442, -0.9547594635165222, 0.9731134524195332, -0.1657312526794099, -0.15994799343990115, -0.12234241239513105, -0.9603027272215506, 0.25070102955550877
0.0002025973609529883, 0.0010049510269280282, 0.0063962267511889544, -0.2260398085349083, -0.18631463038247675, -0.9561343333773468, 0.9655727668573619, -0.17257980141835033, -0.19464183529195692, -0.1287448517841414, -0.967214076948761, 0.2189102384340112
0.000199643002564685, 0.0010025158797975213, 0.006383729998928956, -0.24997255378475405, -0.15767598074193817, -0.9553282197503622, 0.9589030760545191, -0.17709802368765043, -0.22167810162284782, -0.13423342760843698, -0.9714806097411294, 0.19546562820479246
0.0001963711831542545, 0.0010004521038887695, 0.006371225980526189, -0.24398984472133375, -0.1698729837149925, -0.9547838106485811, 0.9608294456057772, -0.17578236887484372, -0.21425997117904072, -0.13143717940428584, -0.9696616565568189, 0.20610807765279673
0.00019317753445634634, 0.000998228590718085, 0.006358728558442314, -0.21303441909492962, -0.21044126069885305, -0.9541125783031912, 0.9693083271552333, -0.1681662837315827, -0.17933618687658123, -0.12270983329957352, -0.9630340475867851, 0.23980767293855446
0.0001903887468273216, 0.0009954737495662812, 0.006346238476481037, -0.18175248454079698, -0.2250370559915747, -0.9572483260857092, 0.9759102192956426, -0.16075319882843211, -0.14750475565471602, -0.12068669453414596, -0.9609977796525191, 0.24883325594733172
0.0001880081731243567, 0.0009925262393903423, 0.006333700545029677, -0.15688536804606004, -0.2000141667556893, -0.9671511331689995, 0.9795464060888859, -0.15644849703271912, -0.12654132168801954, -0.1259992841701883, -0.9672218984665467, 0.22046763824962967
0.00018595527785710456, 0.000989908989984422, 0.006321045062821691, -0.13851270436684174, -0.14433839326918313, -0.9797860271291148, 0.981112289278307, -0.15488650371803697, -0.11588290121101763, -0.13502928036564454, -0.9773313661161569, 0.16306591995099104
0.00018414290635988494, 0.0009880203921759298, 0.006308225038282715, -0.13107809561246606, -0.13821460322358195, -0.9816900001051029, 0.9819941619127871, -0.15398226045544058, -0.1094391585961622, -0.13603675540019422, -0.9783589254055899, 0.15590963491525167
0.00018242836826029435, 0.000986212506563621, 0.006295384258903806, -0.1328819362374284, -0.19442632054186834, -0.9718748874738675, 0.9827828058480671, -0.15285520629239516, -0.10379423124003458, -0.1283758059417446, -0.9689343072622932, 0.21139054060895812
0.00018069248583964413, 0.000983672648690559, 0.006282688323097882, -0.13339528228393263, -0.24228716269564363, -0.9609904419177564, 0.9835565695725007, -0.15148108976133726, -0.0983359237282707, -0.12174634744075288, -0.9583060107489739, 0.25850999332177294
0.00017894718407507722, 0.0009805026399365422, 0.006270115027511303, -0.13134484257541934, -0.27103673616030555, -0.9535657397266364, 0.984313232401844, -0.14995438846439837, -0.092957742544136, -0.11779640422131683, -0.9508168956386068, 0.2864807814159458
0.00017722507302429273, 0.0009769489765466591, 0.006257612472665346, -0.12696573169898626, -0.2812248677648875, -0.9512056963269105, 0.9850421752647871, -0.14837658788753175, -0.0876145028889065, -0.11649727861095155, -0.9481017677008492, 0.2958570975298162
0.00017555876274499003, 0.0009732581547659982, 0.006245128759081286, -0.12031847246349722, -0.27309641000116686, -0.9544327194876155, 0.9857344974724123, -0.14684288204077944, -0.08224760474791186, -0.11769012565573057, -0.9507131632824026, 0.2868684637333041
0.00017398086329486806, 0.0009696766708396471, 0.00623261198728039, -0.11130265066678627, -0.24643328889662944, -0.9627472950250952, 0.9863797759284871, -0.14545143815632355, -0.07680375497021409, -0.12110597670558973, -0.9581829226519577, 0.2592659428932725
0.0001725239847316262, 0.0009664510210126945, 0.006220010257783936, -0.09970633547206202, -0.20070522341507757, -0.9745645488938312, 0.9869635842433696, -0.14431080864574677, -0.07125499200401153, -0.1263389490387415, -0.9689642943895893, 0.21247744857718862
0.0001712207200247869, 0.0009638275966042379, 0.006207271693327659, -0.08836667518015778, -0.15402054597380707, -0.984108226840694, 0.9874303434458519, -0.14352184170495633, -0.06620270233173657, -0.13104444879509985, -0.9775884371101922, 0.16476710857583385
0.0001700645036052253, 0.0009618123449967547, 0.006194395322363389, -0.08658801127774594, -0.16257077725885227, -0.9828902577014473, 0.9876858540584695, -0.14305053089497638, -0.06334981691731284, -0.13030414420023864, -0.9762721382852826, 0.17295531796428049
0.00016893147284783566, 0.0009596850563782857, 0.006181533901057128, -0.08804269357072532, -0.19672766718438964, -0.9764971628596775, 0.9879584687840519, -0.14245227515708053, -0.06037725780824243, -0.12722636545418925, -0.9700544181986697, 0.20690064684905562
0.00016777960254237486, 0.0009571112510015767, 0.006168758302768995, -0.0852533047859143, -0.21903990835298848, -0.9719842553106477, 0.9884569947631648, -0.14121438870396366, -0.054875002749326114, -0.1252383468704881, -0.9654429112959918, 0.22855052286412966
0.00016666371602922606, 0.000954244222207957, 0.006156035932366841, -0.07802348025948311, -0.22829960985323677, -0.9704594915137148, 0.989144726195229, -0.1393083321489266, -0.046753601294978936, -0.12451926424599352, -0.9635727667045932, 0.2366906759821608
0.0001656422086547995, 0.0009512552535761015, 0.006143330378553211, -0.06700555461268694, -0.2255496189996065, -0.9719247013118756, 0.9899093389811787, -0.13692884510585668, -0.03646905504427167, -0.12485894540997867, -0.9645609678745604, 0.2324486674601498
0.00016476512500077946, 0.000948302873207959, 0.006130608160620886, -0.05686587078657743, -0.21787711970218354, -0.974318137699368, 0.9904661214246596, -0.1349573696129268, -0.02762916388802354, -0.12547165038237, -0.9666002633443881, 0.2234743740407031
0.00016402093006075526, 0.0009454515487177749, 0.006117857408403075, -0.04970285001229408, -0.20846533322824579, -0.9767660065454222, 0.9907761780471738, -0.13373137745023064, -0.021874270262091097, -0.12606423646256879, -0.9688437043854393, 0.21318931670655816
0.0001633705424973445, 0.0009427236717429054, 0.006105075918752836, -0.04553043256113708, -0.19733495736012951, -0.9792782517315861, 0.9909027415783603, -0.13319897883121992, -0.01922989263644892, -0.12664413307881608, -0.9712450497387342, 0.20160435738028834
0.0001627747521869176, 0.000940141437204593, 0.0060922615337190445, -0.04434899160235658, -0.1844856881821951, -0.981834098918853, 0.9908810563744797, -0.13328970061072398, -0.01971263121196351, -0.12723167475927297, -0.9737550444372781, 0.18871463740501196
0.00016219434900584506, 0.0009377270400240805, 0.006079412095350581, -0.046575257901858645, -0.17139645388950972, -0.9841006050935426, 0.9907066932587758, -0.13396018785676989, -0.023556655145434625, -0.1277927747708663, -0.9760522135948877, 0.1760428443671669
0.00016158466274386555, 0.0009354834010621958, 0.006066529877487278, -0.06139760391574893, -0.19044600684848578, -0.9797758175770982, 0.9900296177480914, -0.13630041874929058, -0.03554647423214055, -0.12677417014113324, -0.9721895465001845, 0.19691570648577642
0.00016078155725363677, 0.0009329922902706078, 0.00605371401354299, -0.09153813234401002, -0.240395301488498, -0.9663492481236919, 0.9881507358552, -0.14199115689126948, -0.058280653681181314, -0.12320265238945713, -0.9602336228163089, 0.25054439937318407
0.00015958353837232925, 0.0009298460811139854, 0.006041066774457548, -0.1231648027194305, -0.25738685457619925, -0.9584270647589489, 0.9849647969726468, -0.149597075157103, -0.08640060086059956, -0.12113950675034271, -0.9546584322132239, 0.2719420852102027
0.00015796975401116768, 0.0009264736332107493, 0.006028508847401509, -0.15394117608511407, -0.2626251677577482, -0.9525387842842655, 0.9807831885463932, -0.15755710933716394, -0.11506560894588437, -0.11986013253080491, -0.9519473612325062, 0.2818328761379096
0.00015595118410855066, 0.0009230299330079366, 0.006016018582159099, -0.18380086472595455, -0.26258903006253836, -0.947240330336925, 0.9757236011725028, -0.16548284241060887, -0.14345341746597898, -0.11908272855857063, -0.9506116084703159, 0.2866302035733933
0.00015354002005736253, 0.0009195851982376885, 0.006003592352088042, -0.2127926688506798, -0.2573080584055081, -0.9426090616809243, 0.9698082595430504, -0.1732344541650423, -0.1716442938527796, -0.1191269063036744, -0.9506747009202082, 0.28640250212731744
0.000150748453250488, 0.0009162096466321481, 0.005991226530546069, -0.24095231255467672, -0.2467761833782228, -0.9386391736934012, 0.9630523328977475, -0.18067249448333744, -0.1997189371025561, -0.12030040388444133, -0.9520813857304669, 0.28119183446678203
0.0001475886750808115, 0.0009129734959234569, 0.005978917490890903, -0.2682897554259388, -0.23095397380952282, -0.9352437485036081, 0.9554662554125617, -0.18765343990012515, -0.2277507876200379, -0.12290175711269316, -0.954697045389395, 0.27101422402407627
0.00014407287694121764, 0.0009099469638437574, 0.0059666616064802756, -0.29477518683286946, -0.20977968924793117, -0.9322553680224579, 0.9470599356687317, -0.1940255311369238, -0.25579595680575623, -0.127220546606217, -0.9583040098246882, 0.2558678511949857
0.00014021327794002726, 0.0009072002418832336, 0.005954455247030781, -0.29180984936639703, -0.2103082385705092, -0.9330688380833059, 0.9479746977125785, -0.19337052309656272, -0.2528869575405328, -0.12724379870746622, -0.958320554713678, 0.25579431210205267
0.0001363950318710202, 0.0009044484204250299, 0.005942246315663796, -0.24411750397751825, -0.27930291232829685, -0.9286530716132468, 0.9635865235282673, -0.177621705190861, -0.1998788170862508, -0.10912220638575089, -0.9436315027647301, 0.3124930896251676
0.00013319511045680718, 0.0009007872844734937, 0.0059300734202269185, -0.3226145459546606, -0.33153746018783076, -0.8865679710155734, 0.9421010970574375, -0.2029798504611856, -0.26691703435698433, -0.09146243852883529, -0.9213479759564013, 0.3778260572530722
0.00012898814811735572, 0.0008964639654334291, 0.005918512385201701, -0.44521557106803256, -0.35677073506908485, -0.8212781123814457, 0.8925186973303766, -0.25063334561667305, -0.3749577322588255, -0.07206573523008944, -0.899943091902626, 0.4300104198068792
0.00012315443489454165, 0.0008917891555437103, 0.005907751079229599, -0.5110441354195021, -0.36780231534087515, -0.7768882471007172, 0.8576654999598231, -0.2780822903966126, -0.43252760599346807, -0.05695420820273364, -0.8873509433125462, 0.457563680344424
0.0001164183365404718, 0.0008869411347970149, 0.005897510876319735, -0.5417944051700322, -0.3697971114201855, -0.7547906457500237, 0.8390238664487434, -0.29134680401798085, -0.4595171284271236, -0.049977735601488646, -0.8822511752181433, 0.4681186706064526
0.00010928045683498679, 0.0008820692363950284, 0.005887566873980881, -0.5620223619927558, -0.36295579155629926, -0.7432321023716776, 0.825623373492117, -0.30024650822214055, -0.4777008262960285, -0.04976856200032345, -0.8821083423685281, 0.4684100367842983
0.00010188542566638181, 0.0008772935022376407, 0.005877787504094141, -0.573535818544216, -0.34741389453135696, -0.7418626899456335, 0.8172097562237057, -0.3054309595859673, -0.48875366316702584, -0.0567880196837983, -0.8865751602729182, 0.4590856194735817
9.435514131833486e-05, 0.0008727321037552862, 0.005868047158640779, -0.5762726684652101, -0.3230528978977249, -0.7506974335508737, 0.8141331045002287, -0.307166665951673, -0.49278385473243047, -0.07139397549377631, -0.8951454990603569, 0.4400198129348024
8.681150207452389e-05, 0.0008685032123783993, 0.005858220229602057, -0.5696772887457744, -0.28948679200276983, -0.7691977534699439, 0.8165190745031691, -0.3059604983005017, -0.48957611711785626, -0.09361830835766997, -0.9069650328075795, 0.4106702346221289
7.937640621862693e-05, 0.0008647249995374145, 0.005848181108959244, -0.5527546360647707, -0.2462283632767355, -0.796136863502101, 0.8242092383643979, -0.3025983708611871, -0.4786578708711837, -0.12305057376413249, -0.9207637151138264, 0.37020634411919845
7.217175203432191e-05, 0.0008615156366627657, 0.005837804188693598, -0.5249329856840481, -0.19740741611377477, -0.8279345823216434, 0.8367097699104423, -0.2980648516533206, -0.4594280195474572, -0.15608370022922224, -0.9339098758831963, 0.3216367862210219
6.531267708642505e-05, 0.000858936198335737, 0.005826985921396679, -0.4991259812161575, -0.22096593268652712, -0.8378826358547963, 0.8537436714582488, -0.29089223839503164, -0.43186045094048375, -0.1483071081236427, -0.93088976910991, 0.33384014055607647
5.878095260522171e-05, 0.0008560445664705236, 0.005816021117457495, -0.48859105374976686, -0.28992856301727854, -0.822933904115287, 0.8650062828626883, -0.2844127632369193, -0.41336849265034087, -0.11420557256004296, -0.9138111448514272, 0.3897515602811062
5.237698357503744e-05, 0.0008522444691820469, 0.005805234912521082, -0.4975471431522832, -0.32812355549522715, -0.8029830463155321, 0.8624647284421393, -0.2861001268005104, -0.4174940833568291, -0.09274390834027031, -0.9002675434413385, 0.4253432939307602
4.584603230740495e-05, 0.0008479374221409874, 0.00579469471906123, -0.5275466462922592, -0.3345928199987493, -0.7808598983115181, 0.8453867811825274, -0.2973928562138663, -0.4437101297861073, -0.08375993187458688, -0.894206426882654, 0.43974895103242867
3.89320115003807e-05, 0.0008435522521553353, 0.005784460777433051, -0.5780300768914146, -0.30889107971498964, -0.7552930100837776, 0.8112860764640427, -0.3170442619997472, -0.49122076306749807, -0.08772760309323832, -0.8966990781781499, 0.4338601512584115
3.138000429684889e-05, 0.0008395165665528497, 0.005774592816437656, -0.6311453800720841, -0.2649524999781886, -0.729010069868018, 0.7690310665520375, -0.33639676152667286, -0.543533290160044, -0.1012261225746609, -0.9036799165576685, 0.41607196555262527
2.3131132768881534e-05, 0.0008360537207453049, 0.0057650648842071306, -0.6556641597433226, -0.23647221955148318, -0.7170672207042224, 0.7465857524544777, -0.3448666188367425, -0.5689259437256261, -0.11275736720970436, -0.9083765213789423, 0.402663471831538
1.4540733452767938e-05, 0.0008329555023008041, 0.005755669992522405, -0.6504519103043701, -0.2286685494374552, -0.7243086406219147, 0.750056769261745, -0.34365496588467215, -0.5650806201839152, -0.11969609545022389, -0.9108303678078455, 0.39504542246809543
6.016764618055072e-06, 0.0008299588724838945, 0.005746178154337957, -0.6154998202720007, -0.2411549771157619, -0.7503360902005389, 0.7786827619546468, -0.33309187558401837, -0.5316981837984813, -0.12170919225686175, -0.911533915678521, 0.39280121319563804
-2.03616214129512e-06, 0.0008268037076822089, 0.005736361089604109, -0.5706062500145699, -0.25371331081024445, -0.7810493347811099, 0.8115845233451762, -0.3195100699031678, -0.489125624657977, -0.1254554459196309, -0.9129856905495164, 0.3882242392495986
-9.504183316864278e-06, 0.0008234831405177128, 0.005726138816414566, -0.5561030613874777, -0.2327238172330761, -0.7978652831198642, 0.8190470824587424, -0.31644527290540986, -0.47856479809075264, -0.1411072706535612, -0.9196205816249909, 0.3665879485477068
-1.6785221901348787e-05, 0.000820436095445573, 0.005715692393233362, -0.5759615689179548, -0.17573648513208065, -0.7983639263662844, 0.7998940525012112, -0.32261800487051595, -0.5060505189272682, -0.16863503758933865, -0.9300722072650004, 0.32638614151102163
-2.4329634510223006e-05, 0.0008181341561742419, 0.005705234773840694, -0.6343237796012736, -0.14574402322195767, -0.7592048618965977, 0.7537638588507688, -0.3346927161420577, -0.5655270381262512, -0.17167815155911087, -0.9309884346524019, 0.32216012605646516
-3.261136304766628e-05, 0.0008162313228340859, 0.005695322598430075, -0.7133421803282978, -0.19662547915458303, -0.6726673432772703, 0.6914124018588568, -0.35416295822950755, -0.6296963471181096, -0.11441951022547274, -0.9142795086653506, 0.38858867162387556
-4.187785332138225e-05, 0.0008136771095260881, 0.005686584484288196, -0.7635115169958809, -0.24475386807346666, -0.5976166894236845, 0.6432154434838059, -0.3708296893373103, -0.6698949430843056, -0.057654632759038205, -0.8958687881431466, 0.44056220645029287
-5.1864209203391654e-05, 0.000810475849066132, 0.005678767951323382, -0.7867004698549627, -0.2811524643151213, -0.5495959084086374, 0.6171409640602544, -0.3804873381649386, -0.6887426340622015, -0.015472595411268077, -0.8810123025847563, 0.4728402705835715
-6.224679901902713e-05, 0.0008067652999759845, 0.005671514582220386, -0.7888577146662544, -0.30799813572977114, -0.5318276547891428, 0.6144980881770546, -0.3815227077553447, -0.6905306098166646, 0.009777813573546207, -0.8715374758746841, 0.4902313969012039
-7.270199109362132e-05, 0.0008026832207774131, 0.005664465959663968, -0.7721667196958388, -0.326046380799772, -0.5453918908102117, 0.6351906146746107, -0.37301065491689683, -0.6763105310046252, 0.017071614553348293, -0.8686522945838788, 0.4951280148514161
-8.290553088763657e-05, 0.0007983747895328036, 0.005657259060273889, -0.7340778461291148, -0.3246870091508477, -0.5964126607568933, 0.679059201265561, -0.354717411390617, -0.6426928965166163, -0.0028839207717999966, -0.8767861222356437, 0.48087189443339773
-9.252172099132569e-05, 0.0007941214913020277, 0.005649446241025456, -0.6675940540483678, -0.29200590447125674, -0.6848727843572032, 0.7424544822968244, -0.3296681704554738, -0.5831639898912613, -0.055493429490520864, -0.8978036807356405, 0.4368856030369011
-0.00010121954238952761, 0.0007903170607668699, 0.005640523301819056, -0.6182595428765315, -0.2505465872749108, -0.744970835165376, 0.7796311763015465, -0.31566604761064987, -0.5408605876975487, -0.09965122468273575, -0.9151947082401464, 0.39049747685287867
-0.00010931810272221714, 0.0007870351597002808, 0.005630764954658556, -0.6576267959405002, -0.23786060134968418, -0.7148071988911404, 0.7470577036778269, -0.32822682382685103, -0.5780760672231204, -0.09711737556505534, -0.9141605364738209, 0.39354634913470116
-0.00011792451431808225, 0.0007839222600278645, 0.005621410218806367, -0.7141255278819404, -0.24211049911526464, -0.6568159838535429, 0.6958976988696358, -0.3471849810965655, -0.6286405822160412, -0.07583615981367804, -0.906005019367517, 0.4164177971047579
-0.00012727573386102944, 0.0007807519092387052, 0.005612809447338992, -0.7499247012427704, -0.2568027897752167, -0.6096435594916156, 0.6596093259047812, -0.3603291328660322, -0.6596047704401883, -0.05028398995089345, -0.8967804877291206, 0.4396092323677237
-0.00013711939077401823, 0.0007773810660691757, 0.005604807147869587, -0.7672205671716751, -0.28267308855200096, -0.5757330338943961, 0.6410392351366083, -0.3673515437691573, -0.6738854073994252, -0.021007149360288024, -0.886086208164245, 0.46304420024104076
-0.00014719882828225414, 0.000773667419885493, 0.005597243397124533, -0.7678381670002896, -0.3192948374623769, -0.5554055779945947, 0.6405470093154764, -0.36755635936482495, -0.6742416863020818, 0.011139037419572562, -0.8734718824669458, 0.48674715447038364
-0.0001572671812067374, 0.0007694806351583208, 0.0055899605872619775, -0.7625558915322704, -0.35015018559341315, -0.5439699990057563, 0.6459116803748336, -0.3651092893539914, -0.6704426209473726, 0.03614710838757379, -0.8626065466690604, 0.5045823344102479
-0.00016724731719578185, 0.0007648979593077815, 0.005582841247388897, -0.7614191897234208, -0.3613195441950351, -0.5382276511882508, 0.6466447169627633, -0.3647617493144503, -0.6699249780842702, 0.045732128149443246, -0.8581358011525648, 0.5113819699942195
-0.00017720576319307527, 0.0007601723348197253, 0.005575801877918113, -0.7652230276611989, -0.3529466380457126, -0.538388696602424, 0.642517341113301, -0.366675122427439, -0.6728453172620857, 0.04006475141221088, -0.8608008046493982, 0.5073625827839755
-0.00018721216798101267, 0.0007555570438507364, 0.005568761662142172, -0.7706674143594708, -0.3372449288849992, -0.5406825264291788, 0.6365927728965598, -0.3692869869117936, -0.6770352744085627, 0.02865969190966397, -0.8659636131148702, 0.4992851317841165
-0.0001972929171412872, 0.000751145696659562, 0.005561689240468802, -0.7742272430441434, -0.3285680103591144, -0.5409392190412134, 0.6325008388286077, -0.3710324994015123, -0.6799099743855611, 0.02269063704201671, -0.8685493347856066, 0.49508301125579723
-0.00020742408338295709, 0.0007468462133172365, 0.005554610769381686, -0.7758771670669194, -0.32778734308489843, -0.5390455262197753, 0.63046960693108, -0.3718928324231475, -0.681325029577263, 0.022862553671472635, -0.868476354833931, 0.49520311462468336
-0.0002175789098629138, 0.0007425560708402559, 0.005547555640018552, -0.7756314319961949, -0.33490295491021865, -0.5350101798021567, 0.630509778513689, -0.3718754879588489, -0.6812973217722107, 0.029211314557052885, -0.8657647672709788, 0.4995979051738276
-0.00022773063973804887, 0.0007381727462451152, 0.005540553243517135, -0.7733389949867827, -0.3498484221081407, -0.5287276050872293, 0.6326178914802429, -0.37092424137187535, -0.6798601404272723, 0.04173011157335116, -0.8602449004272812, 0.5081705511705029
-0.00023785252349582054, 0.0007335937387408073, 0.005533632967424877, -0.769800144547085, -0.3693771794014386, -0.520546094781936, 0.6356405052238915, -0.36947906759358556, -0.6778247315706993, 0.0580421017366102, -0.8526697590202271, 0.5192161365735709
