0.0003437925479374826, 0.0012138840975239873, 0.007301871664822102, 0.14837272903889462, 0.8766990966783922, -0.45758521300501165, 0.9859793558918856, -0.16686734178688953, 0.0, -0.07635602813513392, -0.45116957358433263, -0.8891657735423458
0.0003458848489842784, 0.0012262470057860864, 0.00729541895598288, 0.10962356294082219, 0.7162213940991713, -0.6892093942212332, 0.9872965324042313, -0.15869316228862493, -0.007876378953348565, -0.11501404936241572, -0.6795906082911062, -0.7245194086922614
0.0003470052055205877, 0.0012335668127582127, 0.007288375212566893, 0.03150880894961556, 0.4078255628994329, -0.9125160301081496, 0.9884742293431568, -0.14796874209432376, -0.03199920760700049, -0.14807394397066975, -0.900990322705402, -0.407787377818621
0.00034726505381721916, 0.0012369300873907652, 0.007280849833348285, -0.06170742385741879, 0.062223002925143066, -0.9961528455753457, 0.9868342410466855, -0.1456909585694753, -0.0702305153684629, -0.1495004165167888, -0.987371481509409, -0.052413576134639
0.0003467758301449814, 0.0012374233986341423, 0.007272952217101195, -0.13514267910283737, -0.15471788573380277, -0.9786719737067009, 0.9820163454787089, -0.15233799876534565, -0.11152143894700557, -0.1318345686743377, -0.9761431810785913, 0.172522858010815
0.0003456489707746832, 0.0012361333154387426, 0.007264791762599768, -0.18986728427557972, -0.22821266639248344, -0.9549185270272271, 0.9744312122749353, -0.16281806990188466, -0.15483568276668314, -0.12014252746723834, -0.9599006485108019, 0.2532913699325854
0.0003439959119771333, 0.001234146406754965, 0.007256477868618145, -0.23554430325043274, -0.18544418957347242, -0.9540069883180657, 0.9635581961383577, -0.17261961741682025, -0.20434791493300059, -0.12678518786065823, -0.9673742400107151, 0.21934583630155594
0.00034193208156741247, 0.0012325215516747687, 0.007248118894928666, -0.254642076970035, -0.13720847452601811, -0.9572519246022072, 0.9572461399058427, -0.1762558606314777, -0.22937676261648823, -0.13724882612157552, -0.974734684984227, 0.17622444103174054
0.00033971540330317887, 0.0012313271416747817, 0.0072397859455594574, -0.23729567764641243, -0.18032657928487467, -0.9545538676123762, 0.9631108494413337, -0.17205058960932204, -0.20692048304476165, -0.12691829284513229, -0.9684425225166957, 0.21450134620271455
0.0003376539975819008, 0.0012297606308730542, 0.007231493663021988, -0.21703688784929248, -0.2245350389979649, -0.9499889502383048, 0.9691233444832547, -0.16623078507256048, -0.18211883283107022, -0.11702534977638275, -0.9601829733734829, 0.25368036020427887
0.0003357662122786305, 0.0012278076267045466, 0.007223230665905229, -0.19940744283592757, -0.25577129023991513, -0.9459480529239676, 0.9736448335545095, -0.16075836330612464, -0.1617791294319129, -0.11069060409198181, -0.953277397044609, 0.2810868094550276
0.00033402743856391905, 0.0012255773769700223, 0.0072149822796538695, -0.18470203869724358, -0.27438625612804124, -0.9437146493242112, 0.9769156839559213, -0.1561302086422245, -0.1458050218280221, -0.1073354710336545, -0.948860126887716, 0.2968898049118749
0.00033241306760831786, 0.001223179129470246, 0.0072067338297126015, -0.17303965148728837, -0.2807107051274629, -0.9440650290313695, 0.9791425245876005, -0.1526522955879587, -0.13407905576914905, -0.10647626757816919, -0.9475752089826798, 0.3012706885245444
0.000330898490582378, 0.0012207221320059817, 0.007198470641526111, -0.16442912306707677, -0.2749067966957275, -0.9473063478188489, 0.9804858104153475, -0.15046345405073833, -0.12652400787708476, -0.10775267542641975, -0.9496246638149282, 0.29428278715010386
0.0003294590986566508, 0.0012183156323779935, 0.007190178040539093, -0.1588104003023758, -0.2569152352281912, -0.9532962911201545, 0.9810573722765902, -0.1495498149944032, -0.1231311704520498, -0.11093101035125895, -0.9547928648365482, 0.2757986515551988
0.00032807028300168726, 0.0012160688783870446, 0.007181841352196229, -0.15606985024795791, -0.22655670726614943, -0.9614126378596758, 0.9809247412490351, -0.1497429183567146, -0.12395043528575492, -0.1158829316555885, -0.9624183688992718, 0.2456054342969057
0.0003267074365485528, 0.0012140905205912183, 0.007173446022788121, -0.15601432431881898, -0.19528091434092038, -0.9682586922416532, 0.9803419666677593, -0.15048221215249963, -0.1276116460816965, -0.12078559101702664, -0.969133875333983, 0.21491945626862946
0.00032534625425782233, 0.0012123867480467478, 0.007164998230635191, -0.1586533906778652, -0.18819663634873446, -0.9692322362021596, 0.979788178416173, -0.15114730111330638, -0.13103289206180702, -0.12183688711689222, -0.9704310997866802, 0.20837287132561175
0.00032396307295593163, 0.001210746001086572, 0.00715654821326981, -0.1640383248193754, -0.20854145267795335, -0.9641586438472779, 0.9793220927249761, -0.15174557032402347, -0.13379656418537217, -0.11840467343490566, -0.9661696250669475, 0.22912134101119336
0.0003225345029848072, 0.0012089298641724793, 0.007148151589569118, -0.16962960694094995, -0.24400726189975924, -0.9548226288632048, 0.9790951608816908, -0.15207341249009418, -0.1350790255801164, -0.11224287232209848, -0.95777561743542, 0.26470248253290923
0.0003210573928405083, 0.0012068050841394736, 0.0071398371318719366, -0.17106742883507142, -0.27193756611787656, -0.9469878008325362, 0.9794014494468252, -0.151589231237966, -0.1333923003555317, -0.10727877522238818, -0.9503003025920638, 0.2922680264418542
0.00031956641466688576, 0.0012044349486997185, 0.007131583438276709, -0.1680333622138196, -0.2900594899661581, -0.9421413277548605, 0.9802663538798588, -0.15011992965984977, -0.12861524859055085, -0.10412811644415129, -0.9451610968504226, 0.309560715153424
0.00031810038639325505, 0.0012019042880754064, 0.00712336360736904, -0.16062785003127086, -0.298556017892172, -0.9407778685612777, 0.9816434240713766, -0.14762930572005115, -0.12075502503017929, -0.10283424415901106, -0.9429050282361341, 0.31678892966020794
0.00031669812594893246, 0.001199297932488731, 0.0071151507377345356, -0.14887359240673803, -0.2975033095466706, -0.9430421169241013, 0.9834455834640129, -0.1441712537402989, -0.10976991372902571, -0.10330265170381556, -0.9437724463045783, 0.31404160830570194
0.00031539845126323397, 0.0011967007121618852, 0.007106917927958809, -0.13272272233481697, -0.28684029760367175, -0.9487398603656706, 0.9855431216402617, -0.139892462583167, -0.09557643171820943, -0.10530638329941545, -0.9477092078180175, 0.30126039078070377
0.0003142401802654754, 0.001194197457317062, 0.007098638276627465, -0.11403667826879388, -0.2684981291968264, -0.9565063463601401, 0.9875711984514938, -0.13545611774703833, -0.07971679969730816, -0.10816082469406317, -0.9537087578410428, 0.28060798495195266
0.0003132451380996744, 0.0011918546412683535, 0.007090292153599914, -0.10133740944929434, -0.2516515320901941, -0.9624979147212549, 0.9887162606750993, -0.13276176651138566, -0.06938637639641856, -0.11032173549557321, -0.9586687747858664, 0.26226569529355237
0.0003123606983573385, 0.001189658309060832, 0.0070818917868220276, -0.09701613528689744, -0.23895497952294933, -0.9661720277751686, 0.9889959576788564, -0.13208323027388758, -0.06664094818725988, -0.1116909360193399, -0.9620054771370079, 0.2491397133528127
0.00031151385010149936, 0.0011875724848107248, 0.007073458126852556, -0.10109763944720469, -0.2304706686105026, -0.9678132765200274, 0.9884982257114783, -0.13324830973262733, -0.07152723759979349, -0.11247455295960282, -0.9639129415375778, 0.24129093657431855
0.0003106315818747065, 0.0011855611920719962, 0.0070650121244729665, -0.11359412355679302, -0.22619509943330202, -0.9674358645852047, 0.9871100101307932, -0.1361888332481809, -0.08406205801718486, -0.11273953606853904, -0.9645145818964366, 0.23874969804419188
0.0003096408822195093, 0.0011835884543986092, 0.007056574730464721, -0.13450076043970913, -0.22607138780525643, -0.9647804273807306, 0.9845165863958509, -0.14093929352284154, -0.10422670796270735, -0.1124127953242029, -0.9638609044655188, 0.24152747315846124
0.00030846873967845754, 0.0011816182953445276, 0.00704816689560929, -0.16375580154521366, -0.22998372319223745, -0.9593182602905673, 0.9802043072549312, -0.1476287409869136, -0.13192903726435382, -0.1112814157852292, -0.9619320360094341, 0.2496060988829798
0.00030704214279410065, 0.0011796147384637154, 0.007039809570688137, -0.19880776717399862, -0.23711754712877636, -0.9509209959586137, 0.9739396401145615, -0.15588094085180132, -0.1647504467146471, -0.10916523771241338, -0.9588933210335704, 0.26192852031117675
0.000305308839574863, 0.0011775474318709285, 0.007031518976980632, -0.22480092405983573, -0.24354374968445713, -0.943478132513668, 0.968514101145509, -0.16215400670608923, -0.1889087451429088, -0.10698121528638038, -0.9562387359330284, 0.27232792636278247
0.00030334618351231295, 0.001175421138935019, 0.00702328180854191, -0.23631738506222238, -0.24802120997676813, -0.9394889956348681, 0.9659321261227031, -0.1649375418349843, -0.19942601389364242, -0.10549512425428847, -0.9546104371391991, 0.27854926326141943
0.00030128145147906906, 0.0011732541492443193, 0.0070150733856886496, -0.23353223950953186, -0.25070196745073003, -0.939473904175095, 0.9666676775260891, -0.1641537965182357, -0.19648697746916147, -0.10495853627018498, -0.954045100928139, 0.280680692351714
0.00029924202554005197, 0.0011710647808879182, 0.0070068690047722145, -0.21639201239360856, -0.25156675502089354, -0.9433391037906265, 0.9705962461029766, -0.15978322978456852, -0.1800340149261298, -0.105439195857397, -0.9545593157304945, 0.27874556270741957
0.0002973552877601821, 0.0011688713519549046, 0.006998643962143964, -0.1846258765113174, -0.2504136167634151, -0.9503716674343217, 0.9769860420891464, -0.1518689033676256, -0.1497802048099125, -0.10682490011889699, -0.9561531554773954, 0.2726895377259778
0.0002957486202043803, 0.0011666921805343691, 0.006990373554155264, -0.1386505016140056, -0.24708356112564211, -0.9590233324709342, 0.9843521742852457, -0.1407224255372154, -0.1060565694845551, -0.10875125462308019, -0.9587214990665401, 0.26272847551324163
0.0002945430150366904, 0.0011645437193699545, 0.006982034576134247, -0.09287894057820761, -0.24553601220442878, -0.9649277533099648, 0.9895980562173444, -0.1296935389787869, -0.062251691366673405, -0.10985986313446534, -0.9606725002090486, 0.2550277589090491
0.00029373433981758594, 0.0011624058947217475, 0.006973633175800973, -0.06074314071842904, -0.2499369117368507, -0.9663549094443029, 0.9920926819590807, -0.12164440963891184, -0.030898996858134214, -0.10982887261052761, -0.960590535949135, 0.2553496445778889
0.00029320438932117825, 0.0011602253326224064, 0.006965202260673618, -0.04276124675000154, -0.2607181340821728, -0.9644674853706037, 0.9930901422390349, -0.11668782493258964, -0.012486829067252401, -0.10928607031108288, -0.958337104610487, 0.2639063257346242
0.00029283078471108084, 0.0011579474407405685, 0.00695677571733801, -0.03886137501529153, -0.27801970769918255, -0.9597889537095027, 0.9933337366098497, -0.11506798615065801, -0.006888125720810962, -0.10852594733350453, -0.9536584297819074, 0.28063805526206237
0.00029249114724412523, 0.0011555176268379587, 0.006948387432339819, -0.046277794527427855, -0.2990608573177399, -0.9531112051350857, 0.9931150998613211, -0.11656229464527071, -0.011646024835430757, -0.10761395895103731, -0.9470880820110702, 0.30239609910095894
0.00029208686454718763, 0.0011529050319384064, 0.006940061055241941, -0.05461212131857294, -0.31326153557715647, -0.9480953151096821, 0.9927724364129721, -0.11865755968870809, -0.017979794975809583, -0.10686629825972706, -0.9422248106776656, 0.3174775589544881
0.00029160992940537413, 0.0011501692760056957, 0.0069317812088882935, -0.06140443245056168, -0.318215189250198, -0.9460277950493235, 0.9924112119026127, -0.12063045348193135, -0.023838627954042554, -0.10653394841745081, -0.9403123879983739, 0.3232075661419202
0.00029107392265977756, 0.0011473915369861758, 0.006923523217413874, -0.0666677919211356, -0.31396986164607615, -0.9470893999503448, 0.9920466975787755, -0.1224252881620086, -0.029247198865784977, -0.10676495372267898, -0.9415067577008639, 0.31963458802232475
0.00029049242515149056, 0.0011446529928261955, 0.006915262404953674, -0.07039640009471479, -0.30046887138912975, -0.9511902039969963, 0.9916919647961046, -0.12399900204185905, -0.034224179339537655, -0.10766333550724981, -0.9456969413182881, 0.3067016487870382
0.0002898790177216058, 0.0011420348214721036, 0.006906974095642682, -0.07255935133629973, -0.2775657578954379, -0.9579626248333423, 0.9913582770247834, -0.1253197332758208, -0.03877797088722051, -0.10928818375336102, -0.9524978816226356, 0.2842602300644311
0.000289247281211216, 0.0011396182008702482, 0.00689863361361589, -0.07311843901381879, -0.24511567798499584, -0.966732640538292, 0.991054351750562, -0.12637018435814382, -0.04291676107958462, -0.11164661102091665, -0.9612225969624542, 0.25216294996747546
0.0002886106474046407, 0.0011374840069619595, 0.006890216384129219, -0.07595317597637588, -0.2110489698115801, -0.9745201113371507, 0.9905621441860769, -0.12780407235939623, -0.04952532275347636, -0.11409537047831288, -0.969084336592964, 0.2187642452632321
0.00028794851881423035, 0.0011356441687314638, 0.006881720918082521, -0.09002255909368842, -0.19369980911383508, -0.9769218611554802, 0.9892458228093922, -0.13092687100596512, -0.06519859279736058, -0.1152763675190715, -0.9722852145321615, 0.2034030990269242
0.0002871631450149041, 0.0011339542950315373, 0.006873198067349717, -0.11660668937859044, -0.1955923373138965, -0.9737281538377391, 0.9865240566936057, -0.1361098012424324, -0.09079872009305591, -0.11477441159490427, -0.9711939865906464, 0.2088278593799473
0.0002861461823761989, 0.0011322484743747185, 0.006864705886000726, -0.14599912158771838, -0.2110589126974087, -0.9665083506450436, 0.9828752419910055, -0.14197766394552921, -0.11746744920058874, -0.11243004570281534, -0.9671072734250105, 0.22817319411294756
0.00028487323792244725, 0.0011304082833556814, 0.006856279044584978, -0.15214092580007135, -0.2236699680617446, -0.9627174476885497, 0.9821722896333248, -0.14302857372099084, -0.12198532934648892, -0.11041164872027531, -0.9641133608070149, 0.24144294427519164
0.0002835467418024255, 0.0011284581352069237, 0.006847885241587392, -0.1512867607006465, -0.23338642892581085, -0.9605431228372637, 0.9824712248157393, -0.1425706098920397, -0.1200995986840628, -0.10891560239821668, -0.9618754576286211, 0.2508644964237951
0.0002822277036960165, 0.0011264232870031143, 0.006839510463939939, -0.15104399583611103, -0.24129396580462428, -0.9586255438846482, 0.9826433826692599, -0.14229669029345254, -0.119011068509798, -0.10769258943017128, -0.9599629544924149, 0.2585989794721134
0.00028091070349911036, 0.0011243193688783464, 0.006831151905739285, -0.1514266336333695, -0.24740339716585505, -0.9570065484087658, 0.982688957593164, -0.14222230821573922, -0.11872332403638332, -0.10673512660284842, -0.9584176407582352, 0.26465683182659855
0.0002795902574290768, 0.001122162001738484, 0.006822806771825113, -0.1524396251928752, -0.2517232220393272, -0.9557183581773426, 0.982607692139162, -0.14235675334165684, -0.11923371220830428, -0.10603906836636098, -0.9572721526630567, 0.26904598438897387
0.0002782608817032854, 0.00111996680648939, 0.006814472267037092, -0.15408633930002621, -0.25425969769855516, -0.9547823868124906, 0.9823977313267235, -0.14270486397437718, -0.12054052962452627, -0.10560349201245187, -0.9565496996624346, 0.2717730202769992
0.0002769170925391059, 0.0011177494040369273, 0.006806145596214899, -0.15636865070137643, -0.25501620004582104, -0.9542094019616557, 0.9820555958747584, -0.1432670758619181, -0.12264318809069139, -0.10543079099060301, -0.9562642326722073, 0.2728425656361753
0.000275553406153908, 0.0011155254152869602, 0.006797823964198211, -0.15928692283676305, -0.253992882040422, -0.9539996289758165, 0.9815761743255489, -0.14403943212823023, -0.12554224782357845, -0.10552672746567535, -0.9564205444599031, 0.27225695937001837
0.0002741643387650614, 0.0011133104611453508, 0.006789504575826699, -0.1628398830364226, -0.2511866260563361, -0.9541427835408695, 0.9809527349013096, -0.14501355200411356, -0.12923931919037343, -0.10590044561910575, -0.9570142886214316, 0.27001619764764156
0.00027274440658993566, 0.001111120162517963, 0.006781184635940039, -0.16702438982099746, -0.24659129000176314, -0.9546180329850205, 0.9801769598606778, -0.14617656113253533, -0.13373683237517459, -0.10656444324071163, -0.9580319142234943, 0.2661181518913444
0.00027128812584590066, 0.0011089701403106604, 0.006772861349377912, -0.17183509383093967, -0.24019825108282283, -0.9553938981932348, 0.9792390070236627, -0.14751099138487772, -0.1390376731104257, -0.10753449516979754, -0.9594505237881752, 0.26055906192487926
0.00026979001275032597, 0.0011068760154293055, 0.006764531920979987, -0.17726399643672747, -0.23199725423649153, -0.9564281204533922, 0.9781276049277092, -0.1489946634981198, -0.1451446820502402, -0.10882951826440806, -0.9612376731463509, 0.25333430813556646
0.0002682445835205813, 0.001104853408779762, 0.006756193555585941, -0.18295038232030486, -0.22283558178766683, -0.9575350965359998, 0.9769120568644243, -0.15050589904911463, -0.15162719909151443, -0.11032674545083941, -0.9631678347208081, 0.24522587831926698
0.000266649429107298, 0.0011029104931257088, 0.006747844754584591, -0.18596403354923544, -0.21992304180964173, -0.9576279203883382, 0.9762912029470706, -0.15124753529161158, -0.15485370553000843, -0.1107829647295138, -0.9637209340620382, 0.24283553277132247
0.00026502795173840503, 0.0011009929167622233, 0.006739494903427385, -0.18485683356293345, -0.22686431958973213, -0.9562220095679527, 0.9766466379784496, -0.1508137993539741, -0.15302464654365458, -0.10949564197024965, -0.9621786624226849, 0.24944523641075167
0.00026341641823073383, 0.0010990151729825246, 0.006731158810141081, -0.18080437920340225, -0.24037131660583239, -0.953693560119838, 0.9776759521142295, -0.1494681611924158, -0.14767871020324097, -0.10704909676595661, -0.959104216935228, 0.2620297539186269
0.0002618404685573114, 0.0010969200185422722, 0.006722846107422055, -0.17676372824187447, -0.25245526280530833, -0.95132587721555, 0.9786460113875216, -0.1481053116180531, -0.14253701647577147, -0.10491219554145127, -0.9562066497114637, 0.2732439830522352
0.00026029968472778854, 0.0010947194596918949, 0.006714553752747262, -0.17319659863905426, -0.2619470038178603, -0.9494138746672646, 0.9794573797168842, -0.1468955859852614, -0.13814821075997408, -0.10327719757041186, -0.9538372261601519, 0.2820077418318681
0.0002587897663613951, 0.0010924358202024694, 0.006706276815105684, -0.1701178752573238, -0.2688663121416707, -0.9480352391727174, 0.9801181086698714, -0.14586382890827315, -0.13450738445755445, -0.10211954551077851, -0.952068616020692, 0.2883347859921108
0.0002573064130773607, 0.0010900914238450713, 0.006698010363486299, -0.16753766764379555, -0.27323031194802183, -0.9472467083887195, 0.9806352618574251, -0.1450285882640531, -0.13160999881450935, -0.10141801182382, -0.9509531561643415, 0.29223702992396616
0.000255845324494915, 0.0010877085943907774, 0.006689749466878089, -0.16546193887020283, -0.27505120130194277, -0.9470845703777838, 0.9810147756324948, -0.14440232079058815, -0.1294526158137332, -0.10115511245626291, -0.9505234381185191, 0.2937223805080413
0.0002544022002332879, 0.0010853096556106639, 0.006681489194270036, -0.16389298482100317, -0.27433481515632463, -0.9475650366700997, 0.9812613745600921, -0.14399155157543728, -0.12803338576846646, -0.10131734463013314, -0.9507927441183192, 0.2927933629866898
0.0002529727399117089, 0.0010829169312758062, 0.0066732246146511175, -0.1628297496864216, -0.271080002511694, -0.9486844074060232, 0.981378533210806, -0.14379696325982874, -0.1273522984097986, -0.10189527550413811, -0.9517552550921438, 0.2894465187809734
0.0002515526431494079, 0.001080552745157282, 0.0066649507970103165, -0.16226797243875227, -0.265278803732324, -0.9504189925558956, 0.981368478500445, -0.1438134042511069, -0.1274112010909146, -0.10288349977687436, -0.9533859979295138, 0.28367256551455067
0.0002501376095656146, 0.0010782394210261666, 0.006656662810336611, -0.16220012060048936, -0.25691756793610065, -0.9527247683161102, 0.9812322395514991, -0.14402980263932888, -0.12821352509164416, -0.10428045330711026, -0.9556405073234785, 0.27545745192422827
0.0002487233391773023, 0.0010759992814552213, 0.006648355723861873, -0.16231451263467592, -0.24688547180453832, -0.9553541556930697, 0.9810349390120165, -0.14433112093831169, -0.12937919448806157, -0.1059454927113789, -0.9582359267636239, 0.2656303093278367
0.00024730815601839066, 0.001073846743421459, 0.006640026209205497, -0.16159089978544258, -0.23824459585993518, -0.9576679454017802, 0.9809965240432881, -0.14438780378883126, -0.12960702886813155, -0.10739739718223046, -0.9604122420401431, 0.25704887554297556
0.00024589925372494145, 0.0010717695017082522, 0.0066316763543162, -0.159822310437572, -0.23165465984099112, -0.959579568175746, 0.98116185984641, -0.1441489904222501, -0.12861754679272808, -0.10852757193050033, -0.9620588272731563, 0.25032894158820185
0.0002445056981011758, 0.0010697496106610693, 0.006623309390404711, -0.15701494112819317, -0.22712445979875526, -0.9611247515404198, 0.9815256218257992, -0.14362693923849465, -0.12640710432748642, -0.10933326100500389, -0.9632163734520429, 0.24548005204477677
0.00024313655495131496, 0.0010677691246253778, 0.006614928548681764, -0.15317211123979232, -0.2246583396076529, -0.9623237162114823, 0.9820785779892105, -0.1428260001533627, -0.12297316916661849, -0.10981789923794216, -0.963913566729364, 0.24250910267872633
0.00024180089007958032, 0.0010658100979466477, 0.006606537060358093, -0.14829427701989825, -0.2242569954822145, -0.9631809837099338, 0.982807606509463, -0.1417425885062433, -0.11831418845891005, -0.10999098140432412, -0.9641669142741002, 0.24142109565834097
0.00024050776929019325, 0.001063854584970347, 0.006598138156644428, -0.14237929934336063, -0.2259177732666743, -0.9636852675229196, 0.9836956613560571, -0.14036522191644, -0.11242975720696864, -0.10986801603634727, -0.9639806866315197, 0.24221943533428703
0.00023926625838737502, 0.0010618846400419443, 0.006589735068751506, -0.13542296418222952, -0.22963445718870312, -0.9638094401092718, 0.9847216953706693, -0.13867462287149507, -0.10532108828607653, -0.10947055968804344, -0.9633469598452566, 0.24490576048449383
0.00023808542317534695, 0.0010598823175069088, 0.006581331027890056, -0.12757098119267654, -0.23535708139266934, -0.9635002278130828, 0.9858407158640733, -0.13668065672304072, -0.09714155147191071, -0.10882889185390685, -0.9622501973582978, 0.24946107909204582
0.00023697301459462577, 0.001057830022898629, 0.006572929384264479, -0.12158669890840963, -0.24235553067078683, -0.9625385558001492, 0.9866855309626815, -0.13504477108008606, -0.09063428045071267, -0.10802007978819039, -0.960742788969664, 0.25554834338211724
0.00023591273017822305, 0.0010557165861929182, 0.006564535664885104, -0.11989432713546996, -0.25000699630303413, -0.960792304361493, 0.9869938411536727, -0.1344089737822028, -0.08818948515290238, -0.10709111935847798, -0.9588695060154693, 0.26287023906900997
0.00023486721989379654, 0.0010535364589754055, 0.006556157301542919, -0.12257582979635635, -0.2582927511288313, -0.958258848466339, 0.9867800745534736, -0.13486283968966803, -0.08987268180643021, -0.10602004722681287, -0.956606956479587, 0.27140906469918413
0.00023379842337397492, 0.001051284282555631, 0.006547801790313416, -0.12962562500877897, -0.2671996285095515, -0.954883006375881, 0.9860127984336132, -0.13648425034807668, -0.09565987001892971, -0.10476620956299985, -0.9539268357328466, 0.2811541097023489
0.00023266828025138677, 0.0010489546982431332, 0.006539476627272089, -0.14090325336593917, -0.27677224435809183, -0.9505489981815134, 0.9846231475409312, -0.13932235478301086, -0.10538756465687298, -0.1032643719657641, -0.9507819972058272, 0.292147331447362
0.00023143983597564735, 0.0010465417001671964, 0.00653118940573723, -0.15392389784069205, -0.28846020429987823, -0.9450386998471546, 0.9828791545906727, -0.1427282161153178, -0.11652134480713697, -0.10127191686076037, -0.9467942579355938, 0.3054908050916355
0.00023009777490884352, 0.0010440266182666989, 0.006522949621899372, -0.1664227687328928, -0.3035841614480545, -0.9381578326513933, 0.9811190665206202, -0.14605451489917912, -0.126781134193035, -0.09853344283533871, -0.9415438043954445, 0.3221590058458214
0.00022864650103503585, 0.0010413792415563733, 0.006514768506043643, -0.17828585354453025, -0.32213567978100266, -0.929754138596828, 0.9793860217302383, -0.14928171638806959, -0.1360808200726662, -0.09495880614938099, -0.9348494921452669, 0.3421100001029216
0.00022709113925882988, 0.0010385689371316402, 0.006506657351851134, -0.18933403131166496, -0.3422675444774472, -0.9203290458225537, 0.9777039822660766, -0.1524018661253482, -0.14445966309862085, -0.09081600986791402, -0.927160503472236, 0.3634912009289645
0.00022543808640694492, 0.0010355806400115374, 0.006498622068688726, -0.19895423920140876, -0.35572286936984493, -0.913169453557812, 0.9760692305329893, -0.15539162577856597, -0.15212593416190523, -0.08778421219403205, -0.9215827053743892, 0.37812597007385623
0.00022369972169701844, 0.0010324725077842049, 0.006490643241202468, -0.2070563371280894, -0.3602438880753514, -0.9095889260316732, 0.974493735581548, -0.15818840073271118, -0.15918036683569828, -0.08654266327898202, -0.9193480140719187, 0.3838093230428358
0.00022189018160979437, 0.0010293242063813526, 0.0064826940151735575, -0.21369649959562517, -0.35591322145243637, -0.9097579814741533, 0.9729950294629818, -0.16072977180321954, -0.16567019374774739, -0.08726098040308826, -0.9205931344798494, 0.3806491850085298
0.00022002360286131983, 0.0010262154046147287, 0.0064747475353870935, -0.21886792320144396, -0.34267685332066233, -0.9136024334423242, 0.9715881654814168, -0.16296829209484243, -0.17163266725231907, -0.09007368589073052, -0.9252101977226252, 0.36860930690925126
0.00021811412216764218, 0.0010232257712960821, 0.006466776946628185, -0.22249217334799068, -0.3203568098379291, -0.9207978861777173, 0.9702871988477966, -0.16486890269708335, -0.17709036302282594, -0.09507883334888083, -0.9328396214322828, 0.347520152128033
0.00021617587624480863, 0.0010204349752371612, 0.006458755393681933, -0.22441622027951152, -0.2887019323169316, -0.930746235206959, 0.9691061358695177, -0.1664083178341613, -0.18204826056751217, -0.10232623073049166, -0.942846470021538, 0.3171275397571387
0.00021422300180886627, 0.0010179226852497143, 0.006450656021333439, -0.2243346728081967, -0.24803948985557345, -0.9424172993150254, 0.9680926095237639, -0.16754182730772654, -0.18635030316008955, -0.11167208228339194, -0.954152056841348, 0.27771063800999146
0.0002122703801974005, 0.0010157637355772174, 0.006442453168147053, -0.2196044834208711, -0.2155728177867314, -0.951473715397825, 0.9682746420851481, -0.16736351927872697, -0.18556311570330353, -0.11923962578073946, -0.9620383633962464, 0.24548747218043804
0.00021035579022786807, 0.0010138842951021917, 0.0064341578819880575, -0.20766512486771518, -0.21162789551507502, -0.9550334181344319, 0.9707403100143505, -0.16492793414714635, -0.17453374187015336, -0.1205754802060478, -0.9633340076929783, 0.23968550893882998
0.00020854363232875915, 0.0010120375566921012, 0.006425823929170088, -0.19251769440431532, -0.22763521242957305, -0.954525613801636, 0.9742073766974826, -0.16102391629963111, -0.15808632315206364, -0.11771543878971849, -0.9603403086623369, 0.2527638562549469
0.00020686355526854298, 0.0010100510135866287, 0.006417493907391576, -0.1861760441424623, -0.2352875202098442, -0.9539278082858085, 0.9755955076905383, -0.15930686721955845, -0.1511116389651404, -0.11641256788467855, -0.9587810515911296, 0.25920457007603664
0.00020523913132653967, 0.0010079980820032774, 0.006409170692781126, -0.1909181675670101, -0.2295335053770969, -0.9543922795172629, 0.9745652343263184, -0.1605654769396308, -0.1563372369515242, -0.11735781752973759, -0.9599651543282449, 0.25435024108540905
0.00020357463347224987, 0.0010059969208143942, 0.006400849934617293, -0.2066975003290748, -0.21024902167866993, -0.9555477446160784, 0.9709464409851312, -0.16443924210828947, -0.1738468992911829, -0.1205784064251118, -0.9637194013497984, 0.23812971961930127
0.000201774334675174, 0.0010041656888923251, 0.006392527282178623, -0.23103856764976502, -0.18005402539466042, -0.9561389690821749, 0.9647544787843315, -0.1696390123766041, -0.201175051001518, -0.12597609266808507, -0.9689185483925207, 0.21290108185965773
0.00019976195137663924, 0.0010025973892044244, 0.006384199157086642, -0.24815714405892902, -0.15935712999484905, -0.9555225465536232, 0.9599489592447794, -0.1728851976898053, -0.22047381718612719, -0.13006162961219905, -0.9719650269117515, 0.19587740799555578
0.00019759813007588735, 0.0010012078650236188, 0.006375867420164773, -0.25169384986434923, -0.157152349860113, -0.9549624834902716, 0.9589747181307309, -0.17349936557490214, -0.22419959886492152, -0.13045189123407794, -0.9722145386068608, 0.19437385368125312
0.00019540233744819768, 0.0009998368582571327, 0.00636753626871988, -0.2417144421909566, -0.17348751237109775, -0.9547126329360072, 0.9620327842651814, -0.17137018576096666, -0.21242688490686598, -0.12675586943135145, -0.9698114984281947, 0.20832332342097992
0.00019329426711591188, 0.0009983238171887689, 0.006359209909073728, -0.22008754205923886, -0.20343093831469417, -0.9540321415794785, 0.9680314736957977, -0.16617844941235152, -0.18788238045449818, -0.12031849302856581, -0.9648837112768097, 0.23350135748647233
0.0001913747666177538, 0.0009965495877899476, 0.006350889287407065, -0.1976611145792478, -0.22300953877202812, -0.9545663043497695, 0.9732912769758024, -0.1606395372910121, -0.1640092351721127, -0.11676546555425246, -0.9614893055440694, 0.24880542875564804
0.0001896498092454953, 0.0009946034187176562, 0.006342558937821095, -0.17808107483116106, -0.2249660533488871, -0.9579548035411714, 0.9770339245677105, -0.1561876249663063, -0.14494873594206228, -0.11701214052736439, -0.9617669679543014, 0.24761352612729823
0.00018809557953409782, 0.0009926399932132775, 0.006334198241327932, -0.16135641624299882, -0.20935616146285227, -0.9644346035863479, 0.9795366227869421, -0.1530972810634657, -0.13064925239023037, -0.12030008959418124, -0.9657801096463492, 0.22977525596790807
0.00018668825135421426, 0.0009908140179436284, 0.006325786577094897, -0.14734568204012433, -0.17598365587767356, -0.9733031402641518, 0.9810235542040543, -0.15138454303791624, -0.1211425037963401, -0.12602395042600262, -0.9726831308258255, 0.19494997031519284
0.00018540399627124053, 0.0009892801562012825, 0.006317303332198598, -0.13652958392878237, -0.1367527337513847, -0.9811515492133498, 0.9818067344204086, -0.15061800872567196, -0.11562764243141427, -0.13196669640089936, -0.9790877924165107, 0.1548285690110083
0.0001842133799305325, 0.000988087593866032, 0.006308747127502232, -0.13119850811359257, -0.13006437272840843, -0.982786960849366, 0.9823956584833798, -0.15004513371055844, -0.11128893944497477, -0.13298767484911603, -0.9800865863772172, 0.14746037278428234
0.00018306931775208878, 0.0009869534214448582, 0.006300177141398412, -0.1315077067442342, -0.16114158036766693, -0.9781304177580223, 0.9829080310693475, -0.14942729010948352, -0.10753272725042776, -0.1288313840888591, -0.9755536254082331, 0.1780381937298901
0.00018192422887423519, 0.0009855502988750332, 0.006291660178475141, -0.13315563548153653, -0.20192218147381924, -0.9703076879878683, 0.9833982442411365, -0.14869473385809726, -0.10400850612483412, -0.12327801897726215, -0.9680481954694837, 0.21836946051432687
0.00018076508086654306, 0.0009837925235205182, 0.0062832134445512475, -0.1335655533279496, -0.23433964760803944, -0.9629357052904096, 0.9838923735344318, -0.1478402748839822, -0.10049403177806512, -0.1188109433721525, -0.960847637599827, 0.2503113602173315
0.00017960114867455549, 0.0009817504142122873, 0.00627482212030427, -0.13280980674976914, -0.2582153316155306, -0.9569150420751942, 0.9843861856941987, -0.1468940466999551, -0.0969844134824668, -0.11552226038957017, -0.9548544295141501, 0.2736925753316874
0.00017844207984589643, 0.0009794968958217265, 0.006266470851492969, -0.130977017194543, -0.27372783938655093, -0.952847359712767, 0.9848759760381817, -0.14588543057075531, -0.09347059949537305, -0.11342104209387029, -0.9506789737298055, 0.2886956115329511
0.00017729752192818977, 0.0009771048932202223, 0.006258144283876108, -0.12812218030440814, -0.28103208329502705, -0.9511076043607798, 0.9853587003930847, -0.14484250049404251, -0.08993820995708329, -0.11248528114244916, -0.9487052325192953, 0.29547494532838803
0.00017617712246905946, 0.0009746473312791602, 0.006249827063212451, -0.1242650979762115, -0.2802095816364143, -0.9518617419479092, 0.9858315368735202, -0.14379292075941583, -0.08636999968200451, -0.11266927855700351, -0.9491081004283032, 0.29410788389776693
0.0001750905290161293, 0.0009721971348699262, 0.00624150383526076, -0.1193921217274889, -0.27124655724112484, -0.9550763458772528, 0.9862914564223113, -0.14276517463353333, -0.0827482199217173, -0.11390647153592559, -0.9518631257154014, 0.2845731990991799
0.0001740473891170233, 0.0009698272288639069, 0.006233159245779798, -0.11346065498630813, -0.2540377032535286, -0.9605162804948961, 0.986734827791961, -0.14178983439941598, -0.07905708370130593, -0.1161079643799126, -0.956744735123564, 0.2667554168538938
0.00017305735031936535, 0.0009676105381324876, 0.006224777940528327, -0.10640670078610835, -0.22841601505929124, -0.9677312323637434, 0.9871570875866409, -0.14090056647727897, -0.07528555501451091, -0.11915745236986511, -0.9633136324327689, 0.24047525260181724
0.00017213006017077935, 0.0009656199875470549, 0.006216344565265112, -0.09815656632770851, -0.19421248292480797, -0.9760362697988919, 0.9875525235677103, -0.1401344950282013, -0.07143064117196592, -0.12290362761855844, -0.970898467801537, 0.20555014847678055
0.00017127516459908962, 0.0009639284920329905, 0.006207843767854638, -0.08990649936195197, -0.15898605479856584, -0.9831786489504676, 0.9878939161527899, -0.1395438547257807, -0.0677725832219409, -0.12642164292866953, -0.9773694014996878, 0.169607255774505
0.00017049152437204326, 0.0009625427427382929, 0.006199274216763688, -0.08599030868731994, -0.14873815414129224, -0.9851307671139403, 0.9881182673727554, -0.1391619015244936, -0.06523997891133174, -0.12738899676237064, -0.9790357126615598, 0.15893746203192113
0.0001697415249155809, 0.0009612454624230562, 0.0061906819980455715, -0.08689265842078855, -0.1666254649758771, -0.9821841071480137, 0.9882413590904348, -0.138927869305903, -0.06385971588734424, -0.12581209041923813, -0.9761838974044259, 0.17673798785956218
0.0001689839514915884, 0.0009597927387255624, 0.006182118828376624, -0.08815980403879072, -0.19059170790070368, -0.9777027410370367, 0.9884008524403955, -0.13858671240292206, -0.06210859876417398, -0.12365922467386495, -0.9718377045704919, 0.20059878396494826
0.00016821544347826205, 0.000958131309728615, 0.006173595982853879, -0.08743342532169353, -0.2087835394846765, -0.9740455994340134, 0.9886686829414314, -0.13795849060476773, -0.05917508124970961, -0.12202307776552498, -0.9681822599646747, 0.218479930387951
0.00016745307760121525, 0.0009563108452368427, 0.006165102902261829, -0.08472044499036044, -0.2211401848109479, -0.9715551784960105, 0.9890367498637227, -0.13702218229814647, -0.05505659794482022, -0.12094938453600902, -0.9655681955305039, 0.2303243499075322
0.00016671412987666077, 0.0009543820187724373, 0.006156628814472153, -0.08004005916707445, -0.22771208250756222, -0.9704333034313076, 0.989489184540793, -0.13577912725383698, -0.0497512037943083, -0.12043563677470084, -0.9642153473588022, 0.23618641220954437
0.0001660158763208114, 0.0009523955038575886, 0.0061481629473565235, -0.07339932611034176, -0.2285277417871072, -0.9707665065092805, 0.9900030416620577, -0.13425140069623392, -0.04324972729363099, -0.12044300073653891, -0.964236295025646, 0.23609712181387046
0.00016537558234796227, 0.000950401957820461, 0.00613969453250722, -0.06557992715224348, -0.2247784256640541, -0.972200561875324, 0.9905081603136627, -0.1326140740485383, -0.03615372340841485, -0.12080090027292761, -0.9653435485464427, 0.23134168619816897
0.00016480360941177472, 0.0009484414924509247, 0.00613121522437002, -0.058722138096854046, -0.21971079958794879, -0.9737961157458772, 0.9908898780708817, -0.13125913066528425, -0.030137852505896883, -0.12119801992610012, -0.9666944735341245, 0.22541702421195836
0.00016429152526472758, 0.0009465255128723462, 0.006122723272791093, -0.05318977677524854, -0.21387675527844832, -0.9754114932674116, 0.9911545722750614, -0.13024151354417426, -0.02549042973279684, -0.12158725880962698, -0.9681393916690331, 0.2189124409298736
0.0001638277297576108, 0.0009446605853582864, 0.0061142180393497295, -0.04898455385836597, -0.20727880898910328, -0.977054762450578, 0.9913242638203915, -0.12954773503298253, -0.022216847408735103, -0.12197014980828595, -0.9696663754569832, 0.21182635073064288
0.00016340062274121457, 0.0009428532761823066, 0.006105698885625219, -0.04610731896285978, -0.19991807669832337, -0.9787271722739184, 0.9914153789356006, -0.1291609631964303, -0.020322204510092357, -0.12235056823749019, -0.9712621727398908, 0.20415712149359272
0.00016299860406632886, 0.000941110151617968, 0.006097165173196848, -0.044558227483172154, -0.19179449276677124, -0.9804230907663766, 0.9914387286909967, -0.12906105424934552, -0.019811398931617843, -0.12273472049562055, -0.972912183509069, 0.19590321989308263
0.00016261007358374377, 0.0009394377779388314, 0.006088616263643907, -0.0443367684178633, -0.18290711089467165, -0.9821299505413859, 0.9913995035955108, -0.12922455831820565, -0.020689074364013654, -0.12313113025078498, -0.9746004321318708, 0.18706341826112147
0.0001622234311442494, 0.0009378427214184583, 0.006080051518545687, -0.045451328015481116, -0.17328865631375462, -0.9838217411577174, 0.9912970301451907, -0.12962570658967154, -0.022964629682476416, -0.12354907853543073, -0.976303343118368, 0.17767219087112127
0.00016182699275209058, 0.0009363312523528023, 0.006071470367537237, -0.05023124753147979, -0.17116601250382568, -0.9839608823195012, 0.9910577970997426, -0.13048493297628563, -0.027894893331570508, -0.12361741211996251, -0.9765632997556865, 0.17618983225784887
0.0001613888941510043, 0.0009348384048860048, 0.006062888619974673, -0.06400018563179567, -0.19527789186364772, -0.9786575096469579, 0.9904324982899445, -0.13257167197706757, -0.03831733446292816, -0.12225973405105539, -0.9717465187683948, 0.20189418191535605
0.00016083112466268516, 0.0009331365340437629, 0.006054359499425931, -0.0845930453834476, -0.23299695037574555, -0.9687912250781157, 0.9892212446053655, -0.13626378037618958, -0.05360514321407306, -0.11952131983108989, -0.9628834837472248, 0.24201250139743277
0.000160093617883098, 0.0009311051988465687, 0.006045913295683519, -0.10581658125171348, -0.2519575313194899, -0.96193568056476, 0.9874082683201939, -0.1410200628856492, -0.07168161212363723, -0.11759150813351935, -0.9574083477153915, 0.26370721063286956
0.000159170218060142, 0.0009289065118632932, 0.006037519041903806, -0.1267737472853478, -0.25837692657027783, -0.9576898145095457, 0.9850599397706012, -0.14624098862178442, -0.09094222509958039, -0.11655613265019735, -0.9549109576620328, 0.2730562778597284
0.00015806325754580557, 0.0009266504212952269, 0.0060291567048084286, -0.1473119430083829, -0.2620487112475171, -0.9537450730570568, 0.9823033996950937, -0.15152635558154953, -0.1100899382851805, -0.11566858862524425, -0.9530845904208551, 0.27973298180185113
