0.0003437925479374826, 0.0012138840975239873, 0.007301871664822102, 0.13970483271546694, 0.8416289699254672, -0.5216734962580909, 0.9865014208504741, -0.16375269970292355, -1.447934817206095e-17, -0.08542544337572539, -0.5146316452786411, -0.8531452181790974
0.00034670183016046884, 0.0012314105935868776, 0.007291008079079454, 0.03676577462721599, 0.4328184465231522, -0.9007310753856258, 0.9883657144095384, -0.1488638773098218, -0.03118911047159605, -0.14758554263810486, -0.8891050210079637, -0.43325600887078836
0.0003472021650033941, 0.0012373006952276578, 0.007278750289173203, -0.1069844383589127, -0.07507504388008797, -0.9914222449266663, 0.9835508625141383, -0.15395391758721957, -0.0944769395526884, -0.14554047820700172, -0.9852217664292393, 0.09031079756777033
0.0003457805709293689, 0.0012363031086709188, 0.007265576410711401, -0.20034910169023268, -0.21999219016742538, -0.9547060666599202, 0.971519107520374, -0.17046517490667057, -0.1645972292198579, -0.12653403168607652, -0.9604920928406323, 0.2478791609149294
0.00034292406640150396, 0.0012331665401412542, 0.007251964559302101, -0.2514714603225195, -0.1460390887544047, -0.9567835121902146, 0.9577837901481618, -0.1798547389229153, -0.22428215313838953, -0.13932808752251474, -0.9727922992308036, 0.18510220577984854
0.00033934151416186435, 0.0012310860151233415, 0.007238333879661353, -0.22722441180719216, -0.2028540536139483, -0.9524806032729827, 0.9656727156273556, -0.17335813562401606, -0.19345067357301646, -0.12587800829280726, -0.963741246261337, 0.23528182522855712
0.00033611316310476334, 0.0012282039123896903, 0.0072248012590331884, -0.19758218544058148, -0.25797853043119656, -0.9457316521260584, 0.9736208198966714, -0.16395659162227055, -0.15868438841720234, -0.11412177294564432, -0.9521372348039795, 0.28356817000427714
0.00033329564711166444, 0.0012245251463423098, 0.007211315154255557, -0.1757491333283495, -0.2794655845485717, -0.9439339114510397, 0.9782192642243169, -0.15715829637828915, -0.13560361713431499, -0.11045050128799819, -0.9472065545235627, 0.3009990528769666
0.00033078141718089144, 0.0012205271707962212, 0.007197811435358646, -0.16205561470171978, -0.2683855588900541, -0.9495826291181411, 0.9803075954409602, -0.15383683139082938, -0.12381941539351678, -0.11284943980547917, -0.950948695296914, 0.28803052416139285
0.0003284629243107682, 0.001216687439566446, 0.007184225972372648, -0.1562274842139116, -0.22517985301302432, -0.9617104590120795, 0.9803965523399426, -0.15370886568019745, -0.12327280629263397, -0.12006487136605043, -0.9621162187637935, 0.24477910093697536
0.0003262326507050039, 0.0012134728151663168, 0.007170496778281644, -0.15765978119736943, -0.1894185020268551, -0.969156346769034, 0.9794707773750078, -0.15484496234803768, -0.12907375373728283, -0.1256200209409135, -0.9696100601403315, 0.20994271031275977
0.0003239847816033437, 0.0012107721390981704, 0.007156678817924001, -0.16588816453922692, -0.2195152360919048, -0.9614021936678331, 0.9787503452507333, -0.15581233568083364, -0.13330520515438835, -0.12053579774231687, -0.9630864847837907, 0.24069803549141144
0.00032162322105143274, 0.001207647151106785, 0.00714299243166858, -0.17080535434152697, -0.2697986806848725, -0.9476466656032551, 0.9789540209733291, -0.15549181774240645, -0.13217911875675778, -0.11168955075751821, -0.9502794149700732, 0.2906793383364551
0.00031918951690607377, 0.0012038029497928012, 0.007129489976623741, -0.16402801815829257, -0.2954259817122331, -0.9411792064152428, 0.9806024517130626, -0.1526143555881878, -0.12299467534301176, -0.10730163537147766, -0.9430972101526786, 0.3147284722563896
0.0003168489051818776, 0.0011995873436775062, 0.007116059740071232, -0.1455921514766769, -0.29542556073538373, -0.9442068965499969, 0.9834561218450776, -0.14718863757944176, -0.10559148342999923, -0.10778210349511844, -0.9439593439506238, 0.31196758667283964
0.00031477103499181694, 0.0011953710726779507, 0.007102584155407554, -0.11722535152192888, -0.27164288928255664, -0.9552320962272912, 0.9867749523960476, -0.1402909765793473, -0.08120120204893075, -0.11195271450187554, -0.9521179457360511, 0.2844960581853883
0.0003130987370528408, 0.0011914959054211498, 0.007088957131517027, -0.09881658207900412, -0.24537047232606207, -0.9643799118691289, 0.9883936941164262, -0.1365716871362441, -0.06652878853281759, -0.11538279133869118, -0.9597611711166717, 0.2560181749010156
0.0003116885869810914, 0.001187994375800553, 0.007075195064733249, -0.10266308636311983, -0.23008045326157625, -0.9677413268665063, 0.9878278214611704, -0.13787763162415176, -0.07201356708976896, -0.11686096801617103, -0.9633549417139368, 0.24143481610915427
0.00031022391228593954, 0.0011847118618057042, 0.00706138848358391, -0.12899790576762948, -0.22600790661395387, -0.9655464600191666, 0.9847311677245798, -0.14397114812266243, -0.09786130910644843, -0.11689340280508234, -0.9634275969974188, 0.24112900639373125
0.00030838562577069595, 0.0011814911328753039, 0.00704762894984007, -0.17727601084222516, -0.23268346424983025, -0.9562591811034105, 0.9774153003374723, -0.15519608718819403, -0.14343467219498743, -0.11503280682516744, -0.9600898812018449, 0.25494092132835655
0.00030586027411374513, 0.001178176484891086, 0.007034006741759005, -0.22410981630368285, -0.2435060431513235, -0.9436522649711149, 0.9681482009303503, -0.16654973813088028, -0.18694984825846006, -0.11164161980039328, -0.95549253878684, 0.27307536881056016
0.00030266146748856123, 0.0011747008283716533, 0.007020537625738807, -0.23512894934286305, -0.2498457226908284, -0.9393037272544057, 0.9657494080959844, -0.16916363291286599, -0.19675300775839955, -0.10973813349595961, -0.953394346612575, 0.281063626077805
0.00029930355592417465, 0.0011711327443739968, 0.007007123289235225, -0.20779493039200053, -0.25132514291016533, -0.945334300363934, 0.9719098730508555, -0.16223095319855285, -0.1705060599819228, -0.11051002474732208, -0.9542100347226883, 0.2779761573676281
0.00029634324629151086, 0.0011675522901247808, 0.006993655769935425, -0.14246718025743552, -0.24749438348163805, -0.9583577790650729, 0.9832685554096561, -0.14643163887302052, -0.1083546172508093, -0.11351674102132883, -0.9577600457745171, 0.264215147608708
0.00029431791563407805, 0.0011640338800495479, 0.006980031639892124, -0.07423308535262095, -0.24766750213647148, -0.9659970276478657, 0.9906016112829592, -0.12990394113258835, -0.0428183815881245, -0.11488209940036659, -0.9600967526576173, 0.25498299702855165
0.0002932600726707961, 0.0011605045464225785, 0.0069662659025070415, -0.04190800319973858, -0.2639859766866949, -0.9636156512741907, 0.9926033371946312, -0.12098819656200714, -0.010023536439521944, -0.11394004676974644, -0.9569081776249199, 0.26710373516044866
0.00029266140696843556, 0.0011567334445308174, 0.006952500425828848, -0.044734444907887055, -0.29517159130753967, -0.9543964381344673, 0.992642866519197, -0.12072992435600499, -0.009188303082993787, -0.11251208373919158, -0.9477858497835722, 0.2984007606603861
0.0002920224317300011, 0.0011525172898803422, 0.006938868074005244, -0.057828843112016484, -0.31604991365709656, -0.9469784986902647, 0.9920881940115919, -0.12406975335562322, -0.019175807808090008, -0.11143087636352758, -0.9405951033147135, 0.3207241983593374
0.00029119690123881266, 0.0011480055475313552, 0.006925349566922984, -0.06698669888757453, -0.31243321111304156, -0.9475749420313619, 0.991495256853103, -0.1270507176513242, -0.02820054577632884, -0.11157928934145771, -0.9414051220053336, 0.31828675506872445
0.0002902417394237929, 0.0011435505694841457, 0.0069118381173885485, -0.0720260708106947, -0.2840079050037028, -0.9561128359241813, 0.9909272886264175, -0.12943159818361982, -0.036201796186522375, -0.11346961610523462, -0.9500457732588687, 0.2907536327097032
0.0002892163006711685, 0.0011395071348143868, 0.006898225891387561, -0.07374300664966849, -0.23208793906132796, -0.9698954363809186, 0.9903741418592198, -0.13127443189948038, -0.04388715832772481, -0.11713679228526383, -0.963795731507322, 0.23953446478823237
0.00028816618530189266, 0.0011362021554962843, 0.006884414383685242, -0.09092166980525249, -0.1950400433061159, -0.9765718772660684, 0.9886420226504954, -0.1355156937405071, -0.0649803647232504, -0.11966704228551064, -0.9713881192691095, 0.20514609607170275
0.0002868694630315037, 0.001133420499942505, 0.006870486543329924, -0.135703954336675, -0.20511943479230463, -0.9692834746594389, 0.9836810542536247, -0.14455013020847618, -0.1071300301464996, -0.11813560123801357, -0.9680037589427006, 0.22138812613357334
0.0002849350240786005, 0.0011304965540147739, 0.006856669556795141, -0.15188500535660523, -0.22635645549236988, -0.9621297730580605, 0.9817043326093573, -0.14764532848175518, -0.12023917961102001, -0.11483705187717298, -0.9627894951828492, 0.24464022457828577
0.0002827699288523542, 0.0011272698807821798, 0.006842954558571409, -0.15108439659105685, -0.24050271034486195, -0.9588179970273251, 0.9820814869396355, -0.14705020223630824, -0.11786513917480194, -0.11264749494396592, -0.9594449876564244, 0.25841025046196003
0.00028061613239437104, 0.001123841373951801, 0.006829286047113951, -0.15194038897128312, -0.2498377678473527, -0.9562924280555126, 0.9821171274211563, -0.1469916464784961, -0.11764099579465091, -0.11117583471812317, -0.957065591076491, 0.26770391882102773
0.0002784498520996612, 0.001120279328092722, 0.006815651769507432, -0.15448608009674314, -0.2543978167649384, -0.9546809948257982, 0.9818071527501253, -0.1475056905111581, -0.11956916858253479, -0.11040274391986299, -0.9557844014693163, 0.2725571720628644
0.00027624712096401227, 0.0011166520110459154, 0.006802039503919503, -0.15873058126128717, -0.2541991215017083, -0.9540374254714611, 0.9811377704263003, -0.1485933778631198, -0.12364741605927944, -0.11033257912041375, -0.9556687787528626, 0.27299067255430143
0.0002739839719832124, 0.001113027690652356, 0.006788437028517825, -0.16467187427495977, -0.24923533234330225, -0.9543400457564879, 0.9800834548908665, -0.15022393606919188, -0.12988144779398753, -0.11099367221582855, -0.9567207106275076, 0.26900908271737256
0.00027163643815304934, 0.0011094746347530171, 0.006774832121470056, -0.1722947330851492, -0.2394786268996534, -0.9554917645952653, 0.9786072584270601, -0.1523341499371428, -0.13828282798960065, -0.11243824396080979, -0.9588765791389343, 0.2606018942253197
0.0002691805524693109, 0.0011060611111888723, 0.006761212560943851, -0.18132321882807576, -0.22548262412026385, -0.957224882947401, 0.9767182724475995, -0.15476197685760965, -0.1485602463181235, -0.11464426100247052, -0.9618764560685351, 0.24829493889371348
0.0002665958428076309, 0.001102846922069181, 0.006747567599094257, -0.1857580290637901, -0.2219250283523524, -0.9572059529845934, 0.9758224961901115, -0.15584792967991193, -0.1532379807481974, -0.11517122282773508, -0.9625282876909607, 0.24550943938486638
0.0002639478920000048, 0.0010996834165075654, 0.0067339227822912125, -0.18089803193463336, -0.2400051581550978, -0.9537680148238998, 0.9771189973662855, -0.15416368518151358, -0.14653335168882334, -0.11186763172643624, -0.958452441298055, 0.2624015067443721
0.00026136994387570466, 0.0010962631424411683, 0.006720330791054286, -0.1745281055689315, -0.2584716749859143, -0.9501222729714822, 0.9786445734459824, -0.15196269654170802, -0.1384273734653082, -0.10860358756160432, -0.9539914738034867, 0.27947366365902937
0.0002588824839301266, 0.0010925792776762466, 0.006706789183588177, -0.16944605931486523, -0.2700468118928859, -0.9478199999837266, 0.9797515202012197, -0.15023375814056103, -0.1323509598694411, -0.10665360587463589, -0.951054434457593, 0.2900352927705284
0.0002564667468546362, 0.0010887293085577827, 0.006693276423692137, -0.16569993147140027, -0.27479878356995374, -0.947116234291677, 0.9804715714816274, -0.1490559586967839, -0.1282880302028628, -0.10591992365330154, -0.9498778604249372, 0.2941309573095332
0.0002541039384204083, 0.0010848107982858173, 0.0066797709610965485, -0.16330676524098156, -0.2727645581105638, -0.9481193997937579, 0.9808285728162179, -0.14846388820510792, -0.12622909587857442, -0.10633066901805915, -0.9505566630863045, 0.29178042958430556
0.00025177526439861767, 0.0010809213100603909, 0.006666251245531811, -0.1622591138223128, -0.2639330703898311, -0.9507950958730248, 0.9808373622306166, -0.14844959377156663, -0.1261776008709277, -0.10784270413006172, -0.953048819559446, 0.2829627160992463
0.0002494619305604392, 0.0010771584070815433, 0.006652695726728313, -0.16227646820342995, -0.2490014688897035, -0.9548112988220193, 0.9805585959826838, -0.14887980572102064, -0.1278266141808474, -0.11032310597462919, -0.9569916780929921, 0.2683202197913336
0.00024714870273094124, 0.0010736089267792024, 0.006639085028314632, -0.16088545816867408, -0.235300944377502, -0.9585141287038557, 0.9805260457195771, -0.14892744412527611, -0.12802066259726455, -0.11262567653686129, -0.9604447313413556, 0.2546789646265389
0.00024485522373699506, 0.0010702546287629099, 0.006625421071083158, -0.15672378365566317, -0.22704479028310268, -0.9611910938215952, 0.9810315886618031, -0.14820307132243377, -0.12495147737540546, -0.11408189025586722, -0.9625416940870144, 0.24596505739586008
0.00024262088903566028, 0.0010670177616974657, 0.006611717837499555, -0.14979330644939148, -0.22430495830067274, -0.9629378230315248, 0.9820433673923157, -0.14672334800569214, -0.11858787337144526, -0.1146856133249505, -0.9634103719764149, 0.24225537200348296
0.0002404853192427432, 0.0010638198958868843, 0.006597989447519605, -0.14009184050717477, -0.22707895164893144, -0.9637475945190911, 0.9834980050191038, -0.14445294489887184, -0.10892667640888691, -0.11448122268195411, -0.9631035751299368, 0.2435683748461181
0.00023848813497405003, 0.0010605826016351798, 0.006584250021099079, -0.12792760393876831, -0.23525347184821332, -0.9634782468399831, 0.9852605127260274, -0.1413797557802434, -0.09629894453400956, -0.11356165820086961, -0.961596364718004, 0.24987232969616352
0.00023666432240221564, 0.001057228687184239, 0.00657051409792712, -0.12034553397584194, -0.24695487583714684, -0.9615249563855994, 0.9863753750835194, -0.13917838735609267, -0.08770972535474003, -0.11216314849769499, -0.9589800132397008, 0.2603397056268352
0.00023494851480292621, 0.0010537077667259194, 0.00655680530647829, -0.12417537987186612, -0.26042008123131594, -0.9574768176437237, 0.9860974202813034, -0.13976694461610806, -0.08987257038293939, -0.1104189872632255, -0.9553253804249905, 0.2741551837328834
0.0002331783411096288, 0.0010499953659466527, 0.006543156060739852, -0.13947780584683722, -0.2756391173018673, -0.9510883337993371, 0.9842995360528859, -0.1435113418337261, -0.10275659633890644, -0.10816822547414522, -0.9504880702976397, 0.29132810235135853
0.00023119024349617408, 0.0010460664435782841, 0.006529599377401375, -0.16033696322148674, -0.29599080206350353, -0.9416376709322517, 0.9814896075944385, -0.14903719940826018, -0.12027494908191722, -0.10473876268615596, -0.9434921082268503, 0.3144080681290268
0.00022890452022716006, 0.001041846873429908, 0.006516175628490422, -0.17990390439381096, -0.3252647579935028, -0.9283519927222058, 0.978664286716198, -0.15440534561868804, -0.1355551664476459, -0.09925119188270745, -0.9329318444837231, 0.346103126911706
0.00022633829754968883, 0.0010372071642420632, 0.006502933236979094, -0.1968670817233246, -0.35291532854515906, -0.9147098572835018, 0.9759706314758665, -0.15942611234364812, -0.14854171535157762, -0.09340598819315837, -0.9219729310456208, 0.37582074954532063
0.00022352647871938088, 0.0010321665350133422, 0.006489868592659366, -0.20988631454071108, -0.35890658709329093, -0.909468964126629, 0.9734172285756358, -0.16393597930846598, -0.1599496602068996, -0.09168769863316516, -0.9188640032285628, 0.38377377384356753
0.00022052807759312848, 0.0010270392549554936, 0.006476876069672357, -0.21898294060974163, -0.3411615210344039, -0.9141418316035004, 0.9710637422500747, -0.1677045428070979, -0.17003057021942505, -0.09529784997150205, -0.9249237822044336, 0.3680140172649064
0.00021740487966698295, 0.0010221735108385845, 0.0064638383149289175, -0.22389588332453186, -0.2990719075050879, -0.9275918432002276, 0.9689713365520162, -0.1705661985090813, -0.1788902481041381, -0.10471476672813165, -0.9388626981978936, 0.32798117562086426
0.00021421867043699573, 0.0010179174894326822, 0.0064506379753399064, -0.22312494233747632, -0.2366064170865219, -0.9456387595167495, 0.9675026510795235, -0.17215034780242228, -0.18521036122636028, -0.11897008136918999, -0.9562330579649418, 0.2673283722204293
0.00021104207968910627, 0.0010145489652886109, 0.006437175081846882, -0.20795503640784985, -0.21300712360645177, -0.9546636413551716, 0.9701307638599991, -0.16954618124967819, -0.17349464958916233, -0.12490397849958496, -0.9622276537891422, 0.24190274582653704
0.00020807547152280512, 0.0010115102859505837, 0.006423556210174255, -0.18821286078181726, -0.23283655155968624, -0.9541294772168596, 0.9745958529635068, -0.16436688368664878, -0.15213957714373463, -0.12140363430581055, -0.9585252567381485, 0.2578574989648504
0.0002053902926761562, 0.0010081884737195932, 0.006409943918864593, -0.19427729052065038, -0.22545204095389673, -0.9546872323529194, 0.9732523939742204, -0.16595801561122098, -0.15886382432081542, -0.12262182518379, -0.9600152677348981, 0.25166361219788574
0.00020262176845573107, 0.0010049756976187303, 0.0063963392679112245, -0.22720142899289697, -0.18489064479436776, -0.9561354298064205, 0.9652122128671348, -0.17321333086517277, -0.1958635395950995, -0.12940206642752855, -0.9673740700877376, 0.2178130246935898
0.00019938659778199046, 0.001002342999424273, 0.00638272464710384, -0.2506517562692163, -0.1572408984716295, -0.9552219621255534, 0.9586588087451168, -0.17762129278768563, -0.22231501245715476, -0.13471074750943596, -0.9714555966158547, 0.19526146140286627
0.00019581218341612434, 0.0010001006687310261, 0.006369102723384522, -0.23855788083270385, -0.17805141277622288, -0.9546663458512615, 0.9623876567818768, -0.17494095023678635, -0.2078597171270538, -0.13000052140856222, -0.9683456812206277, 0.21308802428775914
0.0001924108738627628, 0.0009975620480442923, 0.006355491285560367, -0.20289931471132563, -0.21877131762657545, -0.9544479968408999, 0.9716196236887851, -0.16602710209599794, -0.16849423798002336, -0.12160252856144933, -0.9615477689400237, 0.24624929054501823
0.0001895164906063783, 0.0009944412487472793, 0.006341875969485611, -0.17126957802495282, -0.21962764171777643, -0.9604324185681379, 0.9775771203803205, -0.1591056907972237, -0.13794329583150663, -0.1225141026660805, -0.9625222481321803, 0.24195292207059377
0.00018707326195025343, 0.0009913081730772743, 0.006328175019005222, -0.14712994310797822, -0.17375668798974495, -0.97373579230707, 0.9804065748087297, -0.1559802413370921, -0.12030424923599826, -0.1309798759842815, -0.9723573302501797, 0.1933015633560301
0.00018497669979246478, 0.0009888321869591077, 0.006314299545592328, -0.13271467549259455, -0.13063179468772515, -0.9825080911247293, 0.9815646843753545, -0.15488044024476286, -0.111994730307721, -0.1375412130817743, -0.9792585886507469, 0.14877846368927697
0.00018308441853498043, 0.0009869696039719465, 0.006300290683051231, -0.13207325772310785, -0.17387759157155014, -0.9758705025482033, 0.9824555694433641, -0.15373893717293638, -0.105571744641505, -0.13167273318390849, -0.9726926145222926, 0.1911318105121859
0.00018120468976410813, 0.0009844948962444196, 0.006286401634716168, -0.1335013712611502, -0.23203587539350884, -0.9635023281766166, 0.9833067014563871, -0.15229575347773722, -0.09956874179986397, -0.12363379288185017, -0.9607108597299275, 0.24849412317926445
0.00017930283453251346, 0.0009811893223812753, 0.006272675618824453, -0.13181429324243807, -0.2675633849327755, -0.954481444104762, 0.9841389222198847, -0.1506473800551513, -0.09368003338173243, -0.118724782033408, -0.9516907070712808, 0.2831770192040406
0.00017742059804351374, 0.0009773686626193291, 0.006259046142399898, -0.12732890155995835, -0.28096554299130755, -0.9512337853961739, 0.9849378216838371, -0.14892813731164453, -0.08785156420680157, -0.11698221336695708, -0.9480921756709543, 0.2956964460173373
0.0001756001443694968, 0.0009733516268266357, 0.006245446111155946, -0.12014964923644843, -0.2726159182477663, -0.954591338168478, 0.9856919236926641, -0.14726178215546293, -0.08200853055293802, -0.11821799082801908, -0.9507862686399737, 0.2864087603587961
0.00017388363758285067, 0.0009694569248712504, 0.006231808430806042, -0.11015288496126611, -0.24225129320692326, -0.9639401707960321, 0.986387886035552, -0.14577496744390994, -0.07608283084271913, -0.12208718285317627, -0.9591996506495926, 0.25501127421483705
0.00017231324175596307, 0.0009660032666212277, 0.006218066007063625, -0.09713452052782857, -0.1896382781248657, -0.9770374651934617, 0.9870057843574932, -0.14460803391743773, -0.07005782020148009, -0.12800182251311334, -0.9711466624544252, 0.2012205094838798
0.00017093005928383882, 0.0009633028431165789, 0.006204153125328886, -0.08684511052646708, -0.15056942347370753, -0.9847775258871625, 0.9874567864049115, -0.14384974902956144, -0.06508720832096876, -0.1318598565164194, -0.9780777568368109, 0.16117344638786432
0.00016969184123894414, 0.0009611560581562706, 0.006190112388949276, -0.08747320034813842, -0.17607743300292714, -0.9804821144763193, 0.9877028343108266, -0.14336264660953948, -0.06237197007845942, -0.12958221450189208, -0.9738808392941142, 0.18645256914448144
0.0001684451279777761, 0.0009586465115769354, 0.006176138051099618, -0.08726365525941542, -0.20866690889448455, -0.9740858153177196, 0.9881037034588301, -0.14242922070791708, -0.05800851919743969, -0.12663382518786276, -0.9675598370235075, 0.21861343988266937
0.00016720112024410164, 0.0009556718109681309, 0.006162251739737625, -0.0817461920585319, -0.22568824114967626, -0.9707638115889443, 0.9887609831922255, -0.1406993081368718, -0.050551189961752424, -0.12517698750438594, -0.9639857480775177, 0.23465335987953725
0.00016603523914629953, 0.0009524529985962444, 0.006148406505484371, -0.07111221171346829, -0.2274922139610807, -0.97117987310915, 0.9895858354266809, -0.1382528701774372, -0.04007515702500382, -0.12515161871944316, -0.9639156791311088, 0.23495453997979387
0.00016502106925884836, 0.000949208608533416, 0.006134555981659088, -0.05929173680942953, -0.220072506570383, -0.9736799175283168, 0.9902819656483207, -0.1358901840788255, -0.02958861914184343, -0.12580190164627672, -0.9659720232609491, 0.22599099942105855
0.00016417570831773115, 0.0009460708913525832, 0.006120673592379883, -0.05076974252281068, -0.21023292910155883, -0.9763321918105263, 0.9906720604642324, -0.13438406000465178, -0.0225785967725746, -0.12645671931423758, -0.9683713337031643, 0.2150945331760783
0.0001634519499882702, 0.0009430738733256382, 0.006106755291418907, -0.045796565577613656, -0.1983528675384007, -0.9790601689991218, 0.9908330971418415, -0.1337120379844525, -0.01925784272317138, -0.1270922821795305, -0.9709671625947698, 0.20265813818611036
0.00016279909504298947, 0.0009402462453397885, 0.00609279825632257, -0.04437329838046223, -0.1844329894103577, -0.9818429012871648, 0.9908155394254274, -0.13378535063249225, -0.019648073423120326, -0.12773244389714655, -0.9736970536944743, 0.1886755691730181
0.00016216644425441303, 0.0009376166982822421, 0.006078799664637283, -0.04728299416717434, -0.1712475018438922, -0.9840927860597358, 0.9906083991007447, -0.13457499262798284, -0.024177902933014556, -0.1282938739521372, -0.9759937830085827, 0.17600232224305631
0.00016149215285877908, 0.0009351745788891917, 0.006064765754352342, -0.06633398841391447, -0.20002768129620468, -0.977542187681108, 0.9897166488795975, -0.13762269465904933, -0.03899934416527591, -0.12673104162612345, -0.9700767601741865, 0.20709978864864095
0.00016054702008386502, 0.0009323245660676582, 0.0060508376432507815, -0.10016956744447444, -0.24761316794833038, -0.9636668391184678, 0.9873368591444277, -0.14448164800263608, -0.06550557201688118, -0.12301213083595995, -0.9580254550110004, 0.25895027170899504
0.00015911829854689966, 0.0009287928520460309, 0.0060370928342969934, -0.13436474722796246, -0.2598479481330025, -0.9562558018404042, 0.9834916042137072, -0.1530022155178815, -0.09661566378061318, -0.12120387429250973, -0.9534512918328278, 0.2761163793743452
0.00015719979103320268, 0.000925082650886897, 0.006023439074819929, -0.1674822752659128, -0.263220106545798, -0.95008676602812, 0.9785449020312323, -0.16168279230309304, -0.12770493092187454, -0.1199981757379623, -0.9510908737776289, 0.2846516952987766
0.00015480673216068699, 0.0009213216486531153, 0.006009863825967515, -0.19953862912605644, -0.26035253794707724, -0.9446697261323715, 0.9725696408462895, -0.17024056343211494, -0.15851323057220057, -0.11955178455637397, -0.9503866089896427, 0.28718054297350054
0.00015195488499509724, 0.0009176006365831696, 0.005996362411766723, -0.23059034310946225, -0.25126087531310076, -0.9400510976545663, 0.9655895577569027, -0.17849565184282343, -0.1891457327671832, -0.12027011106459318, -0.9513187030696391, 0.283774251077173
0.00014866001260217788, 0.0009140104059155441, 0.005982930156244534, -0.26066576507454514, -0.23591135918856712, -0.9361619462058394, 0.9576201359305138, -0.18626502804718204, -0.21970210419339847, -0.12254400914988237, -0.9537563472566699, 0.2744663838962582
0.0001449378780476734, 0.0009106417478887228, 0.005969562383427922, -0.2897463389472906, -0.21423041200564205, -0.932819591152831, 0.9486732448370929, -0.19335631463317132, -0.2502646801323336, -0.12675225282772298, -0.957454263222725, 0.2592589443774816
0.0001408042443973283, 0.0009075854537411894, 0.005956254417343864, -0.2955286262802611, -0.20719456966592456, -0.9325948966994481, 0.9466560088128179, -0.19479104443806777, -0.25670771313950197, -0.12847268981183468, -0.958711040568366, 0.253708314142113
0.0001365914524814541, 0.0009046318731724026, 0.0059429601781662515, -0.2453217032757258, -0.27816436873735406, -0.9286774713897424, 0.9632160395821764, -0.17832958313142308, -0.20103089531661564, -0.10969103424402535, -0.943834277691334, 0.3116804986863212
0.00013308869181682161, 0.000900660177247805, 0.005929700303994995, -0.33305710521306536, -0.33409162664438, -0.8817345120120939, 0.9385635570231455, -0.2071153086461722, -0.27604655106061643, -0.0903958743259546, -0.9195031451444378, 0.3825474506180027
0.0001283582203368483, 0.0008959150122691804, 0.005917176866131951, -0.4595770319372835, -0.3592724075379863, -0.8122267472187653, 0.8854014596951754, -0.25707173379081927, -0.38727042083721697, -0.06966496167636943, -0.89712733815643, 0.4362445784728892
0.00012178899592125049, 0.0008907795487724511, 0.005905566843419677, -0.5204244421951324, -0.3690775446468743, -0.7700260813786243, 0.8521252016687763, -0.28270565855843816, -0.44040907268128243, -0.05514563125790295, -0.8853582758728098, 0.4616272118243174
0.00011431508633563465, 0.0008854791593688774, 0.005894508359528115, -0.549688494324914, -0.3683646251635064, -0.7497666717952717, 0.8338863226110222, -0.29542379659505824, -0.4662170968203846, -0.04976103062714099, -0.8814943467393942, 0.46956528459567115
0.00010642859905724368, 0.0008801941607557463, 0.005883751311891277, -0.5680109751561401, -0.35721936786140024, -0.7414565768316257, 0.8213438183363487, -0.30351832043305643, -0.48298132597665033, -0.05251537091973857, -0.8833294698956885, 0.4658016567499134
9.829318279284374e-05, 0.0008750778366310946, 0.005873131696851543, -0.5760189891864325, -0.3357260664366056, -0.7453121040286709, 0.8149215266758352, -0.30731088609675383, -0.4913887713885557, -0.06407050379829059, -0.8904201410578221, 0.4506073045808305
9.006643839183365e-05, 0.0008702829729387857, 0.005862487096076344, -0.5733273470291534, -0.3035520688031219, -0.7610202984637515, 0.8149357957720937, -0.307303331455353, -0.4913698314363083, -0.0847077441431252, -0.9018984443948144, 0.4235608505048555
8.190596670361216e-05, 0.0008659623556226838, 0.0058516550912331156, -0.55888013351456, -0.26009522505097066, -0.787402991020756, 0.8213506160860089, -0.3043624437066576, -0.48243825337139823, -0.11417601244517761, -0.9163590872396021, 0.3837314965122385
7.396936857757769e-05, 0.0008622687706266513, 0.005840473263989284, -0.531350917720139, -0.20622154666743692, -0.8216683491093326, 0.8336518226291956, -0.2997494933830395, -0.46386946422849556, -0.15063479300940527, -0.9314627823518777, 0.3311891366399453
6.641195724449812e-05, 0.0008593356787622451, 0.005828786663879068, -0.5016136776387252, -0.21322292911347052, -0.8384030658973195, 0.8515450856872059, -0.2925366009561522, -0.4350785034255201, -0.1524948702341242, -0.932179338754777, 0.328309297691955
5.9260842397706995e-05, 0.0008562959258168364, 0.005816834205484479, -0.4888028081838865, -0.2880410813636851, -0.8234707949638442, 0.8646993813551476, -0.28505990063191694, -0.41356478686627407, -0.11561485456277554, -0.914206316155473, 0.3884070247895469
5.228192556481318e-05, 0.0008521833988066852, 0.005805077042685595, -0.4989080235736221, -0.32914990501300156, -0.8017176086651672, 0.8617136194701287, -0.2870452106762266, -0.4183953692950378, -0.09241440382079212, -0.8995917891231404, 0.42684211473175276
4.51478299807076e-05, 0.0008474767459309864, 0.005793612945534562, -0.5339842691135566, -0.33259001943288113, -0.777331769139083, 0.8413072999101925, -0.30039667760295674, -0.44940389762765387, -0.08404062979941518, -0.8939495036403013, 0.44021751156011124
3.752743090333016e-05, 0.0008427304100858525, 0.00578251977549381, -0.5920741868442497, -0.29844924761371444, -0.7485827969380061, 0.8007309618511497, -0.3227378163957152, -0.5046486189429814, -0.09098397664233629, -0.8982028437201329, 0.4300622833118634
2.9103649529387367e-05, 0.0008384842002881992, 0.005771869255741698, -0.6423576503797741, -0.25353216864638517, -0.7232552028572189, 0.759078543681294, -0.34063962206064397, -0.5547651867277429, -0.10571855807407596, -0.9053651679537061, 0.4112632966055878
1.994974734962265e-05, 0.0008348712462432984, 0.005761562524944537, -0.6568100782895947, -0.23085428104543854, -0.7178487458930399, 0.7450045059167302, -0.34572933726516264, -0.5704730594146934, -0.11648522318725804, -0.9094930050732579, 0.3990659926651601
1.0570825630342323e-05, 0.0008315747617616287, 0.005751312001366173, -0.6362903129686724, -0.23275065999641387, -0.7355010318779047, 0.7618141891269777, -0.3397897540936471, -0.551527029489747, -0.12154743463781673, -0.9112464284068348, 0.3935176842897319
1.494358042194514e-06, 0.0008282546517764222, 0.00574082032619711, -0.5865891803026296, -0.25151368480489966, -0.7698402431074584, 0.8004725354121394, -0.32454809250769767, -0.5038970685571371, -0.12311317396099518, -0.911816539664354, 0.39170619651950017
-6.865992006182185e-06, 0.00082466995823359, 0.00572984819420111, -0.5571548554265859, -0.24299353798853013, -0.7940608336710713, 0.8193053789327139, -0.3167015977315006, -0.4779527110983228, -0.13534091445864438, -0.9168719858792347, 0.37553774561735653
-1.4813163326938486e-05, 0.0008212039357132388, 0.005718521832377601, -0.568867824468937, -0.1908698338306049, -0.7999738150823787, 0.8062817329655829, -0.32123171630493963, -0.4967091216454548, -0.16217017410730927, -0.9275661113760356, 0.33663324799660677
-2.292832846826465e-05, 0.0008184810884095109, 0.0057071098323683, -0.6241172865677598, -0.1442682540626247, -0.7678960108484865, 0.7613623519078018, -0.3330661111680291, -0.5562322668533594, -0.17551348012251797, -0.9318012859301752, 0.3177127347686184
-3.1814736057856305e-05, 0.0008164269448447819, 0.005696176251316015, -0.7100469823203993, -0.19399762774255752, -0.6769033929062216, 0.6941744541542133, -0.3541200940598931, -0.6266743860911442, -0.11813174889670641, -0.9148573000273172, 0.3861101015116452
-4.186219730433492e-05, 0.0008136817974176606, 0.00568659778569729, -0.7648519587921916, -0.2464760196770486, -0.5951899300693073, 0.6417280729432825, -0.37246935586267144, -0.6704115596704369, -0.05644963709581191, -0.8947156814694855, 0.44305449755571313
-5.276465693905135e-05, 0.0008101684445072515, 0.005678113746252824, -0.7879610252662129, -0.2851528425064941, -0.5457153828433693, 0.6156062288713745, -0.3822639825653527, -0.689132221426368, -0.012099323790338984, -0.8789551206084087, 0.47675098565191687
-6.410365212631664e-05, 0.0008060650096860638, 0.005670260738424693, -0.7866456362322205, -0.3127580423702187, -0.5323260748165108, 0.6172873067748401, -0.3815970415592876, -0.687997150261441, 0.012042586577208997, -0.8698080850428719, 0.4932432171886225
-7.546072003044183e-05, 0.0008015496165266066, 0.005662575367654972, -0.7627191634930411, -0.3283795453848318, -0.5571591799596652, 0.6465925795629408, -0.3694433804059566, -0.6674051428692782, 0.013323426534402855, -0.8692976836775024, 0.49410932338735686
-8.641462330451533e-05, 0.0007968335454620535, 0.0056545736442715055, -0.710956760012759, -0.31529339156249186, -0.6285941159676738, 0.7028957218157522, -0.34639319157417764, -0.6212482282342283, -0.021865261152632404, -0.8835167423813068, 0.46788895721811063
-9.652559146060508e-05, 0.0007923495576568645, 0.005645634007647837, -0.6344992009846273, -0.26929312118213944, -0.7244942917883143, 0.7683387368431104, -0.32169709936577406, -0.5533231982539508, -0.08406158109507128, -0.9077401561810675, 0.41102488907627954
-0.00010555267903525086, 0.0007885182957980812, 0.005635326550350562, -0.6333699075599827, -0.2401931266261033, -0.7356288616680532, 0.7668633687926772, -0.322258271798256, -0.555040701085558, -0.10374552424758057, -0.9156729045784735, 0.3883040020646409
-0.00011459112665312018, 0.0007850906416464247, 0.005624828825635484, -0.6976520851439608, -0.23967351333335585, -0.675157889016139, 0.7113956795625113, -0.34334309199720736, -0.6132142433746871, -0.08483958506544179, -0.9081146007989537, 0.4100367259425438
-0.0001245371732873722, 0.000781673746618989, 0.005615203466530806, -0.7429232804913781, -0.2523475070123091, -0.6199884958679489, 0.6668384359886671, -0.359593896624271, -0.6527011029550676, -0.058236582936480666, -0.8983390035032686, 0.43542569422650823
-0.00013515483835455243, 0.0007780672620998574, 0.005606342753227709, -0.7655925958894629, -0.2780866636708775, -0.5801170438865193, 0.6427541285949169, -0.36864820888509203, -0.6715397443636546, -0.027112862139997, -0.8869984811566556, 0.46097569039198116
-0.0001461123081254064, 0.0007740871736987788, 0.005598039884304899, -0.7681192892362758, -0.31684411578467436, -0.5564194135683858, 0.6402610626307976, -0.36967992940918554, -0.6733517071121908, 0.007650436722201864, -0.8734681196727488, 0.4868212348833113
-0.00015708664966297982, 0.0007695603305514745, 0.0055900901598699, -0.7625014882080358, -0.3505527061536042, -0.5437869809851238, 0.6460380337725199, -0.3670429601622966, -0.6692640168981412, 0.035019129056376545, -0.8616218808756446, 0.5063411843771443
-0.00016795820363778654, 0.0007645622384494907, 0.0055823369821961484, -0.7616528926626788, -0.3611691806849732, -0.5379978568934258, 0.6464726427426628, -0.36683698194100944, -0.6689572115357821, 0.0442492178901673, -0.8573140915695697, 0.5128884431456335
-0.0001788100388192905, 0.0007594163925409556, 0.005574671726635181, -0.7664155232522385, -0.3495201010494795, -0.5389275876037143, 0.6413289817987284, -0.36919770961926246, -0.6725995750198606, 0.036116240432852886, -0.8611206362492148, 0.5071162263256264
-0.0001897285857008379, 0.0007544370419229542, 0.005566994029677738, -0.7719084732370689, -0.333928667380594, -0.5409703818567498, 0.6352467961524942, -0.37184907696695685, -0.676897164964379, 0.024876031090362592, -0.8661523590340459, 0.4991605693731712
-0.00020072972521321754, 0.0007496779338364328, 0.005559284189911484, -0.7750684082999093, -0.3273939554804376, -0.5404462603907243, 0.6315398874137235, -0.37342224999983226, -0.6794948077877596, 0.020647834290954764, -0.8679683295604375, 0.4961901307151899
-0.00021177990037362645, 0.0007450102677107376, 0.0055515790302402175, -0.7759878465060497, -0.33023805852328214, -0.5373878364623419, 0.6303015984475839, -0.37395004879870275, -0.6803537726785004, 0.023722501329416362, -0.8666626712315589, 0.49833026922358903
-0.00022284453464810065, 0.0007403014783172893, 0.005543916539260779, -0.774593067302661, -0.34242634372151126, -0.5317422112379012, 0.6315385904811486, -0.3734040396180344, -0.6795060205252178, 0.03412607243354604, -0.8621563792737666, 0.5054916308484342
-0.00023388905150267667, 0.000735419000427508, 0.005536334705570016, -0.7709570338721415, -0.36274575419021005, -0.5234890349759442, 0.6348406680112639, -0.3718564963676957, -0.6772740009391724, 0.05101546983104041, -0.8544812835434827, 0.5169711383740881
-0.0002448839809752118, 0.0007302457367973011, 0.00552886901712523, -0.7684632130287586, -0.38076107775459456, -0.5142813353493167, 0.6364143977497053, -0.37107817568935125, -0.6762231154463317, 0.06664086252740695, -0.846948634330455, 0.5274817591608081
-0.00025584879843660696, 0.0007248128473066926, 0.005521530993820662, -0.7693617875654978, -0.39085435730948476, -0.5052873550824438, 0.6341794624752756, -0.37221651364286384, -0.6776955631742931, 0.07680396609936663, -0.8418359331507188, 0.5342409685223195
-0.00026683022427200946, 0.0007192340179358973, 0.005514318813926776, -0.7738556719325622, -0.3930702346320632, -0.4966318451973226, 0.628092565968218, -0.37532989424302976, -0.6816356791299704, 0.08152991839357136, -0.8394184064778488, 0.5373356597815995
-0.00027787527272979385, 0.0007136238247871131, 0.0055072305118120096, -0.7819604545376292, -0.38741505434435874, -0.48831078547034146, 0.6180682811108263, -0.3803533291888805, -0.6879846981289944, 0.08080499628125008, -0.8397862350874136, 0.5368702188925127
-0.0002890309580583351, 0.0007080968439625382, 0.005500264121844807, -0.7935214929928585, -0.3737914741420263, -0.48021200944698983, 0.6039617012098988, -0.38710588251381534, -0.6966916815886676, 0.07452451697280563, -0.8428694854969726, 0.5329325724592548
-0.0003003442945060074, 0.0007027676515643706, 0.005493417678393608, -0.8081959867918023, -0.35202114183229566, -0.4721232494134468, 0.5855872088302485, -0.39528007835442214, -0.7077014063222715, 0.06250494210879581, -0.8484307722844621, 0.5256028508796041
-0.00031186229632118503, 0.0006977508236948086, 0.0054866892158268515, -0.8254256136425727, -0.32189575502060036, -0.46374096135935633, 0.5627529588454919, -0.4044282589489492, -0.7209347339906477, 0.044515880912618815, -0.8560495933433059, 0.51497323239498
-0.00032363197775224284, 0.0006931609364560502, 0.005480076768512979, -0.8260334077156634, -0.29792996338602273, -0.47844178982866037, 0.5632188127376704, -0.40426033344762813, -0.720665076009086, 0.02129268221755803, -0.8647608453888368, 0.5017323010992678
-0.00033540822863664525, 0.0006889135319781646, 0.005473255917808907, -0.7605723980917517, -0.3262320471340587, -0.5613397177144006, 0.6492010317812769, -0.3711835192791247, -0.6638981965254079, 0.008224815808711816, -0.8693649673401184, 0.494102120989809
-0.0003462483701707988, 0.0006842638739406358, 0.005465255361906493, -0.7560100480422526, -0.3725518247712904, -0.5381950809127974, 0.6528293065468235, -0.3694034794089108, -0.6613281832147969, 0.04756788593940723, -0.8513202730231274, 0.5224854916331012
-0.00035701577527917096, 0.0006789578380862664, 0.00545759016687565, -0.7844359657353719, -0.4052631844873786, -0.46949117878823193, 0.6129360610520925, -0.3909675550413668, -0.6866249019420438, 0.0947079760250425, -0.8263813418780248, 0.555089431599193
-0.0003681963029091495, 0.000673181641647687, 0.0054508985319611895, -0.8074223274861684, -0.41458602182567855, -0.4197470852591795, 0.577499855700515, -0.4098658421324945, -0.7060480919306457, 0.12067767706872382, -0.812482874871698, 0.5703581999914771
-0.0003797397417497283, 0.0006672544481280285, 0.005444897552495727, -0.827758776577775, -0.4021595262453589, -0.39125838425339043, 0.5472863796798433, -0.4250166617762618, -0.720998235663232, 0.12366497651071509, -0.8109430021047542, 0.5719077031496718
