0.0003437925479374826, 0.0012138840975239873, 0.007301871664822102, 0.14731261520084488, 0.8722695576053814, -0.4663097814517727, 0.9860370378511779, -0.16652615405897936, 1.2942696399392072e-17, -0.07765277450524688, -0.4597987156237361, -0.8846214940427347
0.00034602303484313374, 0.0012270912883934476, 0.007294811184223837, 0.10148338991647732, 0.6839081698620119, -0.7224754229501885, 0.9875341037016284, -0.15708803440008304, -0.009987165490759823, -0.12032254816650835, -0.7124555878399101, -0.6913244677851396
0.0003471117033816875, 0.00123442795017033, 0.007287060790159433, 0.010356985886127101, 0.32694651440311356, -0.9449860896134974, 0.9883588814091041, -0.14679961308335074, -0.03995741656217228, -0.1517875303939655, -0.9335715560781793, -0.3246608927768601
0.0003472026580966474, 0.001237299183881722, 0.007278761952894726, -0.0872482959319645, -0.021632428767043254, -0.9959516920426449, 0.9855070448068137, -0.14787390194924538, -0.08312143982418595, -0.1454771442292883, -0.9887696127753643, 0.03422065690408477
0.00034644000353151666, 0.0012371100905547083, 0.007270056142695541, -0.15869792231134724, -0.19881655927494019, -0.9671023447454441, 0.9791742013755447, -0.1573119617140625, -0.12833873173067326, -0.12662090196577333, -0.9673287561422681, 0.21964112712701714
0.0003449678442297985, 0.0012352657712163745, 0.007261084829827706, -0.2132855231361274, -0.21924005368086416, -0.952073045770418, 0.96936769112453, -0.16897908709406914, -0.17824799445927256, -0.12180133424739784, -0.9609265669065805, 0.2485650176285611
0.0003429302847349965, 0.0012331713268938069, 0.0072519894845570546, -0.25202760087031983, -0.1450402863820346, -0.9567891114168097, 0.9581174306248639, -0.17633675449440497, -0.22564648933052175, -0.13598925520922628, -0.9735854684313019, 0.1834073557059329
0.0003405347344297814, 0.0012317927028815514, 0.0072428950979106475, -0.24441182176446805, -0.16298202913058857, -0.9558764143770103, 0.9606743015001682, -0.17467461486902847, -0.215855658618255, -0.1317867513027693, -0.9710435814631764, 0.19926518782825425
0.0003382211400817351, 0.0012302499202996474, 0.007233846802890513, -0.2216876149219003, -0.21504304067820668, -0.9511104520748946, 0.9677343218528386, -0.16832102201584512, -0.18750550886725464, -0.11977012857246985, -0.9619898773913438, 0.24541921705180608
0.0003361213825320758, 0.0012282130981329023, 0.007224838174451763, -0.20189383766772262, -0.25180410129861697, -0.9464848508460109, 0.9729672351774455, -0.1622065950481881, -0.16438911093509362, -0.1121322325781337, -0.9540878969424511, 0.2777456522161497
0.00033420418253401286, 0.0012258219462874633, 0.007215850278757814, -0.1855299653321756, -0.2735170957083789, -0.9438045509103541, 0.9766691991262368, -0.15703733608241663, -0.14648054667515858, -0.10814761875305856, -0.9489613656157935, 0.2962708543320647
0.0003324377172697998, 0.0012232177392103357, 0.007206864140306247, -0.17277149827599392, -0.2806187931842796, -0.9441414630738694, 0.9791141682582719, -0.1532280212539332, -0.13362866091717265, -0.10717021460919414, -0.9475095072949943, 0.3012312710961739
0.00033079016392168983, 0.0012205417513485254, 0.007197860783594644, -0.16363295630141433, -0.2733214500184338, -0.9479027590274649, 0.9805116165536746, -0.15095591003003064, -0.1257349713894472, -0.10872545891077781, -0.9500040516686369, 0.2926962186257532
0.00032922969967193665, 0.001217935257149039, 0.007188821233120594, -0.15803175863535004, -0.25152891180932785, -0.9548608117346914, 0.9810025561245652, -0.15018261694380497, -0.12279725748150769, -0.11251643497590837, -0.9561267636103101, 0.2704841284962696
0.0003277245017027934, 0.0012155395310588812, 0.007179726513381671, -0.15580348651739892, -0.2159638747555867, -0.9638904908699827, 0.980685759486711, -0.15062490024141748, -0.12477011087290096, -0.1182400724331462, -0.964713296388008, 0.23526058115032372
0.0003262427771875799, 0.0012134856683708333, 0.007170559708438935, -0.15672688989127928, -0.18949013155623867, -0.9692936459235695, 0.9800332478170329, -0.1514257108314062, -0.12886072820064862, -0.12235814299916825, -0.9701359410629021, 0.20943910976651997
0.0003247533810353541, 0.0012116849188439308, 0.007161348384028574, -0.16091345205150473, -0.19472648086890376, -0.9675683224440951, 0.9794709513678796, -0.15211450751440378, -0.13227937114361848, -0.12142288242077294, -0.9689905955436631, 0.21520620198444168
0.00032322579335228313, 0.0012098363364541386, 0.007152163039776422, -0.16754951624211578, -0.22875194941360136, -0.9589576138946445, 0.9790612327441234, -0.15267840587551718, -0.13464177255543128, -0.1156125518470664, -0.9614373874666972, 0.2495433586305622
0.0003216364762407334, 0.0012076664741014593, 0.0071430666975177476, -0.17104985519217678, -0.2633528146460747, -0.9494141572868637, 0.9791590293770596, -0.15252810607655012, -0.13409985848641132, -0.10949676811719247, -0.9525652061012365, 0.283954196829698
0.0003200128561631951, 0.001205166706318229, 0.007134054775900286, -0.16919221550004493, -0.2862800668749572, -0.9430894536173419, 0.9799247324185875, -0.1512505641017312, -0.12988758852664836, -0.1054585843283806, -0.9461326493515474, 0.30612333596522123
0.00031840502758198673, 0.0012024461953751492, 0.007125092624930865, -0.16212223704105735, -0.2977340550349514, -0.9407820218994661, 0.9813144965775941, -0.14876648012885701, -0.12202619881293313, -0.1036254749734171, -0.9429861965386953, 0.3162890988858434
0.0003168631881997264, 0.0011996146400014302, 0.0071161454576701534, -0.14989076794953898, -0.29784658142798437, -0.9427725980400365, 0.9832264680456466, -0.1451250300596193, -0.1104736990630701, -0.10391568802630635, -0.9435179593319132, 0.3146035444812435
0.0003154375357190318, 0.001196781738926281, 0.007107178487178821, -0.1324463853087024, -0.2865605414447721, -0.9488630096623736, 0.9854994546840022, -0.14050496225551581, -0.09512718012802822, -0.10606026511466482, -0.9477032297446576, 0.30101463169645415
0.0003141782674525275, 0.001194057190457611, 0.007098156926684417, -0.11241437358940888, -0.2666143593024071, -0.9572250477417876, 0.9876483877869965, -0.13579805825557992, -0.07816360710561472, -0.10914976276771102, -0.9541884880817737, 0.27858689577934453
0.000313109604638357, 0.0011915226315536843, 0.007089057104476178, -0.09992156705487346, -0.2489203626158968, -0.9633557668444556, 0.9887426856828068, -0.13321280530582283, -0.06813405911365851, -0.1113713695078273, -0.9593190301342529, 0.25942902011191354
0.00031215945129921453, 0.0011891556499230803, 0.007079896562606906, -0.09738039490891792, -0.23617211044910155, -0.9668194210572109, 0.9888455124563988, -0.13296482052487313, -0.06711861885967454, -0.11270142493431559, -0.9625710834784129, 0.24648589831665663
0.0003112333922983044, 0.001186909722405022, 0.007070702393411329, -0.10481782335485768, -0.22842801694596562, -0.9679017847805031, 0.9880084447739232, -0.13486806146190392, -0.07516594343798025, -0.11336902999745296, -0.964173867656473, 0.23982538640810083
0.0003102370124988308, 0.0011847383258387315, 0.007061501689224171, -0.12224478862435616, -0.22566062961337216, -0.9665058157593688, 0.9859995794303251, -0.13888313347965486, -0.09228382630826674, -0.11340652987111656, -0.9642555446962018, 0.23947902518847597
0.00030907589676399777, 0.0011825949370634311, 0.007052321542380167, -0.14963156818926163, -0.2277664350899491, -0.9621501155472769, 0.9823037561849385, -0.1451118775107733, -0.11841399237530725, -0.11264867680618068, -0.9628421438905312, 0.24544914251653502
0.0003076556299570095, 0.0011804330329183437, 0.007043189045214039, -0.1862808512388241, -0.23440279298244726, -0.9541251359773345, 0.9762322650081999, -0.15364709055235312, -0.15285004521345996, -0.11077007366025737, -0.9599207791306661, 0.2574530803359637
0.00030588698710281036, 0.0011782074964659618, 0.007034130107633844, -0.21908397165393637, -0.24198985736921658, -0.9452212028381312, 0.9696770788263956, -0.16152754752632076, -0.1833990572190611, -0.10829855106623293, -0.9567391286659904, 0.2700401146429844
0.00030380385503972897, 0.0011759065667036395, 0.0070251425921188035, -0.2351802508649122, -0.24733016728039411, -0.9399564021571263, 0.9661013713602523, -0.16543380683519016, -0.19819131114117228, -0.10648187572989556, -0.9547038514162753, 0.2778527779813868
0.00030156534565925713, 0.0011735524111251218, 0.007016195832279382, -0.2342750022712976, -0.25051554339582044, -0.9393386960132539, 0.966401824684257, -0.16511350576892003, -0.19698995776342385, -0.10574845889053036, -0.9539284526261881, 0.2807806451885247
0.0002993361837009612, 0.00117116871797013, 0.007007257883002646, -0.21634402344103065, -0.25155262690447183, -0.9433538781490255, 0.9705212698437109, -0.16053928416381413, -0.1797654110810006, -0.10622489492721453, -0.9544361760419761, 0.27886888955219175
0.00029728109390440746, 0.0011687791754783838, 0.0069982967991756555, -0.18105217368796225, -0.25019161431109843, -0.9511173778936387, 0.9775493912986283, -0.1517706247290137, -0.14616040859633098, -0.10778357005845313, -0.9562268734969602, 0.27205306178700334
0.00029556480100916216, 0.0011664074718896042, 0.006989280635685475, -0.12991009827673722, -0.24650531038383328, -0.9603949699567873, 0.9854194325610274, -0.13943046781968627, -0.09750736677136951, -0.10987223624206169, -0.9590590579292568, 0.26102454885894383
0.0002943340085351212, 0.0011640720346537301, 0.00698018167481323, -0.08306432580757109, -0.24614729151886464, -0.9656665204179239, 0.9903696067320777, -0.12809271618194995, -0.05253853940185337, -0.11076262835218095, -0.9607308504149629, 0.2544167314102183
0.00029354566037613337, 0.0011617358962185819, 0.006971016712404081, -0.05284714138922815, -0.25307778281470916, -0.9660014572931956, 0.9924707896273025, -0.12034715611999909, -0.022766065764363567, -0.11049394274595185, -0.9599313505972286, 0.25753231012250644
0.00029304303856750975, 0.0011593289086393689, 0.006961829206952807, -0.03940119465920344, -0.2676562333859566, -0.9627085159013967, 0.9931748612973657, -0.11633896192671443, -0.008303061168814872, -0.10977814329995815, -0.9564650472795422, 0.2704133365537969
0.00029266788826392886, 0.0011567804753220912, 0.006952662977473622, -0.04214050637177512, -0.28947723005073017, -0.9562568227233137, 0.993164962559793, -0.11640715216410079, -0.008528309835418201, -0.10884638196254108, -0.9500801588325065, 0.2924040986827376
0.00029226672716355264, 0.001154024765575357, 0.006943559787401305, -0.05164586560081111, -0.3089365683237827, -0.949679367638714, 0.9928174551781993, -0.1186442605022487, -0.015396108058817345, -0.10791758549850523, -0.9436533983418909, 0.3128451031069106
0.0002917752834781386, 0.0011510850350871567, 0.006934522976362036, -0.059600910157438736, -0.31766377250358613, -0.9463284097749548, 0.9924290920224222, -0.12084349728245451, -0.02193960966143131, -0.10738821544264286, -0.9404714651723014, 0.32246115173879353
0.00029120837957664214, 0.0011480635236451222, 0.006925521817383402, -0.0657381064474704, -0.31546592878964214, -0.94665714444755, 0.9920317084537595, -0.12284890284985532, -0.027950608059607855, -0.10747832703859908, -0.9409513243741545, 0.3210280585486395
0.00029058357790767643, 0.0011450652073037916, 0.00691652440331487, -0.07005667287859851, -0.30230287308859594, -0.9506340176469393, 0.9916426981921358, -0.12460134500390384, -0.033455402335628964, -0.10833661295887795, -0.9450330564300904, 0.3085055924079819
0.00028991844091985484, 0.001142195062117702, 0.006907498827005898, -0.07252176184662866, -0.2780011610332595, -0.9578392080734743, 0.9912768682442682, -0.12605742221195806, -0.038466827125615284, -0.11004891886109879, -0.9522735325364431, 0.2847180266299756
0.0002892305310617908, 0.0011395580641413916, 0.006898413181305957, -0.0731280393725372, -0.24246160918829926, -0.9674009809418994, 0.9909432076175866, -0.12720160563479851, -0.04302686138330305, -0.11262259601917114, -0.9617859011202803, 0.24956768875828642
0.0002885368048019451, 0.0011372579616534594, 0.0068892359700742836, -0.07746760842075621, -0.2071157381669071, -0.9752445030089354, 0.9903233522265199, -0.12895817735667042, -0.05127812913585915, -0.11514524601735276, -0.9697797994887412, 0.2151016337064426
0.0002878009182204239, 0.001135290511055126, 0.00687997184848725, -0.09559313396047679, -0.19252444728510612, -0.9766249484511332, 0.98862738240378, -0.1327885843846814, -0.07059100947402958, -0.1160941492973032, -0.9722661822025267, 0.20302861730371594
0.0002868923376044529, 0.0011334606308779983, 0.006870689356529164, -0.1278602040736507, -0.20032486901907232, -0.9713504594464017, 0.9851141787359791, -0.13911394411918862, -0.1009820053521461, -0.114899186540123, -0.96980268993445, 0.21513000610868593
0.0002856776850525694, 0.0011315575749965953, 0.006861461674445533, -0.15096510458721016, -0.21701887878594966, -0.9644233217044587, 0.9821425063360768, -0.1437334285010902, -0.12139521728310175, -0.11227481661023625, -0.9655275800213122, 0.23484219759942326
0.00028424364272656646, 0.0011294960770194852, 0.006852300458896482, -0.15162973542430627, -0.22891997132224606, -0.961563346880993, 0.9822505078090779, -0.14357078612395172, -0.12071192683641171, -0.11041903479003783, -0.9627996032932153, 0.2466263583935502
0.0002828033342936497, 0.0011273216000658992, 0.006843166710865986, -0.15106988080418424, -0.23839423503290205, -0.9593466942752693, 0.982499975855486, -0.14317940039841595, -0.11913629482873649, -0.10895727859018459, -0.9605560098217217, 0.2558524251157166
0.00028136828976103677, 0.0011250570431484694, 0.006834053675089619, -0.15124944359325618, -0.24572977689588693, -0.9574656560730668, 0.9825984618680341, -0.14301976075635242, -0.11851417960636328, -0.10781404615032329, -0.9587294846722373, 0.2630853600503126
0.0002799314174998415, 0.0011227226061298386, 0.006824957735233085, -0.15217559756716276, -0.25093828432764853, -0.9559668221040797, 0.9825463612343495, -0.1431057785256197, -0.11884184523018732, -0.10698240757347179, -0.9573665513330162, 0.26833570552297187
0.00027848562588117753, 0.0011203384888726503, 0.006815875274962089, -0.1538532155720747, -0.25402866000863433, -0.9548814732480415, 0.9823418316303778, -0.1434450528424111, -0.12011678751994789, -0.10645991681007047, -0.9565003694245264, 0.27161246179720355
0.0002770238232761587, 0.0011179248912395472, 0.006806802677942338, -0.15628504569390175, -0.2550059200078613, -0.9542258460413863, 0.9819807446053982, -0.14403895833544392, -0.12233803867100383, -0.10624877277730232, -0.9561510127812367, 0.2729220383932611
0.00027553891805589886, 0.001115502013093173, 0.006797736327839534, -0.15947171215772624, -0.25387059269240864, -0.9540013077493597, 0.9814566691044581, -0.1448826697647223, -0.1255062495345502, -0.10635591046982609, -0.956325642324753, 0.27226767369682864
0.0002740238185915115, 0.00111309005429617, 0.006788672608319383, -0.1634115368050803, -0.25061861001644037, -0.9541944151756648, 0.9807608878859814, -0.14596511804239282, -0.12962355151735283, -0.10679302613983448, -0.9570185456031131, 0.269649314739717
0.00027247143325411063, 0.0011107092147111816, 0.0067796079030475916, -0.16810018027339663, -0.24524169031181034, -0.9547768549378738, 0.9798824516126116, -0.14726888218766754, -0.1346931971587763, -0.10757653282063724, -0.958211036083493, 0.2650639543847661
0.00027087467041480987, 0.0011083796942008507, 0.006770538595689862, -0.1735301057662626, -0.2377282196313706, -0.9557052872008446, 0.9788082791662989, -0.1487700320416873, -0.14071897598342617, -0.1087274345703901, -0.9598712263409162, 0.2585064289616941
0.0002692264384447228, 0.0011061216926278206, 0.0067614610699119, -0.17968222062375885, -0.2280833395078117, -0.9569181207557308, 0.9775250713138637, -0.1504358268760288, -0.14769494556331736, -0.11026801233603803, -0.9619496100269961, 0.24998782615233395
0.0002675197188103219, 0.0011039552327940854, 0.006752371740207835, -0.1849444368735832, -0.22022570769309477, -0.9577558107057292, 0.9763967717652695, -0.15180465157391684, -0.1536381848593702, -0.11155670914774019, -0.9635642092935984, 0.2431030958513882
0.00026576282957215837, 0.001101863187300025, 0.006743273489376059, -0.1857746889341358, -0.22292282886044387, -0.9569708341032566, 0.9762999633173381, -0.15192099835510076, -0.15413757454090712, -0.11102318036333367, -0.9629254501941709, 0.24586262585103075
0.00026399822869921217, 0.001099745730822699, 0.00673418359893441, -0.18218590011176347, -0.23596998739995353, -0.9545294457725922, 0.9772436103202958, -0.15071726250531522, -0.1492622955439776, -0.10864264304876031, -0.9600012874102668, 0.25805872254587714
0.00026226810218396725, 0.001097504844279052, 0.006725118919929613, -0.17765152535498557, -0.24989829931667099, -0.9518354771375578, 0.9783506871143084, -0.14918860780561058, -0.14343183859933079, -0.1061596371603053, -0.9567097779889464, 0.2709917565874156
0.00026058106380507425, 0.001095131726339733, 0.006716079971476374, -0.17366899142722536, -0.2607581214890645, -0.9496548233406413, 0.9792676673267233, -0.14783370198260587, -0.13849199358300854, -0.10427807605210372, -0.9540180284646682, 0.2810261272893667
0.00025893160161924065, 0.0010926551146112342, 0.006707060400925397, -0.1702639641358553, -0.26856137103314237, -0.948095444829023, 0.9800039871389349, -0.1466877316099232, -0.13444290456147362, -0.10296779937696324, -0.9520280980012796, 0.28816684907798035
0.00025731415457699825, 0.0010901038771991209, 0.0066980538317386335, -0.16745008487567334, -0.273330583921709, -0.9472332663964814, 0.9805689590913875, -0.14577527019733244, -0.13127866188123527, -0.10220071204039019, -0.9508101611215103, 0.2924295675312688
0.0002557231616288786, 0.0010875068822089556, 0.0066890538873780195, -0.1652351068276805, -0.27508152663944707, -0.9471153642367734, 0.9809703102192906, -0.14511227676152688, -0.12899487432202403, -0.10195395990305504, -0.950406534507627, 0.29382445307579336
0.0002541530617254135, 0.001084892997746303, 0.006680054191305506, -0.16362163103591085, -0.2738209821351606, -0.9477605349452384, 0.9812140524792243, -0.14470633882841796, -0.12758941460863085, -0.10221029827980284, -0.9508323433946761, 0.29235408271502317
0.00025259829381713456, 0.0010822910919167264, 0.006671048366983031, -0.16260756868060236, -0.2695458969279594, -0.9491595166551748, 0.9813044305106814, -0.14455679665094165, -0.12706276874885797, -0.10295821126986733, -0.9520758068511772, 0.28801261212104784
0.00025105329685457336, 0.00107973003282579, 0.006662030037872541, -0.16218632109247752, -0.26224386664916105, -0.9512748034376738, 0.9812439366373535, -0.1446547316866985, -0.12741799485582322, -0.10419181379991957, -0.954098088775754, 0.28078622283070903
0.00024951250978826165, 0.0010772386885790565, 0.0066529928274359764, -0.16229892315152694, -0.25203836059028456, -0.9540103376456757, 0.9810437287728937, -0.14496691886719235, -0.12859935718941154, -0.10588796805695976, -0.9567973961216213, 0.27078862789204006
0.0002479708242007074, 0.0010748445635874195, 0.006643930635528807, -0.16201744597462464, -0.24167193544326712, -0.9567366528041897, 0.9809021706119181, -0.1451786900469014, -0.12943755113989644, -0.10761635047095376, -0.9594362008885068, 0.26057800662362474
0.00024643183439084746, 0.0010725489426205604, 0.006634842676201169, -0.1605211548415556, -0.2336443255049852, -0.9589803376543514, 0.9809974829067927, -0.14504023583945247, -0.12886919150120069, -0.10898117901211407, -0.9614435288392952, 0.2524865213712863
0.0002449069826427902, 0.0010703294659508242, 0.006625732955767945, -0.15778973333412005, -0.22805859372842335, -0.9607766014433122, 0.9813311402314681, -0.14456143913637767, -0.12685102887570984, -0.10996178093480517, -0.9628557878215374, 0.2466113107548245
0.00024340799235346327, 0.0010681629269107171, 0.006616605652201709, -0.15382856250505714, -0.22492191927777494, -0.9621574214160746, 0.9818926920665062, -0.1437506463391366, -0.12337946726854486, -0.11056000463104722, -0.9637146267985575, 0.24296214410994207
0.00024194658691979403, 0.0010660261188327436, 0.0066074649434750285, -0.14863896368118498, -0.22423610651112313, -0.9631327151605409, 0.9826662001670241, -0.14260501348648705, -0.11845230760867868, -0.11078626956931782, -0.9640445937119564, 0.24154590414590632
0.00024053448973871007, 0.0010638958350494096, 0.006598315007560479, -0.14221853181418886, -0.22599819731382106, -0.9636901493838772, 0.9836302004725177, -0.14111054499510536, -0.11206891990904058, -0.11065946831162328, -0.9638530120833195, 0.24236718666292542
0.000239183424207139, 0.001061748868893221, 0.006589160022430635, -0.13456189153750964, -0.23020023318889482, -0.9637950767593835, 0.9847575912211025, -0.13924224146704975, -0.10423092018994998, -0.11020700466966425, -0.963130027997783, 0.24542812652736107
0.00023790511372200822, 0.001059562013696682, 0.0065800041660580635, -0.12608410854600954, -0.23671819274690373, -0.9633624939734772, 0.9859607850132276, -0.1370676336076485, -0.09536138753866467, -0.10947204203931728, -0.9618611963479134, 0.2506769055415812
0.0002367072827854702, 0.0010573131309644847, 0.006570851978588215, -0.12067422133426359, -0.24453002774592694, -0.9621033197302383, 0.9867386618698143, -0.1355335343689612, -0.08931670746744917, -0.10855664639595977, -0.9601227664168962, 0.2576426360896596
0.00023556079509306824, 0.001054989928343961, 0.006561711338584958, -0.12043579487496545, -0.2530993047171744, -0.9599145593564659, 0.9868840408545679, -0.13522961002311187, -0.08816372541786414, -0.10749469391274488, -0.9579424275626798, 0.2660661501505318
0.00023441662687655974, 0.0010525854257591736, 0.006552591925784805, -0.1253872009403151, -0.2624174966286247, -0.9567732789451839, 0.9864021294689118, -0.13625494619881542, -0.09189901313699797, -0.10624918267708816, -0.9552861597969081, 0.2759338038025191
0.000233225560885836, 0.0010500926948164516, 0.006543503437447568, -0.13551474916082806, -0.27245898118704354, -0.9525764307027527, 0.9852214720469862, -0.13871469846791892, -0.10048324958182843, -0.10475878854515042, -0.9521157156561763, 0.28723032608532106
0.00023193839998610706, 0.0010475047953476806, 0.006534455572597456, -0.14940122119482993, -0.2840161497609343, -0.9471082840839626, 0.9834133077243593, -0.1423124756741049, -0.11245188063408251, -0.10284717446837388, -0.948199338716539, 0.3005669189405082
0.0002305192705827089, 0.0010448069882886602, 0.006525459198917265, -0.1632219438633357, -0.2993389765975017, -0.9400823230606108, 0.9814949040563725, -0.14597555685290137, -0.12393098931605995, -0.10013166508575648, -0.9429142664585395, 0.31762609426196114
0.00022896865449628287, 0.0010419632540368796, 0.006516528372962129, -0.17629929209531217, -0.3187506488304804, -0.931298332156157, 0.9795999317880733, -0.14951980203776524, -0.1342676522450208, -0.09644964099204387, -0.9359710746966144, 0.3386083491052319
0.0002272931773101204, 0.0010389339767559406, 0.006507677690180061, -0.1884684174861027, -0.3407115692811955, -0.9210837541549786, 0.977762570007117, -0.15293756603083358, -0.1434937545318336, -0.09197832518241345, -0.9276452594901294, 0.3619589206555472
0.00022550059388591677, 0.0010356933600007597, 0.006498916967868996, -0.1990126576829686, -0.35572440394751, -0.9131561260365886, 0.9759822133703899, -0.1561994482264248, -0.15185668098043986, -0.08861535570428061, -0.9214455387107526, 0.3782663584347076
0.00022360613729543265, 0.001032307120907727, 0.006490224381873452, -0.20775545802728088, -0.3601422184615946, -0.909469764281054, 0.9742709302861869, -0.1592311846168342, -0.1595041825307654, -0.08737175778913218, -0.9192078178122076, 0.38395724190820574
0.00022162808053702562, 0.001028878177302683, 0.0064815652456423995, -0.2147643262285083, -0.3540514739199526, -0.9102328482288057, 0.9726509181234878, -0.16195388880055953, -0.16649663472849013, -0.08846737055633067, -0.9210963531126835, 0.379150408979555
0.00021958470540364196, 0.0010255095546340554, 0.006472904835413558, -0.2200175849876223, -0.33735801515855235, -0.9153042291525241, 0.9711412434040202, -0.16430885564744313, -0.1728793952890897, -0.09207034080477822, -0.9269261942377666, 0.36377311992501915
0.00021749429368822802, 0.0010223042783502716, 0.006464208427424642, -0.2233914469678858, -0.3098039329645789, -0.9241849298388678, 0.969759948520695, -0.1662541547902392, -0.178676238655626, -0.09829498291740682, -0.9361522734762022, 0.3375752022862533
0.0002153751271837302, 0.0010193653738997596, 0.006455441297913377, -0.22465812254256423, -0.27106026923003157, -0.9359781292426619, 0.9685252712029631, -0.16776452348170154, -0.18388546354234905, -0.1071798815864113, -0.9478298344670842, 0.30021838364301145
0.0002132454876830946, 0.0010167958667309466, 0.006446568723117474, -0.2225664876437451, -0.22743480153720275, -0.9480177053344836, 0.9678445544077519, -0.1684656169246455, -0.18680539183187128, -0.11722234036729956, -0.959110393523046, 0.25761633479824453
0.00021113312593046255, 0.0010146373001782244, 0.0064375711585570265, -0.21281442329900763, -0.20986163682507408, -0.9542893243796724, 0.9695008616007651, -0.16686514564002886, -0.17951073094917255, -0.12156521127067996, -0.9633867948854358, 0.23897234745694385
0.000209110258504468, 0.0010126424999080243, 0.00642850034108452, -0.19627252406864085, -0.22310800969765582, -0.9548297818483018, 0.9732652146099111, -0.1627996782484353, -0.16202187134004367, -0.1192976040247604, -0.961103054188757, 0.2490963687069621
0.00020724417459200417, 0.001010521274486309, 0.006419422185578529, -0.1866063425333807, -0.23477218093193641, -0.9539706997527632, 0.9754099643331221, -0.16018785097220892, -0.15137785135402995, -0.1172752079766734, -0.9587605934024237, 0.25889119361743557
0.00020547018860672442, 0.00100828939665701, 0.006410353197736242, -0.1900558484451038, -0.23058001001369366, -0.95431212580261, 0.9746604176733975, -0.16110788353894057, -0.15518157133603705, -0.11796543855100156, -0.9596234203288748, 0.2553567043642712
0.00020366478227843774, 0.001006099037282853, 0.006401287856336962, -0.20661602598947434, -0.21034940770294003, -0.9555432719052231, 0.9708707017582108, -0.16517892143306057, -0.17356844293168672, -0.12132558786932063, -0.9635709888706868, 0.23835068939470394
0.0002017041666041898, 0.001004102994895356, 0.006392220538797832, -0.2328364027458934, -0.17783495209176997, -0.9561181618246094, 0.9641715008924987, -0.17072396381512378, -0.20304345605302984, -0.12712405918258932, -0.969137791025492, 0.21121414626670096
0.00019949450883592764, 0.0010024153104150775, 0.006383146811928937, -0.24961369731643548, -0.15780851953142241, -0.9554001639498078, 0.959430851451073, -0.17387313941599408, -0.22194722947920648, -0.1310932622062941, -0.9720414613343029, 0.19480747945390825
0.0001971228953529418, 0.0010009159503371876, 0.0063740694258125905, -0.2502975666843997, -0.15977009084770816, -0.9548950969516932, 0.9593240221072388, -0.17394140252179452, -0.22235514182663096, -0.13057009121486662, -0.9717087560371505, 0.19680839596133926
0.00019474399149942706, 0.0009993974470219986, 0.0063649938137084385, -0.23495244708459986, -0.1835224919853035, -0.9545244064687202, 0.9639039032392115, -0.17052671964174704, -0.20447470065618842, -0.12524620924072377, -0.9681116324183535, 0.2169637164299589
0.0001925118074198666, 0.000997653877248906, 0.006355925280011047, -0.20991382377779175, -0.214082741329101, -0.9539941123780603, 0.970456191340803, -0.16433768202734308, -0.1766575980652481, -0.11895783822552028, -0.9628923647692389, 0.24225467300717615
0.00019051669799051413, 0.000995619144670553, 0.0063468581179971385, -0.18696761942679604, -0.2260938531050117, -0.9559940788906625, 0.9753498058736036, -0.1588248434309989, -0.15319081333892873, -0.11720010865268245, -0.9610703609503563, 0.2502156986173157
0.0001887388206762746, 0.0009934692155354613, 0.006337767558944091, -0.1674306194337082, -0.21725721886366683, -0.961647694599051, 0.9786180951456748, -0.15482822006969213, -0.13540622630995214, -0.11947222074396949, -0.963756983436009, 0.23853483047309565
0.00018714736464569784, 0.0009914041493467537, 0.0063286269368282785, -0.15119179906123087, -0.18744573829715847, -0.9705694900886085, 0.980581990423023, -0.15250002935938128, -0.1232992339936078, -0.12489995978642662, -0.9703647954453115, 0.20686266895147612
0.00018571151906733368, 0.000989624005607554, 0.006319409585626085, -0.1383857713960845, -0.14326908473602265, -0.9799608908696372, 0.9815715981838697, -0.1515039334287315, -0.11646353847615246, -0.13178230501047705, -0.9780186744201386, 0.16159485317175407
0.00018439697772496103, 0.000988263077145983, 0.006310100831612138, -0.13154510326964006, -0.12911845284132617, -0.982865357483741, 0.9822291873135235, -0.15087190965156969, -0.11164000388527297, -0.13387198883707863, -0.980084737159982, 0.14667037393711885
0.00018314714641331462, 0.0009870363018327155, 0.006300762468811983, -0.13146865245551287, -0.1601801634380252, -0.9782935697746863, 0.9827969457331751, -0.15019233487608025, -0.10748221249124884, -0.12971567707518686, -0.975594474044128, 0.17717015926923738
0.00018189993652194473, 0.000985516713090382, 0.006291481644873368, -0.13321206188534543, -0.20425540085662644, -0.9698114650740904, 0.9833369297330304, -0.14937759380182397, -0.10360896241732481, -0.12370541294329944, -0.9674533919992613, 0.220750776029557
0.0001806364896628705, 0.0009835794572517675, 0.0062822834894503505, -0.13351380595024015, -0.23853802999135826, -0.9619114677913573, 0.9838796573782881, -0.14842324184879505, -0.0997565089419066, -0.11897429729930833, -0.9597239965359499, 0.2545092671302949
0.00017936862976827836, 0.0009813142772622631, 0.006273149085981877, -0.13245007128339856, -0.2627140234023626, -0.9557396719425042, 0.9844199504366874, -0.1473685347202851, -0.0959159848858684, -0.11564748073024612, -0.9535532795193665, 0.2781398988254083
0.00017810883282186075, 0.0009788154766103916, 0.006264058581849893, -0.13012702088267336, -0.27701286525261704, -0.9520140917658393, 0.9849532609511129, -0.1462515046465105, -0.09207372660211258, -0.1137278865448978, -0.949670663900474, 0.29187599755523524
0.00017686957480731017, 0.0009761773587846754, 0.006254992124436335, -0.12660257613500173, -0.28161102989162284, -0.951139850684094, 0.9854758345381747, -0.14510840232477973, -0.08820958630465413, -0.11317759167463079, -0.9484928989813943, 0.2958919622507533
0.0001756633317083191, 0.0009734942272736364, 0.006245929861123149, -0.12188557597243971, -0.2765683439173035, -0.9532333699114329, 0.9859840317050633, -0.14397528978278765, -0.08430068300192503, -0.11392715037468179, -0.9501479185236384, 0.2902404818985495
0.00017450257950857998, 0.0009708603855657972, 0.0062368519392922706, -0.11594007049024796, -0.26180941340612757, -0.9581303309605931, 0.9864736861276252, -0.14288999307384684, -0.08032506742687338, -0.11587737756996433, -0.9544832533529833, 0.2748347729749868
0.0001733997941917853, 0.0009683701371496796, 0.006227738506325643, -0.10869433522392617, -0.237147919001461, -0.9653737131305706, 0.9869395471742424, -0.14189388170407732, -0.07626569712820377, -0.11889437208602584, -0.9610551445407417, 0.24947372093678294
0.0001723674517416275, 0.0009661177855138061, 0.006218569709605206, -0.10005571110982904, -0.20235657772689794, -0.9741871843362365, 0.9873748779550309, -0.14103286276671523, -0.07211506086188033, -0.12279945055900811, -0.9691034759356107, 0.21391294461047222
0.00017141802814179912, 0.0009641976341466989, 0.006209325696512901, -0.0908354034535622, -0.16275594917128966, -0.9824761729878141, 0.9877571872176236, -0.14036403944004042, -0.068071106440276, -0.1268253467543345, -0.9766311675558115, 0.17351338270927538
0.00017055558846492837, 0.0009626523425216791, 0.0061999975447025995, -0.08608564006815013, -0.14880160493614217, -0.9851128589874794, 0.9880120938569105, -0.1399312620723143, -0.06520233345006153, -0.1281458737788331, -0.9789164031025723, 0.15906385752326585
0.00016973759340817459, 0.0009612384135879054, 0.006190636895837604, -0.08698694865227924, -0.16790891230885205, -0.9819571619635064, 0.9881505405895823, -0.13966656842386507, -0.06365342722287703, -0.12645860942095646, -0.975858517835429, 0.17806845108372774
0.0001689113623999167, 0.0009596435588187492, 0.006181309939684235, -0.08816334834836678, -0.19343604768393066, -0.9771436534432513, 0.9883375408596772, -0.13926134910842353, -0.06160504826674433, -0.12416170639714423, -0.9711790628411024, 0.20345785451446075
0.00016807404381755746, 0.0009578064280806574, 0.006172029659908228, -0.08697145574664025, -0.2120804424888197, -0.9733744663792331, 0.988651816717056, -0.1385109793601359, -0.05815749219800296, -0.12248898394294466, -0.9673864762908578, 0.22172021626857252
0.00016724779138890922, 0.000955791606330569, 0.006162782338359731, -0.08342784022220553, -0.22381370100305137, -0.9710546960491849, 0.9890807605661354, -0.13739503957661356, -0.05330902529268493, -0.12148680814711312, -0.9648989741641648, 0.232832397022341
0.00016645494662076313, 0.0009536646242415318, 0.006153554056370221, -0.07755267092587209, -0.22869407571603675, -0.9704043502399662, 0.989601299155505, -0.13592349941708484, -0.047053916053294224, -0.12113980329355054, -0.963962562571079, 0.2368571848591436
0.0001657178510199101, 0.0009514910124865922, 0.006144330895271177, -0.0695004109458617, -0.2269735110225679, -0.9714178905972674, 0.9901721612236769, -0.13416117427495627, -0.03949519533813705, -0.1213622017598113, -0.9646158844904292, 0.23406710869483097
0.00016505738414644954, 0.0009493340686190198, 0.006135099448603527, -0.061405366143982856, -0.22189187051145806, -0.973135848075514, 0.9906537940248731, -0.13252245386071945, -0.03229333688019792, -0.12179672160139564, -0.96602370417276, 0.22795561318706833
0.00016447395887325084, 0.0009472258273804582, 0.006125853480642166, -0.05484569275441615, -0.21584311495128403, -0.9748865060684833, 0.9909857391686318, -0.13128281558818125, -0.026684960101904683, -0.1222260804848492, -0.9675621799447137, 0.22109774578214225
0.00016395292338066038, 0.000945175312233818, 0.006116592033746352, -0.04986073668370423, -0.20888680170400586, -0.9766679123485268, 0.9911971143857125, -0.13043282802875825, -0.022705898041200247, -0.12264659543091816, -0.9692025492363769, 0.21355147197552393
0.00016347927620654736, 0.0009431910125640351, 0.006107314272776528, -0.04645189842229036, -0.20102488367301613, -0.9784841425783126, 0.9913111911075919, -0.12995182289246313, -0.020362861090067248, -0.12306235621753996, -0.9709281744141409, 0.2053147257529549
0.00016303801588878088, 0.0009412814177560443, 0.006098019362593129, -0.044619546774093945, -0.19225757586430128, -0.980329597925339, 0.991343333060525, -0.12981445305202924, -0.019662242375971806, -0.12348073551013296, -0.9727205314485682, 0.1963855281233616
0.0001626141409652301, 0.0009394550171947805, 0.006088706468056593, -0.04436310201778015, -0.1825837934334313, -0.9821889194828142, 0.9913009836413902, -0.1299907094127329, -0.02061007758322953, -0.12391236827279326, -0.9745591689794072, 0.18676228513057758
0.00016219264997376407, 0.0009377203002651789, 0.006079374754027356, -0.045740370858588245, -0.17221180115999257, -0.9839974156546094, 0.9911821193808674, -0.13045206313423052, -0.023243610814042612, -0.12436166890714659, -0.9763838152925589, 0.1766601838031856
0.0001617579799382006, 0.0009360837741870217, 0.006070023841832541, -0.052428964226690855, -0.17412606147386075, -0.9833266590638727, 0.9908670752350326, -0.13156837462675694, -0.029533066438242824, -0.12423221371805583, -0.9758943987510508, 0.17943377486147
0.0001612598686278327, 0.0009344294565416276, 0.0060606815605593846, -0.06991614110088012, -0.20721052853587182, -0.975794819661104, 0.9900306058621462, -0.13431463629446821, -0.042414359989471524, -0.12227482434987827, -0.9690321848839539, 0.21453552617046215
0.00016059607125155996, 0.0009324621596769489, 0.0060514171756709655, -0.09293244959213706, -0.24284999107250907, -0.965602113527558, 0.9884855827459142, -0.13881449481168187, -0.06022282568634569, -0.11941445689812993, -0.960080422603367, 0.25295408598689384
0.0001597130257562082, 0.0009301545955095997, 0.0060422420102643195, -0.11595688748522931, -0.25552670504984676, -0.9598229541176364, 0.9862349258069888, -0.14430227424355715, -0.08073118831418571, -0.11787566060566179, -0.9559722572619489, 0.26874220357486284
0.0001586102698648981, 0.000927724523562242, 0.006033114045205731, -0.13855109590029405, -0.26074482637525004, -0.9554139047257832, 0.9834381381446627, -0.1500449171941425, -0.10166588054387886, -0.1168461478500119, -0.9536763907860694, 0.27721529429284664
0.0001572918304725667, 0.0009252432999515162, 0.006024022415003988, -0.16064869598471396, -0.263169356124836, -0.9512801303902285, 0.9801705900997617, -0.15581586588870255, -0.12242152686859786, -0.11600694281764311, -0.9520836654066664, 0.28298247875780397
0.00015576237169958012, 0.0009227377914066808, 0.006014965735570178, -0.18226920019631596, -0.2628201480116498, -0.9474721676434247, 0.9764432816015828, -0.16156040094969096, -0.1430271116261088, -0.11548357664589183, -0.9512222698423906, 0.2860764528600053
0.0001540265577005145, 0.0009202348622685502, 0.006005942623324395, -0.20343140966359294, -0.25970751118949, -0.9440167743181496, 0.9722649115297054, -0.1672251058459494, -0.16351362567977432, -0.11539758823484023, -0.9510981929362352, 0.28652333940363456
0.00015208905262994584, 0.0009177613768779387, 0.005996951694686738, -0.2241506594499534, -0.2538317015098053, -0.9409176101959131, 0.967642118009233, -0.1727569173494554, -0.18391242199079186, -0.11586722281455039, -0.9516955998724332, 0.2843418222152569
0.0001499545206424502, 0.0009153441995756605, 0.005987991566077304, -0.24443623126728634, -0.2451831373057228, -0.9381557216287542, 0.9625798910042987, -0.17810220012747782, -0.2042536651908708, -0.11700804364657238, -0.9529768284122522, 0.27954298816340745
0.00014762762589260345, 0.0009130101947025294, 0.005979060853916186, -0.2642888917333951, -0.23374358460598965, -0.9356897554007291, 0.9570821553466737, -0.18320589548604493, -0.22456479638652602, -0.11893329905160813, -0.9548819489940622, 0.27213109683018916
0.00014511303253498178, 0.0009107862265993606, 0.005970158174623486, -0.283698537107615, -0.21948834090917813, -0.9334559487452718, 0.9511525233385661, -0.18801080681266108, -0.2448689728575889, -0.1217539214550298, -0.9573279504572029, 0.2621052801523346
0.00014241540472416115, 0.0009086991596069676, 0.005961282144619299, -0.30231727939673486, -0.2026950388731379, -0.9314069914888836, 0.944908262815098, -0.19238598484396174, -0.26483203676929407, -0.12550951136033606, -0.960157463154787, 0.24968982459494352
0.000139542481164909, 0.0009067729470077931, 0.005952430976421305, -0.2927437092972012, -0.20925878283348845, -0.9330122627671957, 0.9481052087771856, -0.19015074650531144, -0.25483172230521467, -0.12408720222684132, -0.9591941698167893, 0.254064776844401
0.00013676186566123735, 0.0009047853100497755, 0.005943568793287824, -0.24472918762729007, -0.2624398231221939, -0.9333986093641228, 0.9632420643586833, -0.17579725473694022, -0.20312570166519486, -0.11078063988490519, -0.9487995913081683, 0.2958157963330289
0.00013443255407893015, 0.000902287430145936, 0.005934684784752592, -0.2612821115043875, -0.3088744421444192, -0.914509834390961, 0.9602712512386541, -0.17939792477915653, -0.21376507813364146, -0.09803459722138182, -0.9340304939213206, 0.343476715619466
0.00013195056868520514, 0.0008993533530693102, 0.005925997622672083, -0.3512765936135027, -0.3388414678845328, -0.8728065160281223, 0.9324517332758246, -0.21073376312101683, -0.29347069051570673, -0.0844897620437208, -0.9169393331746165, 0.3899791525031629
0.00012862562720831393, 0.0008961461138989726, 0.005917736239365583, -0.4398240459768198, -0.3558017010016423, -0.8245968458252301, 0.8953786212507959, -0.24493797078800175, -0.3718904611216585, -0.06965581948124736, -0.9018927541734627, 0.4263068458068695
