0.0034379255957901478, 0.01213884074240923, 0.07301871478557587, 0.11694629807882775, 0.7702273123906128, -0.6269557006784381, 0.9882061791998965, -0.15308361072960622, -0.003735708383750824, -0.09885398705565701, -0.6191246202288516, -0.7790459510643003
0.0034543890841278527, 0.012235617576569966, 0.07297157743208994, 0.09311186986300461, 0.6937582218046169, -0.7141636432703018, 0.9891699534287024, -0.14619341922799875, -0.013049421760578692, -0.11345916853420773, -0.7052141616933985, -0.6998571305792374
0.0034653713631735785, 0.012303231027941577, 0.07292104808770059, 0.06148967181322878, 0.5946701521621671, -0.801614889075625, 0.9900512753088968, -0.13817729922980163, -0.026561367374155705, -0.12656023277289125, -0.7920065934731748, -0.5972504193179682
0.003471324040135711, 0.01234608419640816, 0.07286757000590138, 0.02250111992353241, 0.4758023968812603, -0.8792643395044714, 0.9905302640385191, -0.12975634439594197, -0.044867439338383296, -0.13543816163093997, -0.8699283707358034, -0.47421633687904735
0.0034726987222226274, 0.012368580181853788, 0.07281158644018582, -0.02174906600366422, 0.3468569192978458, -0.9376658550161545, 0.99018158996912, -0.1220653450122627, -0.06812099847523317, -0.13808474576937785, -0.9299410352717237, -0.34079652859669995
0.00346994701664271, 0.01237512208416255, 0.07275354064404745, -0.06715174551059105, 0.22034664614153618, -0.9731073931530155, 0.9886880234167561, -0.11640320161351553, -0.09458481382542896, -0.13411426257914788, -0.968451160455859, -0.210037411868818
0.0034635205306043386, 0.012370113003218521, 0.07269387587097977, -0.10833902084099313, 0.09859129018182336, -0.9892130276454604, 0.9863581345490883, -0.11339511002111881, -0.11932803288473795, -0.12393662482114638, -0.9886461988616463, -0.08496120587868643
0.0034538708713158918, 0.012357956038905788, 0.07263303537447631, -0.1426615379188813, -0.007483071607471024, -0.9897432440981535, 0.9836215816842229, -0.11237189575788205, -0.1409295607344581, -0.11016473865828035, -0.9936380430937098, 0.02339165819807662
0.0034414496459857537, 0.012343054291108435, 0.0725714624080306, -0.17033657973643113, -0.09285740630305678, -0.9810009947489163, 0.9807554096038463, -0.11237669554195093, -0.1596568345917683, -0.09541633055450223, -0.9893174315626612, 0.11021226551420342
0.0034267086902631783, 0.01232980927473043, 0.07250960016568742, -0.19122534358154508, -0.15345732682605798, -0.969476001155016, 0.9780711954169241, -0.11282873235767792, -0.17506117173796298, -0.0825203288155659, -0.9816926840910856, 0.1716679042052153
0.0034104021355514697, 0.01232052510088587, 0.07244781317300193, -0.20520764800234048, -0.19013344192294795, -0.9600724428207907, 0.9759666490797531, -0.11326138435676132, -0.1861745382635016, -0.07334112819820521, -0.9752031240085949, 0.2088060004848794
0.0033941554101942694, 0.012311352350482217, 0.07238623022721852, -0.21285748896067336, -0.20908589337360398, -0.9544499874721141, 0.9747163417645001, -0.1133904805499702, -0.1925374042046821, -0.0679686875744054, -0.9713010285760068, 0.22793545006559232
0.00337891821592294, 0.012299712934064016, 0.07232487236976788, -0.21511581348901027, -0.21779063484360284, -0.9519939212838399, 0.9744052818098149, -0.11301271451578121, -0.19432568831451433, -0.06526510222237153, -0.9694304336733993, 0.23652716693798287
0.0033646479035096873, 0.012285885289150165, 0.07226368452055112, -0.21279856225536128, -0.22275367938045743, -0.9513661599113769, 0.9750092730506132, -0.11201064735024166, -0.19186071079169514, -0.06382546018138692, -0.9684185113899095, 0.24102260771551293
0.003351244770727136, 0.012270312082890984, 0.07220260722303233, -0.20643884161951737, -0.22968269126699142, -0.9511197958212959, 0.9764731211161924, -0.1102689329571857, -0.18531326493828107, -0.06231571558117324, -0.966998771331606, 0.2470427651941476
0.0033386091153479102, 0.012253435982436802, 0.07214158102067547, -0.19698787382324473, -0.24110375735113726, -0.9502971933862381, 0.978561877474567, -0.10777461118971626, -0.1755029490816491, -0.060103490082089504, -0.9644965585081522, 0.2571652369700904
0.0033266412351446325, 0.012235699654937945, 0.07208054645694455, -0.18726409688959733, -0.25051671369561235, -0.9498281603402134, 0.9805711897542271, -0.10517365078952448, -0.16558576328773744, -0.05841489399205452, -0.9623823976667247, 0.2653447207335079
0.0033152414278899275, 0.01221754576754474, 0.0720194440753036, -0.1790738585865893, -0.2535145882323361, -0.9506118591330004, 0.9821223975962587, -0.1030606021083177, -0.15752494543039022, -0.05803575889644773, -0.9618257980770012, 0.2674378149081638
0.0033043099913564185, 0.012199416987407511, 0.07195821441921663, -0.17251315414990911, -0.2512256025231085, -0.9524310517208848, 0.9832599083141934, -0.1014893502418845, -0.15132701176407404, -0.058644388880896264, -0.9625931686981688, 0.264528310825902
0.003293747223316729, 0.01218175598167659, 0.07189679803214763, -0.16755093508882438, -0.24579971741854667, -0.9547299005833133, 0.9840510416084225, -0.10039192837612923, -0.14685029188360765, -0.05975141555008711, -0.9641078568468804, 0.2587002294275675
0.003283453421543483, 0.012165005417502294, 0.07183513545756061, -0.1641562716627256, -0.23940349671749944, -0.9569423620225137, 0.984550827485312, -0.09968455002095912, -0.14395366818913086, -0.060929357224419445, -0.9657892918471156, 0.2520687548699084
0.003273328883809304, 0.01214960796203496, 0.0717731672389196, -0.162285922451299, -0.23411176136712644, -0.9585692267977899, 0.9848042884939453, -0.09930598179688747, -0.14247398128532207, -0.06183682347974408, -0.9671246068469864, 0.2466702294420571
0.003263274096376237, 0.012135934836488357, 0.07171084837668942, -0.1616762084426798, -0.23082038263265553, -0.9594700383987578, 0.984871030961196, -0.09918716025837632, -0.14209489650691196, -0.06236871007989507, -0.9679276100004555, 0.24336451220705194
0.0032531916949173753, 0.012123542538978408, 0.07164829872959096, -0.16192321135547022, -0.22968017263921742, -0.9597019807840094, 0.9848202379656668, -0.09923788512686046, -0.14241116897489292, -0.0625297730491578, -0.968193606905131, 0.24226259932241603
0.003242985682238947, 0.01211146936290338, 0.0715857430144572, -0.1626209084955283, -0.23082615175486715, -0.9593089845227804, 0.9847194048527678, -0.0993627171623076, -0.14302008301121275, -0.06230677191525765, -0.9679082281415745, 0.24345744611602613
0.0032325600830688294, 0.012098745292375679, 0.07152340762949548, -0.163362638160558, -0.23439555356459285, -0.9583169480513066, 0.9846363521146334, -0.09946252128691178, -0.14352163932187414, -0.0616757857478129, -0.9670397775316167, 0.24704284268926144
0.00322183229619961, 0.0120844694733291, 0.07146150131268762, -0.1637388515565745, -0.2405288568867975, -0.956731653858941, 0.9846398589692857, -0.09943525890624838, -0.14351647088467712, -0.06061300701894826, -0.9655353428492289, 0.2531157148205996
0.003210867345908829, 0.012068504473113613, 0.07140003786506956, -0.16333608373924582, -0.2492543402782122, -0.9545646115382653, 0.9847972072471792, -0.09917801004360804, -0.142612001325086, -0.05912515832437506, -0.9633462493705279, 0.261664325953796
0.0031998218999448264, 0.012051186778526677, 0.07133891007403022, -0.16175305651279748, -0.2593448531627428, -0.9521429492711497, 0.9851580600435824, -0.09859965330847589, -0.14050517819145825, -0.05744166989157637, -0.9607384428164847, 0.27144446771784364
0.0031888539996084114, 0.01203285997947109, 0.07127800891320579, -0.15860810802601102, -0.268791321308212, -0.9500498374600117, 0.9857565227170193, -0.0976118544720809, -0.13695256035347403, -0.055924466821417836, -0.9582396106694331, 0.28044482978802315
0.003178121686200394, 0.01201386766584966, 0.07121722535623252, -0.15371841222481808, -0.2757935360026902, -0.9488459175452112, 0.9865894307227349, -0.09617229055264903, -0.1318794362895389, -0.054881189211519486, -0.956393651186053, 0.28687843948568137
0.0031677830010215847, 0.011994553427565186, 0.07115645037674663, -0.14737151037307508, -0.2791425628509876, -0.9488735782681174, 0.9875795197477725, -0.0943732378647906, -0.12561999900364068, -0.05448238343829727, -0.9556009217136084, 0.28958340476447236
0.0031579959853727923, 0.01197526085452047, 0.07109557494838434, -0.1401337422654217, -0.2788560136962308, -0.9500536079106989, 0.9886221929667167, -0.09238516625428839, -0.1187061103307131, -0.054668947789108815, -0.9558788127590313, 0.28862952285935106
0.003148918680554827, 0.011956333536618317, 0.07103449004478186, -0.13270331759448023, -0.2756693065243114, -0.9520484561931835, 0.9896140860806899, -0.09040560289348262, -0.11176219215882839, -0.05526110865789308, -0.9569917765612572, 0.28480335226964826
0.003140708719940984, 0.011938114626469515, 0.07097308681307425, -0.12578141717040703, -0.2703298855355422, -0.9545159967653475, 0.9904709770923047, -0.0886209582368427, -0.10542091490306306, -0.05609169842694297, -0.958680384042317, 0.2789007755816689
0.003133402019971073, 0.011920816798007083, 0.0709113081687799, -0.12007245884069838, -0.2635907844454016, -0.9571324375358963, 0.9911261934605702, -0.08720369815550139, -0.10032140182615278, -0.057021691173701636, -0.960684866844202, 0.27172249327618986
0.0031267431635963743, 0.011904340420152027, 0.07084922093674742, -0.11628432438490284, -0.25621186712000266, -0.9596006643647288, 0.9915240000686586, -0.08631618511969837, -0.09710650582854233, -0.057949229418461215, -0.9627590536231089, 0.264077434622011
0.0031204340569055138, 0.011888540112885971, 0.07078691009305645, -0.11512727804451875, -0.2489581137325479, -0.9616473196847126, 0.9916087141306973, -0.08611106247083983, -0.09642117495762065, -0.05880363857896075, -0.9646785695385147, 0.2567827672625251
0.0031141766059871265, 0.01187327049619056, 0.07072446061378665, -0.11731193880524086, -0.24259562680043384, -0.9630084479749178, 0.9913096534656919, -0.08672749279234626, -0.09891164208364592, -0.059523776421571, -0.9662430873497921, 0.2506615570630181
0.0031076727169298403, 0.011858386190047428, 0.07066195747501769, -0.12350780378238492, -0.23787498506789645, -0.9634112900956684, 0.9905260180179305, -0.08828481231386692, -0.1051855481720165, -0.060033574226379546, -0.9672751849363517, 0.2465252250216039
0.0031006242958222874, 0.011843741814438207, 0.07059948565282924, -0.1335291739370662, -0.23515402995808488, -0.9627421990866282, 0.989209847517653, -0.09071391467205145, -0.11504287574193134, -0.060281317850445194, -0.967715644122458, 0.2447296362087553
0.0030927332487530974, 0.011829191989344534, 0.07053713012330093, -0.1461704754257301, -0.23414506574719546, -0.9611504982571967, 0.9874209729169091, -0.09373819990136914, -0.12733016972844854, -0.06028278657826451, -0.9676720715539394, 0.24490150586892467
0.0030837014818108997, 0.011814591334748045, 0.0704749758625124, -0.16014480432220313, -0.23449036228794734, -0.9588367492136868, 0.9852650478786686, -0.09707011140403245, -0.14081966801783607, -0.06005353509368204, -0.9672598738012841, 0.24658043202305402
0.003073230901084327, 0.011799794470630374, 0.0704131078465434, -0.17417088622531046, -0.23584533932901713, -0.9560551648876077, 0.9829092007633763, -0.10041724075973801, -0.15429154485227434, -0.059615479920827025, -0.9665885131093694, 0.2493043137990755
0.0030610473293265637, 0.011784662342053253, 0.0703516056686759, -0.18697542005308807, -0.23788131836610546, -0.9531278354283725, 0.9805904438574925, -0.10347953903815389, -0.1665363816582339, -0.059013335029779825, -0.9657662571103086, 0.2526122778405836
0.0030473007111523204, 0.011769168058746681, 0.07029045346732138, -0.19729471629485115, -0.24028474534737396, -0.9504409692745163, 0.9786076594683087, -0.10595173924949455, -0.17635554366099687, -0.058325326849430086, -0.9649028293581458, 0.2560482105865073
0.0030325050781418133, 0.01175338101808202, 0.0702295534377579, -0.20387353156810198, -0.24275257167954384, -0.9484233084804052, 0.9772977509402779, -0.10752258383505407, -0.18255957924060903, -0.057660117351810425, -0.9641110324586073, 0.25916255122716664
0.003017186283810685, 0.011737373743898731, 0.07016880511456289, -0.20545973934960707, -0.24498317215048945, -0.9475070136254798, 0.9769960828020081, -0.10787019893806069, -0.18396378548669554, -0.05713973832564544, -0.9635077921553862, 0.2615105825008424
0.003001870181674575, 0.011721218760036267, 0.07010810803231383, -0.20108956304048006, -0.24673641230729562, -0.9479895202363331, 0.9779214157541788, -0.10673638597322019, -0.17965814348010636, -0.05685676956644229, -0.9631866313187181, 0.2627523948575322
0.0029870826252491245, 0.011704988590334083, 0.07004736172558813, -0.19092210103495258, -0.24803432966067826, -0.9497514004444412, 0.9799604829776638, -0.10414816118907147, -0.16979579595242986, -0.05679967551477177, -0.9631366111983871, 0.26294802724246374
0.0029733494680499756, 0.011688755758631635, 0.06998646572896323, -0.1760089640458762, -0.24910952867074426, -0.9523472514271972, 0.9827442343073789, -0.10036152216220207, -0.15537482036961248, -0.05687367151064716, -0.9632611315706274, 0.26247548055803904
0.00296119656359277, 0.011672592788768385, 0.06992531957701659, -0.15796560893395306, -0.2503381686777731, -0.9551846249271313, 0.98580106843317, -0.09576930408726608, -0.13792930751171484, -0.056948396554651524, -0.9634101108550293, 0.2619118905894777
0.002951149763850758, 0.011656572204179068, 0.06986382280466828, -0.13844598467911573, -0.25212025829450635, -0.9577411365727909, 0.9887330237438464, -0.09076467715602633, -0.119032689371923, -0.05691851267013612, -0.963429887816583, 0.26184563043355497
0.0029435435511140514, 0.011640716313397154, 0.06980191745941179, -0.1191275660387895, -0.25488454183709036, -0.9596053841773557, 0.9912574997913154, -0.08574425138404418, -0.10028206450836598, -0.05672029722369308, -0.9631623921681569, 0.26287071764608844
0.0029379924787347705, 0.011624858517497333, 0.06973970552019554, -0.10155824950024474, -0.2589868540524102, -0.9605267988903181, 0.9932325085970469, -0.0810844005044918, -0.08315349578246313, -0.05634807738035952, -0.9624713655080148, 0.2654689525211456
0.002933941835279869, 0.011608787802920077, 0.06967732656796151, -0.08652843918498118, -0.2642674848922665, -0.9605600062676599, 0.9946807585299168, -0.07700144689360795, -0.06841758389946437, -0.05588396749122587, -0.9613706223954457, 0.2695245973421221
0.0029308369093163033, 0.011592293156105864, 0.06961492018365172, -0.0745782808042942, -0.2704023516212733, -0.959854493280081, 0.9956749247702921, -0.07366775057628205, -0.05660836253332237, -0.05540328705004065, -0.9599248047439529, 0.27472685529692004
0.002928122989411029, 0.01157516356349517, 0.06955262594820819, -0.06624966398761784, -0.27707248179349264, -0.9585623724381853, 0.9962892084644769, -0.07126747002067912, -0.04825723587274592, -0.054943563032933754, -0.9582023729618115, 0.28076576951544463
0.002925245364131001, 0.011557188011528477, 0.06949058344257293, -0.06178569903901715, -0.28387183273229455, -0.9568695365489844, 0.9965991662446491, -0.06991674888388229, -0.0436090594484506, -0.05452182347216892, -0.9563097985520782, 0.2872262870256713
0.0029217435483564116, 0.011538221089989167, 0.06942890119365706, -0.06029373871285848, -0.29006745059975003, -0.9551049885612508, 0.9967097902023321, -0.06942096993814335, -0.041836862306709355, -0.054168802708281394, -0.9544849936145717, 0.2932987176544459
0.0029176467395299437, 0.01151845832116623, 0.0693675263443924, -0.06061070366953641, -0.2948473878420682, -0.9536201342690875, 0.9967043718382247, -0.06948089912640477, -0.04186645214436467, -0.05391417030107817, -0.9530149120235715, 0.2980869666749135
0.0029131427105144395, 0.011498205632577372, 0.06930635377623691, -0.06157675240072421, -0.2974024523817451, -0.9527644435436828, 0.996652414121135, -0.06975576510376243, -0.04263916815912817, -0.05377981954500773, -0.9522005642468989, 0.30070220560812966
0.0029084193153228, 0.011477769008239554, 0.06924527834390413, -0.06203839100620302, -0.29692635104367715, -0.9528829834230689, 0.9966228092826263, -0.06989071872195243, -0.04310758000786886, -0.0537979001352967, -0.9523392407605684, 0.3002594818629658
0.0029036644079679244, 0.01145745443216973, 0.0691841949021076, -0.06116623166485429, -0.2926457003896281, -0.954262640024949, 0.9966642721716247, -0.06965780202331442, -0.04252198483004344, -0.05402796202455805, -0.9536803891560027, 0.29593021923880664
0.0028990658424627143, 0.011437567888384858, 0.06912299830556085, -0.061551709345961145, -0.2842790503855678, -0.9567637161747252, 0.996614393888542, -0.06985468042896814, -0.04335981453305692, -0.05450813673906565, -0.9561933617914563, 0.2876162684814418
0.002894811472820069, 0.01141841536090189, 0.0690615834089774, -0.06545246468898548, -0.27289190202532077, -0.9598155993080858, 0.9963282138135587, -0.07107369137458053, -0.047734900790454414, -0.05519116981203384, -0.959415728557435, 0.2765418495840831
0.002891089153052889, 0.011400302833737788, 0.0689998450670708, -0.07154491188209683, -0.2604528057358188, -0.9628321045582781, 0.9958652638518237, -0.07282864978944444, -0.054298839980094625, -0.05597947692789269, -0.9627358535726123, 0.26458642143672684
0.0028880867371740737, 0.011383536290909501, 0.06893767813455454, -0.07833357273408079, -0.2489363488514328, -0.9653468524852776, 0.9953102322564948, -0.07465722721463285, -0.06151292539088905, -0.056757316252945514, -0.9656381271703912, 0.2536170625305456
0.002885785878738746, 0.011368399049654278, 0.06887500507834161, -0.08564680014700034, -0.23877951132629022, -0.9672894967874704, 0.994664762655646, -0.076525322594469, -0.06918009058247888, -0.057503352561109965, -0.9680538311336775, 0.24405971497082884
0.002882055579627838, 0.01135492453591737, 0.06881203597533556, -0.09439989811698186, -0.22912684682771234, -0.9688083129795562, 0.993825516052139, -0.07868379450609238, -0.07822853779678242, -0.05830525601695816, -0.9702111876003663, 0.2351398489747833
0.0028754683379379666, 0.011342607493468576, 0.0687490508839344, -0.1040381677102914, -0.2209915409926568, -0.9697106777122629, 0.9928172107199842, -0.08099026406571182, -0.08805999786938894, -0.05907660922629021, -0.9719070510785779, 0.22783028399680988
0.0028670556556317233, 0.01133045123177115, 0.06868620360574362, -0.11419390567491242, -0.21541568913086978, -0.9698225779919654, 0.9916653935574706, -0.08334204216077351, -0.09825401380594495, -0.059661538089594804, -0.9729594980700607, 0.22313743744167966
0.0028579675211057747, 0.011317470914479877, 0.06862363339824928, -0.1251937419044678, -0.21278532014160406, -0.9690453727871531, 0.9903203588471703, -0.0858054031157925, -0.10910096080671455, -0.059934245976481754, -0.9733241188465288, 0.2214679340917307
0.0028485043116574468, 0.011303705532689015, 0.06856132003259469, -0.13706262680530265, -0.21341484386776655, -0.9672993025688208, 0.9887569945135987, -0.08840663266550065, -0.12059798133129283, -0.05977827476321103, -0.9729534273117312, 0.22313266490742675
0.00283826459713659, 0.011290026299268983, 0.06849910683043187, -0.14658205442792732, -0.21724589241324774, -0.9650481457156735, 0.9874272982747863, -0.0904897027933149, -0.12961074149210836, -0.0591695186852551, -0.9719134919929598, 0.2277786911469247
0.0028277907825776326, 0.011276082538694141, 0.06843698965195918, -0.1516207916424523, -0.223391910056349, -0.9628640558578829, 0.9867230363046097, -0.09157789619967471, -0.13413104992302677, -0.05821327312158254, -0.9704172007178241, 0.23431105689543194
0.0028175078819455373, 0.011261514818183407, 0.06837498862266551, -0.15383068005719558, -0.23015842948378268, -0.9609179045114621, 0.9864442424557125, -0.0920001495489678, -0.1358813048544318, -0.057130363197832164, -0.9687946479107563, 0.24119090318740796
0.0028073930995910763, 0.011246389665236478, 0.06831309217296108, -0.15504290580037844, -0.2358702474687456, -0.9593367102951954, 0.986309274696116, -0.0921765408257185, -0.13673880199060626, -0.056175724378031464, -0.9674030761168984, 0.2469323314395385
0.002797406519911926, 0.011230789898193077, 0.06825128751986363, -0.15577987477758282, -0.24045257741703693, -0.9580789052201204, 0.9862374483014325, -0.0922512144463144, -0.13720571781474522, -0.05539247405704132, -0.9662671842956709, 0.251514219023808
0.0027875082273057625, 0.01121479833539292, 0.0681895618803909, -0.1554835296204617, -0.2451305556702373, -0.9569408982238995, 0.9863272007847028, -0.09208858957878915, -0.13666874061614026, -0.054621653297712534, -0.9651065756413589, 0.25609719374650414
0.0027776583061702607, 0.011198497795175713, 0.06812790247156057, -0.15505880227322086, -0.24923545039549533, -0.9559489830026229, 0.986430591779507, -0.09191262538619795, -0.13603954166398907, -0.05395790432481592, -0.9640714494065111, 0.2601053344322315
0.0027678168409030965, 0.011181971095881184, 0.06806629651039048, -0.15522946410024843, -0.25208708232840693, -0.9551732389458473, 0.9864291570158704, -0.09190851180943486, -0.1360527237725665, -0.05349141673305157, -0.9633301242980653, 0.26293295715023074
0.0027579439159019455, 0.011165301055849047, 0.06800473121389827, -0.1560239083882618, -0.25366297409444577, -0.9546264377151996, 0.9863184922281171, -0.09208287510560267, -0.13673542335890757, -0.05322003288335147, -0.9628997038559346, 0.264559612212538
0.0027479996155644836, 0.01114857049341902, 0.06794319379910171, -0.1574429914700872, -0.25396435390190275, -0.954313266901461, 0.986097117320112, -0.09243539883820982, -0.13808755285899668, -0.05314301129890161, -0.9627864789187737, 0.26498682299554943
0.0027379440242883864, 0.011131862226930814, 0.06788167148301855, -0.1594866126362536, -0.2529908749870947, -0.9542324861180728, 0.9857621865684545, -0.09296395870294606, -0.140109292746971, -0.05326285686661087, -0.9629918585094794, 0.26421534497993443
0.002727737226471329, 0.011115259074724151, 0.0678201514826665, -0.16214843550767913, -0.2507500998264133, -0.9543753309361342, 0.985310474704414, -0.09366249454706727, -0.14279567764110737, -0.05358314380637317, -0.963510106097629, 0.262253926848696
0.0027173393065109876, 0.011098843855138743, 0.0677586210150633, -0.16529120336232003, -0.24748431166816665, -0.9546886055511346, 0.9847613238137185, -0.09448859239988619, -0.1460035651172284, -0.054073590704601264, -0.9642735200058239, 0.25933111152325966
0.0027067103488050384, 0.011082699386514315, 0.06769706729722672, -0.16864227566113013, -0.24368279962618344, -0.9550803505601928, 0.9841604176573855, -0.0953641257665741, -0.14944549452297837, -0.054663106171127074, -0.9651551049873396, 0.25590538904173493
0.0026958104377511564, 0.011066908487190576, 0.06763547754617444, -0.17192411433311894, -0.23984876181684664, -0.9554656824636342, 0.9835583013925073, -0.09621366537033875, -0.1528266938656012, -0.05527356214917173, -0.966030797672067, 0.2524466899692123
0.002684599657747017, 0.011051553975507248, 0.06757383897892424, -0.17489182134710354, -0.23643364413792284, -0.9557782079256436, 0.9830035089462751, -0.0969744560405725, -0.1558847531830664, -0.05582967154840943, -0.9667963005697205, 0.24937514106161343
0.0026730414214969265, 0.011036712494548455, 0.06751213960192783, -0.17743192732180074, -0.2336607511219761, -0.9559919270328517, 0.9825219694266701, -0.09761969251270142, -0.15849597858514597, -0.056289348555554036, -0.9674053178574323, 0.24689767155716916
0.0026611819673763764, 0.011022307014751764, 0.06745038706688307, -0.17946569203360904, -0.23169303004327937, -0.9560912117639518, 0.9821336269890515, -0.09813065962742473, -0.16057369765443258, -0.056618054719571514, -0.9678267993140356, 0.2451646026842396
0.0026491540029916715, 0.011008100073740147, 0.06738860953494197, -0.18091432671616237, -0.23069332155776, -0.9560599341973732, 0.9818584368533936, -0.098487559732009, -0.16203151100278115, -0.05678042240639007, -0.9680293342490619, 0.24432599465605379
0.002637094293391074, 0.01099384668106185, 0.06732683612963272, -0.18169856652959615, -0.23082405593367764, -0.9558796399774484, 0.9817158185457683, -0.09866983469581952, -0.16278303148090034, -0.05674224650207338, -0.9679796066671168, 0.24453179453492718
0.0026251200640307086, 0.010979337379122947, 0.06726509265710287, -0.18173820310101918, -0.23224682281542844, -0.9555274139582556, 0.9817240586156336, -0.0986558502349196, -0.16274180762690668, -0.05647210168623695, -0.9676406546371252, 0.24593183044204595
0.0026132660216169196, 0.010964512771138591, 0.06720339091368374, -0.18095681829912277, -0.23511217070281917, -0.9549748149027106, 0.9818986180625, -0.09842305719479756, -0.16182708567907417, -0.05594402343424248, -0.9669721655765683, 0.24866663878001594
0.0026015450929387125, 0.010949353067225723, 0.06714173899796955, -0.17940556766441224, -0.23933111133310345, -0.9542191894104162, 0.9822266204482856, -0.0979787857310172, -0.16009691948758656, -0.05517706383769762, -0.9659817683034898, 0.2526553283259896
0.002589970204662853, 0.010933838477723577, 0.06708014500853376, -0.17726994974424076, -0.2445659154488501, -0.9532905527268904, 0.9826667003668306, -0.09736483703840092, -0.15775374638546993, -0.054235789916252636, -0.9647318806327235, 0.2575866409249683
0.0025785542834561065, 0.010917949212971382, 0.06701861704394983, -0.1747424281910493, -0.25046818732522574, -0.952224118014195, 0.983176589599519, -0.09662774975775049, -0.1550060374314895, -0.053187192568839047, -0.9632905922486574, 0.2631394258408954
0.002567310255985238, 0.010901665483308372, 0.06695716320279121, -0.17198571171433058, -0.2567457257994405, -0.9510533882226768, 0.9837212222257512, -0.09581316537556397, -0.15202761026665199, -0.05209099642730374, -0.9617179782162926, 0.2690447146233825
0.0025562510489170126, 0.01088496749907377, 0.06689579158363136, -0.16903263218487677, -0.26333645625293967, -0.9497799113819979, 0.9842918703850221, -0.09493165411001998, -0.14885393828142515, -0.05096550942163696, -0.9600218184271018, 0.2752464804376505
0.0025453895889181962, 0.010867835470606817, 0.06683451028504375, -0.16588160718005748, -0.27023857577953847, -0.9483957004120208, 0.9848867265349794, -0.09397944571760951, -0.1454853933486918, -0.049813936750409356, -0.9581956877085482, 0.2817438477805127
0.0025347388026555557, 0.010850249608246744, 0.06677332740560186, -0.1625674875149793, -0.2773523648029214, -0.9469147151361068, 0.9854972677027014, -0.09295994996198209, -0.14196331587271402, -0.048651283164755664, -0.9562604840948377, 0.28844226320899957
0.0025243116167958535, 0.010832190122332776, 0.06671225104387911, -0.16004675425406056, -0.28207607846503346, -0.9459482662442638, 0.9859464385142642, -0.09218559760267042, -0.13932492948383898, -0.047902576483718824, -0.9549528268728393, 0.29286591063794826
0.0025141209580058573, 0.010813637223204149, 0.06665128929844899, -0.15859330217166076, -0.2835195663059349, -0.9457615027204178, 0.9861911715383098, -0.09176271424945923, -0.1378643443877643, -0.04769840339240189, -0.9545660059918679, 0.29415744511833974
0.002504179752952331, 0.010794571121200094, 0.06659045026788493, -0.15796747374703177, -0.28211896377393664, -0.9462849293511448, 0.9862792484229689, -0.0916178615780673, -0.13732957281694877, -0.04795332489206942, -0.9549947946030818, 0.2927207217004176
0.0024945009283020418, 0.010774972026659842, 0.06652974205076044, -0.15792489949497496, -0.2783023114971536, -0.9474215268479197, 0.9862548480658802, -0.09166932182254325, -0.13747039718842297, -0.04859115954625734, -0.9561090726752551, 0.2889538723776061
0.002485073770662212, 0.010754882971900472, 0.06646915765234168, -0.15821966638150478, -0.2724906879711714, -0.9490602521121212, 0.9861601631633089, -0.09183652297583564, -0.13803689955017356, -0.049544623924712906, -0.9577655652698663, 0.2832498053370067
0.002475291983122736, 0.01073595950306876, 0.06640829952079594, -0.15860581175496785, -0.26510192031447766, -0.9510863096076634, 0.9860366399573883, -0.09204626786158554, -0.13877762512126052, -0.050753730297305, -0.9598168869207968, 0.2759992797863408
0.002464995881983485, 0.010718759816851851, 0.06634702430737324, -0.15883799286481098, -0.2565549095098334, -0.9533887299675193, 0.9859257503037022, -0.09223514050253366, -0.13943849448613432, -0.05216231312700868, -0.9621186295165889, 0.2675945362416072
0.0024543538697845415, 0.01070298677661568, 0.06628539241733732, -0.1586719024274877, -0.24727321086391685, -0.9558656739150595, 0.9858697985761669, -0.09233814194647844, -0.13976554581605613, -0.05370258499765096, -0.9645359644569615, 0.25843065923695885
0.0024435343490659908, 0.010688343245726178, 0.0662234642559519, -0.15786476022712026, -0.23768698225464543, -0.9584276790374502, 0.9859116902118306, -0.09228396723809759, -0.13950558588977374, -0.05528884681457141, -0.9669480688524476, 0.2489067607768766
0.002432705722367917, 0.010674532087549279, 0.06616130022848069, -0.1561403303509705, -0.22833130392579687, -0.9609812760326993, 0.9860993518589259, -0.09199995201962888, -0.13836212303875695, -0.05681782731938917, -0.9692269210437418, 0.23952225371095004
0.0024220363922304038, 0.010661256165450913, 0.06609896074018737, -0.1523289918421981, -0.22227854436616798, -0.9630099308723649, 0.9866371234949182, -0.09120381572506754, -0.13501500116232093, -0.05781924235073603, -0.9707080471035797, 0.2332012489296347
0.0024116947611935373, 0.010648218342797017, 0.06603650619633573, -0.1463988998877767, -0.22053020162438747, -0.9643307483862348, 0.9875143592775881, -0.0898958388025457, -0.12936045913091557, -0.05816143337490308, -0.9712286900300535, 0.23093739266364594
0.0024018492317974005, 0.010635121482953517, 0.06597399700218945, -0.1404947061674862, -0.2213458661588443, -0.9650218883907776, 0.9883748339351331, -0.08855899004755602, -0.12358192798890454, -0.058107014917388615, -0.9711659553424162, 0.2312147529921967
0.0023926682065820775, 0.010621668449286345, 0.06591149356301222, -0.1352084414303421, -0.22402718747740694, -0.9651582754330713, 0.989131173766972, -0.08732158960232782, -0.11829818710231722, -0.05777714468844895, -0.9706630513521597, 0.23339889093859176
0.002384320088087654, 0.010607562105161436, 0.06584905628406783, -0.1308184492799455, -0.22809914184925262, -0.9648094707327581, 0.9897514693925011, -0.08625362779970001, -0.11380834998705394, -0.05725873001888247, -0.9698098232019643, 0.2370450266459927
0.0023769732788542133, 0.01059250531394472, 0.06578674557061992, -0.12760150509516327, -0.23308826903029745, -0.9640475687111651, 0.9902075683149054, -0.08543514350627332, -0.110407463089885, -0.056628857920064536, -0.9686953572173875, 0.24170742097864306
0.0023704982899007136, 0.010576426880860374, 0.06572460085357265, -0.12583338390003598, -0.23852394220105375, -0.9629497850319789, 0.9904723208261957, -0.08495167040411021, -0.10838724727900868, -0.055951239248435876, -0.9674138425164382, 0.24694111875940084
0.002363669274360045, 0.01056013793719741, 0.06566256661391198, -0.12578969218811187, -0.24393800713419725, -0.961598253957762, 0.9905157769663726, -0.08489050690601599, -0.10803748154202288, -0.055276115275255625, -0.9660682431964296, 0.2523027954015584
0.002356269503677009, 0.010543783237193688, 0.06560062375791398, -0.12766299168362782, -0.24907058607216204, -0.9600343763157941, 0.9903124981643638, -0.08531636691861307, -0.10955488813953314, -0.05461974490825647, -0.964720146306419, 0.25754945695279324
0.002348285201154387, 0.010527364452821533, 0.0655387636868017, -0.1313528557545816, -0.2543896488690686, -0.9581400387382776, 0.9898690256167787, -0.08621220416782385, -0.11281297787495288, -0.05390491081158777, -0.9632514533603349, 0.26313665307136014
0.0023397025900949602, 0.010510883256053287, 0.06547697780179826, -0.1366924586807743, -0.2605210475791986, -0.9557426199077038, 0.9891925554436987, -0.08755510212081957, -0.11761034115832637, -0.053040173402524544, -0.9614899312321736, 0.26967360298067805
0.0023305078938015093, 0.010494341318861287, 0.0654152575041267, -0.1430462617504575, -0.26844053714159893, -0.9526161057941176, 0.9883552847494564, -0.0891998006441087, -0.12327703221959926, -0.05188061398095103, -0.9591574811177678, 0.27807432155590783
0.002320687339492225, 0.010477740304343777, 0.06535359419813132, -0.1480779157918235, -0.28046643406558025, -0.9483730859831943, 0.9877069694280249, -0.09049796448126601, -0.12745611389044423, -0.0500786720875864, -0.9555881423433868, 0.2904194015809876
0.0023102842383253344, 0.010460952497591025, 0.06529202479277738, -0.1519017797662837, -0.29338525955680345, -0.9438490021071286, 0.9872262907230187, -0.0914717954806508, -0.13044984299268308, -0.048063501839807045, -0.9516081126736642, 0.30353237007700157
0.0022995428479557012, 0.010443394748111432, 0.06523074638208676, -0.15660697444452723, -0.30330652096847727, -0.9399358541375735, 0.9865696704981531, -0.09276616848984241, -0.13444226730042852, -0.04641703144856303, -0.9483668026252885, 0.31376084342981725
0.002288751619510533, 0.01042438374303121, 0.06516999128903024, -0.16245235365274052, -0.31339326218955926, -0.9356248692755398, 0.9857057140893848, -0.09445048718637525, -0.1395111131121545, -0.04464838187684869, -0.9449146885748165, 0.32425723324443606
0.0022781990041170403, 0.010403236169476589, 0.0651099918365787, -0.16905016936602532, -0.32321811208446166, -0.9311026217651169, 0.9846763267683001, -0.09643973608256079, -0.14529937648322525, -0.0428319009548508, -0.9413975936472763, 0.3345683770706841
0.002268170850166963, 0.01037928080108634, 0.06505097599461689, -0.17601958711376967, -0.3323621497681348, -0.9265810846082505, 0.9835305219460829, -0.09862744589740993, -0.15146068571157054, -0.041046526683310255, -0.9379808251330394, 0.3442486809415236
0.0022583409613868934, 0.010354665406984296, 0.06499215722131539, -0.183073730247939, -0.3402131967766604, -0.9223551322739578, 0.9823095320825916, -0.10090053561780682, -0.15775634723116347, -0.039395335672952426, -0.9349192813559067, 0.35266690357357094
0.002247321541196846, 0.010331846561763525, 0.06493279566118611, -0.19023726383365822, -0.3454572211185318, -0.9189499941923636, 0.9809972578952917, -0.10324939137847007, -0.16426790064371743, -0.03813349513225644, -0.9327373003997628, 0.3585344683457377
0.0022349586167476473, 0.010308840154702181, 0.06487371959011841, -0.19760573753448374, -0.34662354194454253, -0.916953702573512, 0.9795594406059991, -0.10571876297207647, -0.17113399859559175, -0.03762013839840064, -0.9320277159642164, 0.36042899697639663
0.0022214881280144005, 0.01028592487483718, 0.06481480889070601, -0.20526734863782947, -0.3422150933009465, -0.9169264667901238, 0.9779572175257586, -0.10835843292786408, -0.1784884609791165, -0.03827526972435032, -0.9333527092854245, 0.3569141686695643
0.0022071460412566774, 0.010263379926181546, 0.06475594323891072, -0.21327538957926293, -0.33070964433009375, -0.919317539997403, 0.9761504372351245, -0.11118143487344005, -0.18646450714588614, -0.04054543236283015, -0.9371605090306281, 0.3465346277473079
0.002192168322734051, 0.01024148451274831, 0.06469700231069443, -0.22077813846710764, -0.31536683375495816, -0.9229305357080625, 0.9743397026495599, -0.11381928302598666, -0.19418371366367887, -0.04380818891218765, -0.9421193825512896, 0.33240323645447734
0.0021767909387060943, 0.010220517838550493, 0.06463786578201897, -0.2254769420181595, -0.3012901760134127, -0.9264903552956968, 0.973115409935284, -0.11550050683872774, -0.19926372441184806, -0.04697390301671207, -0.9465114171301918, 0.3192328142243098
0.0021612498554323795, 0.01020075910760113, 0.06457841332884622, -0.22692972842605189, -0.28684522022995523, -0.9307108670192407, 0.97260748180032, -0.1161774738486391, -0.2013392185248291, -0.05037444493509038, -0.9509062068371293, 0.30535192990401144
0.0021457810391724815, 0.010182487523913247, 0.06451852462713803, -0.2254271615578033, -0.2736992330599582, -0.9350247722142888, 0.9727858462153635, -0.11600950404468036, -0.20057291037018585, -0.053575108353146265, -0.9547934461409431, 0.2924024332512482
0.0021306204538402975, 0.010165982270126035, 0.064458079358828, -0.22179773866480373, -0.2620734120770918, -0.9392141873957452, 0.9734571187334453, -0.11527736312077339, -0.19771789888399183, -0.05645353053936027, -0.9581381196018621, 0.28068548707663776
0.00211597771584743, 0.010151282449737939, 0.06439702428277091, -0.21704788179483536, -0.2516736277675029, -0.9431599027178369, 0.9743756139549986, -0.11426599915758286, -0.19374066265587825, -0.05901169323273743, -0.9610430097154152, 0.27002583865056623
0.002101970808139246, 0.010137592199669327, 0.06433553944334208, -0.21218108214231093, -0.24220264703553646, -0.9467402316104968, 0.9753073402781908, -0.1132323596723776, -0.18961546540962, -0.061276262780944696, -0.9635955118679231, 0.260247784097379
0.002088697805597539, 0.010123934254036498, 0.06427385556796064, -0.20820198862180947, -0.2333645321876454, -0.9498383689085029, 0.9760351924371129, -0.11242327172630015, -0.1863231362407859, -0.06330272551930044, -0.9658685226733481, 0.2511787448225511
0.002076197832999685, 0.010109501738327881, 0.06421217498381802, -0.20611653846432543, -0.22486535788213866, -0.9523400355944416, 0.9763557003883261, -0.11206583546071412, -0.184853441519798, -0.06515764644848296, -0.9679239739499328, 0.24264719607336213
0.002064180432839525, 0.010094440413792033, 0.06415054123616713, -0.206576493398336, -0.2167951922339204, -0.954110054972436, 0.9761450865921408, -0.11227566985176354, -0.18583579816967408, -0.06683503794619465, -0.9697391497632728, 0.23481707586786657
0.002052240664454158, 0.010079226947659059, 0.06408894271602929, -0.20912263660588756, -0.2100325908344547, -0.955067554493591, 0.9755095884573854, -0.11290265754860568, -0.18876978769433603, -0.06818185746006285, -0.9711535927472177, 0.22849930767393334
0.00203997347302727, 0.010064338337111945, 0.06402736775943042, -0.21294685511168354, -0.204366544966674, -0.9554517006088942, 0.9746045859968094, -0.11376531679559147, -0.192881708952369, -0.06927869695679423, -0.972261162441853, 0.2234025383812493
0.0020269738037425483, 0.010050251579333676, 0.06396580470239654, -0.21720556200191704, -0.1993019903830114, -0.9555629024113491, 0.9735940657932465, -0.11469445998094258, -0.19738230898906745, -0.0702590840219761, -0.9732029066330671, 0.2189515097763496
0.0020128367347197217, 0.010037443524538232, 0.06390424188121806, -0.2209616298075622, -0.19461674930577536, -0.9556674521204742, 0.9726805272141794, -0.11550499011650771, -0.2013732584940993, -0.07119375064661027, -0.9740548845664901, 0.21482209318650128
0.0019973818506151333, 0.010026142817078105, 0.06384266807871086, -0.2230928625906114, -0.1913597112119074, -0.9558300244217179, 0.9721440196475204, -0.11597110211029665, -0.20368286265389293, -0.07187196758603487, -0.9746446349312239, 0.21190152400370654
0.0019811124738937963, 0.010015822186870634, 0.0637810734375912, -0.2241852156160235, -0.18963248064103277, -0.955918674043522, 0.9718653414422794, -0.11621393542857053, -0.20487088449920238, -0.07224089702155238, -0.9749532519552578, 0.2103506817183845
0.001964661620839932, 0.010005810979294729, 0.06371944835852582, -0.22415800846971057, -0.18915459140598825, -0.9560197319035455, 0.971863027906732, -0.11622135068768326, -0.2048776528377098, -0.07235635581517201, -0.9750451980264117, 0.2098843004580954
0.001948662307737764, 0.009995438539729298, 0.06365778324218153, -0.22223830070336215, -0.18975124723694625, -0.9563496232406354, 0.9723093945667284, -0.11585025533644007, -0.20296098042669147, -0.07228124886693774, -0.9749734265663372, 0.21024328420125787
0.001933747550871516, 0.00998403421355326, 0.06359606848922517, -0.21764175710664488, -0.19124682978858304, -0.9571085182252579, 0.9733629872464526, -0.11495500501909428, -0.19836794569617897, -0.07208717377033438, -0.9747871546737149, 0.21117159482498793
0.001920349491054671, 0.009971071068018544, 0.06353431037676194, -0.20992779386566127, -0.19306841620541262, -0.9584648705229785, 0.975068137242103, -0.11345227800444521, -0.19071105985447578, -0.07191974066910826, -0.9746041079738663, 0.21207164738020165
