0.003356344997882843, 0.012399429455399513, 0.07265004515647888, -0.23840907049037047, -0.15074158992685233, -0.9593946467300317, -0.5344839906137863, 0.8451785984269524, 2.3208066946304297e-05, 0.8108563244406988, 0.5127866123714396, -0.28206721058489476
0.0033398794122022797, 0.012391559517609329, 0.07258697020471482, -0.23288522204425158, -0.16392433674110354, -0.9585892160760985, -0.5378247540684689, 0.8429487753529833, -0.01348688407663727, 0.8102524342848905, 0.5124121133959413, -0.28447287881363037
0.003324364218002473, 0.0123814022143606, 0.07252416740039962, -0.2266530905507156, -0.1783762878457663, -0.9575021025972599, -0.5414266100147705, 0.8402690925392464, -0.028373898061155478, 0.8096206534616831, 0.5119860858047176, -0.28702725555361763
0.0033096967118464737, 0.012369245635384813, 0.07246159786926332, -0.21985444367809248, -0.19363974566416287, -0.9561211599447608, -0.5451503589049966, 0.8371725351773317, -0.044195390376290576, 0.8089963595596398, 0.5115132405362326, -0.2896188788310813
0.0032957741902973343, 0.01235537787041346, 0.07239922273703603, -0.2126388801821791, -0.2092584894036248, -0.95446089037078, -0.5488665406531485, 0.8337171966418883, -0.06050749189180434, 0.8084121641751284, 0.5110054017680286, -0.2921356742638278
0.003282493949918107, 0.012340087009178023, 0.07233700312944784, -0.20516435982374, -0.22477931184366, -0.9525659276003974, -0.552459139237695, 0.8299883269909442, -0.07686531422897433, 0.8078963330346661, 0.5104837294428338, -0.2944654089078638
0.003269753287271843, 0.012323661141409993, 0.07227490017222882, -0.19759675170763386, -0.2397541969070161, -0.9505122033830304, -0.5558283747482269, 0.8260983361143094, -0.09282433352259752, 0.8074715732082068, 0.5099798664012546, -0.29649653341316173
0.0032574494989215923, 0.012306388356840853, 0.07221287499110905, -0.1915832673866927, -0.2503367971333577, -0.9490138774846504, -0.5581916398236139, 0.8231125922191519, -0.10444019226951429, 0.8072904959730817, 0.5097226192070352, -0.2974305071445359
0.0032454798814304064, 0.012288556745202088, 0.0721508887118186, -0.18716342904119648, -0.25655382376899394, -0.9482351956867289, -0.5596295773600398, 0.8211784107372814, -0.11171729446605798, 0.807331770075577, 0.5097510698846064, -0.29726967517413394
0.0032337417313613387, 0.012270454396225193, 0.07208890246008758, -0.18435885148769893, -0.25842666133338993, -0.9482760540002125, -0.5601999753758828, 0.8203832338041227, -0.11466183882159896, 0.8075814519087204, 0.5100852971858408, -0.29601552007932913
0.0032221323452774403, 0.012252369399641652, 0.07202687736164606, -0.18317623599299956, -0.25596473538889886, -0.9491725453281548, -0.5599316301841117, 0.8207587702320914, -0.11327669930955832, 0.8080365314060993, 0.5107221312263607, -0.29366625374530864
0.0032105490197417604, 0.012234589845182947, 0.07196477454222408, -0.18360826056517165, -0.24917623706804157, -0.9508939002500979, -0.5588320827025954, 0.8222748693889859, -0.10756738591973801, 0.8086993940856587, 0.5116397580836907, -0.29022413399569474
0.0031988890513173526, 0.012217403822580568, 0.07190255512755178, -0.18558194557405822, -0.23919028731643802, -0.9530725827188752, -0.5570782867255253, 0.8246009074925229, -0.09847398550612751, 0.8094585375026325, 0.5126610476874439, -0.2862787561942239
0.003187049736567268, 0.012201099421566, 0.07184018024335921, -0.18893708793545574, -0.22913972940112842, -0.9548810194010808, -0.5551576255643295, 0.827011726295042, -0.08860934120210005, 0.810001720726719, 0.5133678885365466, -0.2834618553514429
0.003174928372054557, 0.012185964731870735, 0.07177761101537644, -0.19349914625086964, -0.22237597925810998, -0.9555663264521104, -0.553588738878959, 0.828862173951023, -0.08078988042810593, 0.809998511471835, 0.5133579846872752, -0.28348896093363346
0.0031624222543422723, 0.012172287843226255, 0.07171480856933359, -0.19714232287036004, -0.2197670520396154, -0.9554252180945905, -0.5527518243382196, 0.8297980450212145, -0.07681552687927534, 0.8096915000319869, 0.5129694409190353, -0.28506495305309565
0.003149429028120449, 0.012160348219052134, 0.07165173580946908, -0.19793144465619408, -0.21990738349940514, -0.9552297555555719, -0.5526755196846753, 0.8298752398732762, -0.07653009987283614, 0.8095510565477548, 0.5127843883424279, -0.28579583257055413
0.0031358766612184273, 0.01214967393930896, 0.07158851055463664, -0.19606255123513647, -0.22243321435522942, -0.9550303352013328, -0.5532807210617225, 0.8291888204354256, -0.07953831634079139, 0.8095924404937277, 0.5128053872732892, -0.28564088481676103
0.0031217465417265992, 0.012138469372051075, 0.07152552353669878, -0.19175085531338923, -0.22699790752211943, -0.9548316916960616, -0.5544575645816384, 0.8278130438948229, -0.08545392580675466, 0.8098199914578437, 0.5130277909998321, -0.2845945661762549
0.0031070418081439503, 0.012124822796975415, 0.07146318638503453, -0.18520153001869735, -0.2332564681638561, -0.9546160554581394, -0.55608329115261, 0.8258053377912292, -0.09389844182091359, 0.8102294530437752, 0.5134559028146799, -0.28265043655573396
0.003093061310221946, 0.012108470700237866, 0.07140132809726765, -0.1766155499260691, -0.24086136838570546, -0.9543546242061584, -0.5580344532090165, 0.823212575353273, -0.10449212799032276, 0.8108048449263401, 0.514107826238424, -0.27980108370836654
0.003080984795796562, 0.012090635163596552, 0.07133947788124108, -0.16615228981501726, -0.24972751035295723, -0.9539547091776109, -0.5602332642262177, 0.8200176943626571, -0.11708830251818045, 0.8114999114255428, 0.514982671072596, -0.2761534758993103
0.003070583295922913, 0.012071838009622046, 0.07127756276326835, -0.15392001828677637, -0.2593163702137189, -0.9534482933593096, -0.5625369096966121, 0.8162956497449321, -0.1312007524234711, 0.8123181970136976, 0.5161554342895953, -0.271519270869924
0.0030616087840914965, 0.012052589332099186, 0.0712155156382865, -0.14011004765250804, -0.26721853170166987, -0.9533957367546886, -0.5645633802221215, 0.812591624480819, -0.14478619249015415, 0.8134109442704741, 0.5179663195023663, -0.2647140487435234
0.003053813233792814, 0.012033399224812825, 0.07115326940123255, -0.1249541461819571, -0.27087144321098544, -0.9544711219333647, -0.565995217755918, 0.8095805920005109, -0.15565564086641157, 0.814883964027621, 0.5207762727975425, -0.2544723931229687
0.0030469487164402126, 0.012014777177447545, 0.07109075706074262, -0.11065803374413767, -0.2702212923388501, -0.9564179278613524, -0.5668007472346378, 0.8076478683560115, -0.1626094513681381, 0.8163894367899045, 0.5241043540238073, -0.24253435548629015
0.0030407981091577557, 0.011997042634785668, 0.0710279473942419, -0.099223276993013, -0.2674665951665134, -0.9584447619830786, -0.5672261286397665, 0.8065835639090623, -0.16636548145603608, 0.8175630008085683, 0.527147583606136, -0.23174590569652162
0.0030352187674995827, 0.011980055573360507, 0.07096489565673361, -0.09050046903391055, -0.2637263838836226, -0.9603426781874844, -0.567437383703947, 0.8061169911837833, -0.16789941066014397, 0.8184280546754624, 0.5297393613546876, -0.2226021750829627
0.003030079079832271, 0.011963607906683525, 0.07090166991351925, -0.08430575440951668, -0.26009620094143454, -0.9618952677029216, -0.5675379189663966, 0.8059844129009691, -0.16819582841429753, 0.8190196885965161, 0.5317321622927402, -0.2155635805852951
0.0030252474345223985, 0.011947491548266189, 0.07083833822990031, -0.08045472512906825, -0.2576660238289643, -0.9628786306531981, -0.5676037936524252, 0.8059289341644231, -0.16823937264496788, 0.8193613187329394, 0.5329979111035696, -0.21109300349241789
0.0030205922199365415, 0.011931498411619963, 0.07077496867117825, -0.0787511412433382, -0.2575049879566239, -0.963062531163128, -0.5677091726297194, 0.8056944408073953, -0.16900521697313958, 0.819453813869306, 0.53343007904459, -0.20963730036787642
0.003015981824441277, 0.011915420410256304, 0.0707116293026545, -0.07875650901762087, -0.26006388779831496, -0.962374244538258, -0.5679066550344769, 0.8051145494930578, -0.1710923533128885, 0.8193164489102541, 0.5330641016405213, -0.2111000238921703
0.0030112846364031844, 0.011899049457686684, 0.07064838818963058, -0.07986229157340116, -0.2647762815580608, -0.9609971566601702, -0.5681959647597066, 0.8042091984883157, -0.1743585693264515, 0.819008766751267, 0.5321100316579902, -0.2146708042410552
0.0030063690441888384, 0.011882177467422561, 0.07058531339740794, -0.08146441962385344, -0.27095764992686544, -0.9591378942995938, -0.5685667693313278, 0.8030235132184007, -0.17856389901240874, 0.8185935359795393, 0.5307873295063544, -0.21947536009317162
0.003001103436164818, 0.011864596352975407, 0.07052247299128805, -0.0829591153206744, -0.27792538996759114, -0.9570137213209502, -0.5690006026070947, 0.801608959722324, -0.18347040613040694, 0.8181418577593829, 0.5293208415547755, -0.22464048450306134
0.0029953647131157057, 0.0118461075959315, 0.07045993165772557, -0.08374372384890232, -0.2850014733691982, -0.9548618480666745, -0.5694727766822516, 0.8000245636586427, -0.1888424056206778, 0.8177332971903034, 0.527953461699215, -0.22929761652945801
0.0029892202555704952, 0.011826726779727603, 0.07039767847576586, -0.08322334051692072, -0.2915142249640303, -0.9529393119379772, -0.5699569953912066, 0.7983362879655423, -0.19444329436117597, 0.8174490192041536, 0.5269522065244812, -0.2325907845146657
0.00298292502191144, 0.011806680327885403, 0.07033562806889682, -0.08118792161789305, -0.2968478318976633, -0.9514672280646472, -0.5704150893132118, 0.7966651446485615, -0.19987814584362934, 0.8173341711118944, 0.5265035726372075, -0.23400606986377376
0.002976741902517687, 0.011786203579600106, 0.07027369191214705, -0.07803364952828305, -0.3004699436823618, -0.9505937946803646, -0.5707918112411139, 0.7952203582881977, -0.20450254273255128, 0.8173784054900066, 0.5266330740729344, -0.23355973011438774
0.002970933787768385, 0.01176553187406692, 0.0702117814805451, -0.07420937888256454, -0.30185506563740966, -0.9504611972273772, -0.5710376681593298, 0.7942270779556979, -0.20765194481417434, 0.8175628108157924, 0.5273394238922298, -0.23130971095047434
0.00296576356804268, 0.011744900550481049, 0.07014980824911957, -0.07016452233937043, -0.30050152163103755, -0.9511970223367602, -0.5711145530934659, 0.7939020042041296, -0.20868103643004235, 0.817866191408924, 0.5286004570732957, -0.22732454713946817
0.0029614901755588754, 0.0117245444058127, 0.07008768415718267, -0.06628841226468472, -0.296579426357652, -0.9527048285071265, -0.5710373453895032, 0.7942609730782293, -0.20752314766149238, 0.8182433602357776, 0.5302736562438215, -0.2220082271535746
0.0029581213734919485, 0.011704663829604266, 0.0700253506056303, -0.06285996441397444, -0.2909738760187863, -0.9546637252710913, -0.5708627059918012, 0.7951049828500903, -0.2047531126861711, 0.818635691734481, 0.5321111441433656, -0.21608640516433772
0.002955267536737062, 0.011685404773524841, 0.06996279560814114, -0.060149407595757265, -0.284608334821711, -0.9567550075729377, -0.5706353981888626, 0.7962296251430666, -0.20098165682064126, 0.8189977357109834, 0.5338693471201962, -0.21030033073140353
0.002952503894579371, 0.0116669083746771, 0.0699000113008976, -0.058428263799738644, -0.2784128709642264, -0.9586826436682815, -0.5703897519173324, 0.7974433536327652, -0.19682385184375542, 0.8192933961024171, 0.5353226793517959, -0.20539707903128085
0.002949413594150821, 0.0116493077479248, 0.06983699150643037, -0.05796942133037406, -0.27332423159779684, -0.9601736356576844, -0.5701558330583141, 0.798568886155311, -0.1928990930363489, 0.8194887871229244, 0.536266350320566, -0.20212998118453018
0.002945808811561652, 0.011632503959541641, 0.06977377882601382, -0.05904057058218794, -0.27026726690199576, -0.9609733687603705, -0.569965434263243, 0.7994421628277824, -0.18981999904738786, 0.8195447606875677, 0.536514522389248, -0.20124252158774647
0.0029417603162861412, 0.011616136073036543, 0.06971047093630847, -0.06152825467483247, -0.2696311582680906, -0.9609960001829753, -0.5698440393917353, 0.7999666328566806, -0.18796584020947857, 0.8194461816656291, 0.5360526324969898, -0.20286825909113504
0.002937352735857378, 0.011599829111149295, 0.06964716846547335, -0.06471503635918391, -0.2711394492101145, -0.9603621000180428, -0.5698114480779888, 0.8001002611418837, -0.18749529530085568, 0.8192233381125656, 0.5350915540379285, -0.20627687967627317
0.0029326706978084534, 0.011583208096619686, 0.0695839720416675, -0.06783008326665196, -0.27447371160748985, -0.9591992814011318, -0.5698877268516969, 0.7997954951448686, -0.18856071894692225, 0.8189182246035589, 0.5338458088084826, -0.21066939462051018
0.00292779882967246, 0.01156589805218751, 0.06952098229305005, -0.07011410980416187, -0.2793051085814297, -0.957639111527242, -0.5700898639629124, 0.7990011845222932, -0.19129729255460076, 0.8185850955234392, 0.5325277114407176, -0.21525026814058523
0.002922821697704514, 0.011547533570594943, 0.0694582971639823, -0.0711570671119489, -0.28495204231852417, -0.9558969637876917, -0.570395916057208, 0.797798189218392, -0.19536260702886168, 0.8182818406547246, 0.5313382941764662, -0.2193044605026513
0.002917821859636601, 0.011528062922890537, 0.06939592663133189, -0.07094520444793281, -0.2903360704668685, -0.9542912260686979, -0.5707401204171025, 0.7964323709673008, -0.19987794631143035, 0.8180602012762339, 0.5304719075137356, -0.2222095012069159
0.002912879461728274, 0.011507810988476731, 0.06933377505646066, -0.06948776202532754, -0.2943627882948791, -0.9531642040047326, -0.5710559634137645, 0.7951751093199662, -0.2039402661750667, 0.8179648755162343, 0.5301387501260816, -0.22335256442778387
0.002908074507525767, 0.011487124934809238, 0.06927174055030073, -0.06679500217005746, -0.29594226087499786, -0.9528675699766976, -0.5712736515693885, 0.794317645436571, -0.2066540422316454, 0.818037189073748, 0.530544678963324, -0.22212046487441128
0.0029034870005753186, 0.01146635192934377, 0.0692097212237843, -0.06291459616665428, -0.29398955818611333, -0.9537357565210192, -0.5713170494597571, 0.7941664971068406, -0.20711447044967204, 0.8183144765832904, 0.5318549751112465, -0.21792591140943116
0.0028991969444231657, 0.01144583913953604, 0.06914761518784354, -0.05989975773234102, -0.2877382953143074, -0.9558340297526675, -0.5710846283032393, 0.7952402598397169, -0.20360568863813863, 0.8187028559491887, 0.5336661901785384, -0.2119576163315819
0.0028952843426155446, 0.011425933732841755, 0.06908532055341059, -0.061257448895440235, -0.2776378572918637, -0.9587307991053615, -0.5705162104033016, 0.7978963001328312, -0.1946092184388876, 0.8189986438461777, 0.5350501980494182, -0.20727399003589453
0.0028918291986986928, 0.01140698287671664, 0.06902273543141765, -0.06611073029925048, -0.2655986265182614, -0.9618142964891471, -0.5696915721679422, 0.8014195942284784, -0.18214869362001865, 0.8191952660630543, 0.5358955155422316, -0.20429173375740814
0.0028889115162188473, 0.011389333738616395, 0.06895975793279688, -0.072723980604736, -0.2537300629821963, -0.9645373387194779, -0.5687208773221984, 0.8050061293096126, -0.16888367437921412, 0.8193093349540641, 0.5362706284265494, -0.20284483415685717
0.002886586608328934, 0.01137332974509754, 0.0688962896650084, -0.08017937283148481, -0.24319805585348156, -0.9666571128385891, -0.5676831728937044, 0.80828011382291, -0.15626603217513482, 0.8193333164138306, 0.5362256644618109, -0.20286683658696675
0.002883595419398964, 0.011359114961182904, 0.0688324184271164, -0.08922921909699419, -0.23314824745441698, -0.9683388049480793, -0.5664815844569131, 0.8115378111876134, -0.14319565455698338, 0.8192293701586425, 0.5357688640838992, -0.20448707379128528
0.002877727235505099, 0.011346343805955365, 0.06876845752690974, -0.09951741599585186, -0.22414051717112418, -0.9694623832185391, -0.5651677799141044, 0.8146170385670225, -0.13032444522520176, 0.8189515641724309, 0.5349393508039535, -0.20774558118278674
0.0028696283708060017, 0.011334058288143583, 0.06870459023425497, -0.11023906222295744, -0.21750945783072895, -0.969812860769739, -0.5639182758500683, 0.8171859677653496, -0.11917748214195321, 0.8184396907057291, 0.5337571824730714, -0.21274337318919986
0.0028605103323034006, 0.0113211929136445, 0.06864097058399195, -0.12148969425613423, -0.21375699451927918, -0.9693029461853687, -0.5628112526956358, 0.8192176228192143, -0.11011802895804523, 0.8176085542780973, 0.5321563997139568, -0.2198313403833931
0.002851054482857239, 0.011307332613769105, 0.06857765005261172, -0.13341357715269053, -0.21328429834021762, -0.9678381194770352, -0.5619102437408785, 0.8207097843811362, -0.10340371269995811, 0.816368602660826, 0.5300426944148839, -0.2293404602049547
0.002840848703598284, 0.01129339952431547, 0.06851446665218386, -0.14416186458083866, -0.21618970022934, -0.965649714086492, -0.5614313041258423, 0.8214480718246667, -0.10008973994917347, 0.8148694665700341, 0.5277168547718419, -0.23979715102891194
0.002830201871417407, 0.011279369510810634, 0.06845137168810043, -0.15045356267461962, -0.22184844829011083, -0.9634038568896143, -0.5616664848837347, 0.8211300604784652, -0.10137151245286537, 0.8135689800114454, 0.5258599526203741, -0.2481467811462285
0.0028197186382886595, 0.011264717162627964, 0.06838839645040413, -0.15333389922095464, -0.2286532455980733, -0.9613565460468687, -0.5623574942907619, 0.8201526349778571, -0.10537411424962814, 0.8125532376187508, 0.5244686345400887, -0.2543420677334779
0.0028094173721491824, 0.011249471762170386, 0.0683255318419983, -0.15470383875260157, -0.23482237949752663, -0.9596484629083344, -0.5630947033647236, 0.8190854366786097, -0.10965127661639663, 0.8117826539892331, 0.5234094931391015, -0.2589428994470901
0.0027992563228261443, 0.011233719983037295, 0.06826276448650136, -0.15565822921999795, -0.23957786698542452, -0.9583177767978682, -0.5636661398569434, 0.818236500173272, -0.1130022679549743, 0.8112034260620867, 0.5225815490762273, -0.2624071761789746
0.0027891937401467136, 0.011217548498828073, 0.06820008100753176, -0.15563340806878662, -0.24419754868035667, -0.9571550551041348, -0.5642847556705388, 0.8172820742330482, -0.11675926368030355, 0.8107779947746084, 0.5219363642780901, -0.26499334865885593
0.002779187873938059, 0.011201043983142108, 0.068137468028708, -0.1551668303555838, -0.2485148602376407, -0.9561190401819574, -0.5648896033875124, 0.8163202021783685, -0.12050337547208581, 0.8104461677015324, 0.5214035785804825, -0.2670492791627907
0.0027691969740273486, 0.011184293109578785, 0.06807491217364849, -0.1552486858447667, -0.25160114134905437, -0.955298231556683, -0.5652834668442647, 0.8156804700744519, -0.12296329879948023, 0.8101558168994419, 0.5209244056588004, -0.26885928649206764
0.0027591792902417504, 0.01116738255173749, 0.06801240006597167, -0.1559729355603935, -0.2533720568539312, -0.9547120215951413, -0.5654509539121257, 0.8154040084279061, -0.1240222631609758, 0.8098997852157639, 0.5204987068622856, -0.27045042810494513
0.0027490930724084336, 0.011150398983217612, 0.06794991832929605, -0.15734060837938396, -0.25382909251685326, -0.9543661376782373, -0.5653905713874087, 0.8154975266236973, -0.12368219700850847, 0.8096773645971739, 0.5201293837716754, -0.2718234526237065
0.0027388965703545667, 0.01113342907761854, 0.06788745358724008, -0.15935171333276157, -0.2529720807013086, -0.9542600053672814, -0.5650974170844931, 0.8159623323570612, -0.12194417320585338, 0.8094886908798343, 0.5198178513287856, -0.27297886507489344
0.0027285480339073174, 0.011116559508539655, 0.06782499246342215, -0.16200011353320914, -0.2508084012345951, -0.9543851995318106, -0.5645668454194848, 0.8167904218675512, -0.11881785976240827, 0.8093332071948606, 0.5195657346434367, -0.27391824896510086
0.002718005712893855, 0.011099876949580346, 0.06776252158146076, -0.16514643179133573, -0.24758420582783322, -0.9546877589511613, -0.5638367346186565, 0.8179001538169287, -0.11457519400295695, 0.8092062733080859, 0.5193663441260374, -0.27467036212156926
0.002707227857141347, 0.011083468074340002, 0.06770002756497437, -0.16851008042835325, -0.24380317171869242, -0.9550729638378084, -0.5629950618810341, 0.8191380614414661, -0.10976974353385162, 0.8090988277655583, 0.5192040540652805, -0.27529300236398446
0.002696172716476962, 0.011067419556418004, 0.06763749703758139, -0.17180503909887526, -0.23998394106457263, -0.9554531577065145, -0.5621387179453171, 0.8203544503669061, -0.1049696982467159, 0.8090012919192584, 0.5190628900184708, -0.275845293377726
0.002684798540727869, 0.011051818069413745, 0.06757491662290033, -0.17478330560223249, -0.2365840492495344, -0.9557608402332931, -0.5613590495924327, 0.8214260738831802, -0.10067384260841925, 0.8089046999019336, 0.518928889912248, -0.2763801615366138
0.002673066862323459, 0.01103674419495695, 0.06751227372381707, -0.17733223656890754, -0.2338259572566584, -0.9559700306947265, -0.560704687880837, 0.8223003640308449, -0.0971203598798582, 0.8088037653608706, 0.5187943070502484, -0.27692767306704913
0.002661024766348021, 0.01102211974302516, 0.06744957605283564, -0.17937064471985326, -0.23187755763050716, -0.9560643127322006, -0.5602145053364768, 0.8229410309473788, -0.0944868646631472, 0.8086939345780892, 0.5186529261949422, -0.27751263453405706
0.0026488108787151316, 0.011007696638877278, 0.06738685305363007, -0.18081729728366858, -0.23090664549130527, -0.9560267915027183, -0.5599274388050668, 0.8233112465934826, -0.09295081767194843, 0.8085705709931741, 0.5184985171633939, -0.2781598810452976
0.0026365683069462945, 0.010993218490632317, 0.06732413523380112, -0.18159047190280847, -0.2310806024836148, -0.9558381953395276, -0.5598814585928199, 0.8233719760405789, -0.09268948912907575, 0.808429126663613, 0.5183245549140443, -0.2788942504517905
0.0026244168853193648, 0.010978471233874422, 0.06726144913936274, -0.181607469464432, -0.23256594756144588, -0.9554746501449278, -0.5601124394014801, 0.8230799706501639, -0.09387980156694248, 0.8082652920065594, 0.5181239638825559, -0.2797405508469934
0.0026123901422951045, 0.010963397770123427, 0.06719880662529684, -0.180789181102183, -0.23551837530219008, -0.954906470232252, -0.5606510402516848, 0.8223879115407223, -0.09668781731114157, 0.8080752954156597, 0.5178891945645379, -0.2807224591873413
0.002600501604634124, 0.010947977378349535, 0.06713621614188282, -0.17918627522177008, -0.23984979533251516, -0.9541301559279524, -0.5614740740086251, 0.8213055584528739, -0.10101506754227224, 0.8078608438266488, 0.5176188320891769, -0.28183612557358845
0.002588764799097033, 0.010932189337522966, 0.06707368613940018, -0.17698953903035863, -0.24521272943097294, -0.953176489638112, -0.562502941269387, 0.8199098932614116, -0.10648102176138745, 0.8076293358571801, 0.5173185520132378, -0.28304835559638447
0.0025771932524444436, 0.010916012926613919, 0.06701122506812834, -0.17439733827052492, -0.2512480898002089, -0.9520819112743937, -0.5636570126333358, 0.8182855223038632, -0.11269239591541864, 0.8073885932519852, 0.5169943920001842, -0.2843245647617178
0.0025658004914369675, 0.01089942742459261, 0.0669488413783468, -0.1715729885578616, -0.25766247301467216, -0.9508799922163087, -0.5648696823462044, 0.8165066069417989, -0.11932813074245735, 0.807146177320702, 0.516649795142081, -0.28563619801457896
0.0025546000428352147, 0.010882412110429247, 0.06688654352033498, -0.16854597206086575, -0.26439947075589204, -0.9495710479822256, -0.566125075933679, 0.8145819548427766, -0.12632749994995857, 0.8069043646561493, 0.5162839903662759, -0.2869776778607199
0.002543605433399796, 0.010864946263094045, 0.06682433994437237, -0.1653146395355031, -0.2714571364667002, -0.9481466621871039, -0.5674207887384687, 0.8125028683874125, -0.13368895754564458, 0.8066627042715319, 0.5158973850714175, -0.28834904129164857
0.002532830189891323, 0.010847009161557206, 0.06676223910073842, -0.16204268155950816, -0.27838912146339984, -0.9467004100579234, -0.5686799223071874, 0.8103897365863555, -0.1409667365025825, 0.8064399018635519, 0.5155268876463514, -0.2896320299897289
0.0025222878390704063, 0.010828580084788946, 0.06670024943971259, -0.1597880638846138, -0.28229117976609447, -0.9459278325888678, -0.5694129899694285, 0.8091130305806435, -0.1452754301273355, 0.8063725078982307, 0.5154103157396767, -0.29002686933290256
0.0025119919076976574, 0.010809638311759476, 0.06663837941157436, -0.15854801123645498, -0.282988837997765, -0.9459280341028274, -0.5696165147675668, 0.8087530937246797, -0.14647682238091306, 0.8064735297807457, 0.5155926211258594, -0.2894213102097887
0.002501955922533686, 0.010790163121438996, 0.06657663746660314, -0.158073836984175, -0.28092979174429344, -0.9466208925285816, -0.569387011213081, 0.8091703340023042, -0.1450579264722689, 0.8067286368556252, 0.5160637777262684, -0.2878664339515072
0.002492193410339104, 0.010770133792797728, 0.06651503205507842, -0.15811312393554694, -0.27655333956281464, -0.9479021523427388, -0.5688118714977504, 0.8102041934102959, -0.14149989336956606, 0.8071265668298679, 0.5168050070936101, -0.28541073869145944
0.002482609025539085, 0.010749819935347824, 0.06645350184012339, -0.15841244813140518, -0.27029249244174713, -0.9496564983227583, -0.5679710991648501, 0.8116874701520472, -0.13628015743915706, 0.8076597840616351, 0.5177889718097495, -0.28209972329251876
0.002472522310430878, 0.010731100589437164, 0.06639159347732415, -0.15871860433274163, -0.262578173851191, -0.9517673598393886, -0.5669384062637443, 0.8134573542355361, -0.1298767736866263, 0.8083249644430093, 0.518979609866414, -0.2779764673513075
0.0024619528970361544, 0.010714074573600246, 0.06632927244957249, -0.15877915772804127, -0.2538436050712046, -0.9541239978302758, -0.565782030469718, 0.8153634478557376, -0.12277272457010592, 0.8091229035620837, 0.52033246301308, -0.2730828717917051
0.002451077030770376, 0.010698430885099513, 0.06626660192949364, -0.1583428542723091, -0.24452757979381784, -0.9566262609928061, -0.5645799579725181, 0.8172636370550678, -0.11545396746440623, 0.8100475366030365, 0.5218107034813492, -0.2674632277073831
0.0024400709570490007, 0.010683858521197402, 0.06620364508971281, -0.1571601805626104, -0.23507580298781516, -0.9591871790715104, -0.5634232132604545, 0.8190247947988315, -0.10840972402878025, 0.8110825854404669, 0.5233906307475955, -0.2611652489150157
0.0024291109212874933, 0.010670046479156368, 0.06614046510285533, -0.1548223687278819, -0.22638833032655548, -0.9616539700086734, -0.5624797588140376, 0.8204225653239898, -0.10258330873834035, 0.8121862810131614, 0.5250287022622269, -0.25435861836165913
0.0024183731689013093, 0.010656683756238836, 0.06607712514154634, -0.15007012790321814, -0.22185104555152582, -0.9634630612010023, -0.5622878952534978, 0.8207016852153424, -0.10139559524993398, 0.8132104767909125, 0.526527166889223, -0.24790696433360843
0.0024080339453059134, 0.010643459349707266, 0.06601368837841118, -0.14404834540067504, -0.22103062387214567, -0.9645701309381386, -0.5626528438523637, 0.8201371695187489, -0.10390765360945566, 0.8140465904923229, 0.5277504016904819, -0.24250291137089364
0.0023982694959167644, 0.010630062256824089, 0.06595021798607503, -0.13843266605047186, -0.22246252460617055, -0.9650631182031606, -0.5632334404989491, 0.8192032414403753, -0.10804693756557376, 0.814619229133388, 0.5285985947384189, -0.2387028218657951
0.0023892560661493223, 0.010616181474851747, 0.06588677713716315, -0.1335337941498916, -0.22564130257436923, -0.9650154031892322, -0.5639466016954663, 0.8180113717447522, -0.11323261955993036, 0.8149435294890497, 0.529096775900979, -0.2364818079157882
0.0023811699014190495, 0.01060150600105269, 0.0658234290043008, -0.12963793464882853, -0.2300775058998923, -0.9644990135707091, -0.5647191312745107, 0.8166717015696894, -0.11891019564288959, 0.8150376118146623, 0.529255772886941, -0.23580080193523228
0.002374178844941052, 0.010585731191364309, 0.06576023617516025, -0.12702978068044238, -0.23528391853421876, -0.9635895975463111, -0.5654812301241785, 0.8153056935923674, -0.1245295321324004, 0.8149198814592294, 0.5290728718003331, -0.23661674312572142
0.002367552151115369, 0.010569242050669518, 0.06569719531963746, -0.12599326071575825, -0.24077628542117643, -0.9623681616891693, -0.5661635027293905, 0.8140495657115353, -0.12954610276673023, 0.8146070134926402, 0.5285357934365855, -0.23888350429646799
0.0023603600115943034, 0.010552673617027048, 0.06563425450722206, -0.1267985418874846, -0.24610686561124495, -0.9609128683050386, -0.5667112912561674, 0.8130368176209377, -0.13345203466259206, 0.8141010024179894, 0.5276386489746812, -0.24256342257273228
0.0023525730424257094, 0.010536038216817215, 0.06557140396824347, -0.1294796111328396, -0.25141646301263115, -0.9591792285215036, -0.5671514711190883, 0.8122496585478299, -0.13634405376248557, 0.8133721406025305, 0.5263461354614014, -0.24776098679272637
0.002344176828423685, 0.010519337610503823, 0.06550863470868404, -0.13387211948529099, -0.257336360735427, -0.9570037894741913, -0.5675452017272528, 0.8115527623852193, -0.13883284143635444, 0.8123858071266927, 0.5245570620136251, -0.25469430513999697
0.0023351569544023247, 0.010502573558550684, 0.0654459377345261, -0.13978783587746335, -0.2645212752537076, -0.9541948731149459, -0.5679705144899712, 0.8107840203063116, -0.1415583522295025, 0.8110911512343683, 0.5221664172982466, -0.2635780283620402
0.002325499005175725, 0.010485747821421594, 0.06538330405175193, -0.145659179237707, -0.2746764965600903, -0.9504400169086276, -0.568764260967493, 0.8093079467926736, -0.14672376325711048, 0.8095002278874905, 0.5192046508802687, -0.27410930585151455
0.0023151981931948556, 0.010468840331703293, 0.06532073233395831, -0.14988008755966856, -0.2884895532116182, -0.9456795107439238, -0.5701956088953033, 0.8066195632201703, -0.15569793777380622, 0.8077208224068638, 0.5158862839020463, -0.2853916872162134
0.0023044141855769387, 0.010451458168676254, 0.06525835222924614, -0.15423314790526482, -0.29887284638788586, -0.9417468650222499, -0.5712271718242488, 0.804682007027497, -0.16182208049542995, 0.8061709832640362, 0.5129930694056232, -0.2948329297837925
0.002293444563755778, 0.010432895730867722, 0.06519640322303297, -0.1598475279182239, -0.3089636159559082, -0.9375447999076538, -0.5721414185557531, 0.8029594393619431, -0.1670638677648892, 0.8044271035907749, 0.5097034655120602, -0.3051219629157379
0.0022825911771346815, 0.010412437740420704, 0.06513512819982009, -0.1663697648205601, -0.3189431570674445, -0.9330575351570786, -0.57297303425124, 0.8013729114756208, -0.1717654178640571, 0.8025104381716658, 0.506040234875586, -0.31607005127437005
0.0022721558751169586, 0.010389368919478214, 0.06507477004410887, -0.1734043779106961, -0.32837608047695704, -0.9284934418142088, -0.5736795895069654, 0.7999934333010311, -0.17579031616772373, 0.8005139913234023, 0.5021749261420962, -0.32710501868613423
0.002262251109764333, 0.010363854591307666, 0.06501525551990177, -0.18057792949091178, -0.33680286337804377, -0.9240970958731155, -0.5742312178900801, 0.7988941433175487, -0.17895992896007498, 0.7985299742534719, 0.49832918737845433, -0.3376653687091391
0.002251621986244166, 0.010340436578923933, 0.06495500627314056, -0.1877699746854829, -0.3431993392143183, -0.920302477541742, -0.5745049811794231, 0.7983497457224277, -0.1805040445667794, 0.7966721177540005, 0.49482511766056353, -0.34707584146057435
0.0022395435201882164, 0.010317116460211617, 0.06489493579145673, -0.1950716373853097, -0.3460667352435799, -0.9177063097994174, -0.574229170615981, 0.7988454547354561, -0.1791837019993309, 0.7951150331250799, 0.49202007500340106, -0.3545537052297589
0.0022262356848884476, 0.010293786356790185, 0.06483507918991636, -0.20257849772984057, -0.34387548227579523, -0.9169032691331787, -0.5730764716006964, 0.8008720601052758, -0.17374493097764876, 0.7940688320008646, 0.49025870316835884, -0.3593064068625299
0.002211945490516507, 0.010270738584868485, 0.06477531079046409, -0.2103653667671351, -0.33505447426364643, -0.9184143464367487, -0.5706743502571943, 0.8048544774540352, -0.16291119077804692, 0.7937740222654417, 0.4898446380211827, -0.3605205017449612
0.0021969199472440418, 0.010248265460655357, 0.06471550491504453, -0.2181989583152235, -0.3195238640831911, -0.9221137212250439, -0.566953171470191, 0.8105787648728752, -0.14671798559500615, 0.7943256989107451, 0.4907815870817799, -0.3580225102300773
0.0021814060652426996, 0.010226659300359651, 0.06465553588560236, -0.22398395082561554, -0.30527838241437916, -0.9255464866785506, -0.5636343902281894, 0.8153244866850304, -0.13252266056749984, 0.7950770176056188, 0.49198688055907724, -0.3546849946545567
0.0021656508546841298, 0.010206212420190213, 0.06459527802408219, -0.2264222210255628, -0.29078179478358773, -0.9296122447818157, -0.5606350676282678, 0.8193594632299499, -0.11974302051049142, 0.7965056803132661, 0.4940607430650242, -0.34854366066640413
0.0021499013257399793, 0.01018721713635589, 0.06453460565242869, -0.2257106139285795, -0.27727259541314225, -0.9339028999809582, -0.5581951819387029, 0.822481058132156, -0.10928425263608418, 0.7984189737352202, 0.4966334834127366, -0.3404149314188919
0.002134404488581896, 0.010169965765065526, 0.06447339309258648, -0.22259129287994353, -0.26528585207382177, -0.9381239433163944, -0.5563261990851903, 0.8247747225387212, -0.10123150336037011, 0.8005962006813799, 0.49936967644285507, -0.33117314157989597
0.0021193951473909606, 0.010154639453924957, 0.06441154567959725, -0.2180986463582857, -0.2545306097193052, -0.9421502795056647, -0.5548443508451077, 0.8265292328297283, -0.094853432268799, 0.8028578496794775, 0.5020593550505951, -0.32148977777563353
0.00210501715816067, 0.01014059102096644, 0.06434919983052374, -0.21326693222133017, -0.24469977363323597, -0.9458537077184535, -0.553578478021402, 0.8279859012596911, -0.08938800806979204, 0.8050267599852882, 0.5045407496912615, -0.3120425413442359
0.002091373322939972, 0.010126799376865964, 0.0642865962726818, -0.2091308798217199, -0.23548701384339552, -0.9491101840229689, -0.5523537412150714, 0.8293599979507339, -0.08406746317614636, 0.8069508161410505, 0.5066634584320042, -0.30351691916434165
0.002078537729294752, 0.010112324042601603, 0.06422396251642457, -0.20672688845327275, -0.22658788790504117, -0.9517993079663174, -0.5510069187869879, 0.8308366032104382, -0.07811475030114633, 0.8084895602537474, 0.5082995847140477, -0.2966077597437885
0.0020662768290898702, 0.010097113871078084, 0.06416137799635013, -0.20682842381929847, -0.217983621490084, -0.9537846422869748, -0.5494484628813949, 0.832495630681832, -0.07111548026225574, 0.8095235572469137, 0.5093468029326647, -0.2919545248914226
0.0020541693653141554, 0.0100816603553938, 0.06409883179625059, -0.20907524714419945, -0.21069900780177078, -0.9549311331938766, -0.5478836547542104, 0.8340964764439169, -0.06408251584489756, 0.8100068159495704, 0.5097930914549468, -0.28982746940213794
0.0020417914024380666, 0.01006646273187034, 0.06403631171065394, -0.2126687627640556, -0.2048044283204829, -0.9554198781084293, -0.5464017796712858, 0.8355481336099819, -0.05748401162869192, 0.8100722761065569, 0.5098180680999803, -0.2896004919235229
0.002028719004932065, 0.010052020236829296, 0.06397380553408828, -0.21674128954165087, -0.1997927858320102, -0.9555658303525231, -0.5450076499776465, 0.8368568630813906, -0.05135418366031866, 0.8099320186742005, 0.5096601156094709, -0.2902700323548325
0.0020145282372666124, 0.010038832106592259, 0.06391130106108169, -0.22037736073950012, -0.19528730176668904, -0.9556655736407891, -0.543742512247888, 0.8379984555908576, -0.045854866717640996, 0.8098011479664915, 0.5095306253759665, -0.2908618960196213
0.001998964179210217, 0.010027210726210675, 0.06384878643659286, -0.22248543387929054, -0.1920832227070165, -0.9558264838693425, -0.5428919804006003, 0.83874228192035, -0.04218627899872559, 0.8097953626245696, 0.5095247001603855, -0.29088838168309705
0.0019824956758769338, 0.010016668337342688, 0.06378625130621152, -0.2236110438172517, -0.19032643549587241, -0.9559152415535567, -0.542422054338425, 0.8391441775073085, -0.040191595176920156, 0.8098002321870759, 0.5095222245467006, -0.2908791615821593
0.001965785269411207, 0.010006503044011746, 0.0637236857171322, -0.2237011224501533, -0.18972417448487866, -0.9560138834925844, -0.5422851186682257, 0.8392578576408328, -0.039662305267193596, 0.8098670618598646, 0.5095596000510156, -0.29062752125412883
0.0019494955040814921, 0.009996012947893144, 0.06366107971655395, -0.22196058744949573, -0.19009564620182992, -0.9563457235300336, -0.5425435282800434, 0.8390335108399471, -0.040856916293746805, 0.8101728318948472, 0.5097905579575803, -0.2893675335568631
0.0019342889241562439, 0.009984496150662171, 0.06359842335167577, -0.2175815774360486, -0.19126012712312757, -0.9571195437004125, -0.5432506999031039, 0.8384145372300685, -0.04404248875889722, 0.8108865113042814, 0.5103730278278183, -0.2863257554790287
0.0019206432646253799, 0.009971382955065815, 0.06353572120135298, -0.21000925527511843, -0.1927401079496664, -0.958513100320669, -0.5443543140583305, 0.8374159055522815, -0.0491221120691773, 0.8121419170716869, 0.5114546430677928, -0.28078399993504277
0.0019077857954098649, 0.009957070013693467, 0.0634730639671199, -0.19980211152032526, -0.19284647459206208, -0.9606713035525901, -0.5454528577851444, 0.8363709564801133, -0.05445000542295239, 0.813978068602612, 0.5131216818591412, -0.2722973437990312
0.0018953351739704992, 0.0099422518089325, 0.06341041344159859, -0.18806144194456012, -0.19078463350518543, -0.9634490737304306, -0.5462891843333454, 0.8355287722540589, -0.058820046039026776, 0.8162113826296109, 0.5152600259615694, -0.2613543275171503
0.0018833950187938917, 0.00992755441542937, 0.06334764598383955, -0.17625110627155993, -0.18755631228649017, -0.9663116356846501, -0.5469109138117917, 0.8348702951635325, -0.062289988016589325, 0.8184277609487611, 0.517507700401693, -0.24972340725961056
0.001872072086385056, 0.009913603454038479, 0.0632846374019751, -0.16588102799742968, -0.1843151266013143, -0.9687679901072584, -0.5473843489398724, 0.834352210811247, -0.06501355897085165, 0.820276696661674, 0.5195039195427942, -0.23929441801572846
0.0018614731332490075, 0.009901024545614241, 0.06322126350413759, -0.15806405178509778, -0.18177950999795095, -0.9705524021289024, -0.5477308725320884, 0.8339679969700304, -0.06699456175715093, 0.8215878813666346, 0.5210120821772758, -0.23138661027981836
0.0018517017853893103, 0.009890428296655793, 0.06315740330968528, -0.15161915460516373, -0.1803792174541387, -0.971841020881218, -0.5481064303926957, 0.8335411747483752, -0.06919863409978495, 0.822551501681805, 0.522180474462356, -0.22524781723975945
0.001842695563090925, 0.009881628645680802, 0.0630931062269717, -0.14589169173680278, -0.18069547126389904, -0.97265860452005, -0.5486330536188166, 0.8329187153516936, -0.07244436550745173, 0.8232359241183943, 0.5230636292857707, -0.22065142863650716
0.0018341462931944265, 0.009873261148535666, 0.06302867369335607, -0.1409676665202094, -0.18320329027947366, -0.9729155520530145, -0.5493596023796026, 0.8320237135105729, -0.07707507657732907, 0.8236092181788474, 0.5236154071328031, -0.21793292808563125
0.0018257261488686843, 0.009863867091242878, 0.06296442730425858, -0.13693608845934047, -0.1883787677679169, -0.9725029293177975, -0.5503291757219227, 0.8307687162235943, -0.08343343750217833, 0.8236420982603334, 0.5237716869003538, -0.21743255040327605
0.001817198118846258, 0.009852418944850377, 0.06290059415545364, -0.1338851177707259, -0.19670161013331375, -0.9712791832477832, -0.5515747552749232, 0.829051162563843, -0.09186652924187935, 0.8233104302648714, 0.5234335167167865, -0.21949325500928324
0.0018085668704516107, 0.009839036651011013, 0.06283714986003618, -0.13189545701079283, -0.20862176463043136, -0.9690616841782564, -0.5531229097142262, 0.8267452761046953, -0.10270002525724711, 0.8225926301451905, 0.5224645516789211, -0.22443742350544355
