0.0003356345114298165, 0.0012399428524076939, 0.007265004329383373, -0.24328076155343784, -0.14019552889641893, -0.959770641734489, -0.4992981848719005, 0.8664302179538901, 0.0, 0.8315742863037583, 0.47921173931136946, -0.28078517636187156
0.00033220830045419415, 0.0012379684280562945, 0.007251487532223609, -0.2141189022868879, -0.2033487781123279, -0.9554069133744435, -0.5153702329521315, 0.8543953475064543, -0.06634842233384954, 0.8297870923738956, 0.4781818321512732, -0.2877421010733879
0.0003292001714101754, 0.0012351116071078767, 0.007238065142820887, -0.1926644375633408, -0.2463088258458314, -0.9498486073100542, -0.5252520374123488, 0.8435179414458391, -0.11219527464715412, 0.8288490282871653, 0.47729387673572954, -0.29189012237141604
0.00032649009948306873, 0.0012316469581941198, 0.0072247043063415235, -0.179680679969365, -0.2695102910910462, -0.9460861780206739, -0.5302604081671984, 0.836592412850375, -0.13761189734737364, 0.8285763409463868, 0.4769458436313367, -0.2932301305573657
0.0003239580598581824, 0.0012278490499467026, 0.007211372167951831, -0.1754452006808938, -0.2734894856076201, -0.9457391198528905, -0.5312552692706448, 0.8350678826054622, -0.1429316980694088, 0.828846680894733, 0.4773522103257816, -0.2918013825650508
0.0003214840277208248, 0.0012239924509973058, 0.007198035872818127, -0.17998767118880132, -0.25838805865220676, -0.9491259396760663, -0.5285275771670511, 0.8391758840133817, -0.12822806192205377, 0.829616199452469, 0.4785597630769881, -0.28760652768972095
0.0003189479782563045, 0.001220351729977609, 0.007184662566106731, -0.193151163896738, -0.2238626456854105, -0.955289560160721, -0.5217868738760303, 0.8479681262359996, -0.09321220487944427, 0.8309218291367818, 0.48045350738082476, -0.28059462059962714
0.0003162298866499297, 0.0012172014555192905, 0.0071712193929839504, -0.21191241005401742, -0.1764430857417041, -0.9612288842721298, -0.5117283227838126, 0.8579849487937782, -0.04467607082324903, 0.8326026988461929, 0.4824206309200339, -0.272108582622365
0.00031324671284035216, 0.001214717597249114, 0.007157687798341432, -0.20852402721712443, -0.19218398161934763, -0.9589489284013442, -0.5149879462222694, 0.8551372434828841, -0.05939452882432656, 0.8314476203098552, 0.4814619528243421, -0.27728909582536787
0.000310314416933809, 0.0012120150774957486, 0.007144202915784434, -0.178478248930045, -0.26407631457169456, -0.9478445097910818, -0.5304396823997725, 0.8371672358014424, -0.13335952398010759, 0.8287214598370756, 0.47897256641983554, -0.28949269873815964
0.0003078037124057525, 0.0012083002405185689, 0.007130869316217583, -0.14567665406622718, -0.29826884614010774, -0.9432995324298202, -0.5378176495402989, 0.824155385933817, -0.17753894130367429, 0.8303797253684709, 0.4814598584082893, -0.28047444881566846
0.0003057498665577299, 0.001204095048992404, 0.007117570055326803, -0.11347475596026797, -0.28744253667276043, -0.9510521898775516, -0.5386274896735701, 0.82215785705884, -0.18421966628013448, 0.8348675985614161, 0.4913585719080769, -0.2481186141440208
0.00030415085805082244, 0.0012000446057242313, 0.007104168479537915, -0.08669532860605696, -0.2588523060621461, -0.9620184008864886, -0.5376981570803361, 0.825082414425446, -0.17355028458140584, 0.8386683563067692, 0.5022295222825772, -0.21071519897130397
0.00030293030260801815, 0.0011964003079734005, 0.007090624534158626, -0.07133829277469626, -0.24443849300926007, -0.9670370577797698, -0.5373821537875284, 0.8261922723954482, -0.1691944142834593, 0.8403161719107095, 0.5075984162400505, -0.19029603005823198
0.00030192593829375165, 0.001192958884162111, 0.007077009721221138, -0.06786495951401396, -0.24632776595583597, -0.9668076225337533, -0.5376206189874049, 0.8253434020654264, -0.1725466276305268, 0.8404513176322356, 0.5080658425699123, -0.18844278257328978
0.0003009707278976048, 0.0011894917805996008, 0.007063401745931216, -0.07628396942747996, -0.26454200722335974, -0.96135231961161, -0.5385292132883006, 0.822368798909422, -0.18356428033623196, 0.839146615582445, 0.5037132964241768, -0.2051971553458236
0.00029989763420915907, 0.001185770443595107, 0.00704987831349462, -0.09200858997932078, -0.2940629795716247, -0.9513471413818804, -0.5402368677963104, 0.8173071457384995, -0.2003825246832143, 0.836467898991736, 0.49551588629452176, -0.23406294107804754
0.00029860308921888617, 0.0011816330281960153, 0.007036493023315049, -0.09383821836100271, -0.3126557137159096, -0.9452199709356695, -0.5417498302394129, 0.8125780086091494, -0.21499791013020703, 0.8352852867196933, 0.4918977379553442, -0.24563205243619068
0.0002972820236111396, 0.001177231423842589, 0.007023186104053704, -0.07565894350614506, -0.31412061025927823, -0.9463635487897198, -0.5425980291856168, 0.8092348106597002, -0.2252252204803977, 0.836578210923174, 0.4964546942339229, -0.2316670748761759
0.0002962170003388162, 0.0011728096629146773, 0.007009864490549311, -0.04811664053368379, -0.29975084840857225, -0.9528033468571011, -0.5426887342402689, 0.8086770376990211, -0.22700305378349198, 0.838554546009052, 0.5061530179468233, -0.20158223084110288
0.000295539728182812, 0.0011685904800890674, 0.006996453180661161, -0.04591324145978649, -0.2746146475525132, -0.9604575834508593, -0.5418485806991052, 0.8145853266385408, -0.20700449565057077, 0.839221120952649, 0.5109183310224745, -0.18619980980706866
0.0002948935695774825, 0.0011647256992105273, 0.006982936210112604, -0.062056197833255104, -0.2517097028033206, -0.9658111895319622, -0.5402988325305745, 0.8220966519159045, -0.17953903885996, 0.8391818634101776, 0.5106851480347986, -0.18701465103060205
0.00029402014613707296, 0.0011611829563051743, 0.006969342690667315, -0.070541635214585, -0.2535047325267336, -0.964758637322207, -0.5400951528203316, 0.8228403961764815, -0.17672268762135146, 0.8386424170057434, 0.5085951562949459, -0.19496118432160942
0.0002930272331403184, 0.0011576147353120135, 0.006955763172885873, -0.06878698901484008, -0.2815459066601511, -0.9570790210767268, -0.5420154182937242, 0.8159580574779772, -0.201076440113319, 0.8375485875303901, 0.5049201430718323, -0.20872952030359557
0.0002920590105697986, 0.0011536517896246102, 0.006942291649807903, -0.0631418261581753, -0.31132637900664395, -0.9482030349687889, -0.544086749523386, 0.8072276144975322, -0.22880818907045244, 0.8366496989675472, 0.5014573402865244, -0.22035838329929233
0.0002911694996619478, 0.0011492659771310915, 0.006928933833067711, -0.06075130504723738, -0.3167149360768153, -0.9465732555914077, -0.5444625527268844, 0.8053345388513756, -0.23451398510785418, 0.8365822180833049, 0.501126660435165, -0.221364546817951
0.00029031362857304284, 0.0011448040621647915, 0.006915598404596481, -0.062000985731610385, -0.2965112669646118, -0.9530146621806768, -0.5434105226378682, 0.8109468572025001, -0.21695667466069582, 0.8371743436433942, 0.5044266679671374, -0.21140684707176266
0.00028944124777455433, 0.0011406320198531553, 0.006902189074371259, -0.06684524764541108, -0.2502808164869775, -0.9658629435721383, -0.5410405062186879, 0.8224440349314868, -0.17567293484268268, 0.8383357820693627, 0.5108280750939864, -0.19038853483842716
0.0002885014908192954, 0.0011371133981658039, 0.006888610301743118, -0.08213466485026563, -0.20133654289865316, -0.9760724836422515, -0.5375885546414543, 0.8336312958315315, -0.1267178303505619, 0.8391974992505916, 0.5143174691801363, -0.17670624818520958
0.0002873452094297621, 0.0011342790078628655, 0.006874869277174155, -0.12160524089771138, -0.19769425809002036, -0.9726917012622478, -0.5348429268614672, 0.8385797991840689, -0.10357105766895582, 0.8361550149179691, 0.5076424930190964, -0.2077110741123059
0.0002856334446221414, 0.0011314961831164236, 0.006861177273354303, -0.1511193861202164, -0.22046540248764668, -0.9636171114320299, -0.5354899981374274, 0.8376504177939038, -0.10766726273327777, 0.8309111823976297, 0.49973671455643376, -0.24464223488783454
0.0002835065913276118, 0.001128393354421516, 0.00684761533215846, -0.15099991975098628, -0.23619384460732765, -0.9599018137313864, -0.5375994792596314, 0.8345066088255352, -0.12077052507246398, 0.8295696620145707, 0.49780637560814245, -0.2529881188295532
0.0002813813949792545, 0.0011250691255286016, 0.006834105524784472, -0.15138154516448002, -0.2470530937780685, -0.9571041723022105, -0.5390141921703402, 0.8322701813795811, -0.12957640921616453, 0.828581515858621, 0.49627725521233007, -0.2591554698175319
0.0002792505592336856, 0.0011215916239434268, 0.0068206333952698815, -0.15337209645098315, -0.25325501652983223, -0.9551643296484142, -0.5396849249703739, 0.8311788580990817, -0.13372317528696595, 0.8277784617818661, 0.4949783858428377, -0.2641575585866638
0.0002770914768835472, 0.001118026448471966, 0.006807187152482917, -0.1569840594369065, -0.25482236251933055, -0.9541601378399628, -0.5396045738800122, 0.8313095110014358, -0.13323438282336975, 0.8271534978046581, 0.4939535003202433, -0.26800565402785637
0.00027488154072148217, 0.0011144391979201948, 0.006793755005291813, -0.16221967061261314, -0.25175742668322765, -0.9540979910764797, -0.5387420522348841, 0.8326721193596277, -0.12811769118623448, 0.8267053765520586, 0.4932295000818434, -0.2707081096475208
0.000272598143540133, 0.0011108954710940875, 0.006780325162564802, -0.16906967924761834, -0.24404113817250103, -0.9549132769202541, -0.5370422109527617, 0.8352098336803091, -0.11836467960789679, 0.8264388103266187, 0.4928168590898457, -0.2722690510923748
0.00027021867813214204, 0.0011074608667996195, 0.006766885833170114, -0.1775098768925842, -0.23163829220791354, -0.9564695213066545, -0.5344268218999574, 0.8387973231874716, -0.10395683069160754, 0.8263644569071753, 0.49270960229787847, -0.27268852591184617
0.0002677205427943823, 0.0011042009704294977, 0.006753425228315364, -0.18507818641979765, -0.22050410083433675, -0.9576659158740063, -0.5319752485884828, 0.8418527961503443, -0.09102859167903753, 0.8262859068148147, 0.492607157001487, -0.2731113126000675
0.00026511559102191024, 0.001101097403448336, 0.006739946203189553, -0.18380727814647027, -0.23036236354126674, -0.9555878117494317, -0.5336821556558478, 0.8397769144959054, -0.09979023306047674, 0.8254684980269772, 0.49163799216844306, -0.2772973916604128
0.00026252915167115237, 0.00109785586542, 0.006726499674062214, -0.17729876850157097, -0.2508316286649749, -0.9516557364662405, -0.5375344319369587, 0.8346805767765904, -0.11985436677113404, 0.8243918250262052, 0.490297694072871, -0.28281847538091986
0.000260034496570127, 0.0010943265774997512, 0.006713109548132634, -0.17168434576618227, -0.2654286323789453, -0.9487213113092172, -0.5402700743380491, 0.8306527146522584, -0.13462657395771707, 0.8237916800949114, 0.489452458114449, -0.2860132148207958
0.00025761823287143593, 0.0010905909686057178, 0.006699757364772754, -0.1673532151565081, -0.2733441759171929, -0.9472464636349561, -0.5418177664254398, 0.8281959594677187, -0.14326535068568524, 0.8236664430232223, 0.48925904612331444, -0.28670398745740777
0.00025526229624007937, 0.0010867429304523483, 0.006686422379600742, -0.16433440853950668, -0.27463309791186546, -0.9474021657676862, -0.5422602653458384, 0.8274626919751251, -0.14580568581622674, 0.8239830136580679, 0.48977765865810075, -0.284903208620678
0.000252948622341057, 0.001082876354754091, 0.006673083848234763, -0.16263200384327733, -0.2693079501271433, -0.9492228712606098, -0.5416544152176785, 0.8284780635238457, -0.1422483487952443, 0.8247189374575528, 0.49101662523594325, -0.28060888785067056
0.00025065914683936887, 0.001079085133225393, 0.006659721026292979, -0.16222345813789077, -0.25734875611817265, -0.9526044128357863, -0.5400328979382352, 0.8311376608101008, -0.1325694456786541, 0.8258619853063923, 0.49293184773104615, -0.2738068200725488
0.0002483758665845329, 0.0010754629731494331, 0.006646313206786081, -0.16197705726948425, -0.24199559865117448, -0.9566616764310034, -0.5379470290248923, 0.8343959427615577, -0.11998501850790816, 0.8272704677924929, 0.4951984864036956, -0.2653338127376137
0.0002460961935623925, 0.001072057115264239, 0.006632849103586287, -0.1593573999495155, -0.23089412715516594, -0.9598401539457412, -0.536652893657015, 0.8363257511844583, -0.11208438622441691, 0.8286186642906874, 0.49723951969951635, -0.2571846986858113
0.00024385321857100793, 0.0010688072520446416, 0.006619339235442673, -0.15403240039494503, -0.22516047257486657, -0.9620690106319995, -0.536317254414078, 0.8368202570552886, -0.10998027095650423, 0.8298420465644751, 0.49903368520750546, -0.2496548793472697
0.00024168506572977107, 0.0010656379037965087, 0.006605797197186311, -0.14601035569566895, -0.2248058510329586, -0.96340194382769, -0.5368847075053265, 0.8359589535522449, -0.11369889543331407, 0.8309246577617879, 0.5006345546575695, -0.2427534877324585
0.0002396298591580738, 0.0010624735908257086, 0.006592236583648272, -0.1352818775015331, -0.22981762366427533, -0.9637855951781836, -0.5382512153853333, 0.8337232936723338, -0.1232521753332047, 0.8318560228524357, 0.5020849822903102, -0.23648726773902073
0.0002377257229753081, 0.0010592388334381094, 0.0065786709896596286, -0.12364791894759805, -0.23968396531561367, -0.9629448524762526, -0.5401129140429898, 0.8303143611346142, -0.13731752174288417, 0.8324597481103325, 0.5031199245350966, -0.23212304778259443
0.00023598522190437608, 0.0010558649780439571, 0.006565116321200601, -0.12042908143376485, -0.25196428282366257, -0.9602139535156615, -0.5416364439498407, 0.8272753497276388, -0.14914911437344894, 0.8319415838449181, 0.5021249803725866, -0.23610104861147665
0.00023429005809122953, 0.0010523183202984772, 0.006551600317196424, -0.12860129262938616, -0.2658870082494238, -0.9553877780138398, -0.5426575536055511, 0.8252235822746435, -0.1566167895617934, 0.8300508942522075, 0.4983072727765223, -0.25041041282090304
0.00023248016439947182, 0.001048576311107809, 0.00653815449346281, -0.14698331768008907, -0.28204511338554134, -0.9480751332774693, -0.5433251054804923, 0.823961556359373, -0.1608887298615158, 0.8265553424171705, 0.4914650624990316, -0.27435079417500696
0.00023041159952333853, 0.001044606958502065, 0.00652481178932749, -0.16736561105590328, -0.30519227736471344, -0.9374680933625549, -0.5449750048756288, 0.8210384165874234, -0.16999459564475886, 0.8215783567601405, 0.4824454293747185, -0.30373575913736434
0.0002280556367602357, 0.0010403108451217742, 0.006511615291518741, -0.1860073600088902, -0.33613505328904, -0.9232629571107559, -0.548345549615432, 0.8152291758463608, -0.18632914175139936, 0.8153026556067832, 0.4716085419065664, -0.33595678734219603
0.000225434906749336, 0.001035574907673773, 0.006498607080770862, -0.20151830951354496, -0.3574757914554293, -0.9119218329737026, -0.5505966869857916, 0.8113441428417943, -0.19637711209961387, 0.8100825014843078, 0.4625275563678649, -0.36032568655217767
0.00022259239140171543, 0.001030532534967949, 0.006485743972637833, -0.2131412177856896, -0.35596869349967375, -0.9098665344592957, -0.549072391416765, 0.8139349799122526, -0.18981400754189837, 0.8081400437205845, 0.45912540522538764, -0.36893567462623567
0.00021958710980786775, 0.0010255133923841048, 0.006472914895384376, -0.22091587676285038, -0.33122694853763984, -0.9173248519235401, -0.5435489964896436, 0.8227625191059467, -0.16618160418511527, 0.8097843316644269, 0.46189884792763947, -0.3617993787638626
0.00021647852529307906, 0.0010208525822232755, 0.006460006896776465, -0.22443891512311315, -0.28245991266432113, -0.9326540468555445, -0.5340732595311082, 0.8361878442018539, -0.12472226209812677, 0.815103016085806, 0.47011305762201544, -0.338527378835305
0.00021332610118263558, 0.0010168852067864965, 0.006446907024580071, -0.22086244200372246, -0.22277247910576511, -0.9495220925630028, -0.5236649601534918, 0.8484151424090658, -0.07724477741858278, 0.822796931945905, 0.4801709785941629, -0.30404118157961735
0.00021021930536517768, 0.0010137515431357122, 0.006433550424702809, -0.2016643442442572, -0.21768961338298992, -0.9549569228429615, -0.5247454812672788, 0.8472687723654034, -0.08232743931396246, 0.8270270081140675, 0.4845068210041904, -0.2850955423192508
0.00020737862977320364, 0.001010685133088459, 0.006420098751665254, -0.18692309272312355, -0.2343861234093457, -0.9540036176870408, -0.5289779388517662, 0.8423247105450321, -0.10330257602482522, 0.8277935114598083, 0.4853372303443934, -0.2814350284287187
0.0002047460369446571, 0.0010073840790634635, 0.006406662728080675, -0.1999547285847148, -0.21852413904236775, -0.9551258069869147, -0.5250137366317299, 0.8469518553865433, -0.08386376455466585, 0.827271831301297, 0.4846852125999759, -0.2840802031510021
0.00020193384252927706, 0.001004310721570043, 0.006393229690115504, -0.23516657305142674, -0.17504887048777115, -0.9560620146518758, -0.5127757630825187, 0.8579642226168088, -0.03095818962206347, 0.8256861992999451, 0.48296509775602886, -0.2915253241746262
0.0001986267561547291, 0.0010018490548163097, 0.006379784838575372, -0.2511356763617649, -0.15748716593028103, -0.955054273130887, -0.5070799903597873, 0.86185427993758, -0.008779722660411545, 0.8245003065099714, 0.48208401002369267, -0.29630094809912316
0.00019509043010453638, 0.00099963142498562, 0.006366336397659492, -0.2323367164918018, -0.18693628251609837, -0.9545022139570288, -0.5155071577569411, 0.8558487094117659, -0.042134984271684134, 0.8247860452694193, 0.48226321949457884, -0.2952120706399983
0.0001918200225439163, 0.000997000080956462, 0.006352900676847522, -0.19649045824579792, -0.22250511220155483, -0.9549256383941788, -0.5257451005903261, 0.8459797837628344, -0.08893983736130674, 0.8276373535695596, 0.48457164641439904, -0.2832079279745086
0.0001890521784720727, 0.00099386578394652, 0.006339449208054191, -0.16660537911923268, -0.21510727556692516, -0.9622741333147804, -0.5272316324134377, 0.8441195371913525, -0.09741156355648356, 0.8332283321102316, 0.49111207165985243, -0.25404621555687357
0.00018670607349819687, 0.000990836684575345, 0.00632589864838837, -0.14399946206784991, -0.16345152126432705, -0.9759855301799035, -0.5227617448600669, 0.8499803472078207, -0.06521937956873781, 0.8402287266185489, 0.5008163431407265, -0.20784291522234236
0.00018468008991023534, 0.000988537022515824, 0.00631216713413243, -0.13184158277510186, -0.13169068683043514, -0.9824842797996741, -0.5200999978287337, 0.8529435611964404, -0.04453396088475892, 0.8438683483280477, 0.5051186439002845, -0.18094575506054444
0.00018282436482295526, 0.000986683421351696, 0.006298338259451877, -0.13244193765479656, -0.18282735878933393, -0.9741833965062016, -0.526386545214231, 0.8457657408948469, -0.08716373412157771, 0.8398668574051898, 0.5012528986516755, -0.2082527152899183
0.00018096346059677363, 0.0009841145658165296, 0.006284650283937962, -0.13345863735901523, -0.23754527260706834, -0.9621647652955851, -0.5332152301171087, 0.835565964530337, -0.1323292760111926, 0.8353863240952857, 0.49538042187850057, -0.2381762522461993
0.0001790858150518968, 0.000980772512940496, 0.006271113472677595, -0.13146355474163463, -0.27008838793213136, -0.9538184295131416, -0.5373066601145706, 0.8279930680630936, -0.16040271891707641, 0.8330779595999517, 0.4914058830983689, -0.2539712016845485
0.00017723199179545555, 0.000976963882207611, 0.006257663275088394, -0.12676389915804487, -0.28112955423742636, -0.9512607884300261, -0.5388769435244991, 0.8246578950797745, -0.17190403084363554, 0.8327920230213202, 0.4908212809331536, -0.2560310851736473
0.00017544257111918685, 0.0009729954097923261, 0.006244235116640711, -0.11943622840852877, -0.27097162776737926, -0.9551488702231933, -0.5382752300195099, 0.8260496241355401, -0.1670383046279412, 0.834263006545891, 0.49418255271774825, -0.24451756685027878
0.00017375813331482775, 0.0009691738318690944, 0.006230764422804904, -0.10934429532691488, -0.23930852438663075, -0.964766943481872, -0.5359672476402346, 0.8316006475103438, -0.14553168904856625, 0.8371277886538064, 0.5011704233255095, -0.21919231794777314
0.00017221925867411505, 0.000965805884612368, 0.006217186619051325, -0.09633432343169804, -0.1862085457806121, -0.9777760866411219, -0.5326094989888673, 0.8395186260407033, -0.10740390177995178, 0.8408607611940189, 0.5104261494173271, -0.18005089912359723
0.00017086482354316407, 0.0009631878416645979, 0.006203439345652042, -0.08665500844289008, -0.1503717308149365, -0.9848244778047929, -0.5305586283419178, 0.84365967259313, -0.08213342031107349, 0.8432072410764185, 0.5153898518711568, -0.15288835529405637
0.00016964494897955237, 0.0009610710032636381, 0.00618957560769063, -0.08755165446788415, -0.1773580805941998, -0.9802442649910673, -0.5326800986449074, 0.8398551601412905, -0.10438018246630455, 0.8417758729659506, 0.5130179541029619, -0.16800582865014957
0.00016841295658559673, 0.0009585752902171328, 0.006175781996524428, -0.08721285760292073, -0.20915684315424454, -0.9739852834773652, -0.5352849872779729, 0.8344114452101469, -0.13125365708099118, 0.8401570685672728, 0.5099126935702473, -0.1847299246802806
0.00016718543173285363, 0.0009556313983398355, 0.006162073110305861, -0.08169822509172525, -0.22576499618261275, -0.97075000206826, -0.5367727463889105, 0.8306438538223467, -0.14800610406759002, 0.8397621203358534, 0.5089803086621572, -0.18904662558005914
0.00016603501294214508, 0.0009524523293502568, 0.006148403669602519, -0.0711905093737099, -0.22753142658789535, -0.9711649506082831, -0.5372877006345408, 0.8290612219717224, -0.154852888153895, 0.8403890992403221, 0.5107709272635159, -0.1812711277076644
0.00016503260058551778, 0.0009492485271083673, 0.006134728985218639, -0.0594823596163067, -0.22024007922131655, -0.9736304003055084, -0.537279609437557, 0.8290912066393505, -0.15472036826459565, 0.8413040295737936, 0.5139086286275937, -0.16764680505456506
0.00016419527165496947, 0.0009461482232336081, 0.006121023259569961, -0.05098039881538021, -0.21057607516810137, -0.9762472614575791, -0.5370873500198956, 0.8299079239260737, -0.15096362559676577, 0.841984665766088, 0.5166338687808923, -0.15540678313142137
0.00016347772309755244, 0.0009431843672718178, 0.006107282590010313, -0.045937636680541405, -0.19892292661276262, -0.9789378952742712, -0.5367634168514748, 0.831396324582433, -0.1437539070799535, 0.8424813160338552, 0.5188543347979617, -0.14496693207496691
0.00016283116302980027, 0.0009403845797728957, 0.0060935042984474426, -0.04435528679354756, -0.18528143215072762, -0.9816839610758838, -0.536312309377479, 0.8334628591033846, -0.13307429994332884, 0.8428533178101973, 0.5205866435046016, -0.13633719690882415
0.00016220679956824668, 0.0009377764812867404, 0.006079685706789094, -0.046758760556536945, -0.17151477509367033, -0.9840712881878956, -0.5357465083236571, 0.8357778985776829, -0.12021224175632866, 0.8430832089006552, 0.5215917811599796, -0.1309683805203907
0.00016154844365433275, 0.0009353615805245612, 0.0060658301395204095, -0.06389159583963225, -0.19533464373919882, -0.9786532792242334, -0.5365083760912936, 0.8336088633955622, -0.1313583847808814, 0.8414728910457829, 0.5166629847624459, -0.1580592730952934
0.00016064961093220455, 0.0009326135951713899, 0.006052062357084787, -0.09688143164001826, -0.2451247522237065, -0.9646387116691134, -0.5391704572796134, 0.8275943577555126, -0.15614991837376435, 0.836605765101026, 0.5049766676377307, -0.2123425509435633
0.00015928549229998903, 0.0009291621676267597, 0.00603847996448727, -0.1307355871511988, -0.25911709016826295, -0.9569569163943398, -0.5384629204841912, 0.8290250982297139, -0.15091411388219741, 0.8324457276698985, 0.4955559706914503, -0.24790802809951035
0.0001574426456102272, 0.000925509657378536, 0.0060249907155073236, -0.1635565821808081, -0.2631517453459593, -0.9507893580318976, -0.5363198394986864, 0.8326253438293949, -0.1381885182389811, 0.8280158659019982, 0.4873255541569284, -0.2773148573016001
0.00015513546501585125, 0.0009217975560852527, 0.00601157858175556, -0.1953358273539172, -0.2610988559196646, -0.9453418968761529, -0.5328900646229083, 0.8374608997888517, -0.12119166782844189, 0.8233298813830051, 0.48009022981340604, -0.3027231039408088
0.00015237911684996, 0.0009181132378402104, 0.005998239034991956, -0.22612967421334315, -0.25297957535936194, -0.9406735378924849, -0.5279050401097787, 0.8434055026603842, -0.09991709918166072, 0.8186462233876489, 0.47399208066504844, -0.32426820442337234
0.00014918876744565235, 0.0009145440767367089, 0.005984967546976492, -0.2559701646249496, -0.2387677457796142, -0.9367332802869757, -0.5211002579520553, 0.8502527062871098, -0.07432937921002189, 0.814207464952378, 0.46910585055695836, -0.34206125911750823
0.00014557958313602721, 0.0009111774468680482, 0.005971759589469143, -0.2848472944201633, -0.21839740624640358, -0.9333619832660618, -0.5122159997461053, 0.8577095108152807, -0.04437527082857972, 0.8102448941311576, 0.46544276554895053, -0.3561828793366324
0.00014156673025418344, 0.0009081007223275287, 0.005958610634229891, -0.301538292695084, -0.20233255198569913, -0.9317382660626794, -0.5056301123761904, 0.8624263144431021, -0.02364406087221064, 0.8083395620016225, 0.4639853344266842, -0.362359989430377
0.0001373222998403266, 0.0009052527044864588, 0.005945495556211493, -0.24832495138448007, -0.26298363497710725, -0.9322951926584859, -0.5269527960184999, 0.8442499767817909, -0.09778919915937005, 0.8128071538121333, 0.4669920603588173, -0.3482282961989818
0.0001338219675209012, 0.0009015457466803337, 0.005932354134151755, -0.3035874448728975, -0.32543536551402824, -0.8955034819520783, -0.5354090991793453, 0.8357067377880463, -0.12219388254582748, 0.7881445044098877, 0.4423641840027427, -0.42795112907910443
0.00012956129093523547, 0.0008969784469931753, 0.005919786253686432, -0.43746960115395345, -0.3554069139677009, -0.8260183252023869, -0.5191001833360409, 0.8498817379898825, -0.09075258173619967, 0.7342719848439608, 0.3890847683156616, -0.5562892191459926
0.00012340041183018109, 0.0008919732557198166, 0.00590815344759726, -0.5107860384230924, -0.3677499780150629, -0.7770827347341878, -0.5074227526836744, 0.8586164965447497, -0.07280015055027383, 0.6939883089872377, 0.35712415982560003, -0.6251740249385714
0.00011615930253549057, 0.0008867598834198452, 0.00589713720872237, -0.5435623504056043, -0.3695337230301194, -0.7536476622169234, -0.5001872455617901, 0.8636434333533143, -0.06271155717257389, 0.6740568897347201, 0.3428773068740456, -0.6542801096105224
0.00010845743350252046, 0.0008815238689388568, 0.0058864585890809114, -0.5642535987070428, -0.36111728896566225, -0.7424366504667195, -0.4907129701942392, 0.8698762733771708, -0.05016024221027494, 0.6639417574074545, 0.3360201967524215, -0.6680357551397715
0.00010047396320324415, 0.0008764145188919653, 0.005875954055371818, -0.5748791502360028, -0.3426318516474918, -0.7430460126133123, -0.4785626657827176, 0.8773823109835422, -0.03432281008480946, 0.6636955156868776, 0.33586261270017853, -0.6683596096768113
9.236056379201096e-05, 0.0008715788781102718, 0.005865467279014072, -0.5752463700185929, -0.3138600336014871, -0.7553697724214979, -0.4638517146884721, 0.8857891050535955, -0.014807030388115627, 0.673745649752929, 0.34186187368003423, -0.6551314820423302
8.426890742317024e-05, 0.0008671639914248783, 0.005854841931426661, -0.5645090118122214, -0.2742674365958131, -0.7785287077596759, -0.44687896693562984, 0.8945502529234954, 0.008890101521050022, 0.6939947870793652, 0.35292664707793314, -0.6275460280242355
7.635066625107118e-05, 0.0008633169036668862, 0.005843921684028566, -0.5412958269020518, -0.22329017691080721, -0.8106419213645224, -0.42822611489403895, 0.9029040142746159, 0.03723889807098991, 0.72361676480108, 0.3672953006804262, -0.5843568599724779
6.875751103866434e-05, 0.0008601846479087121, 0.005832550212783659, -0.5097440016563762, -0.19594989814529412, -0.837713966812177, -0.4230658188829169, 0.904942844739727, 0.04575762938896051, 0.7491170573870757, 0.3777328224700885, -0.5441888910667962
6.158313518267595e-05, 0.0008574267572544447, 0.0058207598340088386, -0.49073809462564755, -0.26561109278823775, -0.8298354474659583, -0.45891967234789377, 0.8883832281272485, -0.012960490511982016, 0.7406543436821869, 0.3744676052344816, -0.557857648342892
5.467113561238337e-05, 0.0008536856501765079, 0.005809071680349861, -0.492563863664011, -0.3191693023772694, -0.8096368300864213, -0.482605628334673, 0.8743473766409176, -0.051073206878371954, 0.7242048382274707, 0.36557847499702806, -0.584704823741664
4.771837571699241e-05, 0.0008491804322969391, 0.005797643293297302, -0.5183938985952663, -0.33573476293024357, -0.786479456094928, -0.4842674716194434, 0.8732771742737035, -0.053590977074945804, 0.7048069110263551, 0.3530851821483152, -0.6152869837049854
4.0406153339797354e-05, 0.0008444447144326794, 0.005786549581172902, -0.5683562743933651, -0.31530000105426975, -0.7599717459832774, -0.4615618971002522, 0.8868165054206555, -0.02273985177420485, 0.6811253632797051, 0.3378496633839881, -0.6495581917337476
3.241584238113356e-05, 0.0008400120281631742, 0.005775865419065804, -0.6270473252262413, -0.2687810208290129, -0.7311418568025839, -0.42008190065839723, 0.9070900546467454, 0.02681099588215642, 0.6560052199989304, 0.3239512241110971, -0.6816984345963227
2.3602996733683537e-05, 0.0008362344414416687, 0.005765589575327747, -0.6553012775888726, -0.2369362837969153, -0.7172457270774771, -0.3934638487748153, 0.9176110604655384, 0.05635726589020699, 0.6447995310929596, 0.31914125263246335, -0.6945375623898837
1.4368749454555926e-05, 0.0008328956287324542, 0.00575548243128539, -0.6490638984448772, -0.22898591783901245, -0.7254526208974389, -0.39062557469944276, 0.918622514114394, 0.059534334235634596, 0.6527845863118004, 0.3220219340255803, -0.6856924659642664
5.22076827968776e-06, 0.0008296682748914531, 0.005745257818677712, -0.6088943537395985, -0.24385789000876604, -0.7548383902959026, -0.4097619181128923, 0.9114789098529391, 0.03607446961136321, 0.6792222290594442, 0.3312695675334068, -0.6549180385191338
-3.346943795310718e-06, 0.0008262369666916315, 0.005734636537742043, -0.5649049045946872, -0.25211837887911204, -0.7856963610684703, -0.4249777440990756, 0.905077392031397, 0.015127176012245242, 0.7073021743111837, 0.34244888299571574, -0.6184273576982657
-1.130067175482324e-05, 0.0008226871993185964, 0.00572357411809603, -0.5585864216828416, -0.2197947963474559, -0.7997946342719106, -0.41039773198034746, 0.9111870417663905, 0.03621983575889179, 0.7208015753984904, 0.34846581240574315, -0.5991799950661403
-1.916655676237223e-05, 0.0008195920997490111, 0.00571231159473593, -0.592052684120449, -0.1546445959377589, -0.7909226688956508, -0.3679222974836483, 0.925037586732876, 0.09454441361482423, 0.7170124142859214, 0.3469733593212373, -0.6045681811683525
-2.750898750604764e-05, 0.00081741305071149, 0.005701166948717363, -0.6705315111538033, -0.16454614773194412, -0.7234031087964539, -0.3505418999229958, 0.9296486359952453, 0.11346272511515094, 0.6538408590384769, 0.32966343269880133, -0.6810390239869295
-3.6889311076879254e-05, 0.0008151111512744247, 0.005691046984003132, -0.7426988462049007, -0.22277276225257886, -0.6314829532491477, -0.3642715559618794, 0.9257056947401517, 0.10185872688564518, 0.5618760160062188, 0.30568163687733857, -0.7686703321404895
-4.729352824850508e-05, 0.0008119904029250199, 0.0056822007526950375, -0.7798094337214106, -0.26733528159416087, -0.5660645672483516, -0.3807866844741228, 0.9202772360142235, 0.0899517081618023, 0.49688907012158945, 0.28569504036470755, -0.8194385858041532
-5.832492313436688e-05, 0.0008082086058209318, 0.0056741930504255085, -0.7901414928965697, -0.2998462315247073, -0.534573342623453, -0.3991871094748693, 0.9135800509496593, 0.0775960188148639, 0.4651086677673068, 0.2747066215933821, -0.8415522557871684
-6.958078300291555e-05, 0.0008039371845698062, 0.0056665778540484985, -0.7782829109617472, -0.32234949579438604, -0.5388566720993759, -0.41926804576934235, 0.9056173175404547, 0.06380893328984474, 0.4674291564522542, 0.27558678620706095, -0.8399773252691991
-8.065826559148203e-05, 0.0007993491088497792, 0.005658908181081457, -0.7429536097223318, -0.32698269218478465, -0.5840395986678878, -0.4356367570742066, 0.8986745643943717, 0.051035705113724204, 0.5081737396662934, 0.2923462781055657, -0.8101191912252157
-9.114475930987021e-05, 0.0007947338786352051, 0.005650664695212925, -0.6761165965591188, -0.29693781203323294, -0.6743102280421306, -0.440192315433181, 0.8966984829854632, 0.046503290691563705, 0.5908443731566618, 0.32826782723332115, -0.7369824694744278
-0.00010061898898228907, 0.0007905729734837186, 0.0056412157776690505, -0.619156791799129, -0.2517650914461449, -0.7438139591982154, -0.43267025706947865, 0.8998372191807561, 0.05558261980579159, 0.6553177212745291, 0.3562405334969032, -0.6660715926065309
-0.0001093406263392637, 0.0007870265311999178, 0.005630738180234753, -0.6602228313317888, -0.23791464153912278, -0.7123920524048166, -0.4117684245590434, 0.9079095072541011, 0.07840338751469068, 0.6281342034345843, 0.34510425957806734, -0.6973883225984461
-0.00011863348964104653, 0.0007836778008373887, 0.005620711017213262, -0.7191954436394711, -0.2433426005651895, -0.6508012696656291, -0.3944908589563108, 0.9140618163917702, 0.09416983601180358, 0.5719570578707255, 0.32446166886821703, -0.7533855250714039
-0.00012876555379637505, 0.0007802495771709899, 0.005611542493865487, -0.7545103321903723, -0.260956122014724, -0.6021761046413336, -0.3926731944990062, 0.9146935288422512, 0.09562170577884217, 0.5258535166183826, 0.3086059796522846, -0.7926161923547451
-0.00013942159910385234, 0.0007765640606965106, 0.00560303788421288, -0.7688020702164899, -0.2916387750838925, -0.5691135226810254, -0.4075805770996321, 0.9092365206466356, 0.08465827008350235, 0.49276916502757173, 0.29704507131068025, -0.8178892196428944
-0.0001502822565193469, 0.0007724441591666296, 0.005594998172510981, -0.7658180623401866, -0.3317530615183566, -0.5508743972692138, -0.43554607068313517, 0.897831837913882, 0.06478897391271417, 0.47309863211174435, 0.28954774563339014, -0.8320695807999582
-0.00016107419251559858, 0.0007677690829539765, 0.0055872352304629225, -0.7615147988031926, -0.3571261014470145, -0.5408846077205284, -0.4539591822545018, 0.8895144215006829, 0.05181847922439918, 0.4626189274668268, 0.28500007299571384, -0.8394990686962558
-0.00017179025676467406, 0.0007627435913231604, 0.005579623882375166, -0.762755289302776, -0.35934907810928934, -0.5376547300104803, -0.4549105928657427, 0.889067050883597, 0.05114813321795876, 0.4596310706851497, 0.28359834113609944, -0.8416122977747388
-0.00018251875217013296, 0.0007576891852934422, 0.005572061527342645, -0.7684964427189731, -0.3434452653494186, -0.5398690278552303, -0.44218554909060076, 0.8949051706276737, 0.06013880410598526, 0.46247719695540446, 0.28493873954399673, -0.8395979734392828
-0.0001933292459451631, 0.0007528579164719661, 0.005564467151571286, -0.7731767209755733, -0.33079523145463197, -0.541084349236177, -0.4319274220347947, 0.8993901394468328, 0.06735042063850145, 0.46436673032834397, 0.2857829454545585, -0.8382670504388681
-0.00020421022719486855, 0.0007482026072608867, 0.005556852425857455, -0.7755927868984817, -0.3272615823750394, -0.539773735571148, -0.4285886252496143, 0.9008089919572931, 0.0696774735157005, 0.46343027438622536, 0.28538222914237443, -0.8389215482225004
-0.00021512840041913535, 0.0007435956811698037, 0.005549253924109596, -0.7758275446511326, -0.33286927820157525, -0.5359940900701772, -0.43223005942420045, 0.899258549391882, 0.06716574332024017, 0.45963985542024866, 0.2837817911268631, -0.8415456602788006
-0.00022605046983584527, 0.0007389095606675437, 0.005541708220558525, -0.7737420170041138, -0.34755817712214615, -0.5296476230834387, -0.44285962900577835, 0.8945862296268012, 0.059923507565632646, 0.4529885651087342, 0.2809248854723179, -0.8460984390737848
-0.00023694313966287996, 0.0007340166682229326, 0.005534251889435058, -0.7699731793159363, -0.3683874701188042, -0.5209913386934337, -0.4581824158964644, 0.8874717676974774, 0.04962595392729588, 0.4440835246858279, 0.2769197237456768, -0.8521181195721811
-0.0002477861558715129, 0.0007288289143935015, 0.005526915117607461, -0.7683541404343287, -0.3841347019409373, -0.511930117928386, -0.4691925627929688, 0.8820809586781285, 0.04232636716326848, 0.43530478276397333, 0.27271544346116716, -0.8579837020600036
-0.00025861163311457857, 0.0007234167727060984, 0.005519702443724373, -0.7701249188221203, -0.39213446548224146, -0.5031283836061917, -0.47370826259147675, 0.8798008434250287, 0.03938220234030537, 0.42720965738356986, 0.26866528783891114, -0.8633138894681633
-0.0002694648288270502, 0.0007178905106731888, 0.005512611969591775, -0.775419428939044, -0.3924666993727311, -0.4946661491423494, -0.4717332394060866, 0.8808041084206465, 0.04064324579496368, 0.41975285593225764, 0.26486602740401477, -0.8681322062128148
-0.00028039100044392897, 0.0007123603958073238, 0.005505641797015644, -0.7842144102313945, -0.3851129924773698, -0.48651386600029334, -0.4631680978110744, 0.8850770785653644, 0.04597693082700219, 0.41289595778536897, 0.2613934735668149, -0.8724622513445368
-0.00029143540540021594, 0.0007069366956210538, 0.005498790027801953, -0.7963219756551061, -0.36995908562893487, -0.47854110173458564, -0.4478141440810439, 0.8924171147742809, 0.0552646869068315, 0.4066125962752638, 0.2583059585424822, -0.876324271221412
-0.00030264330113091204, 0.0007017296776269295, 0.0054920547637566765, -0.8113702956434271, -0.34682192696258923, -0.47052395722795465, -0.42539854858453285, 0.9024186695701428, 0.06838581485532164, 0.40089190339750014, 0.25564642729600173, -0.8797332470704513
-0.0003140599450710185, 0.0006968496093375013, 0.005485434106685787, -0.8286800708105, -0.31557925928397373, -0.46227596882304317, -0.3957235752340213, 0.9144146303239116, 0.08513950818267679, 0.3958436462108601, 0.25348691279701735, -0.8826393333605345
-0.00032572910297186386, 0.0006924057421123431, 0.005478924512134193, -0.8183737103735065, -0.29913253023246933, -0.49069766611042787, -0.38874814678480735, 0.9170029230716336, 0.08933374194254727, 0.4232485659052822, 0.26386619418713075, -0.8667383013484067
-0.00033724090084741987, 0.0006881979417121223, 0.005472022027024191, -0.7530728697501954, -0.3331642899903581, -0.5673471677213395, -0.4374043220616208, 0.8976751558440775, 0.05344879439356157, 0.49148622756697785, 0.28841094024938074, -0.8217423061133271
-0.0003478430282914983, 0.0006835074922162251, 0.005464034636668177, -0.7603488590698708, -0.3787453748660897, -0.5276566625455332, -0.4647774926223861, 0.8847481146486965, 0.03467933069170865, 0.4537086012660478, 0.2716113301081569, -0.8487495452099426
-0.0003585322117531489, 0.0006781829905103269, 0.005456616701067391, -0.7877028663328216, -0.4078044515280267, -0.46175721292144684, -0.47324179468531163, 0.8804305916584592, 0.02973511451064317, 0.39441906411085464, 0.2419452470826014, -0.8865078111782528
-0.00036962118430911467, 0.0006724420791026436, 0.005450116263808043, -0.8099346834622585, -0.4142476735903294, -0.4152164176063984, -0.4682032841625971, 0.8830293774321495, 0.032323417071048154, 0.3532583944144137, 0.22058554693540205, -0.909148240530091
-0.00038105722077977334, 0.0006665930253458473, 0.005444253531674305, -0.829825387822775, -0.39962045051786715, -0.389478268010781, -0.449186050887872, 0.8924824160437979, 0.04131620433175662, 0.33109170544207084, 0.2092334403973759, -0.9201084990407049
-0.00039278721768586355, 0.0006609441904018072, 0.005438748061552762, -0.8481783869754612, -0.36420569649965867, -0.38463961640073324, -0.41554918681736464, 0.9077975501234719, 0.056766903431927425, 0.3285000718464636, 0.2079851403995517, -0.9213196427786867
-0.00040475807154812394, 0.0006558039354323932, 0.005433319410330007, -0.8630343502005635, -0.3204805528368508, -0.39046629256221055, -0.3766405758950386, 0.9233488161093749, 0.07462466334175057, 0.3366208356049058, 0.21146909713431505, -0.9175877255030457
