0.0003356345114298165, 0.0012399428524076939, 0.007265004329383373, -0.24861181319830003, -0.1281684287821903, -0.9600859441746651, -0.45822689186572285, 0.8888352578352634, -1.33238690105212e-17, 0.8533582377345008, 0.43993719812312476, -0.2797051658411797
0.00033329891261259914, 0.0012387387662992453, 0.007255984743520602, -0.22763087003890575, -0.17472635083707477, -0.9579430511927576, -0.4704473641142932, 0.8810712660525049, -0.048915250531401756, 0.8525628801462356, 0.4395271623686023, -0.282758570050423
0.00033116675564423624, 0.0012371021516940724, 0.007247011949314147, -0.2097971715615796, -0.2123238929197962, -0.9544127573016531, -0.4796104662704314, 0.8729786993653604, -0.08878057838414447, 0.8520322455450972, 0.4391204333092993, -0.28498122324397573
0.0003292025217576353, 0.0012351142612839975, 0.007238076224081331, -0.19548151091575774, -0.24095055227087947, -0.9506470481995148, -0.4861551107661278, 0.8656709650062744, -0.11944450017091499, 0.8517277658771414, 0.4388127296529396, -0.2863620106237377
0.00032737069218570465, 0.0012328563477608458, 0.007229167845139494, -0.1849017207948136, -0.26075542796275136, -0.9475325643137967, -0.49047090918973885, 0.8599830817210795, -0.14095171652770366, 0.8516158998549217, 0.4386749433709174, -0.2869053034937045
0.0003256357481613524, 0.0012304096638164415, 0.007220277089805964, -0.17817133961234505, -0.27192382994873093, -0.9456809210546421, -0.4928595584481951, 0.85647698957375, -0.15341649838572413, 0.8516715501805803, 0.4387534581478537, -0.2866199113395771
0.00032396217091748634, 0.0012278554621426075, 0.007211394235398073, -0.17533867897433844, -0.27459343195079655, -0.9454389429175304, -0.4935151763794303, 0.8554615079893563, -0.15693431438584868, 0.8518797557981489, 0.4390718112997689, -0.28551151672607966
0.0003223144416870149, 0.0012252749954311695, 0.0072025095592331565, -0.17641124991967636, -0.26880832713010777, -0.9469008153799903, -0.49251629955252113, 0.8570097403609368, -0.1515321734865934, 0.8522363319976853, 0.43963210550640264, -0.28357864205743444
0.0003206570417028458, 0.0012227495163739505, 0.007193613338628546, -0.18136391239410793, -0.2545074306169031, -0.9499121533288668, -0.4898245759601675, 0.8609647641896176, -0.1371552390882621, 0.8527479205876403, 0.4404153069373252, -0.28081193234753593
0.00031895445219788724, 0.0012203602776627747, 0.007184695850901573, -0.19013056309752283, -0.23154586375224492, -0.9540633532189808, -0.48528841980446463, 0.8669313874316339, -0.11368869376304845, 0.8534316133000374, 0.44138020171399767, -0.27719667919188
0.00031717115440504733, 0.001218188531989467, 0.007175747373369572, -0.20257993693827972, -0.19975130994300888, -0.9586765791058706, -0.4786532839755551, 0.874258173162156, -0.08101654398075873, 0.8543139954896556, 0.44246136648889656, -0.2727187860696054
0.00031527163005216316, 0.001216315530726401, 0.007166758183541232, -0.21472144556136344, -0.16946698942428187, -0.9618605097993724, -0.4719149942899619, 0.8802399309769541, -0.0497383360999588, 0.8550970348330905, 0.44323650956251054, -0.26898040376670335
0.0003132568106467336, 0.0012147253524469137, 0.007157732651809208, -0.21264296824087442, -0.1796666878515055, -0.9604701189179079, -0.4740712590171766, 0.8784823704355906, -0.05937311014032193, 0.8544234368459117, 0.44270600414985956, -0.27197791170991265
0.00031126312631297374, 0.0012130408450125446, 0.007148727537532577, -0.194993953233967, -0.23008849910933857, -0.9534341302784379, -0.485105256834054, 0.8674923354962438, -0.1101359961467589, 0.8524378264683918, 0.4410400553610571, -0.2807729003535771
0.00030943677691769956, 0.001210885793616137, 0.007139797497301132, -0.17310991234753179, -0.27387646066991217, -0.9460574203175787, -0.49426315532069454, 0.8550034393047176, -0.15707658027069227, 0.8519019260099493, 0.44040981263821344, -0.2833766140536528
0.0003078131631232287, 0.0012083170810941654, 0.007130924337716224, -0.15123812675561835, -0.2967501088119734, -0.9429031773917901, -0.4991685967069176, 0.8462479935663175, -0.18626606090919637, 0.8532043958378897, 0.4424971257590989, -0.2761132967059683
0.00030639242877800746, 0.0012055294039350945, 0.0071220666841795375, -0.1295843908471571, -0.29922721062617486, -0.9453417170894608, -0.5008208590301501, 0.8425876618824242, -0.19805175890108165, 0.8557957424579032, 0.44778243429637615, -0.25904543757136084
0.00030517470291243037, 0.0012027175165489528, 0.007113183152349946, -0.10832324371030393, -0.2826859147866787, -0.9530764651659892, -0.5003044100795221, 0.8439603977114494, -0.19345889576267553, 0.8590468975132031, 0.45587226355191973, -0.23284953767828165
0.0003041577385929914, 0.0012000635940933545, 0.007104235444308975, -0.09024813010934163, -0.2625732928435728, -0.9606823308966657, -0.49947792095299975, 0.84646669311448, -0.18443411812434762, 0.8616130694762217, 0.46319477904346057, -0.20754159866071067
0.0003033110011205216, 0.0011976000455849137, 0.00709522200848793, -0.07734241856490227, -0.24932025832996366, -0.9653276951775556, -0.4990504745115782, 0.8478835239020681, -0.17900322283461775, 0.8631145776664302, 0.4679027021525857, -0.1900007556248357
0.00030258538374107436, 0.0011952609525509833, 0.00708616541877326, -0.06969959094505129, -0.24325830132817064, -0.9674540639518889, -0.49893227216436037, 0.8482998313133808, -0.17735271068297298, 0.8638336383905186, 0.4703326429545611, -0.18049556824580548
0.0003019314553783525, 0.0011929786794336067, 0.007077088670352349, -0.06733891744339747, -0.2444536093002177, -0.9673199590092453, -0.49908269184582077, 0.847760305621042, -0.17949632562603368, 0.8639339887384226, 0.4706855607657984, -0.17908982659298397
0.00030129978495605934, 0.0011906855906748284, 0.0070680147584125915, -0.07026249442120402, -0.25291332215982454, -0.9649342119293891, -0.4995235881280471, 0.846223137513105, -0.1854254201590437, 0.8634462153379281, 0.46897894730100365, -0.18579391864926859
0.0003006409413978982, 0.0011883140507166932, 0.0070589666781413745, -0.07845880336824274, -0.26858464651318, -0.9600554691430145, -0.5003391901901694, 0.8435607857027789, -0.19510483229370792, 0.86226730828315, 0.4650456842955329, -0.200568194348532
0.000299905493627572, 0.0011857964240012452, 0.007049967424726091, -0.0901135035286136, -0.2894750506282681, -0.9529342850089717, -0.5015704912464312, 0.8398183397976476, -0.20768292768144567, 0.8604107151777065, 0.4592486812210618, -0.22087111627395573
0.00029906067922393466, 0.0011830825944120233, 0.0070410336625464885, -0.09587687072453985, -0.3057732943960485, -0.9472646505038903, -0.5027545959682856, 0.8362168662342645, -0.2190414774834028, 0.8590957117183369, 0.45524064521913427, -0.23390278546359944
0.00029816139882740905, 0.0011802145833124387, 0.007032148761275907, -0.0927441507010389, -0.3144295281916886, -0.9447394319662407, -0.5036453875787592, 0.833308284072811, -0.22790047666968322, 0.8589178343016196, 0.45467722122048243, -0.23564545067078232
0.00029729127005096866, 0.0011772645947840613, 0.0070232851837912025, -0.0807298383057704, -0.31549734634132465, -0.9454861805752142, -0.5042035329472543, 0.8311912322711755, -0.2343073467884264, 0.8598031696677043, 0.4578018783787448, -0.22617681044320537
0.0002965339271066453, 0.0011743048503547544, 0.007014415386664869, -0.06061154469932022, -0.308999060898791, -0.9491289801775245, -0.5044430573107009, 0.829995853669003, -0.23800017820013467, 0.8613149497020212, 0.4643559661035145, -0.2061797617708308
0.0002959654023141008, 0.0011714064977741462, 0.0070055127368606075, -0.04486273551247961, -0.2966220915803639, -0.9539406007445262, -0.5042902635170685, 0.8310312204327523, -0.23468796472749895, 0.862368056623286, 0.4705342128395559, -0.18686596657293345
0.00029554458310224895, 0.0011686241379075266, 0.006996564630438361, -0.04330645924776218, -0.27985199917436004, -0.9590659044849503, -0.5037205197586179, 0.8351344015347786, -0.22094381491061285, 0.862780498482395, 0.47353288157345663, -0.1771339084060671
0.00029513840837812517, 0.0011659993837591946, 0.006987569475074999, -0.05397049348494311, -0.2605929771138825, -0.9639390468862206, -0.5026320527975024, 0.8412197208545781, -0.19927468666620565, 0.8628141198042372, 0.4737517087296565, -0.176383426495151
0.000294632263525993, 0.0011635554966395634, 0.006978529483871532, -0.06433015679641661, -0.24955281945593596, -0.9662220351596943, -0.5017264318918674, 0.8450447760556843, -0.18485105896925222, 0.8626309862667837, 0.4728876365084962, -0.17956910861783706
0.0002940288623602361, 0.0011612147521166771, 0.006969466557066606, -0.07004770719294147, -0.25058322086657764, -0.9655575426338628, -0.5015959687157421, 0.84551612569637, -0.18304088438246965, 0.8622614469435174, 0.47149817667466354, -0.18491799941417142
0.00029337180236428163, 0.001158864236779532, 0.006960409454978891, -0.07112401645018428, -0.2636963830897217, -0.9619800371262351, -0.5024242509133233, 0.8426149798036972, -0.19382948151558682, 0.8616909227664987, 0.4695361683148744, -0.19241761942713603
0.00029270472287514567, 0.0011563910011933261, 0.006951386944949883, -0.06785496411048474, -0.2875271332801688, -0.955365820758338, -0.5041186398508798, 0.8362218239319701, -0.2158644438873346, 0.8609646338848443, 0.46697024402800796, -0.2016895892007293
0.0002920681840564598, 0.0011536937455959274, 0.0069424247792641385, -0.06385865442226196, -0.30830604548470286, -0.9491414302267932, -0.505551366212792, 0.8300078297961405, -0.2355946064694195, 0.860430060130257, 0.4647949922220392, -0.20886772567717807
0.0002914687591724293, 0.0011507997554667502, 0.006933515431002897, -0.061430546034247156, -0.3177427985186771, -0.9461848667165703, -0.5061748159270388, 0.8269470809467446, -0.24483786683208647, 0.8602402825578227, 0.46389442689385435, -0.21163321327631884
0.0002908919237283596, 0.0011478161370535051, 0.006924630714799003, -0.06062297605130056, -0.31584598331645763, -0.9468717809701286, -0.5060947562745503, 0.8273672466343733, -0.2435806578282842, 0.8603446707256849, 0.4644402588272425, -0.21000546072518445
0.00029032283704794385, 0.0011448511928380297, 0.0069157421356874195, -0.061431610466345335, -0.3025813841002321, -0.9511417682088718, -0.5053705333998713, 0.8311906781746943, -0.2317815361210243, 0.8607129493661873, 0.4664403096983362, -0.20397709744449077
0.0002897466584548753, 0.0011420132253021611, 0.006906821198703103, -0.06382989032855034, -0.2777565751832252, -0.9585285754963859, -0.5040066895689647, 0.8379667148054616, -0.20925831344984977, 0.8613379139283133, 0.4697478789953475, -0.19347849546911877
0.0002891485472728473, 0.001139410536927737, 0.006897839408881019, -0.06782539783936707, -0.24133145759524136, -0.9680696477954919, -0.5019638498521365, 0.846805778477063, -0.17593256372677932, 0.8622250337641291, 0.4740032712047584, -0.17857460636281675
0.00028851304571655994, 0.0011371493409485245, 0.006888768916302035, -0.07716515392209307, -0.2061343652907969, -0.9754763771954399, -0.4995217565287024, 0.8547324431138332, -0.14110444870073272, 0.8628577830527226, 0.47638332688583696, -0.1689241607660736
0.0002877892356859074, 0.0011352157982329834, 0.006879618936672739, -0.09772897855399337, -0.19211059036465766, -0.9764950423942438, -0.49745723808687703, 0.8592518219372851, -0.11925855429457614, 0.861965975561547, 0.4741095100999335, -0.1795406065686307
0.00028687211774146493, 0.0011334129750340944, 0.00687045521533553, -0.129346623981788, -0.20044305094525178, -0.9711292572012612, -0.4964472759967109, 0.8608681608172116, -0.11156214342973597, 0.8583761139616827, 0.46768428776146703, -0.21085979692935747
0.00028565887547202104, 0.001131532864254726, 0.006861346241110612, -0.15077431907104782, -0.21717541795363915, -0.9644179293985176, -0.4971331459699593, 0.8598962992504567, -0.11591803014794608, 0.8544739550663163, 0.46196665720810537, -0.237615377745835
0.0002842447693567119, 0.0011294959849737236, 0.006852301005157442, -0.1513839664624864, -0.22891435078578024, -0.9616034082210866, -0.4986902888623329, 0.8576241668809416, -0.12565342882776373, 0.8534581949295981, 0.4605203669612189, -0.24398791183461643
0.00028282499041147087, 0.001127349074814716, 0.006843282452502444, -0.15091732449273326, -0.2382730528079576, -0.9594008096064602, -0.4999966921794825, 0.8556215043703517, -0.13384748435660693, 0.8527762127179269, 0.4594973270483655, -0.24826384645750693
0.0002814095302308184, 0.0011251143014412428, 0.006834284190388746, -0.15115704370682873, -0.24555000155888543, -0.9575263677164422, -0.5009677731737807, 0.8540777177572214, -0.13993763708137757, 0.8521636218351, 0.45853729266554466, -0.2521125003958301
0.000279991698697092, 0.0011228110774115906, 0.006825302729484046, -0.15211002110586883, -0.25075646229142495, -0.9560249672985854, -0.5016078847952296, 0.8530371530429216, -0.14393451788811132, 0.8516173268495821, 0.45765577910424826, -0.2555369180021855
0.00027856480569262874, 0.0011204588152840444, 0.00681633458045604, -0.15378099070679782, -0.25390109734547167, -0.954927033685821, -0.5019168142876609, 0.8525304633655193, -0.145846907986076, 0.8511350764905425, 0.45686545262313116, -0.25854020918785536
0.00027712216109976616, 0.00111807692761689, 0.006807376253972426, -0.15617268426815137, -0.25498892426090947, -0.9542487836999032, -0.501889631454629, 0.8525748711252351, -0.14568077074248906, 0.8507155168014846, 0.4561762133540645, -0.2611252033855213
0.0002756570748008415, 0.0011156848269684133, 0.006798424260700903, -0.15928583410302682, -0.25402073432755157, -0.9539923949307952, -0.5015166058424587, 0.8531743193423693, -0.14343874957257843, 0.8503582287003302, 0.4555952670368476, -0.2632941995852941
0.000274162856678192, 0.0011133019258969, 0.0067894751113091656, -0.16311901408724444, -0.25099296363957846, -0.9541460681921958, -0.5007831910154856, 0.8543194874268929, -0.13912012434942295, 0.8500637522207102, 0.4551271752005942, -0.2650488097584566
0.000272632816614155, 0.0011109476369606359, 0.006780525316464914, -0.16766831787221048, -0.24589801537906286, -0.9546839797621731, -0.4996700815727185, 0.8559876671093832, -0.13272122414199097, 0.8498335982785197, 0.45477387764610444, -0.2663898936666139
0.0002710602644910679, 0.0011086413727179065, 0.006771571386835844, -0.17292687661053496, -0.23872503921033209, -0.9555661416143573, -0.49815335610048356, 0.8581425147640598, -0.12423629968829701, 0.8496702473027697, 0.4545346851544345, -0.26731758423270524
0.0002694385101912678, 0.0011064025457269973, 0.006762609833089652, -0.17888399961859405, -0.22946172739466789, -0.956738120042005, -0.4962048317968003, 0.8607335817956367, -0.11365943018844994, 0.8495771180899142, 0.4544062244625497, -0.2678314835633162
0.00026776086570154075, 0.00110425056341786, 0.00675363716678846, -0.18443383434588814, -0.22079603031812772, -0.9577229629408653, -0.4943269653058127, 0.8630592246557194, -0.10377680910595748, 0.8494851453203991, 0.45428833105465627, -0.2683227536895739
0.0002660309861180678, 0.0011021796280804594, 0.006744654295472627, -0.18596467376437673, -0.22170536775318847, -0.9572167309554991, -0.49434195789584706, 0.8630413553472832, -0.10385397259626124, 0.8491426080320135, 0.45387922277820547, -0.27009346966345305
0.0002642868538590661, 0.0011001002896982562, 0.006735676716314604, -0.18296833185690664, -0.23337219481845609, -0.9550183287367408, -0.49653149134134184, 0.8603522661170342, -0.11511062632801176, 0.8485158028250529, 0.45313507574772977, -0.2732938628715534
0.0002625712157696145, 0.0010979120300011486, 0.00672672180152538, -0.17843351085206585, -0.24757853749271122, -0.9522953060778866, -0.49922467924736674, 0.8567848592558676, -0.12920690608580876, 0.8479010566306482, 0.45235447684628194, -0.27647644645024855
0.00026089819492676643, 0.0010955906944432189, 0.006717792929992187, -0.17439942037696332, -0.2588753261130959, -0.9500360033714604, -0.5013508200120498, 0.8537436181800768, -0.1406029505025997, 0.8474858095835143, 0.45178025626030793, -0.2786797491888243
0.0002592627948816914, 0.0010931631363751985, 0.0067088841336247545, -0.17092423726112305, -0.26718773794444334, -0.9483647071716844, -0.5029224817595654, 0.8513542211710944, -0.14921450142314865, 0.8472625817640616, 0.4514495572999167, -0.2798917911554507
0.0002576596698822699, 0.0010906571410342146, 0.006699989273568639, -0.16802233910383604, -0.2725384106253714, -0.9473601787577266, -0.5039678547983824, 0.8496902660230052, -0.15505758012967796, 0.8472218687522131, 0.45138593970077456, -0.2801175441639751
0.00025608347417638234, 0.0010881004936573937, 0.006691102210969397, -0.16570233372086512, -0.2749441491063273, -0.947073625158919, -0.5045103526021768, 0.8487990645941046, -0.15814377022633627, 0.8473559114779847, 0.4516036567792279, -0.2793601554748692
0.0002545288620119091, 0.0010855209794818632, 0.006682216806972589, -0.16396780168364858, -0.2744135693169683, -0.9475292887218596, -0.5045682110608792, 0.8487023390113468, -0.1584779484454954, 0.847658823110959, 0.4521078773162336, -0.2776202205725545
0.0002529904876367306, 0.0010829463837447504, 0.006673326922723771, -0.16281778925096552, -0.27094601075400043, -0.9487247370865384, -0.5041543227810916, 0.8493965912745116, -0.15605719961725334, 0.8481266334248484, 0.4528947890931551, -0.2748954777505434
0.0002514630052987273, 0.0010804044916831817, 0.006664426419368497, -0.162247040630189, -0.26453169089407746, -0.950630781281285, -0.5032762734603491, 0.8508530808365008, -0.15087089647410193, 0.8487572623421905, 0.45395156056979863, -0.2711809179821375
0.0002499410692457796, 0.001077923088534285, 0.006655509158052332, -0.16224122702401786, -0.25516732113240675, -0.9531880310200356, -0.5019389642415732, 0.8530136207711981, -0.14291619556546917, 0.8495499163850455, 0.4552553140875151, -0.2664723973796166
0.0002484193780553254, 0.0010755298259105901, 0.006646569027012551, -0.16222644663319108, -0.24452302312865823, -0.955976501370609, -0.5004249888782031, 0.8553678193910111, -0.13386830863395913, 0.8504454188947218, 0.456677550039728, -0.2611287130338083
0.00024689789121240194, 0.0010732364972320465, 0.006637603129656319, -0.1611195300857112, -0.2358678842150578, -0.9583354518230407, -0.49928335401211044, 0.8570798584441318, -0.12700491587259394, 0.8513263941822651, 0.4580179662909515, -0.2558572123730806
0.0002453867307482521, 0.0010710242624942785, 0.006628614780165617, -0.15880637488890872, -0.22958978390081908, -0.9602442743505522, -0.49857872997193803, 0.8581143110513401, -0.12271543989430721, 0.852173565251946, 0.4592693766160109, -0.25074260585015884
0.0002438971786775221, 0.0010688707851022837, 0.006619608001638835, -0.15529339559689948, -0.22569751295955057, -0.9617403984068976, -0.49830431478107073, 0.8585156208484765, -0.1210113161225943, 0.8529811083221905, 0.46044713203909565, -0.24578785047764093
0.00024244051701485824, 0.001066753728461059, 0.006610586817174359, -0.15058312987959405, -0.22419440088737563, -0.9628403770129377, -0.4984436045472581, 0.8583089230670566, -0.12190063851106801, 0.8537439276982308, 0.46156544844065206, -0.24099510933663762
0.0002410280277749067, 0.0010646507559756019, 0.006601555249870578, -0.14467442074101908, -0.22507915231813322, -0.9635396655950398, -0.4989704934535873, 0.8574999094256326, -0.12538880331877972, 0.854457581536927, 0.4626373099165075, -0.2363661583799238
0.00023967099297231387, 0.00106253953105091, 0.006592517322825881, -0.1375629903132678, -0.22834589593243493, -0.963812520932824, -0.49984922879599913, 0.8560748829238163, -0.13147829972668193, 0.855118221164838, 0.4636743972204935, -0.2319027408076399
0.00023838069462172597, 0.0010603977170919798, 0.006583477059138652, -0.12928543876257298, -0.23397219092984628, -0.9636089918610434, -0.5010305234296613, 0.8540080621744056, -0.1401379475121438, 0.8557182304449105, 0.4646797215422729, -0.2276380163145583
0.00023716801216770405, 0.0010582030850175143, 0.006574438518308748, -0.12220925012640466, -0.24132606352245595, -0.9627183545815969, -0.5022714283062109, 0.8516489182821784, -0.14972485530476976, 0.8560305552319851, 0.4652481607202235, -0.225290562287168
0.0002360216318288487, 0.0010559393328531785, 0.006565407766607007, -0.11989985336542372, -0.24948568791370565, -0.9609271130992063, -0.5032935226224411, 0.8495887206857076, -0.15778034025162097, 0.8557567734170992, 0.46471055207499645, -0.2274300937451062
0.00023489692286967498, 0.0010535990565266765, 0.006556393882912573, -0.12265154220768226, -0.2583793727824511, -0.9582258078942688, -0.5041136598599509, 0.8479025719091325, -0.1641055955550698, 0.8548836278328665, 0.46292691461009866, -0.23424912933219538
0.00023374651147436238, 0.0010511755845554937, 0.00654740619414126, -0.13045751588843973, -0.2679912429772468, -0.9545478145361435, -0.5047481171853085, 0.8466211081058528, -0.16870695749584316, 0.8533523157208304, 0.4597971215624652, -0.2457161619771236
0.00023252302382709052, 0.0010486622454571157, 0.006538454027208892, -0.14299726420060233, -0.27846371019316635, -0.9497419357576032, -0.5052296432316371, 0.8456936663908294, -0.1718872602215458, 0.8510551039922009, 0.4552583714023201, -0.26162000159951687
0.00023118193718506792, 0.001046050699256454, 0.006529546960136431, -0.1569341123901619, -0.2917502243676273, -0.9435324535752604, -0.5060624914017643, 0.8441700652276767, -0.17685490032718765, 0.8480993097300289, 0.4497318173700181, -0.28012292530335575
0.00022971001171078826, 0.001043314298732482, 0.006520697326152621, -0.17019511979182683, -0.30903814799532886, -0.9356970900257535, -0.5076617982097649, 0.8413418018813971, -0.18553563281858287, 0.8445786640908435, 0.44344040804890716, -0.3000791306837999
0.00022811334025263385, 0.001040415082873716, 0.0065119191611914306, -0.18269737577409687, -0.33016379990035866, -0.9260742595065551, -0.510120187497756, 0.83705262458164, -0.19778851834280556, 0.8404754982701832, 0.4362737316368521, -0.32135053740602854
0.0002263983790966075, 0.0010373158698195816, 0.006503226198985923, -0.19398050704812028, -0.3495708258976936, -0.9166088590923385, -0.5125571592891617, 0.832795172469795, -0.20913478709298786, 0.8364548531431802, 0.4292463609539501, -0.3407210593154057
0.00022457583290302451, 0.0010340314729086618, 0.006494614189395038, -0.20349936207900587, -0.359205404419217, -0.9108015629485186, -0.5134491282280119, 0.831237228969466, -0.2131071605954581, 0.8336414111327076, 0.42428309724898355, -0.3535899475854443
0.0002226627752078435, 0.001030654653168028, 0.006486051922069084, -0.21130381190704314, -0.3585699331417158, -0.9092735023744497, -0.5125641286907554, 0.832754106751436, -0.20928117848508201, 0.8322431814398, 0.42183906971185525, -0.35975420249330914
0.00022067680290556297, 0.0010272845769293498, 0.006477505971219377, -0.21741992936449747, -0.3476697696291876, -0.9120604725571242, -0.5098239073318733, 0.837271194174908, -0.19762725246732782, 0.8323509823553994, 0.42202213057008175, -0.3592898043099616
0.00021863551289068165, 0.0010240204105242989, 0.006468942911057226, -0.22178169996311342, -0.3263331883362508, -0.9188686128885721, -0.5051863574978394, 0.8444597227776606, -0.17797337105404828, 0.8340261517239953, 0.42472865078373717, -0.352144787614256
0.00021655650205769817, 0.0010209613202845453, 0.006460329315793949, -0.2242237508626025, -0.29426519283917485, -0.9290488177875416, -0.4986578071210256, 0.8537121287513528, -0.1500532992642405, 0.8372957069914759, 0.4296319325959801, -0.33816017143875404
0.00021445736730111133, 0.0010182064725417612, 0.00645163175964086, -0.2244287816957871, -0.25154298848168016, -0.9414657969848136, -0.490393638775335, 0.8640194349399344, -0.11394952871672075, 0.8421079509155766, 0.4361152840612008, -0.31726591057500514
0.00021235624841983285, 0.0010158515084477686, 0.006442817687100004, -0.21960935202947907, -0.21588670264415938, -0.9514014211270786, -0.4841101584505846, 0.8707855513652063, -0.08584799367803332, 0.8470000513495513, 0.44173007046727764, -0.2957455965163839
0.00021029672331063776, 0.0010138268948294137, 0.006433895320645081, -0.20654298645610794, -0.21259504758867168, -0.9550619563601946, -0.48476213043343325, 0.8701212462861324, -0.08885208865922407, 0.8499092137654651, 0.44462609291655164, -0.2827754689755301
0.00020835790727866149, 0.0010118312681869604, 0.006424930167849078, -0.1909847866732431, -0.22949107139774338, -0.9543891551186506, -0.48914341483528606, 0.8652180406554955, -0.11016561100243848, 0.8510367389147493, 0.4457932147004722, -0.27749752925813187
0.00020656504501390008, 0.0010096769296703925, 0.006415970876735293, -0.18634162088022846, -0.23508321092287715, -0.9539458497576889, -0.49048989574792157, 0.8635573396911429, -0.11699736422137523, 0.8512910562768308, 0.4460993219090858, -0.2762226140187143
0.00020481631392029023, 0.0010074707809925793, 0.006407018530173042, -0.1945244324641623, -0.22515010671332378, -0.9547081620167887, -0.48806245421879507, 0.8664820403289442, -0.10489954513398396, 0.8508556199240986, 0.44555168413369184, -0.2784392407855056
0.00020299256242417677, 0.0010053599004272592, 0.006398067724267719, -0.21537435538841043, -0.1995270365091947, -0.9559303576845362, -0.4813158109710566, 0.8734294845701537, -0.07386491449118365, 0.849675807087798, 0.444195786996426, -0.28414982960460305
0.00020097504872006292, 0.0010034908360729048, 0.006389113071364271, -0.24030853143322803, -0.16864258765767157, -0.9559348761022006, -0.47230822296071806, 0.8806718690391414, -0.03663334009879471, 0.8480428952854295, 0.44269259843736924, -0.2912842444154442
0.00019872242499845461, 0.001001910000423145, 0.006380152251016456, -0.2516017209117951, -0.1560087450038512, -0.9551742487716816, -0.4682370559567941, 0.883354716709234, -0.020940484628181485, 0.8470245766582792, 0.44197931620141717, -0.295302642363712
0.00019636158263295315, 0.0010004461310455467, 0.006371189610281074, -0.2472605266667883, -0.16484355883875398, -0.9548239801459937, -0.47069397519835493, 0.8817746720983698, -0.030341545079032826, 0.8469412102763881, 0.44192762841350713, -0.29561893982013454
0.0001940415047045878, 0.0009988993823281083, 0.006362230371733483, -0.22775809169055078, -0.1935842721108528, -0.9542805568913106, -0.47884621515718456, 0.8756108975194887, -0.06333923250841399, 0.8478399341261994, 0.442527610140234, -0.2921245630967296
0.00019190500777535832, 0.0009970834547365043, 0.006353278692061914, -0.20300998768925063, -0.21967081350773204, -0.9542178360265864, -0.48618261120717865, 0.8685120872694698, -0.09650504042068653, 0.849949065214016, 0.44433263211211504, -0.28311675786173485
0.0001899995213046138, 0.0009950215869046755, 0.006344322240227264, -0.18129253397471828, -0.22577005885947596, -0.9571629420572102, -0.4890649412869358, 0.8651013541500687, -0.11142320338117878, 0.8531989805016365, 0.4479146431746859, -0.2672526372192838
0.0001882974176288207, 0.0009929018964869646, 0.006335335711514307, -0.16288985484699225, -0.2115493981499995, -0.9636979544080703, -0.4884124034395278, 0.865961007587263, -0.10754002745432151, 0.8572748796939927, 0.453164854639926, -0.24437961282567122
0.00018676904193144856, 0.0009909169542127519, 0.006326293450813, -0.1476473098602198, -0.17680663262802754, -0.9731082604467901, -0.4850557768056884, 0.8703865668769114, -0.08454654095617538, 0.861928747216654, 0.45952871385688376, -0.21427131367163416
0.00018538473546110461, 0.0009892592567865108, 0.006317169816508, -0.13613126774314485, -0.13564116420227534, -0.9813611733284008, -0.48107398613621305, 0.8750024947055614, -0.05420750983082256, 0.8660462446114867, 0.46472799445793606, -0.1843686344296277
0.00018410769044689777, 0.0009879868094249498, 0.006307963684703661, -0.13099085946072148, -0.13239425971418006, -0.9825035138524827, -0.4810176971788836, 0.8750595126061063, -0.053784983018383234, 0.8668698689759988, 0.46555623655182427, -0.17830877956297184
0.00018287917296852576, 0.000986745129946209, 0.006298749127716258, -0.1319189463751788, -0.16994572376233003, -0.9765837611603833, -0.48559582819132624, 0.8699630439466002, -0.0857962342433854, 0.8641724846524812, 0.46290685147453126, -0.1972895426207219
0.00018164379855215067, 0.000985153648168366, 0.006289603765149809, -0.1333874950443515, -0.21183552317497412, -0.968159845938148, -0.49078427166033267, 0.8628146022802887, -0.12116831591940284, 0.8610102060118858, 0.458995286700302, -0.21905422143907127
0.00018039447974228725, 0.000983169578345241, 0.006280535896335849, -0.1334178208636211, -0.24376329800379404, -0.9606139389069451, -0.49477987301711623, 0.8562267387450714, -0.14855520561442997, 0.8587156469595562, 0.45547253089982576, -0.23484507928108317
0.00017914317902692172, 0.000980883368098382, 0.0062715264783948, -0.13213946022028913, -0.26587906015359214, -0.954907057479697, -0.49758139931372186, 0.8509758196136326, -0.16808600622867081, 0.8572933652546771, 0.4529331957416555, -0.24474396026370515
0.00017790190527217434, 0.0009783857894132915, 0.006262556401880967, -0.12964667948838082, -0.278401536845013, -0.9516744836234561, -0.4992328395158753, 0.8475780801033982, -0.17993879536429552, 0.8567136688804219, 0.45177868742402216, -0.24887287345726186
0.0001766826673441651, 0.0009757676142754707, 0.006253606557348648, -0.125987317004648, -0.28148520914147146, -0.9512587833962703, -0.4998068086236787, 0.8463157096428023, -0.18423591849911675, 0.8569249383740584, 0.45223422763694243, -0.247313269652549
0.00017549747410901427, 0.0009731196146704217, 0.006244657835352152, -0.12116289665943776, -0.27516794577447334, -0.9537306507035154, -0.4993988729225642, 0.84725354411419, -0.18100330855986316, 0.8578579825336867, 0.45436112686298435, -0.24007425559403928
0.00017435833443284185, 0.0009705325625836462, 0.006235691126445779, -0.11513332100083884, -0.2593597522691614, -0.9588935484704216, -0.4981278213370267, 0.8502431368083956, -0.17016251620215062, 0.8594259665645116, 0.4580601785934892, -0.22708562433926952
0.00017327725718176807, 0.0009680972300006464, 0.006226687321183832, -0.10782600039027632, -0.23387130641787887, -0.9662700273082213, -0.49614050873067084, 0.854912735300322, -0.1515546456489962, 0.8615208350564177, 0.46306417163900326, -0.20821484987381772
0.00017226625122191314, 0.0009659043889069239, 0.00621762731012062, -0.09915059236688925, -0.19848541398144043, -0.9750757408888353, -0.49361920366836415, 0.8606482064202674, -0.12499898621743681, 0.8640076630465178, 0.4689223872051676, -0.18330999147537452
0.00017133732541939703, 0.0009640448112879804, 0.00620849198381044, -0.09019475572237799, -0.1601792844465871, -0.9829585458575351, -0.4911697522062246, 0.8657563580616071, -0.09601147323928795, 0.8663816598692846, 0.47413977402247315, -0.1567619026806628
0.00017049170400915186, 0.0009625430495578117, 0.00619927625075475, -0.08598138147283958, -0.14914844432311491, -0.9850695120629896, -0.49052361722751364, 0.8669278861514514, -0.0884455830158393, 0.8671757509190727, 0.47559518686480706, -0.14770049170186117
0.000169685022141339, 0.000961143730965961, 0.006190034276500504, -0.08711308433893658, -0.16953741547688092, -0.9816661221058699, -0.49211595910032324, 0.8641054077372631, -0.10556385327368241, 0.8661600275559513, 0.47389757234305174, -0.1587069550827426
0.0001688680735053763, 0.0009595538049362546, 0.006180828187593069, -0.08816314329157814, -0.194442133531423, -0.976943968133637, -0.49412588621410736, 0.8601233620098788, -0.12659941033806618, 0.8649085898163296, 0.47157190208129585, -0.17191007076188708
0.00016804133631934402, 0.000957730451817024, 0.006171667036153007, -0.08689475305996777, -0.2125822388956537, -0.9732718497915978, -0.49564561202671936, 0.8566938267233235, -0.14286747191998292, 0.8641670724861635, 0.46998348796554495, -0.17980765242456856
0.0001672262408997868, 0.0009557363750390684, 0.006162537492667204, -0.0833346754461353, -0.22398711504551563, -0.9710227104253918, -0.49666856767737605, 0.8540981902128545, -0.1543911116497014, 0.8639303593169946, 0.46941032558808693, -0.18242335508836366
0.00016644429124369905, 0.0009536346491171724, 0.006153426148914971, -0.07750187128714225, -0.22871213106449947, -0.9704041534592309, -0.49722553857993057, 0.8525118337966665, -0.16121518855412734, 0.8641528937236103, 0.4700152490511133, -0.1797927749619843
0.0001657169913480752, 0.0009514883485661209, 0.006144319596675619, -0.0695440406069169, -0.22699807552808066, -0.9714090282278683, -0.4973891796622369, 0.8519844347501014, -0.16348249722363964, 0.8647355840781566, 0.47179910624130916, -0.1721568266985407
0.0001650644629880254, 0.0009493584366331052, 0.0061352049128781975, -0.06153423859794088, -0.22199178348081453, -0.9731049201125123, -0.49735488774298153, 0.8521085595541206, -0.16293900200003686, 0.8653621514246725, 0.4739521608787209, -0.16284254996791575
0.00016448720067484022, 0.0009472758970037853, 0.0061260760634773564, -0.05502015492597969, -0.2160410782661758, -0.9748328241567931, -0.4972397737317373, 0.8525668222129871, -0.16088014507968249, 0.8658668430949022, 0.4758740024031961, -0.15433257551674257
0.00016397111178078282, 0.0009452494323145572, 0.006116932134406514, -0.05004115246402225, -0.2092055707023084, -0.9765904526705111, -0.4970611707568369, 0.8533328661638294, -0.157331535460844, 0.8662713637111152, 0.4775521424009588, -0.1466897259604069
0.00016350175739545563, 0.0009432872162741772, 0.0061077723331417625, -0.04659860168780905, -0.20148718139580585, -0.9783820757014687, -0.49682746495202035, 0.8543833122428672, -0.15228797007727235, 0.866597392328231, 0.4789906799657806, -0.13991743320912245
0.00016306469860846116, 0.0009413974225914018, 0.006098595867159199, -0.044692896573839305, -0.19288615713871674, -0.9802027725833561, -0.4965400348508756, 0.8556906918576219, -0.14574441210048414, 0.8668624682071149, 0.48019617892324246, -0.13401899477829954
0.00016264549650940173, 0.0009395882249749872, 0.006089401943934913, -0.04432354340310536, -0.18340147559326586, -0.9820383507024588, -0.4961932608591323, 0.8572234195908881, -0.13769624825275928, 0.8670799682717704, 0.48117762588790125, -0.1289977556653943
0.00016222971218787986, 0.0009378677971336898, 0.006080189770945001, -0.04550939500339188, -0.17310328584300153, -0.9838516897362029, -0.4957765301699999, 0.8589367538966922, -0.1281923747264572, 0.8672568979829567, 0.4819366195214568, -0.12491023843228473
0.0001618027169229476, 0.0009362436427498825, 0.00607095870969091, -0.05120978609087459, -0.17244214144225167, -0.9836875853965715, -0.4956066206226054, 0.8595232844677012, -0.1248751418533571, 0.8670361211642614, 0.4811272506444274, -0.12947947051083664
0.0001613223055627651, 0.0009346259214109172, 0.006061730499089592, -0.06733856736793142, -0.20206517078851916, -0.9770543404023346, -0.4969218614183178, 0.8559694877625594, -0.1427756970357902, 0.8651786988763586, 0.4759053506462269, -0.1580503598126341
0.00016069105618301562, 0.0009327317095392526, 0.006052571335619562, -0.08988767009416088, -0.2396314864360458, -0.9666938281966501, -0.4990635687198231, 0.8508086680245147, -0.16449974100583142, 0.8618908058110829, 0.4676551733091407, -0.19606855366304893
0.00015984785511058652, 0.0009304838202999499, 0.006043503158952038, -0.11265813997084134, -0.2545222022346207, -0.9604824787927935, -0.49932707652032376, 0.850218695919937, -0.16673523851264413, 0.8590579806695104, 0.46081082634617043, -0.22287388400210228
0.00015879010845139228, 0.0009280941127371043, 0.006034485194218902, -0.13504149254993417, -0.2601145643512074, -0.9560879712151323, -0.4985668718534704, 0.8517123139336489, -0.16129850769314294, 0.8562679893468699, 0.4548917978005002, -0.24470100676886766
0.00015752142049234828, 0.0009256503881489573, 0.006025502937921499, -0.15693848637052552, -0.2629569133328848, -0.9519579682035181, -0.4973532762456107, 0.8537974635917047, -0.15384930865015, 0.8532350380191179, 0.4493145367054282, -0.2647761639606193
0.00015604627624453283, 0.0009231787230584039, 0.00601655500326612, -0.17836723719302436, -0.2630925614952851, -0.9481389311603954, -0.49560231223419654, 0.8564587958731249, -0.1444184166914834, 0.8500373384765197, 0.44414033261730085, -0.2831534709982345
0.00015436916385862004, 0.0009207049739525198, 0.006007640050217347, -0.19934610661642999, -0.2605330685561033, -0.9446606004092748, -0.49322885776421915, 0.8596706425303011, -0.13301007570910933, 0.8467505085002753, 0.4394188281813606, -0.29987442337459413
0.00015249457148528407, 0.0009182549973183795, 0.005998756738739759, -0.21989062766199205, -0.25528051257051687, -0.941530653652949, -0.4901489518519749, 0.8633913205342847, -0.11962204071355101, 0.8434465702490144, 0.4351864974097866, -0.3149771350548738
0.00015042698727519912, 0.0009158546496430592, 0.0059899037287979425, -0.24001105122180505, -0.24732752149418258, -0.9387352088863765, -0.4862795270200404, 0.8675626397684736, -0.10424628376649045, 0.8401945708540194, 0.4314674532215639, -0.3284949313428254
0.00014817089937903952, 0.0009135297874136341, 0.005981079680356481, -0.2597100145348662, -0.23665820105893967, -0.936239074287036, -0.48153841979160017, 0.8721091052498007, -0.0868703563075508, 0.8370612036254628, 0.42827398288004687, -0.3404554845690595
0.00014573079594747932, 0.0009113062671171796, 0.005972283253379954, -0.2789803102035023, -0.22324998000897794, -0.9339857776993976, -0.47584474408593164, 0.8769368882497868, -0.06747943058870147, 0.8341113630952117, 0.42560679089127806, -0.350880454717381
0.0001431111651311927, 0.0009092099452407709, 0.005963513107832944, -0.2978025498803926, -0.20707661330382482, -0.9318974822947826, -0.46911979483404964, 0.8819326269671041, -0.04605930509421559, 0.8314085995343058, 0.42345497719771946, -0.35978552348153686
0.00014031649702506003, 0.0009072666764307536, 0.005954767903424854, -0.3020828168504656, -0.20144141510395483, -0.9317549721061885, -0.4670252457101073, 0.883358392471527, -0.03956476108273213, 0.8310435557978306, 0.4232012603136195, -0.36092561787141425
0.0001374832633758824, 0.000905377358125393, 0.0059460289769036985, -0.25502542675437984, -0.24643006204562073, -0.935004949841945, -0.48365031402679726, 0.8698322076593369, -0.09733603782908347, 0.8372839455349224, 0.42739227302172395, -0.3410153068570343
0.00013508829028091815, 0.0009030631050883495, 0.005937248237951396, -0.24758475177138325, -0.29679511400254693, -0.9222876183677833, -0.4962817926209614, 0.8564083099813363, -0.14236990169216404, 0.8321094717663221, 0.42246593578550995, -0.35932765006000555
0.00013276307352510467, 0.0009002757243341441, 0.005928586482295747, -0.31922914991167933, -0.3313665156688708, -0.8878563972513454, -0.4959479573909335, 0.8567555891041876, -0.14144074412451801, 0.8075446572211517, 0.39517855816353264, -0.437841904985537
0.00012977879961596742, 0.0008971779857744106, 0.0059202864674565295, -0.415148387291858, -0.35133711560116987, -0.839174622906353, -0.4862958120748384, 0.8652790113767103, -0.12169065547286885, 0.7688746319702863, 0.3575674253507906, -0.5300729540738368
0.0001258890023697887, 0.0008938860781419114, 0.005912423690586462, -0.48040221098574337, -0.3627635935958624, -0.7985087919625089, -0.4782467713151617, 0.8715330208271564, -0.10821376684375575, 0.7351827945529145, 0.32989811877200403, -0.5921769075403566
0.00012136010714857113, 0.0008904661973255911, 0.005904895909553567, -0.5168089383635127, -0.36872838481136194, -0.7726240350014897, -0.4734036367950961, 0.8750421760800954, -0.10094645486686543, 0.7133004401349796, 0.3135929978737019, -0.6267869764025324
0.00011647599733140585, 0.0008869815247697578, 0.005897594215727842, -0.538168635473697, -0.37023850867923175, -0.7571644249985321, -0.4695250866662078, 0.8777418452195845, -0.09547484559615149, 0.6999433639827363, 0.3041261248914624, -0.6462093990147726
0.00011139319783237834, 0.0008834847618921162, 0.00589044308371013, -0.5545176418475751, -0.3671648322191062, -0.7467932584466199, -0.46434195076218565, 0.8812261125795573, -0.08847084983365697, 0.690577104776992, 0.29770879142114215, -0.6591454603260122
0.00010616003227228874, 0.0008800197064820788, 0.0058833953498497816, -0.5663392558587277, -0.3596033640250328, -0.7415829473870488, -0.4577517841877932, 0.885491001110045, -0.07980595858720266, 0.6853635176650962, 0.2942636700902952, -0.666097396120654
