10.052926063537598, 20.929256439208984, 37.55293273925781, -0.21305810319747345, -0.20068568746848583, -0.9562068288331745, -0.6856553076751272, 0.7279263692551098, 1.616819877799032e-08, 0.6960481619247489, 0.6556282908694337, -0.2926918182881164
9.977472507397495, 20.86763756793101, 37.23211232328645, -0.2098696700626798, -0.20417444126576895, -0.9561733729411173, -0.6866544894488011, 0.7269698707281103, -0.004518757944484749, 0.6960318481991956, 0.655612388982519, -0.2927662236410583
9.91596195121363, 20.776785560890268, 36.9142817081784, -0.202474886570064, -0.21147791516661646, -0.9561804284261528, -0.6887938731560495, 0.7248131801124522, -0.014451790130012798, 0.6961084115359674, 0.6556850961643519, -0.2924211587023363
9.854162395397344, 20.697256055854947, 36.593916488916875, -0.19032920307895995, -0.2217431080342573, -0.9563497208106643, -0.6918900598020264, 0.7213971448730916, -0.02956864075503135, 0.6964646003943606, 0.6560610896923087, -0.29072479596564205
9.783244301049324, 20.629884505730775, 36.272981694396975, -0.17369775017240763, -0.2333592802237675, -0.9567510323582039, -0.6954925138782461, 0.7168886366616747, -0.04858853532144241, 0.6972225288416616, 0.6569734613809073, -0.28682157575194367
9.739494639511149, 20.53321311070498, 35.95413763751844, -0.15368613234591985, -0.2449127895069817, -0.9572869466677488, -0.699103011007935, 0.711603857074547, -0.06982070320661783, 0.6983090667635581, 0.6585117129805184, -0.2805829131349094
9.712973985620986, 20.44883589508353, 35.630059925804765, -0.1322795226209947, -0.2555014363006989, -0.9577166302949124, -0.7022993272266596, 0.705996882880994, -0.09134580635859169, 0.6994839403961632, 0.6605205654713561, -0.2728274174588342
9.687255860549303, 20.359095382950155, 35.30784507606774, -0.11206044113213129, -0.26447584615773195, -0.9578595848726597, -0.7047984334973485, 0.7006685634969431, -0.11100780272942026, 0.7005009819214787, 0.6626583515857036, -0.2649193903827394
9.657490689337129, 20.254097093066683, 34.99012104972201, -0.09557129764312837, -0.2711073607800594, -0.9577927364506787, -0.706488815119231, 0.6963092257293283, -0.12659785257123599, 0.7012415284181576, 0.6645707344557794, -0.25808149435143996
9.646229322375422, 20.16116052907029, 34.6678625526591, -0.08468654567980557, -0.2745827723277974, -0.9578269625154656, -0.7074052810055962, 0.693546532673232, -0.13627536616106023, 0.7017164365940245, 0.6660311615515587, -0.2529753633381436
9.61723114161552, 20.07222098538396, 34.345018303468855, -0.08037835751061337, -0.2743302412357221, -0.9582704411529381, -0.7076429490266161, 0.6927694391980976, -0.13896748111003301, 0.7019834587344705, 0.6669433430634899, -0.2498115305715212
9.593000892150132, 19.967633770387604, 34.026589671283524, -0.08281853501232968, -0.27044034991363597, -0.9591679245038387, -0.7072731846988817, 0.6940066411688887, -0.13460841065616605, 0.7020724552810153, 0.6672456812539649, -0.24875182086493217
9.577489792064572, 19.88228827707499, 33.70257143877988, -0.09144710163545525, -0.26390770309488076, -0.9602031825867163, -0.7063282409144565, 0.6968914324395643, -0.12426885160418007, 0.7019528785389831, 0.6668545985741693, -0.2501341653419607
9.530601239629313, 19.81434975674569, 33.37710266527723, -0.10486268667756812, -0.25647509396680396, -0.9608456395891493, -0.7048695068642058, 0.7007373464458625, -0.11011879761885654, 0.7015431527965857, 0.6657234391778094, -0.2542626738109549
9.478104050689243, 19.734809891383048, 33.05514144305351, -0.12080983146883809, -0.25005551527087316, -0.9606649904639437, -0.7030828199277289, 0.7047309534854939, -0.09502016376485266, 0.7007706707211309, 0.6639476805306611, -0.26094816453658287
9.42624509226685, 19.64823793887073, 32.73477094633015, -0.13657029575720078, -0.24601571570941577, -0.9595961764934117, -0.7012966219196464, 0.7081670052098683, -0.08174680921099521, 0.6996653502931837, 0.6617973710706853, -0.2692445677131602
9.369426345593356, 19.566340091010428, 32.41417858728379, -0.14967287149250422, -0.24474437219091066, -0.957965669437097, -0.6998727351005062, 0.7106090637057868, -0.07220050721512809, 0.6984097552312146, 0.659647595963225, -0.2776488122391539
9.30725041262725, 19.491084811184592, 32.09281566868476, -0.15852316787908394, -0.24570738712011386, -0.9562940369782645, -0.6990473528536938, 0.7119258367558067, -0.06704029704429894, 0.6972827286788503, 0.6578673748364111, -0.2846178374804114
9.248182656125671, 19.40762346261876, 31.77276281792387, -0.1626685570388418, -0.24787747118572795, -0.955037014900192, -0.6988478061045383, 0.7122349736722617, -0.06582618157653101, 0.6965275905904768, 0.6567176726391954, -0.28908686236075126
9.194622049901803, 19.312171667303513, 31.45525589708034, -0.16274891464819402, -0.2503417919519569, -0.9543803109783426, -0.6991326794003258, 0.71179964855487, -0.06748893918032026, 0.6962228719134098, 0.6562547123788497, -0.29086674802252155
9.141719146362952, 19.22086549412384, 31.136750880301207, -0.1603281145535905, -0.2528857773338903, -0.9541193213146482, -0.6997014492345773, 0.7109137338888726, -0.07084874668766815, 0.6962131696705564, 0.656239625891652, -0.2909240034559916
9.088609476338975, 19.15146370713009, 30.812043223018605, -0.15764511460006475, -0.25616112451596645, -0.9536925584953717, -0.7003757871383973, 0.709834747479583, -0.07488917185325869, 0.6961478109087199, 0.6561372642651172, -0.29131102933065395
9.050859825852667, 19.069846251101406, 30.488597901203235, -0.15712687142623177, -0.26100368346354913, -0.952464289878767, -0.7009899001186155, 0.7088268258558852, -0.07859828801420543, 0.6956466820214827, 0.6553179443335351, -0.2943366875314258
9.002078153032498, 18.983075441592757, 30.16762676517861, -0.16057876754758443, -0.26710661428026344, -0.9501939360049786, -0.701318787388162, 0.708278494466961, -0.08058245920802592, 0.6945260382946755, 0.6534490269970181, -0.30106137455235515
8.947933167898485, 18.86964738839434, 29.856489458163647, -0.16832060749983738, -0.27218897231364164, -0.9474076928343623, -0.7010450306503148, 0.7087205311943351, -0.07906373166072347, 0.6929675591911826, 0.6508673997170724, -0.31010899679653253
8.875660389602222, 18.753224354810385, 29.54946208828497, -0.17879825058607435, -0.2727917797773071, -0.9453125570271923, -0.6998624439020059, 0.7105705027742516, -0.07267819619843945, 0.6915372334176021, 0.6485940220762727, -0.31796548448542744
8.797726079227788, 18.66665540596775, 29.234844813553728, -0.18901600843016023, -0.2664663533428399, -0.9451288965497237, -0.6977251077752473, 0.7137051472158572, -0.06168173812086653, 0.6909794660748966, 0.647781325274016, -0.3208219632274114
8.733210575905412, 18.590392988382725, 28.914090436954677, -0.19562731258365784, -0.25370967621909835, -0.947291589091815, -0.6950757736991738, 0.7172940532836706, -0.048568610649037794, 0.6918089500633761, 0.6489380874295199, -0.3166697574690802
8.653614319716448, 18.53084878208593, 28.59355843628984, -0.1961431499307334, -0.23805934649597474, -0.9512389879946885, -0.692777185121272, 0.7201819877411921, -0.03738550933974726, 0.6939651551127742, 0.6516637569169049, -0.3061808475562252
8.583450621093531, 18.461591642421716, 28.272523853779994, -0.18970685459988965, -0.22419407777228093, -0.9559018384801092, -0.6916642162866462, 0.7215119737744187, -0.031954398894706304, 0.6968586092073454, 0.6551011274543641, -0.29194278819937514
8.532969522099322, 18.405626183134775, 27.94558413069183, -0.17716279963947018, -0.21538569659216034, -0.9603240828633919, -0.6920350626886792, 0.7210601747674212, -0.034054315054801484, 0.6997862633928883, 0.6585447790909027, -0.27679949331372256
8.487362922120015, 18.336595774418033, 27.620619883923904, -0.16051615099373168, -0.2120382051021835, -0.9639887783824052, -0.6935219415447461, 0.7191685268945384, -0.0427076868999664, 0.7023260509664749, 0.6616920956920856, -0.2624913115370727
8.443956856905423, 18.242732611779022, 27.30020930215504, -0.1421289066966815, -0.21212766655097548, -0.9668511917378206, -0.6954216628348576, 0.7164962366391419, -0.0549713902129858, 0.7044061930031618, 0.6645562398816108, -0.24935300137196567
8.408762017902667, 18.168234927324026, 26.974934980064916, -0.12407704936882769, -0.2129716474484653, -0.9691480605165611, -0.6971446832338795, 0.7137371276370228, -0.06759144377201909, 0.7061120141016293, 0.6672498707497355, -0.23703044852044197
8.37914801368499, 18.11180361778918, 26.645340193508275, -0.1080330254054429, -0.2129828510363546, -0.971064967232457, -0.6984255014021368, 0.7113837743986915, -0.07832588661129464, 0.7074819322165908, 0.6697547541351966, -0.22560559589775628
8.351681648973209, 18.03827214462481, 26.31875458106831, -0.09574023569010479, -0.21234372813594954, -0.972493675244898, -0.6992460037188903, 0.7096750945125316, -0.08611786406890795, 0.7084411292077591, 0.6717673714538056, -0.21642496412586038
8.33152832141779, 17.9652376759378, 25.991581206384353, -0.08966778346212696, -0.21248885771966394, -0.9730406846345027, -0.6996496887575051, 0.7087566475726631, -0.09030131528990078, 0.7088370769298933, 0.6726904933671595, -0.21222040076988927
8.316735364533127, 17.900919493400608, 25.66231313376776, -0.09317164133265515, -0.2150820029687465, -0.9721413360465294, -0.6995925194003736, 0.7088785184885287, -0.08978615051636116, 0.708441495150035, 0.6717372834854866, -0.21651713540762113
8.29405627477271, 17.833693573012447, 25.33428443852058, -0.10977281183719936, -0.2212647831165063, -0.9690159057176309, -0.6988377107577181, 0.7104418277768336, -0.08305578467526381, 0.7068067513856011, 0.6680675902163773, -0.2326153715862646
8.260876113439116, 17.7469878553514, 25.01219411161894, -0.14181620929637728, -0.23143760191990967, -0.9624576869651815, -0.6968786658818581, 0.7138644480920245, -0.06897590005930086, 0.7030279424173179, 0.6609343281808191, -0.2625214772407047
8.1799469418544, 17.66105637669763, 24.69621397727532, -0.1892182856217865, -0.24527116666008433, -0.9508093895158761, -0.6929808188704678, 0.7193787894481646, -0.0476627943967755, 0.6956824168138562, 0.6498739970927399, -0.306087835169478
8.077545375918382, 17.58815326376295, 24.383268009394477, -0.24888817069315422, -0.2615517004443372, -0.932547793136465, -0.6864310090203366, 0.7269010506230517, -0.020672021150004216, 0.6832767728705096, 0.634984701073797, -0.3604542704114944
7.981614435497508, 17.490265470081706, 24.077688764991965, -0.3150252875522429, -0.27794088897030633, -0.907473377262949, -0.6768906000646882, 0.7360216687526588, 0.00955084659167355, 0.6652654986895781, 0.617268957072156, -0.4200010129611116
7.81363530401555, 17.367006820369916, 23.812542895090846, -0.3803452893116575, -0.2912679606541645, -0.8777815422955734, -0.6646401308285091, 0.746069095184674, 0.04042773432415162, 0.6431103772998021, 0.5987853374179147, -0.4773522413298384
7.6212813771834105, 17.24693141639418, 23.562758395407556, -0.43815062236869434, -0.29870489825800567, -0.8478203912826113, -0.6505822036174966, 0.7562227053739741, 0.06978550145316553, 0.6202957588555059, 0.5821534193265056, -0.5256715399489781
7.432044528197758, 17.150956069030595, 23.303688394034047, -0.4845569365837668, -0.29912480308618095, -0.8220273276401514, -0.6359250441733149, 0.7657294402253153, 0.0962172675011757, 0.6006695542490254, 0.5693705090280659, -0.5612604654234952
7.260287716592227, 17.077370196586806, 23.02525589447526, -0.5196774901622058, -0.29349331822839725, -0.802369602099927, -0.6215805987656708, 0.774197777798193, 0.11939581270065489, 0.5861508896664924, 0.5607846939847989, -0.5847629105334528
7.089340171178031, 16.968388694373996, 22.75693418750157, -0.5470249431815215, -0.28407122568336973, -0.7874434902112032, -0.6076576766623445, 0.7817413685215154, 0.14011631145384112, 0.5757741393381391, 0.5551431990764691, -0.6002500887035078
6.8926530531696155, 16.8756625860852, 22.50141872017794, -0.5714283590181469, -0.27332992823713365, -0.7737960847921829, -0.5935704373030962, 0.7887743991301647, 0.15971563241166783, 0.5666954794857983, 0.5505685221720646, -0.6129686255622142
6.667622133871049, 16.79554569862506, 22.264679991193308, -0.5965869272751704, -0.2634669761589767, -0.7580693838152388, -0.5787947423414403, 0.795586205189434, 0.17899507353606545, 0.5559502535679576, 0.5455526946005501, -0.627129630117891
6.482742209584471, 16.718909619505578, 21.995651948332906, -0.6235694104673785, -0.25645290568720797, -0.738507344238332, -0.5636777122074399, 0.8020529294657496, 0.19742982321826621, 0.5416905270446888, 0.5393913287215483, -0.644692459557307
6.257149043105997, 16.66057181423973, 21.757432318800873, -0.650924896682917, -0.2538949890339373, -0.7154258266387863, -0.54960509592717, 0.8077069311857287, 0.2134098213424557, 0.5236707146759499, 0.5321154459870427, -0.6652985305355712
5.992866931170431, 16.5664718153232, 21.569103367537714, -0.6760868814219274, -0.2564825651082279, -0.6907410676691202, -0.5383094036076399, 0.8120564839517435, 0.22536027347232, 0.5031197817187868, 0.5241955366725621, -0.6870877124325576
5.746821636339201, 16.45957489056828, 21.366198890995207, -0.6971279371886742, -0.2636426582508291, -0.6667122227329424, -0.5308129130069793, 0.8148901325760857, 0.23279115794027602, 0.48192353187628123, 0.5161846768168986, -0.7080276045771979
5.531460282788435, 16.374201872788046, 21.124011199602638, -0.7138171613649763, -0.2739657902971061, -0.6445213773706263, -0.5268642149552911, 0.8163863224518232, 0.23648989727498412, 0.461388295408967, 0.508385796674602, -0.7270933382992435
5.2833611302397765, 16.290233266983787, 20.912788119133705, -0.7273855332085214, -0.28605296398494046, -0.6237659720395026, -0.5252941036808395, 0.81699060145138, 0.23789170178519445, 0.4415613102583814, 0.5006995695380043, -0.7445290795847794
5.0208041534553765, 16.172518088987363, 20.736541266253116, -0.7393420393997997, -0.2989940213457545, -0.6033041720190898, -0.5248756850736989, 0.8171545593696884, 0.23825184431551738, 0.42175687782721494, 0.49280929506333865, -0.7610914102160232
4.769904290114191, 16.0702532685027, 20.539901631147153, -0.7504228924959628, -0.3122354310397841, -0.5825585962127695, -0.524923563926571, 0.8171332966053324, 0.23821928472214218, 0.40164752514190805, 0.4845639392095765, -0.7770952672388878
4.509148422439096, 15.948740348810722, 20.366215479150352, -0.7605035102272567, -0.3252565926766248, -0.5619987187284443, -0.5252657884161074, 0.8169875268838419, 0.23796477141759648, 0.38174633259748014, 0.47617174405524726, -0.7921680425968709
4.247090367039872, 15.841772085166927, 20.185802575922946, -0.7692715915365408, -0.3374374185497092, -0.5425469629602088, -0.5258153672208193, 0.8167486493060216, 0.23757071252834192, 0.3629592512242559, 0.46803593069261007, -0.8057313134857239
3.9886250498752367, 15.722189950151538, 20.009143519395465, -0.776852093391945, -0.34810324328077197, -0.5247141669613661, -0.5261921909839564, 0.8165825430007966, 0.2373072451777562, 0.34586500710545465, 0.4604531273471382, -0.8175330662280175
3.725784116921964, 15.582263905654681, 19.85115875735382, -0.7839596643270063, -0.3566113011232379, -0.5081688937936668, -0.5256269380531864, 0.8168417150119887, 0.23766769786638003, 0.3303385637510695, 0.45342914829933956, -0.8278154629936652
3.452232710015262, 15.458483080705863, 19.699305576284004, -0.7917536745004148, -0.36240929690807905, -0.49171701254856237, -0.5230409895389616, 0.8180301713145022, 0.23927967335582406, 0.31552217382807674, 0.4466387134292748, -0.837233311263382
3.189073424878427, 15.350801604476075, 19.52172492600407, -0.8016269229472415, -0.3649486925347197, -0.47350472882890626, -0.51709346459833, 0.8207610826206737, 0.2428283223288319, 0.300014375115315, 0.43950392156673435, -0.8466567649594663
2.9250282400667773, 15.215361668915293, 19.364844093442244, -0.8148835399770833, -0.3633611617474313, -0.4515899494098318, -0.506170794290035, 0.8257103149375647, 0.24898514576878428, 0.28241094752543217, 0.43147554037194835, -0.8567805522877623
2.643246337389623, 15.08561724819337, 19.233486813414665, -0.8322355466959346, -0.3561491034629727, -0.42490211922069726, -0.48851890287380584, 0.8334646695378997, 0.2582361829160522, 0.2621703193549795, 0.42248604797626216, -0.8676244941878414
2.351600627524613, 14.97220037671545, 19.11223901731434, -0.8533343330198562, -0.34145190146885146, -0.39399380080511787, -0.46272881014971734, 0.8441937188127225, 0.27059012061524496, 0.24021358068807025, 0.4132161227498894, -0.8783791160726468
2.052559932632308, 14.856452304870079, 19.012102899359753, -0.8766757152138803, -0.31814902823763735, -0.36086131156675494, -0.4285580808182478, 0.8572776716312632, 0.28532957275379006, 0.21858101866267296, 0.40479153839220405, -0.8878998528699401
1.7476388832038718, 14.75964848024918, 18.914332423173057, -0.8999799881628092, -0.28725639083167387, -0.3279020994638958, -0.3877533540889661, 0.8712257337630683, 0.3010200279412652, 0.1992068204134257, 0.39805714006328763, -0.8954703545876933
1.4325459429152216, 14.70480855124616, 18.81227677152257, -0.9209074820247453, -0.25256669023716255, -0.29688293405564525, -0.3443050926077671, 0.8841341154783783, 0.3158494404801481, 0.18271128250658297, 0.39308641903519237, -0.9011657197291122
1.1078544562468597, 14.659310511258445, 18.739763697255395, -0.9378482426979662, -0.21981335870735122, -0.26855681149829386, -0.3036264212287789, 0.8944878478271201, 0.3281805698413772, 0.16808233101709688, 0.38932451428519155, -0.9056349996419413
0.7815644967357686, 14.616102977968408, 18.67429684974453, -0.9503853052834395, -0.19460562727140482, -0.24268584906336543, -0.2707132173282363, 0.901719466624191, 0.3370702559923965, 0.15323878577272348, 0.3860448851432792, -0.9096632460364735
0.45959697467338934, 14.559145070789482, 18.598326366651868, -0.959144791448105, -0.1802800590748427, -0.2180375411206576, -0.24817810856345662, 0.9061445568764676, 0.34250499043519855, 0.1358267111721268, 0.38262402217205543, -0.9138653961000177
0.13330825910503843, 14.509026211130905, 18.538683156561177, -0.9652079037998524, -0.17685455126697458, -0.1926036607607757, -0.23536132945528687, 0.9085181399079354, 0.34525328970954794, 0.11392430398881007, 0.3785726576951671, -0.9185336116910927
-0.18784970943514676, 14.442661501486747, 18.46691371794216, -0.9695313301429442, -0.18143418205965223, -0.1645923371594144, -0.22904641942273576, 0.9096823318154272, 0.3464329558983544, 0.0868719610742016, 0.373576890028267, -0.9235223709342024
-0.5152738350415439, 14.375770843896719, 18.431095447613494, -0.9726903795546884, -0.18957845273289023, -0.13391577868630564, -0.22521680307740774, 0.9104157262092348, 0.34701671009117685, 0.056132139932024885, 0.36769989900775746, -0.9282488713358809
-0.8404547150780809, 14.29019024321489, 18.428968950326805, -0.9750071678537803, -0.19692649528052894, -0.10286388136891496, -0.2207278846593984, 0.911316791995454, 0.347535473816561, 0.025302639536967143, 0.3615545049970227, -0.9320075731177404
-1.1689826437440978, 14.223117229845704, 18.428828839534823, -0.976816784005524, -0.2005386071813135, -0.07492154239525763, -0.21407224871864788, 0.9126850839979953, 0.3481077559838525, -0.0014292703197392594, 0.35607612174554887, -0.9344558591549428
-1.4961559788167262, 14.149253314548664, 18.423845978572, -0.978489586932959, -0.19952895757631692, -0.05240537522311804, -0.20515782265357965, 0.9145190278393499, 0.3486620362526047, -0.02164245983731598, 0.3519135445081344, -0.9357822722855523
-1.8237635301269042, 14.092318984211593, 18.38446447905281, -0.98023031515203, -0.19474234218704786, -0.03498498844439946, -0.19457230163384037, 0.9166564079723286, 0.3491169562770874, -0.03591863992221655, 0.349022133800667, -0.9364258654177423
-2.1563738154138137, 14.04314141823984, 18.37801885572234, -0.982015569502829, -0.18769209859809793, -0.020422962025044497, -0.18290292829678514, 0.9189363591322649, 0.34943166239652357, -0.04681815966583468, 0.34688275250951706, -0.9367392465018883
-2.4849303139113426, 13.975897728452573, 18.39865817433872, -0.9837344291685676, -0.17950625240057583, -0.0066391428281956065, -0.1704665890633324, 0.9212653627550774, 0.3495872901020121, -0.05663669200708473, 0.3450328053053162, -0.9368802743049074
-2.81191323984772, 13.908835032910638, 18.401642581827993, -0.9853012955615656, -0.1706814171031784, 0.007015042434022741, -0.15750024411219476, 0.9235770630391119, 0.3495698524367443, -0.06614401007876196, 0.34332675759937353, -0.9368840416225488
-3.138599453117055, 13.85876044861457, 18.43123293192289, -0.9866334597246514, -0.16169584190456526, 0.020220555445842347, -0.1445596136986435, 0.9257627811108646, 0.3493791510625328, -0.07521259362010799, 0.3417860848844655, -0.9367632240541286
-3.473158032963915, 13.831813189267681, 18.411193068303927, -0.9875918650595655, -0.15358981794458829, 0.032748677712499466, -0.13269469278066925, 0.9276605896626132, 0.34905293136522536, -0.08399063385885797, 0.34037625976345814, -0.9365306055935525
-3.8054368652543076, 13.785159040709166, 18.431460778807118, -0.9880395487191204, -0.14763754251038472, 0.04450849591270546, -0.12312666513119858, 0.9291204609509193, 0.3486760579334651, -0.09283143056415033, 0.33902555225800574, -0.9361858792011166
-4.133752333051793, 13.73115349879784, 18.46939467694521, -0.9880170343789408, -0.14435950290456687, 0.054613859945887654, -0.11663837317762481, 0.9300781727135969, 0.3483533874447237, -0.10108328090994981, 0.33780900900195515, -0.9357709355165917
-4.463601538434094, 13.685216250352703, 18.502327775909055, -0.9878317686226, -0.14305545896643002, 0.06102075515633985, -0.11325600563334633, 0.9305683659297976, 0.34816029859638753, -0.10659021572323299, 0.33701283653690456, -0.9354468846072579
-4.788367898088909, 13.617399086714727, 18.547275160035515, -0.9878630180754981, -0.14255222307045293, 0.06168890675348036, -0.11255995729382241, 0.9306684906979905, 0.3481183942797868, -0.10703697273737071, 0.3369495869111522, -0.9354186561896355
-5.1225206407824375, 13.583630106928542, 18.542865486946134, -0.9881984157433586, -0.14246406520599034, 0.05628393418462722, -0.11430128222346742, 0.9304194982818255, 0.34821656206887597, -0.10197601680977429, 0.33767372912617805, -0.935722899502643
-5.457859043396167, 13.561299887034627, 18.543904255207536, -0.9885274310165197, -0.14365569215657048, 0.04665361978342495, -0.11867568186565691, 0.9297910222288792, 0.34843182621037544, -0.09343233199273751, 0.3388977679088379, -0.9361723678067018
-5.786541527167738, 13.4924648609564, 18.555953032384952, -0.9884205862001602, -0.1474937694076649, 0.03564172781516778, -0.12600990583370497, 0.928716290019896, 0.34872274987941504, -0.08453548608432279, 0.3401935340914034, -0.9365479757892217
-6.1180367179940855, 13.446455738772205, 18.57449517306641, -0.9876193782060864, -0.15477118006312834, 0.025570405035707282, -0.13625854680374128, 0.9271521851849311, 0.3490307062849052, -0.0777275511949017, 0.34122530288458064, -0.936762360717258
-6.448092845566747, 13.385668173247222, 18.570881027856014, -0.9860676993283428, -0.1653860597278845, 0.017830972743890776, -0.14884563522769345, 0.9251104075357253, 0.34930747307028626, -0.07426620506645798, 0.3417867538638222, -0.9368384843014606
-6.777689784848034, 13.321855512313597, 18.57228690260332, -0.9837839274849053, -0.17884835734730586, 0.013507371933316371, -0.1629340863123998, 0.9226439215467517, 0.3495435274044923, -0.07497778030802199, 0.3416744929124824, -0.9368227545021952
-7.107605772880088, 13.266549428735354, 18.552284451801643, -0.9807457425736856, -0.19480145983828107, 0.013790564472293718, -0.17777992424748137, 0.9198108378338046, 0.34977467195043477, -0.08082132737186214, 0.34058833486828205, -0.936732351951987
-7.433672502078802, 13.187232603891248, 18.563923201586448, -0.9768636573203267, -0.21297756152210479, 0.019441020931360124, -0.1928830808104125, 0.9166511562752078, 0.35006681481741236, -0.09237701090552448, 0.3382177050176745, -0.9365229692157785
-7.756927550578342, 13.098572899515569, 18.580018369495452, -0.9720551318238501, -0.2328433308990541, 0.02987982514592646, -0.20796804367363256, 0.9131847204891914, 0.35048959909766136, -0.10889496547352234, 0.33448116467285705, -0.9360898658641752
-8.079784523386017, 13.010493896134674, 18.60536994623548, -0.9663743842592565, -0.25352147724107277, 0.042981507942915734, -0.22296105031373512, 0.909407571303001, 0.35109292117582397, -0.1280973047746861, 0.32970400336405, -0.9353535966014028
-8.400252486202536, 12.913302530518456, 18.616587108135597, -0.9600683853609852, -0.2741253780761859, 0.05589250866564352, -0.23799433789697946, 0.9052767738478724, 0.35189864714227953, -0.14706253961947374, 0.32454466537932236, -0.9343678984289295
-8.712955868256785, 12.802689933503267, 18.669334346184026, -0.9534682016356673, -0.29412937949990087, 0.0662291218773878, -0.253340780852624, 0.9007089343460881, 0.35290489419405485, -0.1634528593406347, 0.31970505736402993, -0.9333122945023457
-9.033246530526617, 12.705130826134985, 18.68505883374294, -0.9468126575821795, -0.31343663407850647, 0.07282353918690528, -0.2692529933686246, 0.895613706335995, 0.3540888512578977, -0.1762061775426892, 0.3156478503659396, -0.9323721454200332
-9.339606434593115, 12.574494383298594, 18.718977842411114, -0.940163274678694, -0.332201875187954, 0.07572932765475665, -0.28582704580539253, 0.8899373454096691, 0.35540740162713724, -0.18546136209894654, 0.31249549655442754, -0.9316386895152032
-9.655102894607602, 12.461333632708438, 18.733900023652577, -0.9334335748546022, -0.35066224840748283, 0.07574792984607874, -0.30301263980743876, 0.8836696178159833, 0.35680715613042513, -0.19205494383401092, 0.31010319909791795, -0.9311019839191365
-9.96390023707065, 12.336544822955833, 18.770512736978514, -0.9264564326545152, -0.36908129592118594, 0.0738747277098728, -0.3207361646680962, 0.8768071772165986, 0.3582422178574993, -0.19699439349146408, 0.3082015103509359, -0.9307013688344571
-10.270405196048234, 12.202414145060594, 18.78214433905654, -0.9190466716772218, -0.3877178888174833, 0.07090877216490642, -0.3389878641507363, 0.8693186519220513, 0.35968362400719506, -0.20109809357013544, 0.30652882427488104, -0.9303760726991619
-10.568978053649419, 12.053222827613121, 18.81720879397352, -0.9110617990447845, -0.40674202306436613, 0.06728539956623153, -0.3577904098603892, 0.8611522847686294, 0.36111323023354336, -0.2048229013885301, 0.3049223985070234, -0.9300913449524775
-10.87355751592426, 11.913527463357967, 18.82773299570258, -0.9024464471129463, -0.4261590317906479, 0.06307844098008332, -0.3771251162404892, 0.8522685052567471, 0.36251212620825174, -0.20824758532529927, 0.303359315945114, -0.9298419589561953
-11.171970219036819, 11.760747622814254, 18.838255352661324, -0.8932110508319048, -0.4458713421231617, 0.05807551071712569, -0.39696513097011804, 0.8426306370143066, 0.36385751931043125, -0.211169845067049, 0.3019476044583801, -0.9296423724724493
-11.459658579021612, 11.589998953680215, 18.864268396208125, -0.8833036912098292, -0.46592615771355517, 0.051840183770643186, -0.41748632854485396, 0.8320967453938086, 0.36513034903054753, -0.21325982878458147, 0.3008784170779196, -0.9295119276068794
-11.752279903194095, 11.427847185873038, 18.89103476914679, -0.8724059005910569, -0.4868225105211585, 0.04372399642968621, -0.43934962418074874, 0.8202334349301349, 0.3663181949548056, -0.21419582709787213, 0.3003680333733746, -0.9294617755353202
-12.043034156832089, 11.258107475243062, 18.87476617623118, -0.859786407025389, -0.5095947189320461, 0.03287182275051066, -0.4637793358282665, 0.8061854938554085, 0.367387638817371, -0.2137195872002942, 0.3006296258416325, -0.9294868294458271
-12.32518216804299, 11.079016709707973, 18.89790921655834, -0.8443843698622505, -0.535423157915417, 0.01835968137557636, -0.492164861916157, 0.7887904157914636, 0.3682165512990691, -0.21163360939931136, 0.3018803105924803, -0.9295587627736115
-12.597794526275976, 10.884224687992045, 18.910328689755996, -0.8251823919127068, -0.5648662399897262, -0.0003885834441562605, -0.5252264893855536, 0.7670213139131631, 0.36853146249764357, -0.20787292975505708, 0.3043097680371011, -0.9296151946651126
-12.864965654491769, 10.682058978332583, 18.88962444555433, -0.8017200184084893, -0.5972577897548359, -0.022981398135445818, -0.5622646133454063, 0.7405894815705231, 0.36794799138824563, -0.2027400223503794, 0.3079128973659143, -0.9295623330218882
-13.112637965126531, 10.457274985967704, 18.862813506483473, -0.774430251647676, -0.6308617790867639, -0.047657119304469954, -0.6011584392153624, 0.7103063593520923, 0.36616035670744823, -0.19714541915313852, 0.3122151366469274, -0.9293306150964111
-13.338811116501256, 10.212872919016496, 18.822154509295775, -0.7445006839248166, -0.6637755520032563, -0.07155940328323546, -0.6392535084840418, 0.6778461770489965, 0.36315218869077953, -0.19254527656196435, 0.3161116524629122, -0.9289777928728135
-13.583638313429402, 9.987405967410522, 18.78331265439037, -0.7132770580419845, -0.6948636671680826, -0.09165327337687275, -0.67449772165709, 0.6449894837378044, 0.35922331403604, -0.19049583184512553, 0.31804567269083367, -0.9287401617956816
-13.80273458595488, 9.73747706109706, 18.735701953701458, -0.6816517496842821, -0.7240052924912969, -0.10567510869144309, -0.7060038168206141, 0.6129148157652758, 0.35481550029577746, -0.1921184602974989, 0.31646763667081274, -0.9289449564710005
-14.003682777766977, 9.47123947181874, 18.69938885348056, -0.6499115202738144, -0.7516315816067298, -0.11253879929493288, -0.7338145215913707, 0.5820520544198975, 0.3503307777618237, -0.19781623724307115, 0.3102666135389731, -0.9298405050362404
-14.21274323120748, 9.213861778325647, 18.647548748692365, -0.6180582330005178, -0.7780856006609776, -0.11219099190364351, -0.7583083729876209, 0.5524482069476901, 0.3460771447194244, -0.20729793071119876, 0.2989711970814712, -0.9314739884927155
-14.398302988568917, 8.936143348673077, 18.612026088467374, -0.5862270911311718, -0.8032717010207139, -0.10532033024622414, -0.7797758128724845, 0.5242005283989292, 0.3422915244135319, -0.21974412229441057, 0.28278681080554724, -0.933672394553618
-14.564479614977161, 8.646616848965662, 18.57967750093277, -0.5549054905193455, -0.8266770423988232, -0.09319315512535888, -0.7983290089920553, 0.4976440362364568, 0.33914776514087647, -0.23398865355663662, 0.26259375615010844, -0.9361056720465536
-14.737362390209826, 8.358489823381131, 18.571145586813977, -0.5249410766026907, -0.8475993105023453, -0.07753886078062394, -0.8139880366901655, 0.4733198171952734, 0.3367370291125148, -0.24871739428616105, 0.2398828036483273, -0.9384007130716177
-14.895575997907962, 8.063520297112044, 18.544699344323583, -0.49743329840710926, -0.8654023722518508, -0.06032286247098105, -0.8267707733918053, 0.45187294588607335, 0.33505362114347903, -0.26269792900009703, 0.21654000756698727, -0.9402660385348124
-15.033748184155094, 7.757612231612355, 18.54235285664535, -0.47352892546248004, -0.8797068007455158, -0.04343157229986577, -0.836753800060385, 0.4339182684235886, 0.3340030155743804, -0.27497897162302115, 0.19450162223067435, -0.9415708598479362
-15.184153234061283, 7.45770498875191, 18.541488612475767, -0.45411818048023705, -0.890488223314311, -0.028414825282599077, -0.8441323747631734, 0.41983877762028615, 0.33343055451321396, -0.284986336574237, 0.17540275067633826, -0.9423463604329196
-15.319575099212221, 7.150457427720717, 18.540977821621592, -0.43953015079414987, -0.8980790181529789, -0.016350036582629367, -0.8492643778348751, 0.40957424886562216, 0.33316505099860627, -0.2925119879314596, 0.16032158875068223, -0.9427267499635528
-15.464464874472492, 6.848010656925635, 18.54267974426379, -0.4294193919350178, -0.9030715730655038, -0.007792287928202403, -0.8526475871338242, 0.4025684106694085, 0.33306270713782143, -0.29764253389767276, 0.149667660675588, -0.9428724799053527
-15.601581858229451, 6.541862424688586, 18.544721468465823, -0.4229691151637809, -0.9061398204909971, -0.002784481659463511, -0.8548089200342532, 0.39798544013428816, 0.33303047859166063, -0.3006639949302908, 0.14324180661266636, -0.9429119508156091
-15.744879131795276, 6.238115672761838, 18.54235600888753, -0.41932114970703893, -0.9078374838507539, -0.0009361217330854478, -0.8561483971162123, 0.3951030748195635, 0.333021744610569, -0.3019597581196999, 0.14044451994883447, -0.9429186822269638
-15.87722698707474, 5.929043839238526, 18.554911527941655, -0.41795422821366596, -0.9084667429405319, -0.0015620785320906024, -0.8568299561239305, 0.39362530794976514, 0.3330188331462888, -0.30192166104302953, 0.14052506506838605, -0.9429188812832967
-16.02101796318717, 5.626318594565241, 18.541170910331335, -0.418741995062103, -0.9080970979756986, -0.003847365270457588, -0.8568046895184936, 0.3936791069286752, 0.33302024681235015, -0.3009000923737439, 0.1427460031522961, -0.942911826733294
-16.15716536404266, 5.319383804119377, 18.533610157711692, -0.42164686897318976, -0.9067331145732054, -0.0069983441956052534, -0.8559730537739052, 0.39547212151832767, 0.333034431125024, -0.2992056969679572, 0.1464133191966069, -0.9428886948435385
-16.298939563006403, 5.014808441223747, 18.539133304357115, -0.42630789987710155, -0.9045188417505228, -0.010355646801046725, -0.8543828275851627, 0.3988650775432007, 0.3330715146091582, -0.2971389547500586, 0.15083870469726712, -0.9428446991606271
-16.451164030427922, 4.715441913913637, 18.54353010560108, -0.4319419739482295, -0.9017999082329128, -0.013529843044811406, -0.8523041558003179, 0.40323656363590626, 0.33313345636938496, -0.2949639929673015, 0.15542586418680734, -0.9427826067522512
-16.604671079102978, 4.4195742126034725, 18.505029353259406, -0.43780061887983784, -0.8989167274359685, -0.01671332534953792, -0.8500870895064234, 0.40782368759148097, 0.33321431555949715, -0.29271583210159463, 0.16008921567393208, -0.9427029673560895
-16.758265929454957, 4.120901201008192, 18.513796697229775, -0.443950584159016, -0.8958013790196708, -0.0211605333421549, -0.8478732876740119, 0.4123243234119041, 0.3333159767724578, -0.2898599090487172, 0.16591727357141406, -0.9425776845740079
-16.891555173100972, 3.8130594981229953, 18.52459191739064, -0.4517589260777943, -0.8916560043984758, -0.02938439261212396, -0.8453648335050882, 0.41731579926971846, 0.33347536933451416, -0.28508274409713513, 0.17549100689215222, -0.9423007670155139
-17.04558209764575, 3.5147365153705366, 18.509273399487093, -0.46357019487646695, -0.8849457693987008, -0.04442588936122519, -0.8417942807669618, 0.4242077603414338, 0.33381157100097364, -0.2765593305065441, 0.19214255460320614, -0.9415923615983331
-17.20894067605018, 3.221932871334235, 18.49354944424865, -0.481655314237342, -0.8737074525281734, -0.0681428328120922, -0.8360551992650826, 0.4348018858921319, 0.33460278511463176, -0.26271631477460683, 0.21813437927427878, -0.9398922973031937
-17.369594235331494, 2.929386112598267, 18.462898133395537, -0.5071136448037902, -0.8561180334526184, -0.09948700443292412, -0.8268811516447917, 0.4507097022475095, 0.33634554457364874, -0.2431117280354823, 0.2528293438214455, -0.936468905300341
-17.55666398639566, 2.661428182939159, 18.382568597947838, -0.5394548751760233, -0.8312594151365892, -0.13414999961087173, -0.8130523707518142, 0.4728200166899798, 0.33968672954965684, -0.21893898708013532, 0.29231663750813597, -0.9309225012707887
-17.75589897136451, 2.403357575803539, 18.29444030779501, -0.5770116692332492, -0.7996651047481906, -0.1661121723918052, -0.7936512280673682, 0.5009696080098185, 0.34517702710007675, -0.1928088736438699, 0.3310063022036803, -0.923720502178894
-17.975098048382524, 2.159835630973992, 18.225329084572667, -0.6177563399331192, -0.7630488584306702, -0.1900882535037014, -0.7682506769445692, 0.5340326187500343, 0.3529873361541342, -0.16783325608069327, 0.36409559425874904, -0.9161148379950632
-18.213412236160394, 1.9332319413753085, 18.157166151464466, -0.660070404412292, -0.7232236792405898, -0.20311221283984313, -0.736772319869398, 0.5705324427849208, 0.36284883960698666, -0.14653876583777709, 0.3891532365477327, -0.9094427681779462
-18.450295939350507, 1.711447117996028, 18.073764077587356, -0.7032947340847341, -0.680877942286299, -0.20440583337238288, -0.6988617311546297, 0.6095032911872594, 0.37429669883590067, -0.13026433792960077, 0.40609231184531686, -0.9044999925505189
-18.70315841504351, 1.5007103216814928, 18.00592034996313, -0.747921365037764, -0.6347157275226528, -0.1942925036007239, -0.6530104450694854, 0.6510242922218336, 0.38696864158121813, -0.11912594322900624, 0.41629714888820724, -0.9013909770334678
-18.978155904918857, 1.3236716438776879, 17.93932020916379, -0.7951106187993584, -0.5810936307519471, -0.17357792535924935, -0.5960317685492601, 0.6958828500370372, 0.40061601304038225, -0.11200551215249453, 0.42199200386245495, -0.8996541079346034
-19.269784898838427, 1.159140268659679, 17.89232787553316, -0.8452789326981244, -0.5145607144213162, -0.14398193327964537, -0.5236526913923281, 0.7441648444307085, 0.41473671541230905, -0.10626092759942793, 0.4259647350281993, -0.8984779684433365
-19.557295874154377, 0.9746585966011819, 17.88078319979104, -0.8961708538167457, -0.43014376492776024, -0.10887672966771493, -0.43279721831095014, 0.7933235081738765, 0.42816396298730813, -0.09779758990726052, 0.4308296100228778, -0.897118430607613
-19.874386255199596, 0.8778306072022517, 17.870219225829825, -0.9420331014361146, -0.3274479044598884, -0.07315398597125726, -0.32520582857201236, 0.8374624637066279, 0.4392013102726538, -0.08255183136336855, 0.4375322750920814, -0.8954053291059314
-20.207424500876744, 0.9013476924372746, 17.894570774441483, -0.9758753916308549, -0.21427883982925683, -0.04185449570539899, -0.21012806843188236, 0.869756574782154, 0.44650833752607744, -0.0592740657152159, 0.44453130308746885, -0.893800036758192
-20.540789340133674, 0.9422629891135332, 17.89023949354451, -0.9942131419389965, -0.1058309786467275, -0.01843996622732481, -0.1027738053243189, 0.887079902060931, 0.45002976823620033, -0.03126936735765486, 0.4493206553434251, -0.8928231489756563
-20.87445195209528, 0.9899721914455003, 17.881366647241308, -0.9998249471750948, -0.018238761704024394, -0.004174036154946037, -0.01816086659628608, 0.8923427522900658, 0.4509928994561468, -0.004500881112724904, 0.4509897559888629, -0.8925177768886821
-21.208260376892568, 1.0346349742365646, 17.890223747920057, -0.999240273612797, 0.03896440983257868, 0.0008064469116564355, 0.035140777078797786, 0.8918497889553781, 0.4509646102817224, 0.01685234038704165, 0.45065033973874513, -0.8925414667772209
-21.542345451404483, 1.0699454730614815, 17.910792855321507, -0.9978250712940655, 0.06579389820947668, -0.004036094076468291, 0.05691126937930396, 0.8907705695533745, 0.45087570330989574, 0.03326010394796416, 0.4496653815627326, -0.8925776213357653
-21.876993344150655, 1.091539195149645, 17.92151749444303, -0.9974017092048558, 0.06925329324127084, -0.019844693257161573, 0.052905016249359185, 0.8911018191049682, 0.4507090050614383, 0.04889672515503797, 0.4484880481830648, -0.8924503240551025
-22.212106635570642, 1.0961912315976212, 17.904760942101543, -0.9971949402227728, 0.05819783630927435, -0.047066580957400024, 0.030861589263285878, 0.8925854970883862, 0.4498207339547864, 0.06818954100333, 0.44710641041747257, -0.891877819132956
-22.543806296230866, 1.0891148272336877, 17.85198621724469, -0.9956877675353362, 0.038945231487350164, -0.0841970220666682, -0.0028535428041239655, 0.8943228693147014, 0.4474130783897409, 0.09272392827077236, 0.44572398899444055, -0.8903552093186857
-22.871560505932372, 1.1240453859711517, 17.788089980691492, -0.9916877494752393, 0.013931866097816367, -0.12791133901170554, -0.04452796839827473, 0.8955328270144246, 0.44276203063256786, 0.12071730435632334, 0.4447773137723925, -0.887468576109801
-23.20384812978896, 1.1350694876006227, 17.741143475809572, -0.9845696224288336, -0.01611029728559044, -0.17425015613110323, -0.0917049805907911, 0.8955722140927163, 0.4353626142423262, 0.14903977698985793, 0.44462441191014224, -0.8832305911869073
